
               LEAST-SQUARES LINEAR REGRESSION OF LEVEL AND GAMMA ENERGIES
 
        LEVEL ENERGIES
    1.     0.0
    2.    29.8299 5                     
    3.   800.1431 19                    
    4.   891.392 17                     
    5.  1643.633 10                     
    6.  1959.060 11                     
    7.  2047.356 12                     
    8.  2069.790 18                     
    9.  2103.725 14                     
   10.  2260.41 3                       
   11.  2289.861 10                     
   12.  2290.466 18                     
   13.  2397.174 24                     
   14.  2419.153 11                     
   15.  2575.944 24                     
   16.  2626.048 15                     
   17.  2730.364 18                     
   18.  2746.98 4                       
   19.  2756.729 22                     
   20.  2786.619 16                     
   21.  2786.85 4                       
   22.  2807.89 3                       
   23.  2985.85 3                       
   24.  3027.935 22                     
   25.  3109.718 22                     
   26.  3128.525 23                     
   27.  3146.45 3                       
   28.  3153.79 5                       
   29.  3228.69 3                       
   30.  3368.00 6                       
   31.  3393.64 4                       
   32.  3414.51 4                       
   33.  3439.152 23                     
   34.  3486.20 3                       
   35.  3557.01 3                       
   36.  3599.24 3                       
   37.  3629.96 3                       
   38.  3663.724 22                     
   39.  3738.47 3                       
   40.  3767.55 5                       
   41.  3797.58 3                       
   42.  3821.45 3                       
   43.  3840.243 23                     
   44.  3868.71 3                       
   45.  3887.93 5                       
   46.  3924.17 3                       
   47.  4020.36 3                       
   48.  4104.48 3                       
   49.  4110.853 25                     
   50.  4149.00 3                       
   51.  4180.08 3                       
   52.  4213.08 8                       
   53.  4253.62 3                       
   54.  4280.54 8                       
   55.  4395.87 3                       
   56.  4419.35 6                       
   57.  4472.98 4                       
   58.  4537.08 3                       
   59.  4744.110 23                     
   60.  4788.76 6                       
   61.  4872.52 5                       
   62.  4993.09 3                       
   63.  5063.47 5                       
   64.  7799.569 14                     
 
   GAMMA ENERGIES
       39K(N,G) E=THERMAL-  ENERGY     DE    L1  L2
 -----------------------------------------------------------------------------------------------------------------------------------
           29.8299 5           29.8299 5     2  1                                                                                   
    (2     185.97 10            185.70 4    46 39                                                                                   
    (1     185.97 10            185.81 4    32 29                                                                                   
    (1     185.97 10          186.135 12    11  9                                                                                   
    (2      311.13 4          311.210 18    17 14                                                                                   
    (1      315.52 8          315.426 15    14  9                                                                                   
             320.9 6            320.63 4    26 22                                                                                   
    (1      327.23 8            327.38 3    13  8                                                                                   
           330.798 7           330.800 6    11  6                                                                                   
    (1     335.44 14            335.25 4    42 34                                                                                   
           335.44 14            335.43 6    61 58                                                                                   
    (1     337.75 12          337.575 24    19 14                                                                                   
    (1      349.33 3          349.361 19    14  8                                                                                   
          371.792 10          371.794 10    26 19                                                                                   
          371.792 10           371.795 9    14  7                                                                                   
    (1      376.53 3          376.479 24    34 25                                                                                   
           383.01 18            383.08 4    41 32                                                                                   
    (1     397.28 17            397.06 6    28 19                                                                                   
            440.77 7            440.75 4    48 38                                                                                   
            444.43 8            444.43 8     0  0                                                                                   
            454.19 8            454.20 4    44 32                                                                                   
          460.092 14          460.090 12     9  5                                                                                   
          460.092 14          460.090 11    14  6                                                                                   
    (2      496.06 4          496.149 20    20 12                                                                                   
    (S        0.0               496.38 5    21 12                                                                                   
    (1       504.5 5            505.24 4    48 36                                                                                   
           522.319 7           522.320 7    16  9                                                                                   
    (1     528.76 14          528.584 25    15  7                                                                                   
    (1       534.3 3            533.77 3    25 15                                                                                   
             534.3 3            534.16 4    47 34                                                                                   
    (2       534.3 3            535.13 6    60 53                                                                                   
    (2       534.3 3            535.19 3    38 26                                                                                   
           554.74 23           554.74 23     0  0                                                                                   
           558.73 10           558.73 10     0  0                                                                                   
    (2      563.86 6            564.02 3    59 51                                                                                   
            569.98 7            569.98 7     0  0                                                                                   
    (1     602.26 17            602.02 4    37 24                                                                                   
          613.384 24          613.382 22    36 23                                                                                   
            616.43 6            616.43 6     0  0                                                                                   
            620.96 7            621.02 6    30 18                                                                                   
    (1      620.96 7            621.09 5    40 27                                                                                   
    (1       626.1 3          626.634 19    17  9                                                                                   
    (2       626.1 3            626.72 5    47 31                                                                                   
            627.66 3            627.65 3    32 21                                                                                   
    (2       640.4 6            639.02 5    40 26                                                                                   
    (1       640.4 6            639.63 4    59 48                                                                                   
    (1       640.4 6            639.75 6    60 50                                                                                   
             640.4 6            640.02 4    44 29                                                                                   
           646.223 5           646.223 5    11  5                                                                                   
            657.39 3          657.395 25    55 39                                                                                   
            666.91 5            666.91 5     0  0                                                                                   
    (1     678.13 20            677.87 3    38 23                                                                                   
    (1     678.13 20            677.90 6    60 49                                                                                   
           678.13 20            678.30 4    34 22                                                                                   
            695.31 8            695.38 3    23 12                                                                                   
    (2      695.31 8            695.48 4    46 29                                                                                   
             727.1 3            726.88 8    52 34                                                                                   
             727.1 3            727.29 4    27 14                                                                                   
           730.48 15            730.52 3    43 25                                                                                   
            737.45 3          737.462 22    24 12                                                                                   
            740.89 6            740.92 3    51 33                                                                                   
    (1       756.4 6            755.36 5    50 31                                                                                   
    (1       756.4 6            755.62 6    56 38                                                                                   
             756.4 6            755.83 3    34 17                                                                                   
             756.4 6            756.61 6    28 13                                                                                   
             760.6 4            760.53 3    22  7                                                                                   
         770.3053 18         770.3053 18     3  2                                                                                   
    (S        0.0             771.297 17    17  6                                                                                   
            783.82 4            783.82 4     0  0                                                                                   
    (S        0.0               787.91 4    18  6                                                                                   
            791.06 4            791.06 4     0  0                                                                                   
             798.8 3            798.57 8    52 32                                                                                   
             798.8 3            798.60 4    58 39                                                                                   
             800.3 3         800.1345 19     3  1                                                                                   
             800.3 3            800.27 4    35 19                                                                                   
    (2     811.39 13            811.73 4    41 23                                                                                   
    (1      813.12 7            813.00 4    62 51                                                                                   
            813.12 7          813.094 25    33 16                                                                                   
          827.552 15          827.550 13    20  6                                                                                   
             838.8 5          838.655 24    26 11                                                                                   
          843.478 16          843.480 10     5  3                                                                                   
             848.7 3            848.82 3    22  6                                                                                   
    (1       848.7 3            849.30 4    25 10                                                                                   
    (2       862.2 3          861.552 17     4  2                                                                                   
             862.2 3            862.33 6    56 35                                                                                   
            869.97 4            869.97 4     0  0                                                                                   
          891.372 21          891.381 17     4  1                                                                                   
          903.878 23          903.857 20    59 43                                                                                   
           915.38 16           915.38 16     0  0                                                                                   
           920.12 18            920.04 6    60 44                                                                                   
    (1     920.12 18            920.30 4    50 29                                                                                   
           926.24 15           926.24 15     0  0                                                                                   
    (1      938.72 6            938.82 3    29 11                                                                                   
    (2      946.29 8            946.52 3    59 41                                                                                   
    (3      951.16 7            951.38 4    51 29                                                                                   
    (2      958.35 9            958.13 3    24  8                                                                                   
           971.74 19           971.74 19     0  0                                                                                   
            976.85 6            976.85 6     0  0                                                                                   
    (1      981.03 7            980.92 5    40 20                                                                                   
            981.03 7            981.05 4    35 15                                                                                   
    (1     1001.05 5           1001.12 3    49 25                                                                                   
           1018.11 4           1018.11 4     0  0                                                                                   
    (1     1023.21 4           1023.28 3    36 15                                                                                   
    (1    1027.09 24           1026.77 3    23  6                                                                                   
            1031.1 3            1031.1 3     0  0                                                                                   
    (2    1034.28 20           1033.81 4    57 33                                                                                   
    (1    1034.28 20           1034.50 4    47 23                                                                                   
    (1    1034.28 20           1034.58 5    42 21                                                                                   
          1043.58 12          1043.58 12     0  0                                                                                   
           1058.03 4           1058.03 4     0  0                                                                                   
    (1     1062.20 8         1062.346 22    25  7                                                                                   
           1068.87 3         1068.860 21    24  6                                                                                   
    (1     1068.87 3           1068.90 3    62 46                                                                                   
           1074.39 9           1074.45 5    42 18                                                                                   
          1079.44 13           1079.33 5    57 31                                                                                   
           1082.92 7           1082.90 3    49 24                                                                                   
         1086.707 19         1086.716 16    17  5                                                                                   
            1090.9 3           1091.07 3    42 17                                                                                   
           1096.72 7           1096.72 7     0  0                                                                                   
    (1    1100.13 18           1099.82 6    53 28                                                                                   
           1110.50 7           1110.50 7     0  0                                                                                   
            1113.3 3         1113.080 23    19  5                                                                                   
    (1    1118.38 13           1118.61 4    48 23                                                                                   
           1121.77 7           1121.71 5    44 18                                                                                   
           1124.91 6           1124.95 3    29  9                                                                                   
            1124.9 6           1124.99 4    49 23                                                                                   
            1124.9 6           1125.02 6    60 38                                                                                   
    (2     1124.91 6           1125.08 3    53 26                                                                                   
           1131.17 5           1131.19 4    45 19                                                                                   
            1144.7 5           1144.86 3    59 36                                                                                   
          1150.58 18         1150.640 22    25  6                                                                                   
          1158.90 20         1158.899 11     6  3                                                                                   
          1162.59 24           1162.51 3    39 15                                                                                   
    (2    1162.59 24           1163.14 4    50 23                                                                                   
          1172.20 11          1172.20 11     0  0                                                                                   
           1178.38 4         1178.379 22     8  4                                                                                   
           1187.45 8           1187.37 3    27  6                                                                                   
    (1     1195.81 7           1195.71 3    34 12                                                                                   
           1201.86 5           1201.86 5     0  0                                                                                   
          1204.36 10          1204.36 10     0  0                                                                                   
           1213.53 8           1213.53 8     0  0                                                                                   
          1219.47 11          1219.47 11     0  0                                                                                   
    (1     1221.71 7           1221.62 3    41 15                                                                                   
           1226.31 5           1226.31 5     0  0                                                                                   
           1232.74 3           1232.76 3    37 13                                                                                   
         1247.173 24         1247.192 12     7  3                                                                                   
           1255.29 9           1255.29 9     0  0                                                                                   
           1265.54 9           1265.54 6    56 28                                                                                   
    (1      1267.5 3           1267.12 3    35 11                                                                                   
            1267.5 3           1267.33 4    55 26                                                                                   
            1267.5 3           1267.75 4    53 23                                                                                   
    (1     1269.56 5         1269.625 18     8  3                                                                                   
            1283.3 3            1283.3 3     0  0                                                                                   
           1303.53 7         1303.559 14     9  3                                                                                   
    (1      1308.9 4           1308.37 5    58 29                                                                                   
            1308.9 4           1308.75 3    36 12                                                                                   
    (1      1308.9 4           1309.61 6    56 25                                                                                   
            1320.9 4           1320.62 6    30  7                                                                                   
           1331.58 4           1331.58 4     0  0                                                                                   
          1335.48 18         1335.403 24    33  9                                                                                   
    (2    1348.06 14           1347.72 4    48 19                                                                                   
    (1    1348.06 14           1348.20 4    46 15                                                                                   
    (2    1348.06 14           1348.37 5    40 14                                                                                   
           1354.12 3         1354.099 24    49 19                                                                                   
          1365.06 24          1365.06 24     0  0                                                                                   
    (S        0.0              1369.34 3    33  8                                                                                   
         1373.227 21         1373.232 18    38 12                                                                                   
          1377.16 11          1377.16 11     0  0                                                                                   
           1393.16 8           1393.20 5    51 21                                                                                   
           1399.03 4         1399.048 22    12  4                                                                                   
           1402.73 9           1402.73 9     0  0                                                                                   
           1416.67 9           1416.67 9     0  0                                                                                   
           1419.01 3           1419.01 3     0  0                                                                                   
         1424.229 23         1424.244 21    42 13                                                                                   
          1427.45 18           1427.34 4    58 25                                                                                   
           1434.50 6           1434.55 4    31  6                                                                                   
    (2     1438.72 4           1438.81 3    34  7                                                                                   
           1449.98 6           1449.98 6     0  0                                                                                   
          1452.39 12          1452.39 12     0  0                                                                                   
          1454.90 10          1454.90 10     0  0                                                                                   
          1460.81 10          1460.81 10     0  0                                                                                   
    (1     1466.11 3         1466.056 21    25  5                                                                                   
          1473.66 16          1473.66 16     0  0                                                                                   
           1478.01 6           1478.03 4    39 10                                                                                   
           1480.09 4         1480.063 22    33  6                                                                                   
           1483.86 8           1483.86 8     0  0                                                                                   
    (3     1487.42 9           1487.10 4    57 23                                                                                   
    (2     1487.42 9           1487.19 3    35  8                                                                                   
    (1     1489.77 5         1489.688 10    11  3                                                                                   
    (2    1503.00 10           1502.79 3    27  5                                                                                   
            1509.9 3           1509.62 3    35  7                                                                                   
            1509.9 3           1510.13 5    28  5                                                                                   
           1517.10 9           1517.10 9     0  0                                                                                   
          1521.02 21          1521.02 21     0  0                                                                                   
            1530.7 3           1530.95 3    42 12                                                                                   
           1536.84 5           1536.84 5     0  0                                                                                   
           1551.77 9           1551.85 3    36  7                                                                                   
    (1    1560.44 19           1560.13 4    37  8                                                                                   
           1562.78 7           1562.78 7     0  0                                                                                   
           1566.21 7           1566.21 7     0  0                                                                                   
    (1    1578.97 12           1578.82 3    44 11                                                                                   
           1597.88 4           1597.91 3    35  6                                                                                   
    (1     1613.84 4         1613.768 10     5  2                                                                                   
           1619.00 4         1618.975 11    14  3                                                                                   
          1625.67 14          1625.67 14     0  0                                                                                   
    (1     1665.43 4           1665.47 3    55 17                                                                                   
           1667.69 5           1667.69 5     0  0                                                                                   
            1680.8 4            1680.8 4     0  0                                                                                   
    (3     1691.26 6           1691.08 3    39  7                                                                                   
           1695.44 8           1695.42 6    63 30                                                                                   
           1702.35 3           1702.35 3     0  0                                                                                   
          1704.70 20           1704.56 8    54 15                                                                                   
    (1     1704.73 9         1704.625 22    38  6                                                                                   
          1710.19 24          1710.19 24     0  0                                                                                   
           1718.68 4           1718.69 4    61 28                                                                                   
    (1    1725.68 17           1725.96 6    57 18                                                                                   
    (2    1725.68 17           1726.03 6    61 27                                                                                   
           1751.76 5           1751.79 3    50 13                                                                                   
          1754.72 17          1754.72 17     0  0                                                                                   
    (1    1761.10 17           1760.78 6    60 24                                                                                   
    (3     1761.10 7           1760.89 3    51 14                                                                                   
    (1    1765.24 15           1764.94 3    44  9                                                                                   
    (1      1771.4 5           1770.41 3    43  8                                                                                   
    (1      1771.4 5           1770.83 4    32  5                                                                                   
           1795.45 4         1795.476 22    33  5                                                                                   
            1811.2 3            1811.2 3     0  0                                                                                   
          1813.94 14           1813.97 4    48 12                                                                                   
           1820.35 5           1820.34 3    49 12                                                                                   
    (1     1820.35 5           1820.40 3    46  9                                                                                   
    (1     1825.77 5         1825.861 15    16  3                                                                                   
           1832.01 5           1832.01 5     0  0                                                                                   
    (1     1838.61 8           1838.48 3    41  6                                                                                   
           1843.33 9           1843.36 6    56 15                                                                                   
    (2     1846.72 6           1846.59 4    62 27                                                                                   
    (2     1846.72 6           1846.89 4    57 16                                                                                   
           1854.99 5           1854.99 5     0  0                                                                                   
           1858.51 5           1858.49 3    50 12                                                                                   
    (1     1881.20 5         1881.135 23    43  6                                                                                   
    (1     1888.43 8           1888.54 4    50 10                                                                                   
            1892.0 3            1892.0 3     0  0                                                                                   
    (S        0.0              1895.41 5    21  4                                                                                   
            1901.6 4            1901.6 4     0  0                                                                                   
           1910.70 6           1910.70 6     0  0                                                                                   
    (1     1916.51 6           1916.59 3    47  9                                                                                   
    (1    1929.34 10         1929.180 11     6  2                                                                                   
            1930.2 3         1930.171 18    17  3                                                                                   
    (1      1935.7 3           1936.17 4    59 22                                                                                   
    (2    1946.43 17           1946.79 4    18  3                                                                                   
           1953.74 6           1953.70 5    63 25                                                                                   
           1956.58 5         1956.535 22    19  3                                                                                   
           1961.11 6           1961.09 4    58 15                                                                                   
    (3    1964.27 23           1965.06 3    46  6                                                                                   
    (1     1973.00 4           1972.95 3    47  7                                                                                   
          1994.08 15          1994.08 15     0  0                                                                                   
    (2    2001.24 20           2000.70 4    48  9                                                                                   
           2007.71 4           2007.70 3    22  3                                                                                   
    (1    2013.90 20           2013.69 3    59 17                                                                                   
          2014.24 11          2014.24 11     0  0                                                                                   
    (1     2017.53 4         2017.472 12     7  2                                                                                   
    (1    2022.32 17           2022.12 6    56 13                                                                                   
    (1      2031.6 3           2031.98 6    60 19                                                                                   
           2039.94 4         2039.904 18     8  2                                                                                   
           2047.28 4         2047.300 12     7  1                                                                                   
           2057.07 5           2057.07 3    48  7                                                                                   
          2067.53 11          2067.53 11     0  0                                                                                   
    (2    2070.08 15         2069.732 18     8  1                                                                                   
          2073.74 10         2073.838 14     9  2                                                                                   
    (1    2094.61 10         2094.781 25    39  5                                                                                   
          2115.77 14           2115.73 5    61 19                                                                                   
           2122.02 5           2122.02 5     0  0                                                                                   
          2131.66 17          2131.66 17     0  0                                                                                   
    (1    2143.37 11           2143.23 8    52  8                                                                                   
    (1     2149.93 5           2149.84 3    53  9                                                                                   
    (1     2153.81 4           2153.89 3    41  5                                                                                   
    (2    2162.16 17           2162.65 6    60 16                                                                                   
    (1     2168.16 4           2168.10 3    59 15                                                                                   
           2173.67 8           2173.67 8     0  0                                                                                   
          2183.70 20           2183.77 3    53  8                                                                                   
          2185.70 20           2185.64 3    23  3                                                                                   
    (1     2196.61 5         2196.545 23    43  5                                                                                   
          2204.08 10          2204.08 10     0  0                                                                                   
    (1    2206.35 10           2206.20 3    53  7                                                                                   
          2206.35 10           2206.41 3    62 20                                                                                   
    (2    2221.27 11           2220.96 3    51  6                                                                                   
           2230.54 5           2230.52 3    10  2                                                                                   
            2233.0 4           2233.12 8    54  7                                                                                   
    (2    2260.11 10           2260.34 3    10  1                                                                                   
          2271.19 12          2271.19 12     0  0                                                                                   
    (2     2290.58 7         2290.396 18    12  1                                                                                   
           2310.70 5           2310.70 5     0  0                                                                                   
          2322.75 13          2322.75 13     0  0                                                                                   
          2330.16 10          2330.16 10     0  0                                                                                   
    (1    2346.05 10           2346.23 3    27  3                                                                                   
    (3     2348.72 9           2348.44 3    55  7                                                                                   
    (1     2367.17 5         2367.269 24    13  2                                                                                   
           2373.74 5           2373.74 5     0  0                                                                                   
           2375.85 5           2375.85 5     0  0                                                                                   
          2384.99 11          2384.99 11     0  0                                                                                   
    (1     2389.18 5         2389.246 11    14  2                                                                                   
          2393.84 12          2393.84 12     0  0                                                                                   
           2397.12 6         2397.097 24    13  1                                                                                   
           2403.04 9           2403.11 4    57  8                                                                                   
          2416.06 11          2416.06 11     0  0                                                                                   
    (2    2418.69 15         2419.074 11    14  1                                                                                   
           2424.66 5           2424.66 5     0  0                                                                                   
    (2     2428.28 9           2428.47 3    29  3                                                                                   
          2448.11 17          2448.11 17     0  0                                                                                   
            2450.5 3            2450.5 3     0  0                                                                                   
    (1      2454.7 3         2454.169 23    59 11                                                                                   
           2459.48 5           2459.48 5     0  0                                                                                   
    (1    2467.31 10         2467.139 25    49  5                                                                                   
          2467.31 10           2467.21 4    58  8                                                                                   
            2471.5 3            2471.5 3     0  0                                                                                   
            2483.8 3           2483.62 4    59 10                                                                                   
            2518.8 3            2518.8 3     0  0                                                                                   
    (1    2528.44 11           2528.26 6    60 10                                                                                   
           2539.87 7           2539.87 7     0  0                                                                                   
           2542.92 6           2542.92 6     0  0                                                                                   
    (1    2545.83 10         2546.027 24    15  2                                                                                   
          2552.64 17          2552.64 17     0  0                                                                                   
          2557.03 13          2557.03 13     0  0                                                                                   
          2564.89 19          2564.89 19     0  0                                                                                   
    (2      2568.8 4           2567.77 6    30  3                                                                                   
    (1      2568.8 4           2569.36 8    52  5                                                                                   
          2572.08 11          2572.08 11     0  0                                                                                   
    (3    2577.63 10           2577.94 3    58  6                                                                                   
          2586.06 14          2586.06 14     0  0                                                                                   
          2589.23 11          2589.23 11     0  0                                                                                   
          2593.32 10           2593.41 4    31  3                                                                                   
            2604.0 4            2604.0 4     0  0                                                                                   
           2609.98 9           2609.90 3    53  5                                                                                   
           2614.21 9           2614.27 4    32  3                                                                                   
            2627.7 3            2627.7 3     0  0                                                                                   
          2638.93 11         2638.915 23    33  3                                                                                   
            2644.0 3           2644.22 5    63 14                                                                                   
            2659.7 4            2659.7 4     0  0                                                                                   
            2668.8 4            2668.8 4     0  0                                                                                   
            2680.4 5            2680.4 5     0  0                                                                                   
    (2      2685.6 3           2684.94 6    60  9                                                                                   
    (1      2685.6 3           2685.96 3    34  3                                                                                   
            2688.1 4            2688.1 4     0  0                                                                                   
            2697.6 3            2697.6 3     0  0                                                                                   
          2702.60 16           2702.53 4    62 12                                                                                   
          2716.95 11           2717.05 4    18  2                                                                                   
    (2     2726.62 7         2726.799 22    19  2                                                                                   
           2736.09 9           2736.00 5    64 63                                                                                   
          2747.00 18           2746.88 4    18  1                                                                                   
    (1     2756.81 7         2756.687 16    20  2                                                                                   
          2775.21 17          2775.21 17     0  0                                                                                   
    (1      2784.4 4         2784.947 23    59  6                                                                                   
    (S        0.0            2786.515 16    20  1                                                                                   
            2787.0 6           2786.75 4    21  1                                                                                   
    (1    2799.30 18           2798.99 3    36  3                                                                                   
    (1    2806.53 12           2806.37 3    64 62                                                                                   
           2839.71 7           2839.71 7     0  0                                                                                   
          2857.15 15          2857.15 15     0  0                                                                                   
          2892.19 15          2892.19 15     0  0                                                                                   
            2897.9 7            2897.9 7     0  0                                                                                   
    (2      2912.6 3           2913.35 5    61  6                                                                                   
           2917.81 9           2917.81 9     0  0                                                                                   
    (1    2922.91 20           2923.18 4    62  8                                                                                   
          2926.85 10           2926.93 5    64 61                                                                                   
    (1     2938.32 9           2938.21 3    39  3                                                                                   
          2949.23 15          2949.23 15     0  0                                                                                   
          2955.94 16           2955.90 3    23  2                                                                                   
    (1      2967.8 3           2967.29 5    40  3                                                                                   
          2992.60 14          2992.60 14     0  0                                                                                   
            3000.4 3            3000.4 3     0  0                                                                                   
          3010.55 14           3010.69 6    64 60                                                                                   
            3027.7 3         3027.812 22    24  1                                                                                   
          3034.43 17          3034.43 17     0  0                                                                                   
    (2    3040.24 13         3039.976 23    43  3                                                                                   
    (2    3055.58 12         3055.334 24    64 59                                                                                   
            3068.7 4           3068.44 3    44  3                                                                                   
    (1      3088.3 5           3087.66 5    45  3                                                                                   
          3098.56 20         3098.567 23    26  2                                                                                   
          3100.42 20         3100.349 23    59  5                                                                                   
    (2    3128.06 13         3128.394 23    26  1                                                                                   
          3133.49 14          3133.49 14     0  0                                                                                   
    (3    3144.30 19           3145.00 6    60  5                                                                                   
            3153.5 3           3153.66 5    28  1                                                                                   
            3198.6 3           3198.72 3    29  2                                                                                   
            3204.7 4            3204.7 4     0  0                                                                                   
          3214.12 24          3214.12 24     0  0                                                                                   
          3220.08 21           3220.08 3    47  3                                                                                   
    (2      3229.4 4           3228.55 3    29  1                                                                                   
            3255.9 4            3255.9 4     0  0                                                                                   
    (1    3262.56 12           3262.34 4    64 58                                                                                   
    (2      3286.4 8           3288.55 3    51  4                                                                                   
          3304.24 11           3304.19 3    48  3                                                                                   
            3310.9 5         3310.563 25    49  3                                                                                   
          3326.44 12           3326.44 4    64 57                                                                                   
    (1     3336.3 10           3338.02 6    30  2                                                                                   
    (2    3348.91 10           3348.71 3    50  3                                                                                   
    (1      3368.9 6           3367.85 6    30  1                                                                                   
            3380.3 4           3380.07 6    64 56                                                                                   
          3384.66 24           3384.52 4    32  2                                                                                   
          3403.59 11           3403.54 3    64 55                                                                                   
            3429.8 7            3429.8 7     0  0                                                                                   
    (1     3452.2 10           3453.32 3    53  3                                                                                   
            3480.6 5           3480.24 8    54  3                                                                                   
          3518.85 10           3518.86 8    64 54                                                                                   
          3526.99 10           3527.01 3    35  2                                                                                   
    (2     3545.95 6           3545.78 3    64 53                                                                                   
           3569.30 8           3569.23 3    36  2                                                                                   
            3578.2 3            3578.2 3     0  0                                                                                   
    (1    3586.53 13           3586.31 8    64 52                                                                                   
    (1    3599.62 20           3599.95 3    37  2                                                                                   
    (1     3619.40 6           3619.31 3    64 51                                                                                   
    (1    3629.94 15           3629.78 3    37  1                                                                                   
    (1     3633.88 9         3633.716 22    38  2                                                                                   
           3650.34 5           3650.39 3    64 50                                                                                   
    (2     3663.32 9         3663.543 22    38  1                                                                                   
          3688.67 15           3688.53 3    64 49                                                                                   
    (2    3695.15 11           3694.91 3    64 48                                                                                   
    (2    3737.01 10           3736.75 3    58  3                                                                                   
            3743.2 3            3743.2 3     0  0                                                                                   
          3764.84 19          3764.84 19     0  0                                                                                   
          3778.99 10           3779.02 3    64 47                                                                                   
    (1      3791.9 3           3791.42 3    42  2                                                                                   
          3822.17 13          3822.17 13     0  0                                                                                   
    (2     3838.50 7           3838.68 3    44  2                                                                                   
          3857.97 11           3857.90 5    45  2                                                                                   
           3868.3 10           3868.51 3    44  1                                                                                   
    (1      3874.7 3           3875.20 3    64 46                                                                                   
    (1     3895.7 11           3894.14 3    46  2                                                                                   
            3899.0 7            3899.0 7     0  0                                                                                   
          3911.49 18           3911.43 5    64 45                                                                                   
            3912.4 7            3912.4 7     0  0                                                                                   
           3930.64 5           3930.65 3    64 44                                                                                   
           3943.81 6         3943.759 23    59  3                                                                                   
    (1     3959.19 5         3959.116 24    64 43                                                                                   
    (1     3977.83 5           3977.91 3    64 42                                                                                   
          3989.07 14          3989.07 14     0  0                                                                                   
           4001.78 5           4001.77 3    64 41                                                                                   
            4008.1 3            4008.1 3     0  0                                                                                   
    (1    4031.58 14           4031.80 5    64 40                                                                                   
           4060.92 5           4060.87 3    64 39                                                                                   
          4080.69 12         4080.800 25    49  2                                                                                   
           4086.13 9           4086.13 9     0  0                                                                                   
           4135.58 5         4135.616 23    64 38                                                                                   
    (1      4148.4 3           4148.77 3    50  1                                                                                   
           4169.31 9           4169.38 3    64 37                                                                                   
    (1     4200.04 5           4200.10 3    64 36                                                                                   
    (1     4223.66 7           4223.56 3    53  2                                                                                   
    (1    4242.47 11           4242.32 3    64 35                                                                                   
    (2      4249.5 4           4250.47 8    54  2                                                                                   
          4280.35 22           4280.30 8    54  1                                                                                   
    (1      4312.8 3           4313.12 3    64 34                                                                                   
           4360.19 6         4360.162 24    64 33                                                                                   
    (2     4384.95 7           4384.81 4    64 32                                                                                   
          4389.32 18           4389.26 6    56  2                                                                                   
    (2    4405.36 11           4405.67 5    64 31                                                                                   
          4421.15 14          4421.15 14     0  0                                                                                   
          4431.17 16           4431.30 6    64 30                                                                                   
          4472.80 11           4472.71 4    57  1                                                                                   
           4506.96 7           4506.98 3    58  2                                                                                   
    (1     4652.94 8           4652.83 4    64 27                                                                                   
            4667.0 4            4667.0 4     0  0                                                                                   
          4670.84 10         4670.751 25    64 26                                                                                   
    (1      4688.9 5         4689.556 24    64 25                                                                                   
    (1      4842.8 4           4842.37 5    61  2                                                                                   
          4851.16 25          4851.16 25     0  0                                                                                   
    (1    4872.47 14           4872.20 5    61  1                                                                                   
            4929.3 3            4929.3 3     0  0                                                                                   
    (1      4962.2 4           4962.93 3    62  2                                                                                   
           4991.38 5           4991.34 3    64 22                                                                                   
    (2     5012.47 6         5012.613 18    64 20                                                                                   
    (1     5042.43 6         5042.499 23    64 19                                                                                   
            5062.9 4           5063.12 5    63  1                                                                                   
    (3     5068.65 6         5068.860 20    64 17                                                                                   
           5173.19 5         5173.162 17    64 16                                                                                   
            5188.8 3            5188.8 3     0  0                                                                                   
            5216.9 6            5216.9 6     0  0                                                                                   
    (1     5223.14 7         5223.259 24    64 15                                                                                   
          5228.86 24          5228.86 24     0  0                                                                                   
    (3     5379.84 6         5380.028 15    64 14                                                                                   
    (6     5509.12 7         5508.696 19    64 12                                                                                   
           5695.38 7         5695.409 16    64  9                                                                                   
            5729.2 7         5729.339 21    64  8                                                                                   
    (2     5751.60 7         5751.769 15    64  7                                                                                   
          6998.77 10         6998.769 14    64  3                                                                                   
          7768.75 19         7768.929 14    64  2                                                                                   
      DATA SET  1. ENERGIES CORRECTED BY    .0000000+-  .0000000 KEV     CHISQ/F =  2.706         F=290
      CHISQ/F =  2.716      (FIT OF  353GAMMAS -  63LEVELS)
