
               LEAST-SQUARES LINEAR REGRESSION OF LEVEL AND GAMMA ENERGIES
 
        LEVEL ENERGIES
    1.     0.0
    2.   980.477 8                      
    3.  1293.609 6                      
    4.  1559.903 8                      
    5.  1582.002 7                      
    6.  1593.107 9                      
    7.  1677.236 7                      
    8.  1698.005 9                      
    9.  2143.821 8                      
   10.  2166.695 8                      
   11.  2316.618 7                      
   12.  2447.88 5                       
   13.  2494.907 8                      
   14.  2507.926 8                      
   15.  2527.660 9                      
   16.  2593.972 13                     
   17.  2712.566 7                      
   18.  2756.734 8                      
   19.  2761.731 9                      
   20.  2774.248 9                      
   21.  3048.22 3                       
   22.  3141.836 8                      
   23.  3142.431 9                      
   24.  3213.61 3                       
   25.  3235.574 12                     
   26.  3240.651 9                      
   27.  3431.846 10                     
   28.  3488.46 19                      
   29.  3489.41 7                       
   30.  3521.38 5                       
   31.  3534.45 1                       
   32.  3560.61 3                       
   33.  3612.772 21                     
   34.  3651.465 16                     
   35.  3761.554 21                     
   36.  3774.668 18                     
   37.  3826.901 11                     
   38.  3870.524 22                     
   39.  3990.40 3                       
   40.  3996.486 13                     
   41.  4026.93 5                       
   42.  4146.16 5                       
   43.  4164.568 11                     
   44.  4220.623 21                     
   45.  4228.991 18                     
   46.  4244.216 21                     
   47.  4260.38 6                       
   48.  4274.96 2                       
   49.  4303.004 21                     
   50.  4345.665 15                     
   51.  4459.731 18                     
   52.  4525.37 2                       
   53.  4568.744 22                     
   54.  4609.48 3                       
   55.  4730.71 2                       
   56.  4735.86 3                       
   57.  4745.49 6                       
   58.  4749.46 3                       
   59.  4823.324 21                     
   60.  4862.45 3                       
   61.  4927.83 4                       
   62.  4948.95 3                       
   64.  5021.24 5                       
   65.  5096.18 5                       
   66.  5185.272 20                     
   67.  5298.863 20                     
   68.  5496.58 4                       
   69.  5548.19 4                       
   70.  5557.39 5                       
   71.  5575.26 3                       
   72.  5604.60 3                       
   73.  5610.84 3                       
   74.  5655.66 5                       
   75.  5659.24 5                       
   76.  5800.79 3                       
   77.  5826.65 3                       
   78.  5886.95 4                       
   79.  5912.51 5                       
   80.  5952.42 6                       
   81.  5968.89 6                       
   82.  6040.68 7                       
   83.  6070.75 4                       
   84.  6078.55 4                       
   85.  6186.02 4                       
   86.  6211.51 5                       
   87.  6229.88 7                       
   88.  6255.97 5                       
   89.  6290.10 7                       
   90.  6394.31 7                       
   91.  6434.50 3                       
   92.  6450.14 3                       
   93.  6496.99 7                       
   94.  6528.12 4                       
   95.  6769.78 8                       
   96.  6782.53 8                       
   97.  6791.35 4                       
   98.  6835.42 6                       
   99.  6995.53 8                       
  100.  7020.97 4                       
  101.  7035.27 7                       
  102.  7361.15 6                       
  103.  7593.06 4                       
  104.  7654.93 5                       
  105.  7938.97 5                       
  106.  8190.20 6                       
  107.  8200.11 4                       
  108.  9740.699 16                     
  109. 10095.241 15                     
 
   GAMMA ENERGIES
       40K(N,G) E=THERMAL-  ENERGY     DE    L1  L2
 -----------------------------------------------------------------------------------------------------------------------------------
    (1      191.24 6           191.308 6    14 11                                                                                   
           193.73 11            193.69 5    44 41                                                                                   
           246.587 3           246.587 3    20 15                                                                                   
            258.53 5            258.53 5    70 67                                                                                   
          266.841 19           266.823 8    19 13                                                                                   
           288.388 6           288.391 5     5  3                                                                                   
          293.786 10          293.786 10    53 48                                                                                   
    (1    293.786 10           293.797 8    31 26                                                                                   
    (1    296.340 23          296.375 19    52 45                                                                                   
            304.76 4          304.743 23    52 44                                                                                   
           314.73 11           314.73 11     0  0                                                                                   
         327.7660 20         327.7660 20     0  0                                                                                   
           336.627 6           336.627 6     0  0                                                                                   
            338.47 6            338.43 5    98 93                                                                                   
    (1      339.41 4            339.46 3    62 54                                                                                   
    (2      344.79 8          345.020 19    40 34                                                                                   
           354.541 7           354.541 7   109108                                                                                   
          358.465 13          358.465 13    45 38                                                                                   
    (1      361.99 3          361.945 22    66 59                                                                                   
    (1     364.089 7           364.103 5    14  9                                                                                   
            371.51 6            371.49 5    42 36                                                                                   
            380.13 7           380.103 8    22 19                                                                                   
           380.696 8           380.698 7    23 19                                                                                   
    (1     383.617 6           383.624 5     7  3                                                                                   
           385.107 7           385.100 6    22 18                                                                                   
         395.9450 20         395.9461 19    17 11                                                                                   
            402.08 3          402.087 18    45 37                                                                                   
            403.03 3          403.012 21    43 35                                                                                   
           417.190 5           417.190 5     0  0                                                                                   
            418.80 4            418.77 3    32 22                                                                                   
            419.31 3            419.30 3    84 75                                                                                   
            419.31 3          419.324 22    72 66                                                                                   
          429.790 10          429.788 10    39 32                                                                                   
           445.814 5           445.813 5     9  8                                                                                   
           454.557 7           454.561 7    66 55                                                                                   
            476.62 4            476.62 4     0  0                                                                                   
          481.242 20          481.242 20     0  0                                                                                   
          487.991 23          487.991 23     0  0                                                                                   
          492.821 23          492.842 22   100 94                                                                                   
            539.09 3          539.090 18    36 25                                                                                   
            541.83 3            541.83 3     0  0                                                                                   
    (1     545.876 7           545.867 6    17 10                                                                                   
          548.365 10          548.363 10    59 48                                                                                   
            550.73 3           550.710 9     9  6                                                                                   
            561.05 4            561.05 3    36 24                                                                                   
    (1    561.842 22           561.815 7     9  5                                                                                   
            564.01 3            564.01 3     0  0                                                                                   
            565.73 3            565.73 3     0  0                                                                                   
          566.650 17          566.650 17     0  0                                                                                   
    (1    568.170 17          568.152 15    67 55                                                                                   
    (1     573.597 9           573.583 7    10  6                                                                                   
           579.418 7           579.422 6     4  2                                                                                   
          583.900 15           583.913 7     9  4                                                                                   
          584.685 11           584.688 6    10  5                                                                                   
            586.26 4          586.246 10    37 26                                                                                   
    (1    592.777 25          592.747 19    46 34                                                                                   
          601.517 12           601.520 7     5  2                                                                                   
    (2    606.824 18           606.787 7    10  4                                                                                   
           607.846 9           607.846 9    44 33                                                                                   
           607.846 9           607.846 9    91 77                                                                                   
    (1     612.637 8           612.625 7     6  2                                                                                   
    (2     612.925 8           612.907 6    18  9                                                                                   
           614.766 7           614.766 6    23 15                                                                                   
            620.34 3            620.35 3    69 61                                                                                   
          623.486 14          623.488 14    92 77                                                                                   
    (1     633.891 8           633.905 5    22 14                                                                                   
          635.073 18          635.073 18     0  0                                                                                   
    (2    639.345 11           639.377 5    11  7                                                                                   
            645.17 6            645.13 5    88 73                                                                                   
           646.924 4           646.923 4    22 13                                                                                   
    (1      655.60 3            655.64 3    72 62                                                                                   
            657.93 5            657.93 5     0  0                                                                                   
            659.92 9          659.899 20    66 52                                                                                   
            659.92 9            660.01 3    44 32                                                                                   
          660.935 11          660.935 11     0  0                                                                                   
            661.23 4            661.23 4     0  0                                                                                   
           670.112 8           670.108 7    27 19                                                                                   
          672.039 13          672.039 13     0  0                                                                                   
            676.09 3            676.09 3     0  0                                                                                   
           685.056 8           685.057 8    51 36                                                                                   
           685.056 8           685.059 8    37 22                                                                                   
          694.199 10          694.195 10    50 34                                                                                   
          712.800 17          712.795 17    97 84                                                                                   
          712.800 17          712.799 17    71 60                                                                                   
          719.272 12           719.273 8    27 17                                                                                   
           732.714 6           732.715 6    43 27                                                                                   
           732.714 6           732.718 5    26 14                                                                                   
           734.605 8           734.609 5    11  5                                                                                   
            740.51 4          740.502 20    48 31                                                                                   
          742.142 13          742.138 13    72 60                                                                                   
          745.733 13           745.736 6    26 13                                                                                   
          768.531 19          768.548 18    49 31                                                                                   
          773.471 19          773.489 16    67 52                                                                                   
    (1    796.926 20           796.894 7    13  8                                                                                   
           817.659 9           817.663 6    13  7                                                                                   
            825.19 3           825.209 7    22 11                                                                                   
            827.33 8            827.33 8     0  0                                                                                   
           830.679 9           830.681 6    14  7                                                                                   
          846.967 23          846.950 19    51 33                                                                                   
           850.417 7           850.415 6    15  7                                                                                   
          854.043 20          854.045 13    40 23                                                                                   
          854.642 20          854.641 12    40 22                                                                                   
            880.14 3          880.124 25    73 55                                                                                   
            887.13 5            887.09 4    68 54                                                                                   
            887.13 5            887.14 4    85 67                                                                                   
          891.260 20          891.259 20    79 64                                                                                   
          895.955 10          895.956 10    16  8                                                                                   
            904.38 3          904.390 25    21  9                                                                                   
            904.38 3          904.393 24    97 78                                                                                   
          918.949 13          918.946 10    25 11                                                                                   
          948.001 13           948.011 7    14  4                                                                                   
    (1      974.66 7            974.78 4    58 36                                                                                   
          980.461 16           980.464 8     2  1                                                                                   
    (2      988.47 6          988.327 18    45 26                                                                                   
    (2      993.21 8          993.403 20    45 25                                                                                   
    (2      998.45 7           998.597 9    23  9                                                                                   
    (1     1004.87 3         1004.807 21    35 18                                                                                   
    (1     1006.81 3         1006.775 10    31 15                                                                                   
          1011.89 21         1011.957 13    16  5                                                                                   
    (2   1014.498 18          1014.547 7    17  8                                                                                   
          1022.996 7          1022.995 4    11  3                                                                                   
           1026.48 6           1026.46 5    30 13                                                                                   
           1026.48 6          1026.509 8    31 14                                                                                   
         1039.532 12          1039.527 8    31 13                                                                                   
           1041.51 5           1041.51 5    29 12                                                                                   
    (1     1051.27 4           1051.31 3    76 58                                                                                   
         1058.708 15          1058.713 7    18  8                                                                                   
           1062.55 6           1062.55 6     0  0                                                                                   
         1064.926 20         1064.920 19    76 56                                                                                   
         1064.926 20         1064.920 19   103 94                                                                                   
    (1     1079.44 4          1079.483 7    18  7                                                                                   
           1090.73 5           1090.78 4    77 56                                                                                   
    (1   1096.832 17          1096.813 7    26  9                                                                                   
    (1     1101.71 3         1101.770 20    46 23                                                                                   
         1110.083 14         1110.075 12    50 25                                                                                   
           1115.20 3          1115.211 8    27 11                                                                                   
    (1    1130.76 20          1130.547 5    17  5                                                                                   
          1156.32 12           1156.22 4    78 55                                                                                   
    (S        0.0             1163.327 8     9  2                                                                                   
    (1   1186.170 17          1186.199 7    10  2                                                                                   
    (1   1196.785 17          1196.811 8    18  4                                                                                   
    (1   1201.303 17          1201.279 6    13  3                                                                                   
           1203.20 5         1203.215 15    50 23                                                                                   
    (1   1214.327 22          1214.297 6    14  3                                                                                   
    (1     1228.59 5           1228.65 3    39 19                                                                                   
          1231.46 16          1231.46 16     0  0                                                                                   
           1247.40 4           1247.41 3    83 59                                                                                   
          1250.85 10          1250.85 10     0  0                                                                                   
           1255.71 7           1255.71 7     0  0                                                                                   
          1266.45 22         1266.625 21    35 13                                                                                   
    (1    1266.45 22         1266.721 17    36 14                                                                                   
    (1    1286.03 10           1285.92 8    96 68                                                                                   
          1293.586 7          1293.588 6     3  1                                                                                   
    (1     1321.33 9           1321.49 5    65 36                                                                                   
            1356.0 3           1356.22 5    75 49                                                                                   
    (2    1368.47 12           1368.81 3    54 26                                                                                   
           1373.02 5           1373.02 5     0  0                                                                                   
    (2   1418.975 15          1418.930 5    17  3                                                                                   
    (S        0.0              1455.09 3    21  6                                                                                   
    (2    1463.35 12          1463.096 7    18  3                                                                                   
    (1     1465.10 5          1465.167 7    23  7                                                                                   
         1468.090 12          1468.093 7    19  3                                                                                   
          1470.99 17           1470.88 8    95 67                                                                                   
          1481.59 16          1481.59 16     0  0                                                                                   
           1488.54 4         1488.531 13    40 14                                                                                   
    (2    1499.78 13           1500.07 4    68 40                                                                                   
    (1     1513.31 8         1513.197 20    48 19                                                                                   
    (1    1529.97 25           1530.43 6    70 41                                                                                   
            1534.2 5           1534.47 6   102 77                                                                                   
    (2    1542.19 21          1542.614 8    26  8                                                                                   
          1557.67 18           1557.76 5    69 39                                                                                   
           1559.89 3          1559.872 8     4  1                                                                                   
          1563.96 11          1563.96 11     0  0                                                                                   
           1581.98 4          1581.969 7     5  1                                                                                   
    (1    1588.68 11         1588.839 19    55 22                                                                                   
            1593.4 5          1593.074 9     6  1                                                                                   
           1606.05 8           1605.99 3    77 44                                                                                   
           1606.05 8           1606.04 4    97 66                                                                                   
          1624.76 16           1624.63 3    66 32                                                                                   
            1631.5 4           1631.57 3    24  5                                                                                   
    (1    1649.96 14           1650.11 6    98 66                                                                                   
    (1    1649.96 14         1650.209 23    46 16                                                                                   
          1666.51 15           1666.37 6    47 16                                                                                   
           1677.23 4          1677.199 7     7  1                                                                                   
           1697.93 4          1697.968 9     8  1                                                                                   
    (S        0.0              1710.27 5    41 11                                                                                   
            1716.2 5           1716.65 5    43 12                                                                                   
           1721.02 4         1721.026 17    45 14                                                                                   
    (2    1727.24 24         1726.663 22    38  9                                                                                   
          1727.24 24           1727.43 7   105 86                                                                                   
           1739.14 7           1739.20 6    98 65                                                                                   
          1747.88 16           1747.90 5    79 43                                                                                   
    (1    1753.64 18         1753.386 20    66 27                                                                                   
            1763.7 3            1763.7 3     0  0                                                                                   
    (2    1770.55 22           1770.07 6    97 64                                                                                   
    (1    1770.55 22           1770.11 7    87 51                                                                                   
            1790.3 3          1790.42 19    28  8                                                                                   
    (S        0.0              1791.36 7    29  8                                                                                   
            1794.6 9         1794.454 22    53 20                                                                                   
    (1      1804.7 3           1804.28 6    81 43                                                                                   
    (2      1808.7 3         1808.054 20    49 13                                                                                   
    (2      1808.7 3           1809.41 7    67 29                                                                                   
    (2    1840.93 15           1840.61 4    92 54                                                                                   
           1848.82 4          1848.777 7    23  3                                                                                   
    (2     1852.85 6           1852.71 3    54 18                                                                                   
          1857.90 10           1857.88 4    84 44                                                                                   
    (1    1867.45 25         1866.972 21    67 27                                                                                   
    (2    1867.45 25           1868.17 6   105 83                                                                                   
           1895.09 4           1895.08 4   109107                                                                                   
    (S        0.0             1895.31 19    28  6                                                                                   
           1904.96 7           1905.00 6   109106                                                                                   
    (1    1909.74 14           1909.96 7   107 89                                                                                   
           1919.95 4           1919.95 3    24  3                                                                                   
           1941.91 4         1941.916 11    25  3                                                                                   
    (1     1946.95 4          1946.992 7    26  3                                                                                   
            1953.0 3           1953.08 3    72 34                                                                                   
          1965.91 13          1965.91 13     0  0                                                                                   
    (1     1974.22 4         1974.178 15    34  7                                                                                   
          1986.36 23         1986.334 20    49 11                                                                                   
          1986.36 23           1986.50 7   105 80                                                                                   
            1998.9 4            1998.9 4     0  0                                                                                   
            2011.7 9           2011.70 5    88 46                                                                                   
    (S        0.0            2019.611 22    33  6                                                                                   
            2026.3 3           2026.07 3    76 36                                                                                   
    (1    2030.51 20         2030.716 21    33  5                                                                                   
           2041.02 7         2041.030 22    53 15                                                                                   
    (2    2046.31 16           2045.83 7    89 46                                                                                   
            2059.8 3           2059.99 4    78 37                                                                                   
    (1      2062.7 3         2062.240 18    45 10                                                                                   
    (1      2066.1 4         2066.535 21    59 18                                                                                   
    (S        0.0              2067.69 3    21  2                                                                                   
          2077.55 12         2077.465 21    46 10                                                                                   
           2083.64 7           2083.67 6    87 42                                                                                   
    (1    2089.12 24           2088.78 3    91 50                                                                                   
           2100.72 5           2100.72 5     0  0                                                                                   
          2106.50 19           2106.68 6   104 69                                                                                   
    (1    2114.10 25           2114.52 3    54 13                                                                                   
          2121.40 25           2121.50 5   107 84                                                                                   
            2128.6 3         2128.837 10    37  8                                                                                   
    (1     2138.12 4          2138.176 8    27  3                                                                                   
    (1     2143.70 4          2143.761 8     9  1                                                                                   
    (2     2149.73 5          2149.605 9    37  7                                                                                   
           2156.17 6           2156.21 5   109105                                                                                   
    (1     2158.93 8           2159.03 5    85 41                                                                                   
    (1     2166.72 5          2166.633 8    10  1                                                                                   
           2171.01 6           2171.04 3    61 18                                                                                   
    (3    2192.21 12         2192.603 17    36  5                                                                                   
    (S        0.0             2194.79 19    28  3                                                                                   
    (1    2195.58 14           2195.73 7    29  3                                                                                   
           2201.53 9         2201.587 21    35  4                                                                                   
    (2     2201.53 9         2201.781 15    50  9                                                                                   
          2211.93 19           2211.89 7   101 59                                                                                   
          2215.33 21           2215.20 4    61 17                                                                                   
    (1     2240.95 7           2240.88 3    56 13                                                                                   
          2250.38 15           2250.52 6    57 13                                                                                   
    (1    2268.13 19           2268.41 3    60 16                                                                                   
    (1      2278.5 6           2279.06 7    82 35                                                                                   
    (1      2295.9 3         2295.595 21    59 15                                                                                   
    (1    2298.55 12         2298.411 13    40  8                                                                                   
    (2    2304.83 17           2305.20 6    77 30                                                                                   
          2315.33 20         2315.328 20    59 14                                                                                   
          2316.55 20          2316.548 7    11  1                                                                                   
    (1     2319.27 5         2319.180 12    40  7                                                                                   
          2328.34 15         2328.346 20    59 13                                                                                   
            2355.9 6           2355.99 5   104 67                                                                                   
    (2    2358.46 23         2357.782 15    34  3                                                                                   
            2375.7 3           2375.37 6    59 12                                                                                   
            2381.1 4         2381.471 20    52  9                                                                                   
            2383.4 4           2383.54 5    65 17                                                                                   
          2405.64 21           2405.68 4    69 23                                                                                   
           2414.92 7           2414.94 5    74 26                                                                                   
    (1     2419.03 8           2419.16 3    56 11                                                                                   
          2428.92 18           2428.80 6    57 11                                                                                   
          2433.16 21           2433.24 7   102 61                                                                                   
    (1     2436.61 9         2436.505 14    40  4                                                                                   
           2440.28 6           2440.24 5   109104                                                                                   
           2447.76 6           2447.80 5    12  1                                                                                   
    (1      2458.5 3           2457.90 4    83 33                                                                                   
           2466.90 7           2466.95 5    41  4                                                                                   
    (1     2480.92 5         2480.978 17    36  3                                                                                   
           2487.27 4         2487.251 10    43  7                                                                                   
           2502.12 5           2502.10 4   109103                                                                                   
           2507.88 4          2507.844 8    14  1                                                                                   
    (S        0.0             2507.90 19    28  2                                                                                   
    (1    2513.88 12           2513.75 5    74 22                                                                                   
          2521.84 24           2522.07 9    96 47                                                                                   
    (2    2521.84 24         2522.534 21    44  8                                                                                   
          2531.48 12           2531.55 4    94 40                                                                                   
            2534.4 4           2534.45 8   106 74                                                                                   
          2543.49 19         2543.302 21    44  7                                                                                   
    (1      2559.9 3           2560.38 6    98 48                                                                                   
    (2    2562.55 11           2562.29 6    47  8                                                                                   
            2567.4 4           2567.32 7    90 37                                                                                   
    (1    2576.48 25         2576.827 22    38  3                                                                                   
    (1    2576.48 25         2576.865 20    48  8                                                                                   
           2583.8 14           2583.8 14     0  0                                                                                   
            2588.3 5           2588.17 5    65 14                                                                                   
            2590.6 7           2590.99 3    77 25                                                                                   
    (S        0.0            2593.884 13    16  1                                                                                   
           2599.44 8           2599.44 8     0  0                                                                                   
    (2     2605.08 7         2604.909 20    49  8                                                                                   
          2611.15 12           2611.13 3    61 11                                                                                   
          2615.48 25           2615.56 8   102 57                                                                                   
          2619.41 19           2619.55 7    90 36                                                                                   
    (1    2647.83 25         2647.568 15    50  8                                                                                   
    (1    2647.83 25           2648.21 7    65 12                                                                                   
           2658.8 18           2658.8 18     0  0                                                                                   
    (2    2668.55 10         2668.337 14    50  7                                                                                   
    (1      2671.1 4           2671.76 5    79 26                                                                                   
          2677.27 10         2677.252 19    66 14                                                                                   
          2681.54 13          2681.54 13     0  0                                                                                   
    (2    2688.19 12           2688.49 4    92 35                                                                                   
    (1    2692.14 22           2692.43 8    99 49                                                                                   
    (2     2702.64 7         2702.781 12    40  3                                                                                   
          2710.41 16          2710.41 16     0  0                                                                                   
          2719.22 17          2719.22 17     0  0                                                                                   
          2727.07 18           2727.00 5   104 61                                                                                   
    (S        0.0              2733.22 5    41  3                                                                                   
    (1     2733.90 7           2734.00 6   109102                                                                                   
    (1     2756.68 4          2756.634 8    18  1                                                                                   
    (2     2763.40 6         2763.564 14    50  5                                                                                   
          2780.15 15          2780.15 15     0  0                                                                                   
          2784.08 17           2783.91 4    68 17                                                                                   
          2794.04 20         2794.089 18    36  2                                                                                   
    (1    2805.21 13           2805.00 7    82 25                                                                                   
            2809.9 4           2809.89 6    80 23                                                                                   
          2817.10 13          2817.10 13     0  0                                                                                   
          2827.06 24           2826.97 7    82 24                                                                                   
            2833.7 3           2833.60 8    90 32                                                                                   
            2838.1 3           2837.79 4    84 26                                                                                   
    (1      2850.2 4           2850.88 6    67 12                                                                                   
    (1    2852.25 17           2852.44 5    42  3                                                                                   
          2862.57 15           2862.58 3    71 17                                                                                   
            2865.8 3            2865.8 3     0  0                                                                                   
            2869.7 3            2869.7 3     0  0                                                                                   
    (2      2875.7 3           2876.55 4    94 34                                                                                   
           2887.18 6           2887.18 6     0  0                                                                                   
           2899.77 6         2899.718 18    51  4                                                                                   
          2919.06 13           2918.96 5   104 56                                                                                   
    (1     2926.96 6         2926.901 20    44  3                                                                                   
    (3     2935.07 5         2935.268 17    45  3                                                                                   
    (1    2945.08 12           2945.25 4    85 26                                                                                   
    (1     2950.55 5         2950.493 20    46  3                                                                                   
            2963.0 4           2963.31 5    70 16                                                                                   
          2968.61 18           2968.49 8    99 41                                                                                   
    (1    2968.61 18           2968.81 4    68 15                                                                                   
           2981.26 5         2981.232 20    48  3                                                                                   
          2995.81 19          2995.81 19     0  0                                                                                   
            3001.4 3           3001.56 4    68 13                                                                                   
            3015.8 4         3015.890 14    40  2                                                                                   
    (2    3024.88 21           3024.36 4   100 40                                                                                   
    (2      3038.4 3           3037.73 3    56  8                                                                                   
    (3    3042.81 20           3043.47 4    85 23                                                                                   
            3047.8 3           3048.10 3    21  1                                                                                   
            3051.7 3         3051.934 14    50  3                                                                                   
          3059.75 10           3059.84 7   109101                                                                                   
    (1    3067.79 20           3068.14 6    57  7                                                                                   
    (1     3073.97 9           3074.15 4   109100                                                                                   
            3086.7 7           3087.33 7    87 23                                                                                   
            3090.0 8            3090.0 8     0  0                                                                                   
          3099.57 10           3099.58 8   109 99                                                                                   
    (1      3124.5 7         3125.191 21    59  8                                                                                   
    (3    3129.59 15           3130.08 4    78 18                                                                                   
          3138.25 14           3138.13 5    79 20                                                                                   
    (1    3146.19 13         3145.959 20    59  7                                                                                   
            3150.6 3           3150.65 5    79 19                                                                                   
            3155.0 3         3154.912 20    67  9                                                                                   
    (3    3163.67 10           3163.36 6    57  5                                                                                   
    (1    3179.67 10           3179.83 4    68 11                                                                                   
            3185.2 3           3185.08 3    60  7                                                                                   
    (2      3191.2 3           3190.56 6    80 19                                                                                   
            3194.8 6           3194.51 6    81 20                                                                                   
            3201.9 4            3201.9 4     0  0                                                                                   
    (1      3206.7 3           3207.03 6    81 19                                                                                   
            3213.7 4           3213.47 3    24  1                                                                                   
            3229.6 5           3229.69 4    61  8                                                                                   
            3244.1 3            3244.1 3     0  0                                                                                   
    (2      3253.1 9           3250.46 3    61  7                                                                                   
    (1    3259.52 14           3259.68 6   109 98                                                                                   
    (2      3282.8 5           3283.81 7    82 18                                                                                   
          3292.64 19           3292.72 3    76 14                                                                                   
    (2    3304.17 15           3303.75 4   109 97                                                                                   
          3312.70 14           3312.57 8   109 96                                                                                   
    (1    3317.59 22           3317.95 4   103 48                                                                                   
          3325.40 12           3325.32 7   109 95                                                                                   
            3334.6 3           3334.58 4    61  6                                                                                   
            3362.1 4            3362.1 4     0  0                                                                                   
          3366.78 13           3366.80 3    62  5                                                                                   
          3379.76 12           3379.82 5   104 48                                                                                   
    (2    3385.88 10           3386.13 4    91 21                                                                                   
            3399.7 5            3399.7 5     0  0                                                                                   
    (2    3404.78 15           3404.43 5    79 14                                                                                   
          3410.75 21           3410.56 5   104 46                                                                                   
    (2      3416.8 3           3417.45 5    79 13                                                                                   
    (2      3421.2 5           3422.35 7   101 33                                                                                   
    (1    3437.10 12         3436.943 19    55  3                                                                                   
    (1     3455.86 9           3455.70 3    58  3                                                                                   
    (2      3479.8 3         3479.096 18    51  2                                                                                   
    (S        0.0             3488.30 19    28  1                                                                                   
    (1    3488.59 21           3488.81 5    74 10                                                                                   
            3499.8 8            3499.8 8     0  0                                                                                   
           3508.2 10           3508.2 10     0  0                                                                                   
            3511.3 8            3511.3 8     0  0                                                                                   
    (2    3520.84 15           3521.22 5    30  1                                                                                   
            3529.4 4         3529.552 20    59  3                                                                                   
    (1      3540.8 9           3541.71 8    96 26                                                                                   
    (1      3561.0 5           3560.44 3    32  1                                                                                   
    (2      3565.4 7           3566.95 4   109 94                                                                                   
          3578.95 24          3578.95 24     0  0                                                                                   
          3585.54 16          3585.54 16     0  0                                                                                   
    (1    3597.88 15           3598.09 7   109 93                                                                                   
    (2    3612.91 11         3612.601 21    33  1                                                                                   
          3620.27 10          3620.27 10     0  0                                                                                   
          3627.74 14           3627.77 7    95 22                                                                                   
            3634.1 3           3634.05 3    61  3                                                                                   
    (2      3644.2 3           3644.92 3   109 92                                                                                   
            3655.0 3           3655.16 3    62  3                                                                                   
    (1    3660.75 13           3660.56 3   109 91                                                                                   
          3670.55 25          3670.55 25     0  0                                                                                   
           3683.71 7           3683.67 5    86 15                                                                                   
            3693.2 3           3693.40 6    98 22                                                                                   
          3700.85 10           3700.75 7   109 90                                                                                   
    (1      3715.9 4           3716.42 5    86 13                                                                                   
    (2      3715.9 4         3716.681 20    67  5                                                                                   
            3723.9 3           3723.88 7    82 11                                                                                   
    (1    3740.45 23           3740.20 4   107 51                                                                                   
            3747.9 6           3747.86 5    88 14                                                                                   
            3747.9 6           3748.19 6   102 33                                                                                   
    (2     3761.21 7         3761.368 21    35  1                                                                                   
    (2    3774.74 12         3774.482 18    36  1                                                                                   
    (1      3785.6 3           3785.20 4   100 25                                                                                   
            3792.6 3           3792.63 7   105 42                                                                                   
          3805.04 11           3804.95 7   109 89                                                                                   
    (1    3815.21 10           3815.36 4    94 17                                                                                   
    (1    3826.55 15         3826.710 11    37  1                                                                                   
          3839.07 11           3839.07 5   109 88                                                                                   
          3865.20 12           3865.16 7   109 87                                                                                   
          3870.84 11           3870.76 4    69  7                                                                                   
           3883.57 6           3883.54 4   109 86                                                                                   
          3889.75 18          3889.75 18     0  0                                                                                   
            3895.0 4           3894.69 5    86 11                                                                                   
    (2     3908.84 7           3909.02 4   109 85                                                                                   
           3925.35 9           3925.35 9     0  0                                                                                   
    (1      3939.9 3           3939.53 7   107 47                                                                                   
    (2      3944.8 5           3945.78 7   106 46                                                                                   
          3973.74 16          3973.74 16     0  0                                                                                   
           3996.25 6         3996.277 13    40  1                                                                                   
          4004.50 18          4004.50 18     0  0                                                                                   
          4016.40 14           4016.48 4   109 84                                                                                   
    (1    4024.41 13           4024.28 4   109 83                                                                                   
            4041.0 6           4040.55 5    64  2                                                                                   
           4054.41 9           4054.35 7   109 82                                                                                   
    (2      4063.0 3           4062.34 5    74  6                                                                                   
           4088.53 6           4088.53 6     0  0                                                                                   
    (2    4099.69 24           4099.12 5    75  4                                                                                   
           4105.17 9           4105.17 9     0  0                                                                                   
    (2     4117.87 8           4117.66 3    91 11                                                                                   
           4126.14 7           4126.13 6   109 81                                                                                   
           4142.63 6           4142.59 5   109 80                                                                                   
          4150.83 13          4150.83 13     0  0                                                                                   
          4167.05 13          4167.05 13     0  0                                                                                   
          4175.64 23           4175.58 8    95 16                                                                                   
           4182.54 6           4182.51 5   109 79                                                                                   
          4187.79 10          4187.79 10     0  0                                                                                   
           4200.51 9           4200.51 9     0  0                                                                                   
           4208.05 6           4208.06 4   109 78                                                                                   
           4215.83 9           4215.83 9     0  0                                                                                   
    (2    4220.63 12         4220.389 21    44  1                                                                                   
            4227.4 3           4227.38 7    90 10                                                                                   
            4228.8 3         4228.757 18    45  1                                                                                   
          4238.51 20           4238.56 8    99 18                                                                                   
          4251.80 18          4251.80 18     0  0                                                                                   
    (3    4259.73 11           4260.14 6    47  1                                                                                   
           4268.34 7           4268.35 3   109 77                                                                                   
           4283.91 8           4283.91 8     0  0                                                                                   
    (1     4294.09 8           4294.21 3   109 76                                                                                   
            4302.7 3         4302.761 21    49  1                                                                                   
    (2    4322.00 18           4322.46 7   101 17                                                                                   
          4332.02 23          4332.02 23     0  0                                                                                   
           4339.53 9           4339.53 9     0  0                                                                                   
          4350.62 24          4350.62 24     0  0                                                                                   
            4372.6 5           4372.50 4    83  8                                                                                   
            4372.6 5           4372.96 4   107 37                                                                                   
           4380.2 10           4380.29 4    84  8                                                                                   
    (1      4429.0 5           4428.39 7   106 35                                                                                   
    (1      4435.0 6           4435.74 5   109 75                                                                                   
           4439.37 7           4439.32 5   109 74                                                                                   
          4446.47 17          4446.47 17     0  0                                                                                   
            4459.0 6         4459.471 18    51  1                                                                                   
            4465.7 4           4465.65 8    96 11                                                                                   
            4474.0 7           4474.47 4    97 11                                                                                   
          4484.24 11           4484.14 3   109 73                                                                                   
    (4    4489.92 11           4490.38 3   109 72                                                                                   
            4496.0 4           4496.28 4    84  5                                                                                   
    (3      4509.6 3           4508.52 4    85  7                                                                                   
          4519.62 13           4519.72 3   109 71                                                                                   
            4532.7 3           4532.77 3    77  3                                                                                   
    (2      4536.7 4           4537.58 5   109 70                                                                                   
           4546.79 8           4546.78 4   109 69                                                                                   
          4576.65 11           4576.64 5    70  2                                                                                   
            4582.9 3            4582.9 3     0  0                                                                                   
            4587.2 8            4587.2 8     0  0                                                                                   
    (2     4598.26 6           4598.38 4   109 68                                                                                   
    (1    4639.50 19           4639.22 5   107 32                                                                                   
    (2    4647.89 17           4648.30 6   102 17                                                                                   
           4657.35 7           4657.35 7     0  0                                                                                   
          4668.25 24           4668.44 6    98 10                                                                                   
    (1    4668.25 24           4668.53 8   106 30                                                                                   
    (1    4673.52 11           4673.69 5    88  5                                                                                   
    (2    4696.38 17           4696.02 7    90  8                                                                                   
    (1    4696.38 17           4696.71 7    89  6                                                                                   
            4701.3 5          4701.44 20   106 28                                                                                   
    (2      4705.8 8           4707.81 7    89  5                                                                                   
           4723.26 9           4723.26 9     0  0                                                                                   
    (1      4735.9 3           4735.56 3    56  1                                                                                   
    (1      4744.6 6           4745.20 6    57  1                                                                                   
    (1    4749.05 11           4749.17 3    58  1                                                                                   
          4776.65 22           4776.85 4    83  3                                                                                   
           4796.10 7         4796.077 21   109 67                                                                                   
          4820.08 18           4820.01 3    76  2                                                                                   
           4832.47 9           4832.47 9     0  0                                                                                   
          4855.30 17          4855.30 17     0  0                                                                                   
    (3    4862.43 10           4862.14 3    60  1                                                                                   
          4875.66 16          4875.66 16     0  0                                                                                   
            4880.8 6           4880.18 4   103 17                                                                                   
          4891.12 14           4891.14 7   101  9                                                                                   
            4905.3 9           4906.15 4    78  2                                                                                   
    (1    4910.04 25         4909.654 21   109 66                                                                                   
            4926.1 3            4926.1 3     0  0                                                                                   
            4978.6 4            4978.6 4     0  0                                                                                   
    (1     4998.64 8           4998.73 5   109 65                                                                                   
          5012.68 11          5012.68 11     0  0                                                                                   
    (1    5021.19 17           5020.91 5    64  1                                                                                   
            5073.4 5           5073.67 5   109 64                                                                                   
          5083.40 20          5083.40 20     0  0                                                                                   
    (2      5114.5 4           5113.77 4    97  7                                                                                   
          5146.00 21           5145.95 3   109 62                                                                                   
            5151.7 3           5151.54 5   107 21                                                                                   
            5157.8 7           5157.84 6    98  7                                                                                   
    (1    5167.18 10           5167.06 4   109 61                                                                                   
            5203.2 3           5203.02 7    93  3                                                                                   
            5225.9 4           5226.05 5   105 17                                                                                   
    (1    5232.14 25           5232.43 3   109 60                                                                                   
          5249.91 19          5249.91 19     0  0                                                                                   
           5260.2 10           5260.2 10     0  0                                                                                   
           5271.54 7         5271.553 22   109 59                                                                                   
            5278.9 3            5278.9 3     0  0                                                                                   
            5288.2 4            5288.2 4     0  0                                                                                   
          5299.95 21          5299.95 21     0  0                                                                                   
            5309.3 5           5309.26 7    89  2                                                                                   
    (1      5319.5 9           5317.93 8    99  7                                                                                   
    (2    5345.65 12           5345.40 4   109 58                                                                                   
    (1    5349.57 10           5349.37 6   109 57                                                                                   
            5357.7 3           5357.66 7   101  7                                                                                   
            5359.0 3           5359.01 3   109 56                                                                                   
    (1    5364.03 12         5364.157 21   109 55                                                                                   
          5420.46 18          5420.46 18     0  0                                                                                   
          5440.87 14          5440.87 14     0  0                                                                                   
    (3      5476.0 3           5474.98 7   101  4                                                                                   
            5476.0 3           5475.77 7    95  3                                                                                   
           5485.42 7           5485.36 3   109 54                                                                                   
           5495.88 8           5495.88 8     0  0                                                                                   
          5510.82 13           5510.71 5   104  9                                                                                   
          5526.14 13         5526.097 24   109 53                                                                                   
    (1    5541.64 17           5541.41 6    98  3                                                                                   
    (1    5547.91 12           5547.79 4    69  1                                                                                   
    (1      5568.8 4         5569.468 22   109 52                                                                                   
    (3      5573.9 3           5574.85 3    71  1                                                                                   
          5604.26 18           5604.19 3    72  1                                                                                   
            5610.3 5           5610.43 3    73  1                                                                                   
    (2     5635.26 8         5635.094 20   109 51                                                                                   
            5646.3 4            5646.3 4     0  0                                                                                   
           5658.9 15           5658.82 5    75  1                                                                                   
          5676.90 18          5676.90 18     0  0                                                                                   
          5727.03 22           5726.93 4   100  3                                                                                   
    (1     5749.31 9         5749.143 19   109 50                                                                                   
    (1     5776.8 10           5778.71 6   102  5                                                                                   
          5791.75 25         5791.798 24   109 49                                                                                   
            5806.0 8            5806.0 8     0  0                                                                                   
    (1    5819.99 11         5819.840 22   109 48                                                                                   
    (1    5834.25 15           5834.42 6   109 47                                                                                   
          5850.46 13         5850.577 23   109 46                                                                                   
    (1    5865.66 13         5865.800 21   109 45                                                                                   
    (2    5873.60 23         5874.167 23   109 44                                                                                   
           5930.19 9         5930.213 16   109 43                                                                                   
          5948.69 11           5948.62 5   109 42                                                                                   
          6068.06 25           6067.83 5   109 41                                                                                   
           6098.23 7         6098.268 18   109 40                                                                                   
            6104.2 3           6104.36 3   109 39                                                                                   
    (2      6224.9 3         6224.210 24   109 38                                                                                   
          6267.86 11         6267.825 16   109 37                                                                                   
    (1    6289.24 21           6289.58 7    89  1                                                                                   
            6308.8 8         6308.332 17   108 27                                                                                   
            6319.7 6         6320.050 20   109 36                                                                                   
           6333.24 9         6333.162 24   109 35                                                                                   
            6357.9 5            6357.9 5     0  0                                                                                   
          6443.17 11         6443.233 19   109 34                                                                                   
    (2      6450.6 4           6449.60 3    92  1                                                                                   
    (2    6481.45 21         6481.920 23   109 33                                                                                   
            6522.4 6           6522.32 4   107  7                                                                                   
          6534.26 22           6534.08 3   109 32                                                                                   
           6560.22 8         6560.229 15   109 31                                                                                   
          6573.41 13           6573.29 5   109 30                                                                                   
            6588.1 8            6588.1 8     0  0                                                                                   
            6606.1 3          6606.21 19   109 28                                                                                   
          6644.90 15           6644.78 5   105  3                                                                                   
          6662.85 10         6662.814 15   109 27                                                                                   
            6853.9 3         6853.975 15   109 26                                                                                   
            6859.4 5         6859.051 17   109 25                                                                                   
          6881.05 10           6881.01 3   109 24                                                                                   
          6952.26 10         6952.177 15   109 23                                                                                   
    (2    7028.03 25         7027.486 16   108 17                                                                                   
    (1    7046.71 19           7046.37 3   109 21                                                                                   
          7337.71 12         7337.803 14   109 18                                                                                   
          7381.97 11         7381.962 14   109 17                                                                                   
          7586.57 10         7586.562 14   109 14                                                                                   
    (1    7599.37 14         7599.578 14   109 13                                                                                   
          7777.89 14         7777.831 14   109 11                                                                                   
    (1    7950.75 13         7950.592 14   109  9                                                                                   
          8396.41 12         8396.313 15   109  8                                                                                   
          8417.05 19         8417.078 14   109  7                                                                                   
            8445.5 7         8446.155 16   108  3                                                                                   
          8512.31 14         8512.291 14   109  5                                                                                   
          8800.55 13         8800.618 14   109  3                                                                                   
      DATA SET  1. ENERGIES CORRECTED BY    .0000000+-  .0000000 KEV     CHISQ/F =  2.193         F=413
      CHISQ/F =  2.209      (FIT OF  518GAMMAS - 107LEVELS)
