  42K     41K(N,G) E=THERMAL            85KR06                                   
  
         EL                IN             OUT          NET       (+NORM. UNC.)
 *****************************************************************************
             0.0         1.64 6         0.0            0.0            0.0       
       106.837 7       0.485 20        0.480 9         0.0            0.0       
       258.268 7        0.140 9        0.131 3       -0.009 9       -0.009 9    
       638.737 8       0.148 12        0.141 8        -0.0           -0.0       
       681.943 8         0.26 4        0.223 7        -0.03 4        -0.03 4    
      699.080 21         0.09 6      0.0165 24        -0.08 6        -0.08 6    
      783.877 13        0.040 7       0.039 10         0.0            0.0       
       841.945 8         0.23 3        0.227 7         0.0            0.0       
     1110.744 11       0.057 20        0.064 8         0.0            0.0       
     1143.601 14        0.039 5        0.048 5        0.009 7        0.009 7    
     1197.906 11        0.032 4        0.033 6         0.0            0.0       
     1254.812 16        0.061 5       0.063 10         0.0            0.0       
      1266.306 8       0.060 10       0.081 16       0.021 19       0.021 19    
     1273.528 14        0.036 5        0.050 4        0.014 6        0.014 6    
       1376.00 9     0.00025 24       0.0010 3       0.0008 4       0.0008 4    
     1377.117 10        0.042 6       0.060 11       0.018 12       0.018 12    
       1400.04 3      0.0114 12      0.0121 24         0.0            0.0       
     1407.919 11       0.051 13        0.046 8        -0.0           -0.0       
       1453.08 4      0.0072 22      0.0055 24       -0.002 3       -0.002 3    
     1463.657 14      0.0201 19        0.023 6         0.0            0.0       
       1489.24 7       0.0018 3     0.00049 18      -0.0013 4      -0.0013 4    
     1513.099 23      0.0037 13       0.021 15       0.017 15       0.017 15    
       1538.74 6       0.0019 9       0.0019 7         0.0            0.0       
       1691.99 3      0.0026 12       0.0025 6         0.0            0.0       
       1723.43 3      0.0133 16        0.013 3         0.0            0.0       
     1745.620 17      0.0100 13      0.0111 20         0.0            0.0       
     1816.874 16      0.0124 20        0.017 4        0.004 4        0.004 4    
     1842.973 14        0.039 4        0.045 6        0.006 7        0.006 7    
     1861.892 10        0.084 7        0.097 9       0.014 11       0.014 11    
     1913.466 14       0.034 23      0.0105 23      -0.024 23      -0.024 23    
     1937.490 15       0.041 17        0.059 9       0.018 19       0.018 19    
     1987.977 17      0.0064 11        0.011 3        0.004 3        0.004 3    
     2049.327 13        0.031 3        0.028 7        -0.0           -0.0       
     2072.008 11        0.041 4        0.053 9        0.013 9        0.013 9    
     2161.647 21      0.0087 14      0.0088 19         0.0            0.0       
       2187.20 4       0.0032 6       0.0027 6      -0.0005 8      -0.0005 8    
     2204.037 24       0.0053 9      0.0063 16      0.0010 19      0.0010 19    
       2238.62 3        0.039 3        0.042 8         0.0            0.0       
     2251.073 19      0.0121 11        0.011 4         0.0            0.0       
     2366.180 12        0.101 8       0.100 17         0.0            0.0       
     2388.848 24      0.0167 18        0.021 3        0.004 4        0.004 4    
     2401.789 16       0.058 16       0.092 14       0.034 21       0.034 21    
     2422.174 24        0.030 3        0.035 6        0.005 7        0.005 7    
     2482.146 16        0.031 4       0.044 20       0.013 20       0.013 20    
       2573.63 4      0.0068 19        0.007 4         0.0            0.0       
     2607.008 22      0.0098 13        0.006 3       -0.004 3       -0.004 3    
     2627.862 21      0.0104 12       0.024 15       0.014 15       0.014 15    
     2644.287 22      0.0131 15        0.013 6         0.0            0.0       
       2653.80 6     0.00086 12        0.004 3        0.003 3        0.003 3    
     2718.089 12        0.022 3       0.023 11         0.0            0.0       
     2765.956 16        0.061 6         0.06 3         0.0            0.0       
       2862.79 3      0.0071 12       0.022 14       0.015 14       0.015 14    
     2878.005 20      0.0093 17       0.007 14         0.0            0.0       
       2917.07 5       0.0045 8        0.004 3         0.0            0.0       
       2926.09 3        0.009 3        0.007 5        -0.0           -0.0       
       2938.60 4       0.023 12         0.15 5         0.13 5         0.13 5    
       3008.35 3      0.0123 24      0.0116 12         0.0            0.0       
       3014.45 4      0.0089 16      0.0105 13      0.0016 21      0.0016 21    
     3021.115 22        0.018 3      0.0131 19       -0.005 4       -0.005 4    
       3040.19 6      0.0061 12       0.0059 7         0.0            0.0       
       3195.78 4      0.0114 21      0.0116 12         0.0            0.0       
       3210.61 5      0.0064 12       0.0042 5     -0.0021 13     -0.0021 13    
       3233.95 3      0.0110 22       0.0088 9     -0.0022 24     -0.0022 24    
       3284.40 4      0.0131 24      0.0168 18        0.004 3        0.004 3    
       3287.18 3      0.0038 13      0.0093 12      0.0055 18      0.0055 18    
       3295.27 6       0.0036 8     0.00181 18      -0.0018 9      -0.0018 9    
       3304.37 3       0.0036 6       0.0039 8         0.0            0.0       
       3323.74 5       0.0031 6       0.0044 4       0.0013 7       0.0013 7    
       3367.33 3      0.0058 16       0.0046 6     -0.0012 17     -0.0012 17    
       3418.46 3        0.024 5      0.0232 20         0.0            0.0       
       3421.26 4      0.0099 15      0.0106 13         0.0            0.0       
       3502.86 4       0.0053 9      0.0088 10      0.0034 13      0.0034 13    
       3528.96 7       0.0014 3       0.0040 6       0.0025 7       0.0025 7    
       3621.20 3       0.0049 9       0.0042 8     -0.0007 12     -0.0007 12    
       3658.59 3      0.0137 25      0.0142 15         0.0            0.0       
       3674.15 3      0.0082 15      0.0080 13         0.0            0.0       
       3696.48 5      0.0134 25      0.0103 10       -0.003 3       -0.003 3    
       3770.63 6       0.0014 3       0.0023 3       0.0008 4       0.0008 4    
     3794.610 25      0.0107 19      0.0101 16         0.0            0.0       
       3798.17 6       0.0028 6       0.0027 4         0.0            0.0       
       3831.76 5       0.0016 3       0.0018 3         0.0            0.0       
       3862.03 4      0.0120 22      0.0098 14       -0.002 3       -0.002 3    
       3876.95 4      0.0101 19      0.0121 15      0.0020 25      0.0020 25    
       3888.33 5       0.0021 5       0.0018 3        -0.0           -0.0       
       3890.11 3      0.0068 24        0.004 5       -0.003 5       -0.003 5    
       3934.61 5       0.0048 9      0.0043 12         0.0            0.0       
       4013.91 4        0.020 4      0.0186 23        -0.0           -0.0       
       4036.97 6      0.0065 12         0.08 6         0.07 6         0.07 6    
       4039.96 3       0.0043 7       0.0052 7      0.0009 10      0.0009 10    
       4053.88 4       0.0043 9       0.0036 5     -0.0007 10     -0.0007 10    
       4103.70 6       0.0046 8       0.027 22       0.022 22       0.022 22    
        4105.6 3       0.0033 6       0.0035 4         0.0            0.0       
       4128.33 4        0.028 6      0.0284 17         0.0            0.0       
       4152.33 5      0.0091 16       0.023 12       0.014 12       0.014 12    
       4154.74 5       0.0030 6       0.0037 4       0.0008 7       0.0008 7    
       4179.43 6       0.0022 5     0.00140 25      -0.0008 5      -0.0008 5    
       4259.16 6       0.0017 3       0.028 24       0.026 24       0.026 24    
       4389.80 8       0.0039 7       0.0023 3      -0.0015 8      -0.0015 8    
       4416.61 3        0.018 3      0.0153 11       -0.002 4       -0.002 4    
       4428.26 3      0.0119 22       0.0068 8     -0.0051 24     -0.0051 24    
       4443.14 4       0.0030 6       0.0030 6         0.0            0.0       
       4481.07 4      0.0110 21       0.0079 7     -0.0031 22     -0.0031 22    
       4556.67 4      0.0074 18       0.0071 8         0.0            0.0       
       4576.29 4      0.0051 12       0.025 19       0.020 19       0.020 19    
       4590.58 3      0.0059 15       0.010 16         0.0            0.0       
       4612.80 5      0.0034 16        0.005 3         0.0            0.0       
       4660.68 6       0.0037 6      0.0028 13     -0.0009 15     -0.0009 15    
       4715.35 9       0.0013 6      0.0016 10         0.0            0.0       
       4748.47 7       0.0016 6      0.0039 23      0.0023 24      0.0023 24    
       4778.08 5       0.0021 9      0.0038 22      0.0017 24      0.0017 24    
       4806.84 3        0.015 6        0.010 5       -0.005 8       -0.005 8    
       4853.60 3        0.009 4        0.005 3       -0.004 5       -0.004 5    
       4877.27 4       0.0018 7      0.0027 18         0.0            0.0       
       4903.64 7       0.0018 7      0.0032 22      0.0014 23      0.0014 23    
       4938.94 6       0.0018 7      0.0037 18      0.0019 20      0.0019 20    
       4942.98 3      0.0027 12      0.0029 23         0.0            0.0       
       4959.73 7      0.0016 12      0.0015 10         0.0            0.0       
       5003.00 4      0.0046 19        0.004 3         0.0            0.0       
       5064.01 4      0.0042 18        0.006 3        0.002 4        0.002 4    
       5081.29 6        0.007 3      0.0027 14       -0.004 3       -0.004 3    
       5097.04 3       0.0046 9      0.0046 23         0.0            0.0       
       5179.15 4       0.0018 4      0.0016 13         0.0            0.0       
       5246.64 4      0.0064 12      0.0036 21     -0.0028 24     -0.0028 24    
       5318.97 5         0.06 5      0.0029 15        -0.06 5        -0.06 5    
       5476.96 8       0.0009 6       0.0008 5         0.0            0.0       
       5630.32 7         0.0          0.0010 7       0.0010 7       0.0010 7    
       5697.23 4      0.0019 15       0.0036 5      0.0017 16      0.0017 16    
       5710.67 5        0.005 3       0.0024 3       -0.002 3       -0.002 3    
       5759.71 4      0.0021 16       0.0026 4         0.0            0.0       
       5789.72 3        0.010 7       0.0023 6       -0.008 8       -0.008 8    
       5846.61 7     0.00058 16     0.00073 16      1.5E-0423      1.5E-0423    
       5953.49 3      0.0042 10       0.0023 3     -0.0019 11     -0.0019 11    
       5978.32 4       0.0016 5       0.0035 4       0.0018 6       0.0018 6    
     7533.822 10         0.0            1.37 5         1.37 5         1.37 5    
 *****************************************************************************
                       TOTAL BETA INTENSITY =         1.64 12        1.64 12    
             TOTAL UNPLACED GAMMA INTENSITY =         8.17 11                   
              NORMALIZATION UNCERTAINTY (%) =    .0673                          
