                                                                   
 
               LEAST-SQUARES LINEAR REGRESSION OF LEVEL AND GAMMA ENERGIES
 
        LEVEL ENERGIES
    1.     0.0
    2.    29.82 3                       
    3.   800.11 3                       
    4.   891.55 3                       
    5.  1643.61 3                       
    6.  1959.00 3                       
    7.  2047.32 3                       
    8.  2069.81 3                       
    9.  2103.53 3                       
   10.  2260.51 5                       
   11.  2289.86 3                       
   12.  2290.55 3                       
   13.  2397.11 5                       
   14.  2419.12 3                       
   15.  2575.85 5                       
   16.  2625.90 4                       
   17.  2730.37 4                       
   18.  2746.83 11                      
   19.  2756.58 4                       
   20.  2786.59 4                       
   21.  2786.66 12                      
   22.  2807.84 5                       
   23.  2986.15 6                       
   24.  3028.03 8                       
   25.  3109.53 7                       
   26.  3128.44 6                       
   27.  3146.41 6                       
   28.  3154.00 12                      
   29.  3228.61 11                      
   30.  3367.49 8                       
   31.  3393.61 8                       
   32.  3414.32 5                       
   33.  3439.00 4                       
   34.  3486.05 8                       
   35.  3556.76 6                       
   36.  3599.35 5                       
   37.  3629.84 8                       
   38.  3663.77 4                       
   39.  3738.26 7                       
   40.  3767.72 11                      
   41.  3797.44 5                       
   42.  3821.29 7                       
   43.  3840.12 5                       
   44.  3868.61 7                       
   45.  3887.91 11                      
   46.  3924.06 7                       
   47.  4020.43 7                       
   48.  4104.27 7                       
   49.  4110.70 6                       
   50.  4148.89 5                       
   51.  4179.94 6                       
   52.  4212.74 19                      
   53.  4253.55 5                       
   54.  4280.61 8                       
   55.  4396.03 9                       
   56.  4419.53 12                      
   57.  4472.94 9                       
   58.  4537.15 5                       
   59.  4744.00 6                       
   60.  4788.88 9                       
   61.  4872.4 1                        
   62.  4992.94 5                       
   63.  5063.29 9                       
   64.  7799.46 3                       
 
   GAMMA ENERGIES
       39K(N,G) E=THERMAL-  ENERGY     DE    L1  L2
 -----------------------------------------------------------------------------------------------------------------------------------
    (S        0.0                29.82 3     2  1                                                                                   
    (1     186.02 12            185.80 8    46 39                                                                                   
            311.26 7            311.25 4    17 14                                                                                   
           315.57 10            315.59 3    14  9                                                                                   
    (4     326.27 25            327.30 5    13  8                                                                                   
    (1      330.92 4          330.863 23    11  6                                                                                   
    (1     349.42 11            349.30 3    14  8                                                                                   
            371.87 6            371.86 5    26 19                                                                                   
           382.98 20            383.11 6    41 32                                                                                   
    (2      460.22 5          460.114 25    14  6                                                                                   
           496.01 16            496.04 5    20 12                                                                                   
    (1      522.41 3            522.37 3    16  9                                                                                   
    (1     563.72 24            564.05 7    59 51                                                                                   
    (2      613.31 6            613.19 5    36 23                                                                                   
    (1     621.08 15           621.30 10    40 27                                                                                   
            627.72 8            627.73 5    32 20                                                                                   
    (2     640.42 21            639.99 9    60 50                                                                                   
          646.271 25          646.252 20    11  5                                                                                   
    (2     657.40 16            657.76 9    55 39                                                                                   
           695.32 23           695.44 12    46 29                                                                                   
           737.51 10            737.47 8    24 12                                                                                   
            740.95 6            740.94 5    51 33                                                                                   
    (1    770.325 23          770.284 15     3  2                                                                                   
    (2     799.84 13            800.17 6    35 19                                                                                   
           812.88 17            812.99 7    62 51                                                                                   
            827.58 4            827.58 3    20  6                                                                                   
    (1     838.31 20            838.57 6    26 11                                                                                   
            843.50 4          843.487 18     5  3                                                                                   
    (4     848.59 10            849.01 7    25 10                                                                                   
            891.55 3            891.54 3     4  1                                                                                   
            903.86 8            903.86 6    59 43                                                                                   
    (1     938.92 16           938.74 10    29 11                                                                                   
             958.5 4            958.20 8    24  8                                                                                   
           981.14 19           981.12 10    40 20                                                                                   
           1023.44 7           1023.48 5    36 15                                                                                   
            1027.1 4           1027.14 6    23  6                                                                                   
    (1      1062.5 3           1062.20 7    25  7                                                                                   
           1068.91 6           1068.86 6    62 46                                                                                   
    (1    1074.24 15          1074.44 11    42 18                                                                                   
    (2      1078.6 3          1079.32 11    57 31                                                                                   
          1082.74 13           1082.66 9    49 24                                                                                   
    (1     1086.70 4           1086.74 3    17  5                                                                                   
            1112.9 3           1112.96 4    19  5                                                                                   
            1118.2 7           1118.10 9    48 23                                                                                   
    (1    1124.74 18           1125.09 7    53 26                                                                                   
          1144.42 22           1144.64 6    59 36                                                                                   
          1150.60 13           1150.52 6    25  6                                                                                   
         1158.880 24         1158.871 17     6  3                                                                                   
    (5    1162.21 10           1162.71 6    50 23                                                                                   
          1178.15 13           1178.25 4     8  4                                                                                   
          1187.27 16           1187.39 5    27  6                                                                                   
          1195.70 24           1195.48 8    34 12                                                                                   
          1221.64 24           1221.57 6    41 15                                                                                   
    (1    1232.59 11           1232.71 8    37 13                                                                                   
           1247.20 3         1247.192 21     7  3                                                                                   
          1265.52 10           1265.52 9    56 28                                                                                   
           1269.68 6           1269.68 3     8  3                                                                                   
           1303.42 3         1303.396 22     9  3                                                                                   
    (1    1308.96 25          1308.51 11    58 29                                                                                   
    (7     1320.81 9           1320.14 7    30  7                                                                                   
    (1      1348.2 5           1347.66 7    48 19                                                                                   
          1354.21 15           1354.09 7    49 19                                                                                   
           1373.20 4           1373.19 3    38 12                                                                                   
    (1      1392.8 4          1393.26 13    51 21                                                                                   
    (1     1399.06 6           1398.98 4    12  4                                                                                   
           1424.12 8           1424.15 6    42 13                                                                                   
    (1    1434.35 19           1434.58 8    31  6                                                                                   
    (1     1438.59 9           1438.70 8    34  7                                                                                   
    (1    1466.09 10           1465.90 6    25  5                                                                                   
          1477.83 25           1477.72 8    39 10                                                                                   
    (2     1479.87 5           1479.97 3    33  6                                                                                   
    (2     1489.62 4         1489.724 22    11  3                                                                                   
           1502.79 7           1502.77 5    27  5                                                                                   
    (2    1551.65 14           1551.99 5    36  7                                                                                   
    (1      1560.7 4           1560.00 8    37  8                                                                                   
           1597.71 7           1597.73 5    35  6                                                                                   
           1613.76 3         1613.753 19     5  2                                                                                   
           1618.98 3         1618.971 22    14  3                                                                                   
          1665.44 22           1665.62 9    55 17                                                                                   
          1690.91 24           1690.90 7    39  7                                                                                   
           1704.76 5           1704.73 3    38  6                                                                                   
    (1    1717.99 20          1718.36 13    61 28                                                                                   
          1751.66 14           1751.73 6    50 13                                                                                   
    (1    1765.20 12           1765.04 7    44  9                                                                                   
           1795.36 4           1795.35 3    33  5                                                                                   
          1820.11 11           1820.10 6    49 12                                                                                   
    (2     1825.60 6           1825.75 3    16  3                                                                                   
    (1     1838.48 8           1838.39 5    41  6                                                                                   
    (1    1846.25 19           1846.49 7    62 27                                                                                   
    (1     1858.42 7           1858.29 5    50 12                                                                                   
    (1     1881.16 8           1881.08 5    43  6                                                                                   
            1888.5 4           1888.33 6    50 10                                                                                   
    (3    1916.29 16           1916.85 6    47  9                                                                                   
           1929.18 6         1929.131 20     6  2                                                                                   
    (5    1931.23 20           1930.21 4    17  3                                                                                   
            1953.5 3          1953.70 10    63 25                                                                                   
    (1     1956.49 5           1956.42 4    19  3                                                                                   
          1961.29 20           1961.24 6    58 15                                                                                   
           1973.14 9           1973.05 6    47  7                                                                                   
            2000.8 3           2000.69 7    48  9                                                                                   
           2007.71 4           2007.68 4    22  3                                                                                   
    (1     2017.49 4         2017.450 22     7  2                                                                                   
          2022.37 18          2022.36 12    56 13                                                                                   
           2039.94 4           2039.94 3     8  2                                                                                   
    (1     2047.33 4           2047.27 3     7  1                                                                                   
           2069.75 5           2069.76 3     8  1                                                                                   
           2073.67 4         2073.653 23     9  2                                                                                   
    (1      2143.2 3          2142.86 19    52  8                                                                                   
          2149.90 14           2149.96 5    53  9                                                                                   
           2153.70 7           2153.77 5    41  5                                                                                   
          2168.18 15           2168.09 7    59 15                                                                                   
           2196.40 9           2196.45 5    43  5                                                                                   
          2206.27 10           2206.29 6    62 20                                                                                   
           2230.58 6           2230.63 5    10  2                                                                                   
    (2    2260.17 10           2260.44 5    10  1                                                                                   
    (3     2290.64 5           2290.48 3    12  1                                                                                   
          2346.22 11           2346.23 5    27  3                                                                                   
    (1    2348.89 22           2348.63 8    55  7                                                                                   
           2367.18 7           2367.22 5    13  2                                                                                   
           2389.27 6         2389.222 24    14  2                                                                                   
    (1    2397.25 17           2397.04 5    13  1                                                                                   
          2403.06 21           2403.05 9    57  8                                                                                   
    (7    2418.27 10           2419.04 3    14  1                                                                                   
    (1      2468.2 6           2467.25 5    58  8                                                                                   
           2545.92 6           2545.95 5    15  2                                                                                   
    (1    2577.86 11           2578.06 5    58  6                                                                                   
           2593.37 9           2593.41 8    31  3                                                                                   
    (2     2610.00 6           2609.86 4    53  5                                                                                   
           2614.12 7           2614.12 5    32  3                                                                                   
    (2     2639.00 7           2638.80 3    33  3                                                                                   
    (1      2643.6 3           2644.08 9    63 14                                                                                   
    (2    2685.95 24           2685.26 9    60  9                                                                                   
          2702.36 23           2702.29 6    62 12                                                                                   
    (1    2716.77 13          2716.92 10    18  2                                                                                   
    (2     2726.48 8           2726.67 4    19  2                                                                                   
           2736.01 9           2736.07 8    64 63                                                                                   
            2787.0 5          2786.55 12    21  1                                                                                   
           2799.20 8           2799.13 4    36  3                                                                                   
           2806.35 7           2806.41 5    64 62                                                                                   
    (4    2912.30 23          2913.29 10    61  6                                                                                   
    (2    2922.50 19           2923.01 6    62  8                                                                                   
    (3    2926.54 12          2926.94 10    64 61                                                                                   
    (2    2955.76 17           2956.22 6    23  2                                                                                   
            2967.6 3          2967.49 10    40  3                                                                                   
    (1    3010.29 12           3010.46 9    64 60                                                                                   
            3027.8 3           3027.90 8    24  1                                                                                   
           3055.30 7           3055.33 5    64 59                                                                                   
          3068.32 17           3068.37 6    44  3                                                                                   
    (1      3088.0 3          3087.67 10    45  3                                                                                   
    (2    3098.81 14           3098.50 5    26  2                                                                                   
    (3    3127.92 13           3128.31 6    26  1                                                                                   
    (6    3143.94 19           3145.14 9    60  5                                                                                   
    (1    3153.43 22          3153.86 12    28  1                                                                                   
    (1    3198.42 24          3198.66 10    29  2                                                                                   
          3220.03 19           3220.18 6    47  3                                                                                   
            3228.8 4          3228.47 11    29  1                                                                                   
           3262.23 7           3262.17 5    64 58                                                                                   
           3304.02 9           3304.01 7    48  3                                                                                   
          3326.29 10           3326.37 9    64 57                                                                                   
    (9    3335.62 14           3337.52 7    30  2                                                                                   
    (1     3348.77 9           3348.63 4    50  3                                                                                   
    (3      3368.8 4           3367.34 8    30  1                                                                                   
          3384.52 17           3384.35 5    32  2                                                                                   
    (1    3403.12 11           3403.27 8    64 55                                                                                   
    (5    3452.40 15           3453.28 4    53  3                                                                                   
            3480.4 4           3480.34 8    54  3                                                                                   
           3518.71 9           3518.68 8    64 54                                                                                   
    (2    3527.01 11           3526.78 5    35  2                                                                                   
    (1     3545.64 9           3545.74 5    64 53                                                                                   
    (1    3569.19 16           3569.36 4    36  2                                                                                   
          3586.78 25          3586.55 19    64 52                                                                                   
    (1      3599.5 3           3599.85 8    37  2                                                                                   
    (1    3619.46 11           3619.34 5    64 51                                                                                   
          3629.82 24           3629.67 8    37  1                                                                                   
          3633.83 14           3633.77 4    38  2                                                                                   
    (1     3650.25 9           3650.39 5    64 50                                                                                   
    (1    3663.29 20           3663.59 4    38  1                                                                                   
    (1     3688.69 9           3688.58 6    64 49                                                                                   
          3695.05 10           3695.01 7    64 48                                                                                   
    (1     3736.96 9           3736.85 5    58  3                                                                                   
    (1    3778.66 11           3778.84 6    64 47                                                                                   
            3791.4 3           3791.28 7    42  2                                                                                   
          3838.47 14           3838.59 6    44  2                                                                                   
          3857.79 25          3857.89 10    45  2                                                                                   
          3911.37 12          3911.34 10    64 45                                                                                   
          3930.68 10           3930.64 6    64 44                                                                                   
          3959.19 10           3959.12 5    64 43                                                                                   
    (1    3977.84 10           3977.96 7    64 42                                                                                   
          4001.78 10           4001.81 5    64 41                                                                                   
    (1    4031.09 23          4031.52 10    64 40                                                                                   
          4060.99 10           4060.98 7    64 39                                                                                   
          4080.82 23           4080.66 6    49  2                                                                                   
    (1     4135.58 9           4135.46 4    64 38                                                                                   
          4169.30 11           4169.38 7    64 37                                                                                   
    (1    4200.04 10           4199.87 5    64 36                                                                                   
          4223.52 14           4223.50 4    53  2                                                                                   
          4242.37 16           4242.46 6    64 35                                                                                   
          4280.45 17           4280.36 8    54  1                                                                                   
    (2    4312.71 21           4313.16 8    64 34                                                                                   
           4360.22 9           4360.20 3    64 33                                                                                   
          4384.99 12           4384.88 5    64 32                                                                                   
            4389.4 3          4389.46 12    56  2                                                                                   
          4405.44 23           4405.59 8    64 31                                                                                   
    (1      4431.2 3           4431.71 8    64 30                                                                                   
          4507.16 14           4507.06 5    58  2                                                                                   
    (2    4653.18 17           4652.76 5    64 27                                                                                   
    (5      4687.6 4           4689.63 7    64 25                                                                                   
    (2    4991.57 12           4991.28 4    64 22                                                                                   
          5012.54 13          5012.46 12    64 21                                                                                   
          5042.64 13           5042.53 4    64 19                                                                                   
          5068.82 14           5068.75 4    64 17                                                                                   
    (2      5222.3 4           5223.24 5    64 15                                                                                   
          5379.96 12           5379.95 3    64 14                                                                                   
    (5    5509.24 13           5508.50 4    64 12                                                                                   
          5695.45 13           5695.49 3    64  9                                                                                   
          5729.19 14           5729.20 3    64  8                                                                                   
          5751.76 13           5751.69 3    64  7                                                                                   
          6998.78 17         6998.691 23    64  3                                                                                   
      DATA SET  1. ENERGIES CORRECTED BY    .0000000+-  .0000000 KEV     CHISQ/F =  5.702         F=154
      CHISQ/F =  5.739      (FIT OF  217GAMMAS -  63LEVELS)
