  29SI    28SI(N,G) E=THERMAL           92RA19,90SS02                            
  
         EL                IN             OUT          NET       (+NORM. UNC.)
 *****************************************************************************
             0.0        99.8 23         0.0            0.0            0.0       
     1273.375 22         16.2 4         16.9 8          0.7 9          0.7 9    
       2028.05 7         0.49 4         0.47 4        -0.02 6        -0.02 6    
       2425.86 3        3.37 19        3.54 12        0.17 22        0.17 22    
       3066.98 4         0.85 4         0.82 4        -0.03 6        -0.03 6    
       4840.34 6         0.42 3         0.27 3        -0.15 4        -0.15 4    
     4934.388 22        71.0 21        70.7 20         0.0            0.0       
     6380.575 23         19.5 7         18.7 6         -0.9 *         -0.9 *    
        6712.9 4       0.041 12       0.030 12      -0.012 17      -0.012 17    
       6908.52 6         0.52 4         0.51 5         0.0            0.0       
       7058.00 9       0.213 24         0.22 3         0.0            0.0       
      7523.19 13       0.071 12       0.053 13      -0.018 18      -0.018 18    
        7996.8 3       0.059 12        0.018 6      -0.041 13      -0.041 13    
       8473.56 3         0.0          100.3 23       100.3 23          100 3    
 *****************************************************************************
                       TOTAL BETA INTENSITY =           100 3          100 4    
             TOTAL UNPLACED GAMMA INTENSITY =        0.047 12                   
              NORMALIZATION UNCERTAINTY (%) =   2.3649                          
