  29SI    28SI(N,G) E=THERMAL           92RA19,90SS02                            
  
         EL                IN             OUT          NET       (+NORM. UNC.)
 *****************************************************************************
             0.0        0.187 3         0.0            0.0            0.0       
     1273.379 17       0.0307 6       0.0313 7       0.0006 9       0.0006 9    
       2028.06 6     0.00091 10     0.00087 13         0.0            0.0       
     2425.876 23       0.0066 3     0.00640 19      -2E-04 4       -2E-04 4     
       3066.95 3     0.00154 15     0.00146 15      -8E-05 21      -8E-05 21    
       4840.23 8     0.00069 14     0.00051 12    -1.8E-04 18    -1.8E-04 18    
     4934.339 24      0.1300 22      0.1313 25        0.001 3        0.001 3    
     6380.554 21       0.0359 7       0.0363 8      0.0004 10      0.0004 10    
        6712.9 4     7.7E-05 22       5E-05 4       -2E-05 5       -2E-05 5     
       6908.48 5      0.00093 8     0.00094 11         0.0            0.0       
       7057.94 7      0.00040 5      0.00046 7       6E-05 9        6E-05 9     
      7523.13 12     1.3E-04 4        1E-04 3       -3E-05 5       -3E-05 5     
      7996.40 16     0.00037 16     3.3E-05 24    -0.00034 16    -0.00034 16    
     8473.537 23         0.0         0.1852 23      0.1852 23      0.1852 23    
 *****************************************************************************
                       TOTAL BETA INTENSITY =         0.187 4        0.187 4    
             TOTAL UNPLACED GAMMA INTENSITY =        0.047 12                   
              NORMALIZATION UNCERTAINTY (%) =    .0007                          
