  31SI    30SI(N,G) E=THERMAL           92RA19,90SS02                            
  
         EL                IN             OUT          NET       (+NORM. UNC.)
 *****************************************************************************
             0.0          100 3         0.0            0.0            0.0       
      752.232 25        89.8 23           88 3           -2 4           -2 4    
       1694.92 4        3.90 15        3.74 19       -0.16 24       -0.16 24    
       2316.94 9         0.94 7         0.94 7         0.0            0.0       
       2788.03 6         1.20 7         1.14 9       -0.06 11       -0.06 11    
       3532.92 3        69.8 22        70.8 22            1 3            1 3    
       4382.37 3         12.8 5         12.3 3         -0.4 6         -0.4 6    
       5281.36 4         17.0 6         17.1 5         0.0            0.0       
       5873.15 6         0.87 6         0.81 8       -0.06 10       -0.06 10    
      5957.91 18         0.20 3         0.15 3        -0.05 4        -0.05 4    
       6587.40 3         0.0          100.9 23       100.9 23          101 4    
 *****************************************************************************
                       TOTAL BETA INTENSITY =           100 4          100 5    
             TOTAL UNPLACED GAMMA INTENSITY =          0.0                      
              NORMALIZATION UNCERTAINTY (%) =   2.7807                          
