  29SI    28SI(N,G) E=THERMAL                                                    
  
         EL                IN             OUT          NET       (+NORM. UNC.)
 *****************************************************************************
             0.0        0.187 3         0.0            0.0            0.0       
     1273.398 11       0.0309 6       0.0313 7       0.0004 9       0.0004 9    
       2028.20 6      0.00028 7     0.00082 13     0.00054 15     0.00054 15    
     2426.016 15     0.00633 25     0.00635 18         0.0            0.0       
       3067.28 8     0.00126 11     0.00138 14     1.2E-04 17     1.2E-04 17    
        4840.0 4      0.00051 7         0.0        -0.00051 7     -0.00051 7    
     4934.563 13      0.1293 22      0.1312 25        0.002 3        0.002 3    
     6380.836 13       0.0358 7       0.0365 8      0.0007 10      0.0007 10    
          6700           0.0            0.0            0.0            0.0       
          6900        0.00091 8     2.5E-04 7     -0.00066 10    -0.00066 10    
      7057.81 17      0.00041 5      0.00038 8      -3E-05 9       -3E-05 9     
          7500       1.4E-04 4          0.0       -1.4E-04 4     -1.4E-04 4     
          8000        0.00038           0.0        -0.00038 *     -0.00038 *    
       8473.56 3         0.0         0.1845 23      0.1845 23      0.1845 23    
 *****************************************************************************
                       TOTAL BETA INTENSITY =         0.187 4        0.187 4    
             TOTAL UNPLACED GAMMA INTENSITY =          0.0                      
              NORMALIZATION UNCERTAINTY (%) =    .0111                          
