
               LEAST-SQUARES LINEAR REGRESSION OF LEVEL AND GAMMA ENERGIES
 
        LEVEL ENERGIES
    1.     0.0
    2.   752.18 4                       
    3.  1694.84 17                      
    4.  2316.8 4                        
    5.  2788.8 12                       
    6.  3532.85 8                       
    7.  4383.0 3                        
    8.  5281.38 14                      
    9.  5874 1                          
   10.  5958 6                          
   11.  6587.38 11                      
 
   GAMMA ENERGIES
       30SI(N,G) E=THERMA-  ENERGY     DE    L1  L2
 -----------------------------------------------------------------------------------------------------------------------------------
            752.16 4            752.17 4     2  1                                                                                   
          1306.01 11          1305.96 10    11  8                                                                                   
          1694.93 18          1694.79 17     3  1                                                                                   
            2204.2 4            2204.3 3    11  7                                                                                   
            2316.7 4            2316.7 4     4  1                                                                                   
           2780.52 7           2780.54 7     6  2                                                                                   
           2788.7 12           2788.7 12     5  1                                                                                   
           3054.35 8           3054.37 8    11  6                                                                                   
    (2      3587.9 6          3586.32 21     8  3                                                                                   
            4382.6 4            4382.7 3     7  1                                                                                   
            4528.8 3          4528.85 13     8  2                                                                                   
           5873.4 10           5873.4 10     9  1                                                                                   
              5957 6              5957 6    10  1                                                                                   
     DATA SET  1. ENERGIES CORRECTED BY    .0000000+-  .0000000 KEV     CHISQ/F =  3.976         F=  2
     CHISQ/F =  3.976      (FIT OF   13GAMMAS -  10LEVELS)

