  60CO    59CO(N,G), (POL N,G) E=TH     1984KO29                  93ND           
  
         EL                IN             OUT          NET       (+NORM. UNC.)
 *****************************************************************************
             0.0        99.8 16         0.0            0.0            0.0       
       58.546 14       51.97 24        51.9 16         0.0            0.0       
      277.173 13       14.47 13        15.36 8        0.88 15        0.88 15    
      288.369 14       15.51 13        16.70          1.18 16        1.18 16    
        435.71 3         3.37 7         4.40 4         1.02 8         1.02 8    
        506.19 3         6.67           7.74          1.07 14        1.07 14    
      542.787 19        4.10 13         4.88 6        0.79 14        0.79 14    
      614.523 13       13.94 20       13.65 11       -0.28 23       -0.28 23    
      738.757 18         1.22 4       1.113 12        -0.11 4        -0.11 4    
       785.706 9       11.45 21        11.16 9       -0.29 22       -0.29 22    
     1003.879 15       0.539 19         4.61 5         4.07 5         4.07 5    
     1005.767 14          8.5 4         4.89 3         -3.6 4         -3.6 4    
      1132.13 16       0.156 15       0.223 12       0.067 19       0.067 19    
       1150.69 4       0.231 19        0.189 8      -0.042 21      -0.042 21    
     1207.806 20         0.93 4         1.39 4         0.47 5         0.47 5    
      1216.39 16       0.119 19          0.6 3          0.4 3          0.4 3    
       1216.84 3         1.11 3       1.954 22         0.84 4         0.84 4    
     1341.834 25         0.75 4       0.842 20         0.09 4         0.09 4    
       1379.78 6         0.0            0.50 3         0.50 3         0.50 3    
       1380.95 3         0.72 4       0.680 20        -0.04 4        -0.04 4    
       1451.18 3       0.663 23       0.419 10      -0.244 25      -0.244 25    
       1508.32 8         0.33 3        0.150          -0.18 3        -0.18 3    
     1515.797 11        7.69 15        7.88 17        0.19 23        0.19 23    
     1565.919 21         2.13 6         2.33 6         0.20 8         0.20 8    
     1639.852 22       0.674 24       0.616 14        -0.06 3        -0.06 3    
       1686.20 4        0.061 8        0.252 9       0.191 12       0.191 12    
      1709.62 12       0.322 17       0.142 13      -0.180 21      -0.180 21    
     1749.273 20         2.59 6         2.26 5        -0.33 8        -0.33 8    
       1787.57 3         0.76 3         0.63 7        -0.13 7        -0.13 7    
       1799.95 3       0.438 11         0.99 3         0.55 4         0.55 4    
       1808.86 8         1.18 7        0.44 11       -0.74 13       -0.74 13    
     1830.892 19        7.85 17        6.48 21         -1.4 3         -1.4 3    
       1833.22 3       0.089 16         1.02 3         0.93 4         0.93 4    
     1852.746 24         1.16 4         1.55 6         0.39 7         0.39 7    
       1877.17 4         1.14 3         0.75 3        -0.40 5        -0.40 5    
     1888.895 25         1.30 3       0.937 24        -0.36 4        -0.36 4    
      1924.22 19       0.109 13       0.081 12      -0.028 18      -0.028 18    
       1981.19 4       0.544 15         0.76 3         0.21 4         0.21 4    
      1983.75 10       0.059 12        0.543 8       0.484 14       0.484 14    
      2032.62 10       0.210 12        0.085 8      -0.125 14      -0.125 14    
      2045.45 11        0.099         0.148 14       0.049 17       0.049 17    
       2080.96 9       0.540 19       0.246 19        -0.29 3        -0.29 3    
       2121.80 5       0.724 21       0.365 20        -0.36 3        -0.36 3    
       2133.48 5       0.743 18         0.80 4         0.05 4         0.05 4    
      2151.89 22       0.195 15       0.051 11      -0.144 19      -0.144 19    
       2183.08 5       0.140 12        0.140 7         0.0            0.0       
       2200.60 8       0.228 16         0.0         -0.228 16      -0.228 16    
       2221.62 5         1.16 3          1.6 3          0.4 3          0.4 3    
      2230.46 10       0.235 11       0.279 21       0.044 24       0.044 24    
      2274.69 16         0.18 3       0.171 18         0.0            0.0       
      2279.85 18         0.23 3         0.33 6         0.10 6         0.10 6    
       2310.19 4         2.94 8         1.31 6        -1.63 *        -1.63 *    
      2323.99 24       0.304 23       0.090 18        -0.21 3        -0.21 3    
       2341.87 8        0.154         0.307 18       0.153 20       0.153 20    
       2351.90 8       0.317 21        0.43 11        0.11 11        0.11 11    
       2364.01 6       0.653 17         0.0         -0.653 17      -0.653 17    
       2423.22 6       0.347 14       0.252 14      -0.095 20      -0.095 20    
       2431.06 8       0.205 13       0.398 20       0.194 24       0.194 24    
      2451.13 11       0.262 13        0.105 4      -0.157 14      -0.157 14    
       2469.89 9       0.945 22       0.136 25        -0.81 3        -0.81 3    
       2488.75 6       0.799 23         0.50 3        -0.30 4        -0.30 4    
       2528.71 4       0.210 13       0.487 22       0.277 25       0.277 25    
       2546.0 21         0.0            0.0            0.0            0.0       
      2560.28 14        0.330 9       0.135 20      -0.195 22      -0.195 22    
       2569.91 5         1.01 3         1.27 7         0.26 7         0.26 7    
       2585.80 5         1.87 4         0.68 4        -1.19 6        -1.19 6    
       2598.18 8       0.675 23       0.329 23        -0.35 3        -0.35 3    
       2607.40 8       0.783 25         0.57 3        -0.21 4        -0.21 4    
      2621.92 14       0.121 13        0.067 8      -0.054 15      -0.054 15    
      2655.83 16        0.119 9       0.143 18       0.024 20       0.024 20    
      2685.51 18        0.122 9       0.123 17         0.0            0.0       
      2710.04 16        0.132         0.142 17       0.010 19       0.010 19    
       2719.08 6       0.506 12         0.0         -0.506 12      -0.506 12    
        2734.6 6        0.047           0.0          -0.047 *       -0.047 *    
      2760.91 14       0.276 13       0.099 24        -0.18 3        -0.18 3    
      2768.29 20        0.099 9         0.22 3         0.12 3         0.12 3    
      2771.64 17       0.155 11       0.123 13      -0.032 17      -0.032 17    
      2785.87 10       0.395 15         1.68          1.29 10        1.29 10    
      2801.53 19       0.196 19       0.169 23        -0.03 3        -0.03 3    
      2809.78 14       0.284 15         0.0         -0.284 15      -0.284 15    
       2825.71 9       0.274 14       0.342 24         0.07 3         0.07 3    
      2845.21 11       0.265 14       0.196 23        -0.07 3        -0.07 3    
       2867.86 9       0.334 15       0.315 24        -0.02 3        -0.02 3    
       2884.99 5         0.92 3         0.69 4        -0.23 4        -0.23 4    
       2901.80 8       0.143 13       0.174 11       0.031 17       0.031 17    
        2920.5 4         0.0            0.25 4         0.25 4         0.25 4    
      2936.44 13       0.187 11        0.268         0.081 15       0.081 15    
       2944.92 8       0.451 17        0.145 8      -0.306 18      -0.306 18    
       2963.19 9       0.200 12        0.160 8      -0.041 14      -0.041 14    
        2996.8 3         0.0          0.139 21       0.139 21       0.139 21    
      3009.95 21       0.130 11        0.034 8      -0.096 13      -0.096 13    
       3022.29 7       0.213 13       0.278 25         0.06 3         0.06 3    
        3047.3 3       0.099 11       0.114 21       0.015 24       0.015 24    
      3064.82 25        0.032           0.34 3         0.31 3         0.31 3    
      3077.09 22       0.079 11       0.187 22       0.108 25       0.108 25    
      3084.72 19       0.155 15       0.096 17      -0.059 23      -0.059 23    
       3096.27 7       0.455 18         0.57 3         0.12 4         0.12 4    
      3114.86 15       0.385 18         0.18 3        -0.21 4        -0.21 4    
      3121.56 18       0.255 15         0.25 4         0.0            0.0       
        3132.2 3        0.048         0.050 17         0.0            0.0       
       3141.54 9       0.351 14       0.183 15      -0.168 21      -0.168 21    
      3155.51 17       0.112 11         0.52 4         0.40 5         0.40 5    
      3163.00 13       0.341 15        0.330 9      -0.011 18      -0.011 18    
        3186.4 4       0.018 14       0.189 21       0.172 25       0.172 25    
       3191.07 9       0.183 15        0.127 8      -0.056 17      -0.056 17    
      3203.30 12       0.108 11         0.65 4         0.55 4         0.55 4    
      3216.39 14       0.201 13         0.53 3         0.33 4         0.33 4    
      3238.59 21       0.134 12         0.0         -0.134 12      -0.134 12    
      3279.37 12         0.30 3        0.143 9        -0.16 3        -0.16 3    
      3284.03 10         0.83 3         0.83 6         0.0            0.0       
      3336.51 14         0.48 3         0.38 3        -0.11 4        -0.11 4    
      3343.08 16       0.220 23       0.219 22         0.0            0.0       
      3415.73 10       0.194 14       0.402 17       0.208 22       0.208 22    
      3459.51 12         0.74 3       0.201 20        -0.54 4        -0.54 4    
      3465.42 10         0.91 3       0.097 13        -0.82 4        -0.82 4    
      3497.04 17       0.218 15         0.0         -0.218 15      -0.218 15    
      3514.98 18       0.234 18       0.197 19        -0.04 3        -0.04 3    
       3562.26 9         0.99 3         1.07 3         0.08 4         0.08 4    
      3589.04 11       0.207 22       0.208 17         0.0            0.0       
      3595.13 15       0.271 23         0.41 7         0.14 7         0.14 7    
      3650.72 12       0.413 18       0.119 19        -0.29 3        -0.29 3    
      3696.92 22       0.130 13       0.195 15       0.065 20       0.065 20    
       3742.75 6         1.53 6         1.17 4        -0.36 7        -0.36 7    
      3798.30 14       0.221 15         0.25 3         0.03 3         0.03 3    
      3827.78 19       0.248 21       0.244 20         0.0            0.0       
        3872.2 3       0.212 18       0.121 18      -0.091 25      -0.091 25    
        3915.9 3       0.173 15       0.101 22        -0.07 3        -0.07 3    
        3929.8 3       0.175 15       0.044 22        -0.13 3        -0.13 3    
      4012.12 14       0.174 19       0.187 11       0.013 22       0.013 22    
      4100.98 19       0.142 17       0.337 22         0.19 3         0.19 3    
      4111.91 10         0.77 3       0.121 12        -0.65 4        -0.65 4    
      4156.69 13       0.413 24         0.0         -0.413 24      -0.413 24    
        4194.2 3       0.100 21       0.238 24         0.14 3         0.14 3    
        4212.7 5         0.17 4       0.108 18        -0.06 5        -0.06 5    
      4253.86 21       0.211 21       0.210 20         0.0            0.0       
      4270.04 23       0.076 23       0.146 20         0.07 3         0.07 3    
      4292.00 10       0.142 20       0.505 25         0.36 3         0.36 3    
      4298.39 19       0.360 24       0.184 23        -0.18 3        -0.18 3    
      4514.05 14       0.293 23         0.54 3         0.25 4         0.25 4    
        4538.3 3       0.226 23         0.09 4        -0.14 5        -0.14 5    
      4600.99 15       0.144 22       0.450 23         0.31 3         0.31 3    
       4752.49 9         0.34 3         0.96 4         0.62 5         0.62 5    
      4800.05 16       0.227 22         0.36 3         0.14 3         0.14 3    
      4811.52 17       0.262 23       0.149 22        -0.11 3        -0.11 3    
      4875.55 18       0.223 22         0.12 3        -0.10 4        -0.10 4    
     7492.254 15         0.0            99.3 5         99.3 5         99.3 5    
 *****************************************************************************
                       TOTAL BETA INTENSITY =         99.8 18        99.8 18    
             TOTAL UNPLACED GAMMA INTENSITY =          2.33 8                   
              NORMALIZATION UNCERTAINTY (%) =    .0000                          
