  15N     14N(N,G) E=THERMAL                                                     
  
         EL                IN             OUT          NET       (+NORM. UNC.)
 *****************************************************************************
             0.0       0.0785 7         0.0            0.0            0.0       
     5270.155 14     0.02377 24       0.0237 4         0.0            0.0       
     5298.822 14     0.01693 25       0.0167 3      -2E-04 4       -2E-04 4     
     6323.780 20     0.01455 21       0.0149 3       0.0003 4       0.0003 4    
     7155.050 20     0.01457 16     0.01454 18         0.0            0.0       
     7300.830 20     0.00735 12     0.00781 16     0.00046 20     0.00046 20    
          7600           0.0            0.0            0.0            0.0       
          7600           0.0            0.0            0.0            0.0       
       8312.62 3      0.00441 8      0.00431        -1E-04 13      -1E-04 13    
      8571.40 12    0.000480 16    1.43E-04 20     -0.00034 3     -0.00034 3    
       9049.71 7     8.5E-05 13     4.6E-05 23      -4E-05 3       -4E-05 3     
      9151.90 12      0.00135 4      0.00140 6       4E-05 7        4E-05 7     
       9154.90 3      0.00625 9      0.00647 8     2.2E-04 12     2.2E-04 12    
        9222.1 8         0.0        6.2E-05 8      6.2E-05 8      6.2E-05 8     
       9760.0 10     6.5E-05 8      5.5E-05 8     -1.0E-05 11    -1.0E-05 11    
      9925.00 20     4.1E-05 10     9.5E-05 11     5.4E-05 15     5.4E-05 15    
     10066.00 20     5.8E-05 8          0.0       -5.8E-05 8     -5.8E-05 8     
         10000           0.0            0.0            0.0            0.0       
       10701.9 3         0.0            0.0            0.0            0.0       
    10833.230 10         0.0          0.0782 6       0.0782 6       0.0782 6    
 *****************************************************************************
                       TOTAL BETA INTENSITY =        0.0785 9       0.0785 9    
             TOTAL UNPLACED GAMMA INTENSITY =          0.0                      
              NORMALIZATION UNCERTAINTY (%) =    .0000                          
