                                          
               LEAST-SQUARES LINEAR REGRESSION OF LEVEL AND GAMMA ENERGIES
 
        LEVEL ENERGIES
    1.     0.0
    2.    26.6043 4                     
    3.   110.5039 14                    
    4.   212.027 5                      
    5.   215.1281 22                    
    6.   335.532 5                      
    7.   340.989 5                      
    8.   454.336 6                      
    9.   486.309 8                      
   10.   716.177 10                     
   11.   840.44 3                       
   12.  1166.51 15                      
   13.  1239.82 15                      
   14.  1293.80 15                      
   15.  1349.93 15                      
   16.  1509.54 15                      
   17.  1692.9 10                       
   18.  1727.45 15                      
   19.  1743.1 2                        
   20.  1833.56 15                      
   21.  1865.97 15                      
   22.  1980.2 6                        
   23.  2016.36 14                      
   24.  2071.36 14                      
   25.  2089.37 14                      
   26.  2158.97 14                      
   27.  2202.72 14                      
   28.  2235.07 15                      
   29.  2255.18 14                      
   30.  2300.71 15                      
   31.  2321.17 10                      
   32.  2335.32 15                      
   33.  2362.62 15                      
   34.  2395.89 14                      
   35.  2432.0 10                       
   36.  2441.29 14                      
   37.  2518.8 6                        
   38.  2545.54 20                      
   39.  2580.54 15                      
   40.  2626.69 15                      
   41.  2652.0 6                        
   42.  2681.85 15                      
   43.  2703.86 14                      
   44.  2719.95 15                      
   45.  2797.5 6                        
   46.  2824.56 15                      
   47.  2855.16 15                      
   48.  2872.17 14                      
   49.  2889.57 15                      
   50.  2922.57 15                      
   51.  2951.07 15                      
   52.  3002.87 11                      
   53.  3018.87 15                      
   54.  3047.33 14                      
   55.  3071.38 15                      
   56.  3159.94 14                      
   57.  3166.40 14                      
   58.  3219.04 20                      
   59.  3240.79 15                      
   60.  3263.82 19                      
   61.  3291.20 15                      
   62.  3293.71 14                      
   63.  3315.6 6                        
   64.  3373.6 6                        
   65.  3386.6 3                        
   66.  3397.61 15                      
   67.  3412.81 15                      
   68.  3450.21 15                      
   69.  3455.61 15                      
   70.  3486.25 14                      
   71.  3497.81 15                      
   72.  3518.31 15                      
   73.  3524.82 20                      
   74.  3628.32 15                      
   75.  3690.03 15                      
   76.  3696.80 12                      
   77.  3721.43 15                      
   78.  3771.73 15                      
   79.  3839.84 15                      
   80.  3861.54 15                      
   81.  3901.8 8                        
   82.  3927.25 20                      
   83.  3961.9 8                        
   84.  3982.45 15                      
   85.  3998.60 14                      
   86.  3999.5 3                        
   87.  4001.3 8                        
   88.  4098.15 15                      
   89.  4132.1 8                        
   90.  4174.1 8                        
   91.  4195.2 8                        
   92.  4300.7 8                        
   93.  4417.1 8                        
   94.  4470.0 8                        
   95.  4739.6 8                        
   96.  4762.59 20                      
   97.  4799.32 20                      
   98.  4816.9 8                        
   99.  4818.4 3                        
  100.  4820.7 8                        
  101.  4841.66 14                      
  102.  4898.60 15                      
  103.  4928.10 15                      
  104.  5129.75 20                      
  105.  5298.6 8                        
  106.  5313.9 8                        
  107.  5485.8 8                        
  108.  5564.2 8                        
  109.  5604.3 8                        
  110.  5652.2 8                        
  111.  5664.4 8                        
  112.  5712.1 8                        
  113.  5714.81 20                      
  114.  5734.2 8                        
  115.  5795.1 8                        
  116.  5956.8 8                        
  117.  7270.74 3                       
 
   GAMMA ENERGIES
       55MN(N,G), (POL N,-  ENERGY     DE    L1  L2
 -----------------------------------------------------------------------------------------------------------------------------------
           26.6043 4           26.6043 4     2  1                                                                                   
           29.830 12           29.830 12     0  0                                                                                   
          83.8990 15          83.8995 13     3  2                                                                                   
         104.6234 20         104.6241 18     5  3                                                                                   
           110.505 4         110.5038 14     3  1                                                                                   
          112.508 13          112.508 13     0  0                                                                                   
           113.348 4           113.347 3     8  7                                                                                   
           118.803 4           118.804 3     8  6                                                                                   
           123.502 4           123.505 3     6  4                                                                                   
    (1      125.90 3           125.861 5     7  5                                                                                   
           128.961 4           128.962 3     7  4                                                                                   
          145.320 20           145.320 8     9  7                                                                                   
           188.524 6         188.5234 21     5  2                                                                                   
    (1     212.017 6           212.026 5     4  1                                                                                   
           215.134 7         215.1276 22     5  1                                                                                   
           229.867 7           229.867 7    10  9                                                                                   
          231.596 12          231.596 12     0  0                                                                                   
           242.36 10           242.309 4     8  4                                                                                   
           271.175 9           271.181 7     9  5                                                                                   
            274.28 3           274.282 8     9  4                                                                                   
    (1    314.395 10           314.384 5     7  2                                                                                   
           323.13 20           323.13 20     0  0                                                                                   
          335.540 15           335.530 5     6  1                                                                                   
          340.990 25           340.988 5     7  1                                                                                   
            354.11 3            354.13 3    11  9                                                                                   
          375.180 20          375.186 10    10  7                                                                                   
            454.30 6           454.334 6     8  1                                                                                   
            459.71 5           459.703 8     9  2                                                                                   
    (2      486.47 8           486.307 8     9  1                                                                                   
    (2      499.66 9            499.45 3    11  7                                                                                   
    (2      504.72 8            504.90 3    11  6                                                                                   
             516.4 3             516.4 3     0  0                                                                                   
           523.40 20           523.40 20     0  0                                                                                   
             541.4 3             541.4 3     0  0                                                                                   
            558.7 10            558.7 10     0  0                                                                                   
            646.4 10            646.4 10     0  0                                                                                   
    (1     716.43 14          716.172 10    10  1                                                                                   
           1140.4 10           1140.4 10     0  0                                                                                   
          1166.53 21          1166.50 15    12  1                                                                                   
          1239.84 21          1239.81 15    13  1                                                                                   
          1293.79 21          1293.79 15    14  1                                                                                   
          1349.93 21          1349.91 15    15  1                                                                                   
           1401.7 10           1401.7 10     0  0                                                                                   
          1509.53 21          1509.52 15    16  1                                                                                   
           1692.9 10           1692.9 10    17  1                                                                                   
           1705.4 10           1705.4 10     0  0                                                                                   
          1727.43 21          1727.43 15    18  1                                                                                   
    (1     1744.3 10          1743.07 20    19  1                                                                                   
           1747.0 10           1747.0 10     0  0                                                                                   
          1833.64 21          1833.53 15    20  1                                                                                   
          1865.94 21          1865.94 15    21  1                                                                                   
           1876.2 10           1876.2 10     0  0                                                                                   
           1915.2 10           1915.2 10     0  0                                                                                   
            1980.2 8            1980.2 6    22  1                                                                                   
           1987.6 10           1987.6 10     0  0                                                                                   
          2016.50 20          2016.32 14    23  1                                                                                   
          2023.90 20          2023.90 20     0  0                                                                                   
          2044.70 20          2044.72 14    24  2                                                                                   
    (2    2063.20 20          2062.72 14    25  2                                                                                   
          2090.40 20          2090.40 20     0  0                                                                                   
          2122.50 20          2122.50 20     0  0                                                                                   
          2138.50 20          2138.50 20     0  0                                                                                   
          2147.30 20          2147.30 20     0  0                                                                                   
          2159.10 20          2158.92 14    26  1                                                                                   
    (2    2176.60 20          2176.07 14    27  2                                                                                   
          2183.10 20          2183.10 20     0  0                                                                                   
          2191.90 20          2191.90 20     0  0                                                                                   
          2205.30 20          2205.30 20     0  0                                                                                   
    (3    2211.30 20          2210.62 10    31  3                                                                                   
          2235.09 21          2235.02 15    28  1                                                                                   
          2241.80 20          2241.80 20     0  0                                                                                   
    (1    2254.80 20          2255.13 14    29  1                                                                                   
          2261.00 20          2261.00 20     0  0                                                                                   
          2286.20 20          2286.20 20     0  0                                                                                   
    (1    2294.80 20          2294.51 10    31  2                                                                                   
          2300.67 21          2300.66 15    30  1                                                                                   
          2310.00 20          2310.00 20     0  0                                                                                   
    (4    2320.20 20          2321.12 10    31  1                                                                                   
    (2    2331.20 20          2330.73 14    36  3                                                                                   
          2335.27 21          2335.26 15    32  1                                                                                   
          2338.40 20          2338.40 20     0  0                                                                                   
          2342.60 20          2342.59 15   117103                                                                                   
          2362.57 21          2362.56 15    33  1                                                                                   
          2368.40 20          2368.40 20     0  0                                                                                   
          2372.10 20          2372.10 15   117102                                                                                   
    (2    2396.40 20          2395.83 14    34  1                                                                                   
          2405.70 20          2405.70 20     0  0                                                                                   
    (2    2428.60 20          2429.03 14   117101                                                                                   
           2431.9 10           2431.9 10    35  1                                                                                   
          2437.80 20          2437.80 20     0  0                                                                                   
          2443.10 20          2443.10 20     0  0                                                                                   
          2451.90 20          2451.90 20     0  0                                                                                   
          2471.30 20          2471.36 19   117 97                                                                                   
    (2    2508.50 20          2508.10 19   117 96                                                                                   
          2515.00 20          2515.00 20     0  0                                                                                   
            2518.7 8            2518.7 6    37  1                                                                                   
          2534.60 20          2534.60 20     0  0                                                                                   
            2545.7 8          2545.48 20    38  1                                                                                   
          2557.90 20          2557.90 20     0  0                                                                                   
          2561.40 20          2561.40 20     0  0                                                                                   
          2580.48 21          2580.47 15    39  1                                                                                   
          2582.00 20          2582.00 20     0  0                                                                                   
          2594.50 20          2594.50 20     0  0                                                                                   
          2598.60 20          2598.60 20     0  0                                                                                   
          2610.60 20          2610.60 20     0  0                                                                                   
          2622.70 20          2622.70 20     0  0                                                                                   
          2626.68 21          2626.62 15    40  1                                                                                   
            2644.1 8            2644.1 8     0  0                                                                                   
            2651.9 8            2651.9 6    41  1                                                                                   
    (2    2677.70 20          2677.19 14    43  2                                                                                   
          2681.78 21          2681.78 15    42  1                                                                                   
          2696.40 20          2696.40 20     0  0                                                                                   
          2708.40 20          2708.40 20     0  0                                                                                   
          2719.89 21          2719.88 15    44  1                                                                                   
            2721.6 8            2721.6 8     0  0                                                                                   
            2729.4 8            2729.4 8     0  0                                                                                   
            2740.3 8            2740.3 8     0  0                                                                                   
          2764.10 20          2764.10 20     0  0                                                                                   
            2769.2 8            2769.2 8     0  0                                                                                   
          2779.50 20          2779.50 20     0  0                                                                                   
            2790.0 8          2790.76 11    52  4                                                                                   
            2797.4 8            2797.4 6    45  1                                                                                   
            2802.2 8            2802.2 8     0  0                                                                                   
          2806.60 20          2806.60 20     0  0                                                                                   
          2817.40 20          2817.40 20     0  0                                                                                   
          2824.48 21          2824.48 15    46  1                                                                                   
          2832.90 20          2832.90 20     0  0                                                                                   
            2842.1 8            2842.1 8     0  0                                                                                   
          2855.09 21          2855.08 15    47  1                                                                                   
          2857.90 20          2857.90 20     0  0                                                                                   
          2864.40 20          2864.40 20     0  0                                                                                   
    (1    2872.40 20          2872.09 14    48  1                                                                                   
            2885.6 8            2885.6 8     0  0                                                                                   
          2889.49 21          2889.48 15    49  1                                                                                   
            2893.7 8            2893.7 8     0  0                                                                                   
          2898.70 20          2898.70 20     0  0                                                                                   
          2922.49 21          2922.49 15    50  1                                                                                   
          2922.80 20          2922.75 19    60  7                                                                                   
          2926.90 20          2926.90 20     0  0                                                                                   
            2937.6 8            2937.6 8     0  0                                                                                   
          2950.99 21          2950.99 15    51  1                                                                                   
    (2    2953.80 20          2954.29 14    57  4                                                                                   
          2970.20 20          2970.20 20     0  0                                                                                   
    (1    2976.40 20          2976.18 11    52  2                                                                                   
          2991.40 20          2991.40 20     0  0                                                                                   
    (3    3003.40 20          3002.78 11    52  1                                                                                   
          3018.79 21          3018.79 15    53  1                                                                                   
          3021.70 20          3021.70 20     0  0                                                                                   
          3034.10 20          3034.10 20     0  0                                                                                   
    (1    3047.50 20          3047.24 14    54  1                                                                                   
          3058.20 20          3058.20 20     0  0                                                                                   
          3061.90 20          3061.90 20     0  0                                                                                   
          3071.29 21          3071.29 15    55  1                                                                                   
            3072.7 8            3072.7 8     0  0                                                                                   
            3076.6 8            3076.6 8     0  0                                                                                   
            3089.3 8            3089.3 8     0  0                                                                                   
            3098.1 8            3098.1 8     0  0                                                                                   
          3116.10 20          3116.10 20     0  0                                                                                   
          3124.70 20          3124.70 20     0  0                                                                                   
          3135.60 20          3135.60 20     0  0                                                                                   
    (3    3144.40 20          3145.16 14    70  7                                                                                   
    (1    3159.60 20          3159.84 14    56  1                                                                                   
          3172.50 20          3172.49 15   117 88                                                                                   
    (1      3191.5 8          3192.33 20    58  2                                                                                   
          3195.60 20          3195.60 20     0  0                                                                                   
          3203.90 20          3203.90 20     0  0                                                                                   
            3213.7 8            3213.7 8     0  0                                                                                   
            3222.4 8            3222.4 8     0  0                                                                                   
            3231.6 8            3231.6 8     0  0                                                                                   
            3236.8 8          3237.12 19    60  2                                                                                   
          3240.70 21          3240.69 15    59  1                                                                                   
            3242.5 8            3242.5 8     0  0                                                                                   
            3247.3 8            3247.3 8     0  0                                                                                   
          3259.90 20          3259.90 20     0  0                                                                                   
          3266.80 20          3267.00 14    62  2                                                                                   
    (1    3271.80 20          3272.04 14   117 85                                                                                   
          3288.20 20          3288.19 15   117 84                                                                                   
          3291.10 21          3291.09 15    61  1                                                                                   
          3293.80 20          3293.60 14    62  1                                                                                   
          3301.40 20          3301.40 20     0  0                                                                                   
            3315.5 8            3315.5 6    63  1                                                                                   
            3316.9 8            3316.9 8     0  0                                                                                   
          3337.40 20          3337.40 20     0  0                                                                                   
          3346.90 20          3346.90 20     0  0                                                                                   
            3363.5 8            3363.5 8     0  0                                                                                   
            3373.5 8            3373.5 6    64  1                                                                                   
            3386.5 3            3386.5 3    65  1                                                                                   
          3387.80 20          3387.80 20     0  0                                                                                   
          3397.50 21          3397.49 15    66  1                                                                                   
          3399.60 20          3399.60 20     0  0                                                                                   
          3409.10 20          3409.10 15   117 80                                                                                   
          3412.70 21          3412.69 15    67  1                                                                                   
          3418.10 20          3418.10 20     0  0                                                                                   
          3430.80 20          3430.80 15   117 79                                                                                   
            3437.4 8            3437.4 8     0  0                                                                                   
          3450.10 21          3450.09 15    68  1                                                                                   
            3451.6 8            3451.6 8     0  0                                                                                   
          3455.50 21          3455.50 15    69  1                                                                                   
            3458.9 8            3458.9 8     0  0                                                                                   
            3479.3 8            3479.3 8     0  0                                                                                   
          3484.40 20          3484.40 20     0  0                                                                                   
          3497.70 21          3497.70 15    71  1                                                                                   
          3498.90 20          3498.90 15   117 78                                                                                   
          3518.20 21          3518.20 15    72  1                                                                                   
          3524.70 20          3524.70 20    73  1                                                                                   
          3527.60 20          3527.60 20     0  0                                                                                   
          3549.20 20          3549.20 15   117 77                                                                                   
          3553.90 20          3553.90 20     0  0                                                                                   
            3559.4 8            3559.4 8     0  0                                                                                   
          3573.90 20          3573.83 12   117 76                                                                                   
          3580.60 20          3580.60 15   117 75                                                                                   
            3588.5 8            3588.5 8     0  0                                                                                   
            3601.5 8            3601.5 8     0  0                                                                                   
            3605.6 8            3605.6 8     0  0                                                                                   
          3626.80 20          3626.80 20     0  0                                                                                   
          3628.20 21          3628.20 15    74  1                                                                                   
          3642.30 20          3642.30 15   117 74                                                                                   
            3658.7 8            3658.7 8     0  0                                                                                   
    (1    3669.80 20          3670.06 12    76  2                                                                                   
          3689.90 21          3689.90 15    75  1                                                                                   
    (1    3697.00 20          3696.66 12    76  1                                                                                   
            3716.2 8            3716.2 8     0  0                                                                                   
          3721.30 21          3721.30 15    77  1                                                                                   
            3723.2 8            3723.2 8     0  0                                                                                   
            3738.4 8            3738.4 8     0  0                                                                                   
          3752.30 20          3752.30 15   117 72                                                                                   
          3771.60 21          3771.60 15    78  1                                                                                   
          3772.80 20          3772.80 15   117 71                                                                                   
    (3    3783.60 20          3784.36 14   117 70                                                                                   
            3798.7 8            3798.7 8     0  0                                                                                   
          3815.00 20          3815.00 15   117 69                                                                                   
          3820.40 20          3820.40 15   117 68                                                                                   
            3837.0 8            3837.0 8     0  0                                                                                   
          3839.70 21          3839.69 15    79  1                                                                                   
          3846.00 20          3846.00 20     0  0                                                                                   
          3857.80 20          3857.80 15   117 67                                                                                   
          3861.40 21          3861.39 15    80  1                                                                                   
          3873.00 20          3873.00 15   117 66                                                                                   
          3883.70 20          3883.70 20     0  0                                                                                   
            3897.0 8            3897.0 6   117 64                                                                                   
            3901.7 8            3901.7 8    81  1                                                                                   
          3927.10 20          3927.10 20    82  1                                                                                   
            3955.0 8            3955.0 6   117 63                                                                                   
            3961.7 8            3961.7 8    83  1                                                                                   
    (1    3971.60 20          3971.84 14    85  2                                                                                   
          3979.40 20          3979.39 15   117 61                                                                                   
          3982.30 21          3982.29 15    84  1                                                                                   
            3999.3 3            3999.3 3    86  1                                                                                   
            4001.1 8            4001.1 8    87  1                                                                                   
            4007.2 8          4006.77 19   117 60                                                                                   
            4024.5 8            4024.5 8     0  0                                                                                   
          4029.80 20          4029.79 15   117 59                                                                                   
          4035.80 20          4035.80 20     0  0                                                                                   
            4048.1 8            4048.1 8     0  0                                                                                   
          4051.50 20          4051.55 19   117 58                                                                                   
            4068.3 8            4068.3 8     0  0                                                                                   
            4076.0 8            4076.0 8    93  7                                                                                   
            4084.5 8            4084.5 8    91  3                                                                                   
            4088.5 8            4088.5 8    92  4                                                                                   
          4098.00 21          4097.99 15    88  1                                                                                   
    (2    4103.70 20          4104.19 14   117 57                                                                                   
    (1    4110.40 20          4110.64 14   117 56                                                                                   
            4127.7 8            4127.7 8     0  0                                                                                   
            4131.9 8            4131.9 8    89  1                                                                                   
            4173.9 8            4173.9 8    90  1                                                                                   
            4187.2 8            4187.2 8     0  0                                                                                   
            4191.6 8            4191.6 8     0  0                                                                                   
          4199.20 20          4199.20 15   117 55                                                                                   
    (1    4223.50 20          4223.24 14   117 54                                                                                   
          4230.60 20          4230.60 20     0  0                                                                                   
          4251.70 20          4251.70 15   117 53                                                                                   
    (3    4268.50 20          4267.70 12   117 52                                                                                   
            4298.5 8            4298.5 8     0  0                                                                                   
          4319.50 20          4319.50 15   117 51                                                                                   
          4324.10 20          4324.10 20     0  0                                                                                   
            4330.4 8            4330.4 8     0  0                                                                                   
          4348.00 20          4348.00 15   117 50                                                                                   
            4364.5 8            4364.5 8     0  0                                                                                   
          4381.00 20          4381.00 15   117 49                                                                                   
    (1    4398.70 20          4398.39 14   117 48                                                                                   
          4415.40 20          4415.39 15   117 47                                                                                   
            4423.7 8            4423.7 8     0  0                                                                                   
          4446.00 20          4446.00 15   117 46                                                                                   
            4469.8 8            4469.8 8    94  1                                                                                   
            4473.1 8            4473.1 6   117 45                                                                                   
          4550.60 20          4550.59 15   117 44                                                                                   
    (2    4567.20 20          4566.69 14   117 43                                                                                   
          4588.70 20          4588.70 15   117 42                                                                                   
            4603.3 8            4603.3 8     0  0                                                                                   
            4618.5 8            4618.5 6   117 41                                                                                   
          4636.70 20          4636.70 20     0  0                                                                                   
          4643.90 20          4643.85 15   117 40                                                                                   
            4670.6 8            4670.6 8     0  0                                                                                   
          4690.00 20          4690.00 15   117 39                                                                                   
            4709.0 8            4709.0 8     0  0                                                                                   
          4725.00 20          4724.99 19   117 38                                                                                   
            4739.4 8            4739.4 8    95  1                                                                                   
            4751.7 8            4751.7 6   117 37                                                                                   
    (8      4768.8 8          4762.37 20    96  1                                                                                   
            4764.1 8            4764.1 8     0  0                                                                                   
            4793.9 8            4793.9 8   100  2                                                                                   
    (1      4798.1 8          4799.10 20    97  1                                                                                   
            4816.7 8            4816.7 8    98  1                                                                                   
            4818.2 3            4818.2 3    99  1                                                                                   
    (2    4829.70 20          4829.23 14   117 36                                                                                   
    (2    4841.00 20          4841.43 14   101  1                                                                                   
            4854.1 8            4854.1 8     0  0                                                                                   
    (2    4875.20 20          4874.63 14   117 34                                                                                   
          4898.37 21          4898.37 15   102  1                                                                                   
          4907.90 20          4907.90 15   117 33                                                                                   
          4927.87 21          4927.86 15   103  1                                                                                   
          4935.20 20          4935.19 15   117 32                                                                                   
          4949.40 20          4949.34 10   117 31                                                                                   
          4969.80 20          4969.79 15   117 30                                                                                   
            4982.9 8            4982.9 8     0  0                                                                                   
    (1    5015.00 20          5015.33 14   117 29                                                                                   
          5035.50 20          5035.44 15   117 28                                                                                   
    (2    5068.30 20          5067.77 14   117 27                                                                                   
          5102.00 20          5102.00 20     0  0                                                                                   
          5111.70 20          5111.52 14   117 26                                                                                   
          5129.50 20          5129.50 20   104  1                                                                                   
           5135.1 10           5135.1 10     0  0                                                                                   
    (2    5181.60 20          5181.12 14   117 25                                                                                   
          5199.10 20          5199.12 14   117 24                                                                                   
          5245.30 20          5245.30 20     0  0                                                                                   
          5254.30 20          5254.12 14   117 23                                                                                   
            5290.3 8            5290.3 6   117 22                                                                                   
            5298.3 8            5298.3 8   105  1                                                                                   
            5313.6 8            5313.6 8   106  1                                                                                   
          5404.50 20          5404.50 15   117 21                                                                                   
          5432.90 20          5432.90 20     0  0                                                                                   
          5437.00 20          5436.90 15   117 20                                                                                   
            5464.7 8            5464.7 8     0  0                                                                                   
            5485.5 8            5485.5 8   107  1                                                                                   
            5493.5 8            5493.5 8   109  3                                                                                   
          5527.40 20          5527.35 20   117 19                                                                                   
          5543.00 20          5543.00 15   117 18                                                                                   
            5563.9 8            5563.9 8   108  1                                                                                   
            5601.3 8            5601.3 8   112  3                                                                                   
            5625.3 8            5625.3 8   110  2                                                                                   
            5637.5 8            5637.5 8   111  2                                                                                   
            5678.6 8            5678.6 8     0  0                                                                                   
            5707.0 8            5707.0 8     0  0                                                                                   
          5714.50 20          5714.50 20   113  1                                                                                   
            5733.9 8            5733.9 8   114  1                                                                                   
          5760.90 20          5760.89 15   117 16                                                                                   
            5794.8 8            5794.8 8   115  1                                                                                   
            5846.0 8            5846.0 8   116  3                                                                                   
            5905.6 8            5905.6 8     0  0                                                                                   
          5920.50 20          5920.48 15   117 15                                                                                   
          5976.60 20          5976.60 15   117 14                                                                                   
            6019.2 8            6019.2 8     0  0                                                                                   
          6030.60 20          6030.57 15   117 13                                                                                   
          6103.90 20          6103.87 15   117 12                                                                                   
            6318.1 8            6318.1 8     0  0                                                                                   
    (4    6429.10 20           6429.91 4   117 11                                                                                   
    (1    6553.80 20           6554.16 3   117 10                                                                                   
          6619.60 20          6619.60 20     0  0                                                                                   
    (3    6783.30 20           6783.99 3   117  9                                                                                   
    (2    6928.70 20           6929.29 3   117  7                                                                                   
    (2    7057.80 20           7058.24 3   117  4                                                                                   
          7159.70 20           7159.75 3   117  3                                                                                   
          7243.80 20           7243.64 3   117  2                                                                                   
          7270.30 20           7270.24 3   117  1                                                                                   
      DATA SET  1. ENERGIES CORRECTED BY    .0000000+-  .0000000 KEV     CHISQ/F =  3.454         F=103
      CHISQ/F =  3.454      (FIT OF  220GAMMAS - 116LEVELS)

