  10BE    9BE(N,G) E=THERMAL                                                     
  
         EL                IN             OUT          NET       (+NORM. UNC.)
 *****************************************************************************
             0.0       0.0092 7         0.0            0.0            0.0       
       3368.03 3     0.00289 19       0.0029 3         0.0            0.0       
       5958.39 5     0.00165 15     0.00203 17     0.00038 23     0.00038 23    
          6000       4.7E-06 8          0.0       -4.7E-06 8     -4.7E-06 8     
        6179.3 7    1.12E-05 11    1.51E-05 16     3.9E-06 20     3.9E-06 20    
          6263 5    1.02E-05 10    1.13E-05 14     1.1E-06 17     1.1E-06 17    
       6812.33 6         0.0          0.0089 6       0.0089 6       0.0089 6    
 *****************************************************************************
                       TOTAL BETA INTENSITY =        0.0092 7       0.0092 7    
             TOTAL UNPLACED GAMMA INTENSITY =          0.0                      
              NORMALIZATION UNCERTAINTY (%) =    .0000                          
