
               LEAST-SQUARES LINEAR REGRESSION OF LEVEL AND GAMMA ENERGIES
 
        LEVEL ENERGIES
    1.     0.0
    2.  3368.09 4                       
    3.  5958.47 4                       
    4.  5960.81 11                      
    5.  6180.20 5                       
    6.  6264.56 5                       
    7.  6812.14 4                       
 
   GAMMA ENERGIES
       9BE(N,G) E=THERMAL-  ENERGY     DE    L1  L2
 -----------------------------------------------------------------------------------------------------------------------------------
           219.39 10           219.39 10     5  4                                                                                   
            547.58 4            547.56 4     7  6                                                                                   
            631.92 4            631.92 4     7  5                                                                                   
          853.631 11          853.632 11     7  3                                                                                   
         2590.014 25         2590.021 20     3  2                                                                                   
          2811.66 16           2811.69 4     5  2                                                                                   
    (1    2896.17 11           2896.03 4     6  2                                                                                   
           3367.48 4           3367.48 4     2  1                                                                                   
           3443.42 4         3443.416 21     7  2                                                                                   
           5956.60 9           5956.56 4     3  1                                                                                   
           5959.2 10          5958.90 11     4  1                                                                                   
          6809.58 10           6809.65 4     7  1                                                                                   
     DATA SET  1. ENERGIES CORRECTED BY    .0000000+-  .0000000 KEV     CHISQ/F =  .5669         F=  5
     CHISQ/F =  .5669      (FIT OF   12GAMMAS -   6LEVELS)
