BA-136N,G*   4.4000-01* JEF-2.2; RN - ---/SYS                     5636 3402
                                                                  5636 3402
 5.61360+04 1.3474E+02          0          1          0          05636 3402
 3.0000E+02 6.2443E+06          0          0          1       14235636 3402
       1423          2                                            5636 3402
 1.0000E-05 5.0212E-01 1.0749E-05 4.8432E-01 1.1544E-05 4.6734E-015636 3402
 1.2295E-05 4.5283E-01 1.3087E-05 4.3893E-01 1.3809E-05 4.2732E-015636 3402
 1.4563E-05 4.1610E-01 1.5351E-05 4.0529E-01 1.6174E-05 3.9483E-015636 3402
 1.7662E-05 3.7785E-01 1.9261E-05 3.6183E-01 2.0757E-05 3.4856E-015636 3402
 2.2349E-05 3.3593E-01 2.3851E-05 3.2517E-01 2.5436E-05 3.1488E-015636 3402
 2.6943E-05 3.0595E-01 2.8523E-05 2.9737E-01 3.1484E-05 2.8305E-015636 3402
 3.4697E-05 2.6963E-01 3.7679E-05 2.5876E-01 4.0872E-05 2.4844E-015636 3402
 4.3868E-05 2.3981E-01 4.7046E-05 2.3158E-01 5.0054E-05 2.2452E-015636 3402
 5.3220E-05 2.1774E-01 5.6237E-05 2.1183E-01 5.9395E-05 2.0613E-015636 3402
 6.5326E-05 1.9655E-01 7.1743E-05 1.8757E-01 7.7713E-05 1.8023E-015636 3402
 8.4092E-05 1.7327E-01 9.0090E-05 1.6740E-01 9.6440E-05 1.6181E-015636 3402
 1.0246E-04 1.5699E-01 1.0879E-04 1.5236E-01 1.2061E-04 1.4471E-015636 3402
 1.3349E-04 1.3757E-01 1.4540E-04 1.3182E-01 1.5818E-04 1.2639E-015636 3402
 1.7016E-04 1.2187E-01 1.8288E-04 1.1756E-01 1.9490E-04 1.1388E-015636 3402
 2.0758E-04 1.1035E-01 2.1911E-04 1.0741E-01 2.3118E-04 1.0458E-015636 3402
 2.4379E-04 1.0184E-01 2.5697E-04 9.9200E-02 2.8077E-04 9.4910E-025636 3402
 3.0637E-04 9.0861E-02 3.3030E-04 8.7512E-02 3.5576E-04 8.4327E-025636 3402
 3.7979E-04 8.1620E-02 4.0516E-04 7.9024E-02 4.2819E-04 7.6873E-025636 3402
 4.5231E-04 7.4798E-02 4.7755E-04 7.2795E-02 5.0395E-04 7.0866E-025636 3402
 5.5150E-04 6.7744E-02 6.0273E-04 6.4802E-02 6.5057E-04 6.2378E-025636 3402
 7.0152E-04 6.0071E-02 7.4956E-04 5.8115E-02 8.0031E-04 5.6244E-025636 3402
 8.4635E-04 5.4693E-02 8.9456E-04 5.3198E-02 9.4505E-04 5.1759E-025636 3402
 9.9789E-04 5.0368E-02 1.0930E-03 4.8129E-02 1.1955E-03 4.6020E-025636 3402
 1.2911E-03 4.4280E-02 1.3930E-03 4.2629E-02 1.4891E-03 4.1232E-025636 3402
 1.5906E-03 3.9895E-02 1.6827E-03 3.8788E-02 1.7791E-03 3.7722E-025636 3402
 1.8801E-03 3.6695E-02 1.9858E-03 3.5705E-02 2.1759E-03 3.4110E-025636 3402
 2.3809E-03 3.2607E-02 2.5722E-03 3.1373E-02 2.7761E-03 3.0198E-025636 3402
 2.9682E-03 2.9205E-02 3.1713E-03 2.8254E-02 3.3553E-03 2.7468E-025636 3402
 3.5481E-03 2.6712E-02 3.7501E-03 2.5983E-02 3.9616E-03 2.5280E-025636 3402
 4.3418E-03 2.4148E-02 4.7519E-03 2.3082E-02 5.1344E-03 2.2206E-025636 3402
 5.5422E-03 2.1373E-02 5.9264E-03 2.0669E-02 6.3325E-03 1.9995E-025636 3402
 6.7005E-03 1.9438E-02 7.0862E-03 1.8902E-02 7.4901E-03 1.8385E-025636 3402
 7.9131E-03 1.7887E-02 8.6735E-03 1.7086E-02 9.4938E-03 1.6330E-025636 3402
 1.0259E-02 1.5710E-02 1.1074E-02 1.5120E-02 1.1843E-02 1.4621E-025636 3402
 1.2655E-02 1.4144E-02 1.3391E-02 1.3750E-02 1.4162E-02 1.3370E-025636 3402
 1.4970E-02 1.3004E-02 1.5816E-02 1.2652E-02 1.7337E-02 1.2085E-025636 3402
 1.8978E-02 1.1551E-02 2.0507E-02 1.1111E-02 2.2139E-02 1.0694E-025636 3402
 2.3675E-02 1.0341E-02 2.5300E-02 1.0003E-02 2.6967E-02 9.6888E-035636 3402
 2.8725E-02 9.3878E-03 3.0397E-02 9.1261E-03 3.2149E-02 8.8746E-035636 3402
 3.5436E-02 8.4539E-03 3.8999E-02 8.0583E-03 4.2308E-02 7.7363E-035636 3402
 4.5848E-02 7.4312E-03 4.9174E-02 7.1751E-03 5.2698E-02 6.9310E-035636 3402
 5.6035E-02 6.7212E-03 5.9547E-02 6.5200E-03 6.2894E-02 6.3444E-035636 3402
 6.6397E-02 6.1754E-03 7.2979E-02 5.8910E-03 8.0095E-02 5.6229E-035636 3402
 8.6720E-02 5.4037E-03 9.3794E-02 5.1956E-03 1.0045E-01 5.0202E-035636 3402
 1.0749E-01 4.8527E-03 1.1417E-01 4.7085E-03 1.2119E-01 4.5700E-035636 3402
 1.2789E-01 4.4490E-03 1.3489E-01 4.3324E-03 1.4806E-01 4.1359E-035636 3402
 1.6229E-01 3.9502E-03 1.7554E-01 3.7980E-03 1.8969E-01 3.6534E-035636 3402
 2.0300E-01 3.5315E-03 2.1708E-01 3.4149E-03 2.3044E-01 3.3144E-035636 3402
 2.4448E-01 3.2183E-03 2.7073E-01 3.0590E-03 2.9928E-01 2.9093E-035636 3402
 3.2572E-01 2.7883E-03 3.5407E-01 2.6741E-03 3.8065E-01 2.5790E-035636 3402
 4.0887E-01 2.4885E-03 4.3555E-01 2.4109E-03 4.6366E-01 2.3366E-035636 3402
 4.8927E-01 2.2746E-03 5.1604E-01 2.2148E-03 5.4402E-01 2.1571E-035636 3402
 5.7325E-01 2.1017E-03 6.2605E-01 2.0113E-03 6.8284E-01 1.9258E-035636 3402
 7.3594E-01 1.8550E-03 7.9244E-01 1.7876E-03 8.4575E-01 1.7303E-035636 3402
 9.0203E-01 1.6754E-03 9.5314E-01 1.6298E-03 1.0067E+00 1.5859E-035636 3402
 1.0626E+00 1.5436E-03 1.1212E+00 1.5029E-03 1.2267E+00 1.4369E-035636 3402
 1.3404E+00 1.3746E-03 1.4465E+00 1.3232E-03 1.5596E+00 1.2743E-035636 3402
 1.6662E+00 1.2329E-03 1.7788E+00 1.1932E-03 1.8809E+00 1.1604E-035636 3402
 1.9879E+00 1.1287E-03 2.0999E+00 1.0982E-03 2.2171E+00 1.0689E-035636 3402
 2.4281E+00 1.0215E-03 2.6555E+00 9.7683E-04 2.8677E+00 9.3998E-045636 3402
 3.0938E+00 9.0498E-04 3.3070E+00 8.7537E-04 3.5322E+00 8.4700E-045636 3402
 3.7364E+00 8.2356E-04 3.9503E+00 8.0098E-04 4.1744E+00 7.7922E-045636 3402
 4.4089E+00 7.5827E-04 4.8307E+00 7.2449E-04 5.2857E+00 6.9266E-045636 3402
 5.7100E+00 6.6646E-04 6.1624E+00 6.4159E-04 6.5886E+00 6.2051E-045636 3402
 7.0391E+00 6.0039E-04 7.4474E+00 5.8373E-04 7.8752E+00 5.6771E-045636 3402
 8.3234E+00 5.5224E-04 8.7926E+00 5.3739E-04 9.6361E+00 5.1341E-045636 3402
 1.0546E+01 4.9085E-04 1.1395E+01 4.7229E-04 1.2299E+01 4.5466E-045636 3402
 1.3152E+01 4.3976E-04 1.4053E+01 4.2549E-04 1.4869E+01 4.1371E-045636 3402
 1.5725E+01 4.0237E-04 1.6621E+01 3.9144E-04 1.7560E+01 3.8090E-045636 3402
 1.9247E+01 3.6398E-04 2.1067E+01 3.4802E-04 2.2764E+01 3.3490E-045636 3402
 2.4574E+01 3.2246E-04 2.6278E+01 3.1195E-04 2.8081E+01 3.0188E-045636 3402
 2.9713E+01 2.9359E-04 3.1425E+01 2.8559E-04 3.3217E+01 2.7788E-045636 3402
 3.5094E+01 2.7046E-04 3.8468E+01 2.5854E-04 4.2108E+01 2.4732E-045636 3402
 4.5503E+01 2.3811E-04 4.9122E+01 2.2937E-04 5.2531E+01 2.2199E-045636 3402
 5.6136E+01 2.1494E-04 5.9401E+01 2.0913E-04 6.2824E+01 2.0354E-045636 3402
 6.6409E+01 1.9817E-04 7.0163E+01 1.9300E-04 7.6911E+01 1.8470E-045636 3402
 8.4191E+01 1.7693E-04 9.0980E+01 1.7057E-04 9.8219E+01 1.6456E-045636 3402
 1.0504E+02 1.5951E-04 1.1225E+02 1.5472E-04 1.1878E+02 1.5079E-045636 3402
 1.2562E+02 1.4703E-04 1.3279E+02 1.4345E-04 1.4030E+02 1.4004E-045636 3402
 1.5380E+02 1.3465E-04 1.6108E+02 1.3208E-04 1.7515E+02 1.2771E-045636 3402
 1.8193E+02 1.2585E-04 1.9641E+02 1.2235E-04 2.1005E+02 1.1960E-045636 3402
 2.1726E+02 1.1834E-04 2.3100E+02 1.1629E-04 2.5122E+02 1.1411E-045636 3402
 2.5839E+02 1.1358E-04 2.7307E+02 1.1290E-04 2.8058E+02 1.1278E-045636 3402
 2.9407E+02 1.1300E-04 3.0082E+02 1.1334E-04 3.1485E+02 1.1462E-045636 3402
 3.2213E+02 1.1563E-04 3.2941E+02 1.1693E-04 3.4008E+02 1.1943E-045636 3402
 3.4687E+02 1.2146E-04 3.5705E+02 1.2531E-04 3.6384E+02 1.2853E-045636 3402
 3.6746E+02 1.3050E-04 3.7470E+02 1.3507E-04 3.8194E+02 1.4068E-045636 3402
 3.8918E+02 1.4761E-04 3.9621E+02 1.5601E-04 3.9962E+02 1.6085E-045636 3402
 4.0303E+02 1.6630E-04 4.0644E+02 1.7250E-04 4.0985E+02 1.7963E-045636 3402
 4.1325E+02 1.8790E-04 4.1496E+02 1.9257E-04 4.1837E+02 2.0324E-045636 3402
 4.2188E+02 2.1668E-04 4.2368E+02 2.2490E-04 4.2548E+02 2.3431E-045636 3402
 4.2728E+02 2.4524E-04 4.2908E+02 2.5820E-04 4.3089E+02 2.7390E-045636 3402
 4.3269E+02 2.9351E-04 4.3449E+02 3.1871E-04 4.3539E+02 3.3429E-045636 3402
 4.3629E+02 3.5285E-04 4.3719E+02 3.7515E-04 4.3810E+02 4.0241E-045636 3402
 4.3900E+02 4.3651E-04 4.3990E+02 4.8024E-04 4.4080E+02 5.3737E-045636 3402
 4.4125E+02 5.7307E-04 4.4170E+02 6.1568E-04 4.4215E+02 6.6683E-045636 3402
 4.4260E+02 7.2888E-04 4.4305E+02 8.0539E-04 4.4350E+02 9.0115E-045636 3402
 4.4395E+02 1.0232E-03 4.4418E+02 1.0975E-03 4.4440E+02 1.1833E-035636 3402
 4.4463E+02 1.2833E-03 4.4485E+02 1.4007E-03 4.4508E+02 1.5397E-035636 3402
 4.4530E+02 1.7060E-03 4.4553E+02 1.9075E-03 4.4575E+02 2.1549E-035636 3402
 4.4598E+02 2.4641E-03 4.4609E+02 2.6490E-03 4.4621E+02 2.8590E-035636 3402
 4.4632E+02 3.0993E-03 4.4643E+02 3.3761E-03 4.4654E+02 3.6978E-035636 3402
 4.4666E+02 4.0749E-03 4.4677E+02 4.5227E-03 4.4688E+02 5.0615E-035636 3402
 4.4699E+02 5.7224E-03 4.4705E+02 6.1129E-03 4.4711E+02 6.5539E-035636 3402
 4.4716E+02 7.0578E-03 4.4722E+02 7.6378E-03 4.4728E+02 8.3139E-035636 3402
 4.4733E+02 9.1124E-03 4.4739E+02 1.0071E-02 4.4744E+02 1.1232E-025636 3402
 4.4750E+02 1.2661E-02 4.4753E+02 1.3502E-02 4.4756E+02 1.4439E-025636 3402
 4.4759E+02 1.5492E-02 4.4761E+02 1.6676E-02 4.4764E+02 1.8007E-025636 3402
 4.4767E+02 1.9500E-02 4.4770E+02 2.1189E-02 4.4773E+02 2.3086E-025636 3402
 4.4775E+02 2.5232E-02 4.4778E+02 2.7641E-02 4.4781E+02 3.0363E-025636 3402
 4.4784E+02 3.3412E-02 4.4787E+02 3.6851E-02 4.4789E+02 4.0693E-025636 3402
 4.4792E+02 4.5005E-02 4.4795E+02 4.9800E-02 4.4798E+02 5.5159E-025636 3402
 4.4801E+02 6.1085E-02 4.4802E+02 6.4295E-02 4.4804E+02 6.7668E-025636 3402
 4.4805E+02 7.1212E-02 4.4806E+02 7.4932E-02 4.4808E+02 7.8832E-025636 3402
 4.4809E+02 8.2917E-02 4.4811E+02 8.7193E-02 4.4812E+02 9.1629E-025636 3402
 4.4813E+02 9.6300E-02 4.4815E+02 1.0117E-01 4.4818E+02 1.1149E-015636 3402
 4.4820E+02 1.2270E-01 4.4823E+02 1.3472E-01 4.4826E+02 1.4766E-015636 3402
 4.4829E+02 1.6146E-01 4.4832E+02 1.7611E-01 4.4835E+02 1.9152E-015636 3402
 4.4837E+02 2.0777E-01 4.4840E+02 2.2468E-01 4.4844E+02 2.5132E-015636 3402
 4.4847E+02 2.6968E-01 4.4851E+02 2.9805E-01 4.4860E+02 3.5566E-015636 3402
 4.4866E+02 3.9768E-01 4.4870E+02 4.2400E-01 4.4874E+02 4.4439E-015636 3402
 4.4878E+02 4.6663E-01 4.4882E+02 4.8283E-01 4.4886E+02 4.9907E-015636 3402
 4.4889E+02 5.0968E-01 4.4893E+02 5.1766E-01 4.4897E+02 5.2254E-015636 3402
 4.4901E+02 5.2351E-01 4.4903E+02 5.2202E-01 4.4907E+02 5.1646E-015636 3402
 4.4909E+02 5.1290E-01 4.4913E+02 5.0288E-01 4.4915E+02 4.9544E-015636 3402
 4.4917E+02 4.8693E-01 4.4921E+02 4.7071E-01 4.4925E+02 4.4805E-015636 3402
 4.4929E+02 4.2702E-01 4.4933E+02 4.0449E-01 4.4936E+02 3.8551E-015636 3402
 4.4943E+02 3.3615E-01 4.4950E+02 2.8632E-01 4.4955E+02 2.5722E-015636 3402
 4.4959E+02 2.2927E-01 4.4962E+02 2.1150E-01 4.4965E+02 1.9443E-015636 3402
 4.4968E+02 1.7824E-01 4.4971E+02 1.6289E-01 4.4974E+02 1.4850E-015636 3402
 4.4977E+02 1.3505E-01 4.4980E+02 1.2252E-01 4.4983E+02 1.1089E-015636 3402
 4.4984E+02 1.0542E-01 4.4985E+02 1.0022E-01 4.4987E+02 9.5195E-025636 3402
 4.4988E+02 9.0390E-02 4.4990E+02 8.5802E-02 4.4991E+02 8.1454E-025636 3402
 4.4993E+02 7.7276E-02 4.4994E+02 7.3298E-02 4.4996E+02 6.9512E-025636 3402
 4.4997E+02 6.5939E-02 4.4999E+02 6.2522E-02 4.5000E+02 5.9300E-025636 3402
 4.5002E+02 5.6224E-02 4.5003E+02 5.3329E-02 4.5005E+02 5.0571E-025636 3402
 4.5006E+02 4.7961E-02 4.5009E+02 4.3183E-02 4.5012E+02 3.8910E-025636 3402
 4.5015E+02 3.5124E-02 4.5018E+02 3.1756E-02 4.5021E+02 2.8783E-025636 3402
 4.5024E+02 2.6146E-02 4.5027E+02 2.3823E-02 4.5029E+02 2.1765E-025636 3402
 4.5032E+02 1.9955E-02 4.5035E+02 1.8351E-02 4.5038E+02 1.6938E-025636 3402
 4.5041E+02 1.5683E-02 4.5044E+02 1.4575E-02 4.5047E+02 1.3591E-025636 3402
 4.5050E+02 1.2716E-02 4.5053E+02 1.1931E-02 4.5056E+02 1.1232E-025636 3402
 4.5062E+02 1.0035E-02 4.5068E+02 9.0559E-03 4.5073E+02 8.2446E-035636 3402
 4.5079E+02 7.5598E-03 4.5085E+02 6.9751E-03 4.5091E+02 6.4693E-035636 3402
 4.5097E+02 6.0278E-03 4.5103E+02 5.6373E-03 4.5109E+02 5.2900E-035636 3402
 4.5120E+02 4.6980E-03 4.5132E+02 4.2127E-03 4.5144E+02 3.8085E-035636 3402
 4.5156E+02 3.4668E-03 4.5167E+02 3.1751E-03 4.5179E+02 2.9239E-035636 3402
 4.5191E+02 2.7059E-03 4.5203E+02 2.5149E-03 4.5214E+02 2.3471E-035636 3402
 4.5238E+02 2.0660E-03 4.5261E+02 1.8413E-03 4.5285E+02 1.6589E-035636 3402
 4.5308E+02 1.5087E-03 4.5332E+02 1.3837E-03 4.5355E+02 1.2787E-035636 3402
 4.5379E+02 1.1897E-03 4.5402E+02 1.1137E-03 4.5426E+02 1.0484E-035636 3402
 4.5472E+02 9.4234E-04 4.5519E+02 8.6059E-04 4.5566E+02 7.9666E-045636 3402
 4.5613E+02 7.4620E-04 4.5660E+02 7.0590E-04 4.5707E+02 6.7361E-045636 3402
 4.5754E+02 6.4783E-04 4.5848E+02 6.0976E-04 4.5942E+02 5.8456E-045636 3402
 4.6036E+02 5.6880E-04 4.6130E+02 5.5995E-04 4.6224E+02 5.5634E-045636 3402
 4.6317E+02 5.5688E-04 4.6411E+02 5.6080E-04 4.6505E+02 5.6763E-045636 3402
 4.6693E+02 5.8873E-04 4.6787E+02 6.0263E-04 4.6975E+02 6.3680E-045636 3402
 4.7069E+02 6.5705E-04 4.7256E+02 7.0424E-04 4.7350E+02 7.3139E-045636 3402
 4.7444E+02 7.6115E-04 4.7538E+02 7.9368E-04 4.7632E+02 8.2929E-045636 3402
 4.7726E+02 8.6822E-04 4.7820E+02 9.1085E-04 4.7913E+02 9.5756E-045636 3402
 4.8013E+02 1.0118E-03 4.8112E+02 1.0718E-03 4.8211E+02 1.1382E-035636 3402
 4.8310E+02 1.2121E-03 4.8409E+02 1.2941E-03 4.8458E+02 1.3386E-035636 3402
 4.8508E+02 1.3859E-03 4.8607E+02 1.4892E-03 4.8656E+02 1.5457E-035636 3402
 4.8756E+02 1.6698E-03 4.8805E+02 1.7379E-03 4.8855E+02 1.8107E-035636 3402
 4.8904E+02 1.8884E-03 4.8954E+02 1.9717E-03 4.9003E+02 2.0609E-035636 3402
 4.9053E+02 2.1567E-03 4.9102E+02 2.2598E-03 4.9152E+02 2.3708E-035636 3402
 4.9201E+02 2.4905E-03 4.9251E+02 2.6202E-03 4.9300E+02 2.7607E-035636 3402
 4.9350E+02 2.9134E-03 4.9399E+02 3.0795E-03 4.9449E+02 3.2610E-035636 3402
 4.9499E+02 3.4595E-03 4.9548E+02 3.6776E-03 4.9598E+02 3.9173E-035636 3402
 4.9647E+02 4.1822E-03 4.9697E+02 4.4754E-03 4.9746E+02 4.8010E-035636 3402
 4.9771E+02 4.9773E-03 4.9796E+02 5.1641E-03 4.9820E+02 5.3622E-035636 3402
 4.9845E+02 5.5722E-03 4.9870E+02 5.7951E-03 4.9895E+02 6.0317E-035636 3402
 4.9920E+02 6.2839E-03 4.9944E+02 6.5522E-03 4.9969E+02 6.8388E-035636 3402
 4.9994E+02 7.1444E-03 5.0019E+02 7.4717E-03 5.0043E+02 7.8222E-035636 3402
 5.0068E+02 8.1988E-03 5.0093E+02 8.6032E-03 5.0118E+02 9.0390E-035636 3402
 5.0142E+02 9.5093E-03 5.0167E+02 1.0018E-02 5.0192E+02 1.0569E-025636 3402
 5.0217E+02 1.1168E-02 5.0241E+02 1.1819E-02 5.0266E+02 1.2530E-025636 3402
 5.0291E+02 1.3308E-02 5.0316E+02 1.4162E-02 5.0341E+02 1.5101E-025636 3402
 5.0365E+02 1.6138E-02 5.0390E+02 1.7286E-02 5.0415E+02 1.8562E-025636 3402
 5.0427E+02 1.9255E-02 5.0440E+02 1.9987E-02 5.0452E+02 2.0763E-025636 3402
 5.0464E+02 2.1585E-02 5.0477E+02 2.2458E-02 5.0489E+02 2.3386E-025636 3402
 5.0502E+02 2.4374E-02 5.0514E+02 2.5427E-02 5.0526E+02 2.6549E-025636 3402
 5.0539E+02 2.7749E-02 5.0551E+02 2.9032E-02 5.0563E+02 3.0407E-025636 3402
 5.0576E+02 3.1885E-02 5.0588E+02 3.3476E-02 5.0601E+02 3.5188E-025636 3402
 5.0613E+02 3.7037E-02 5.0625E+02 3.9039E-02 5.0638E+02 4.1207E-025636 3402
 5.0650E+02 4.3568E-02 5.0662E+02 4.6139E-02 5.0675E+02 4.8946E-025636 3402
 5.0687E+02 5.2022E-02 5.0700E+02 5.5405E-02 5.0712E+02 5.9132E-025636 3402
 5.0724E+02 6.3256E-02 5.0737E+02 6.7834E-02 5.0743E+02 7.0320E-025636 3402
 5.0749E+02 7.2941E-02 5.0755E+02 7.5717E-02 5.0762E+02 7.8659E-025636 3402
 5.0768E+02 8.1778E-02 5.0774E+02 8.5093E-02 5.0780E+02 8.8617E-025636 3402
 5.0786E+02 9.2373E-02 5.0793E+02 9.6385E-02 5.0799E+02 1.0067E-015636 3402
 5.0805E+02 1.0525E-01 5.0811E+02 1.1016E-01 5.0817E+02 1.1544E-015636 3402
 5.0823E+02 1.2113E-01 5.0827E+02 1.2414E-01 5.0833E+02 1.3051E-015636 3402
 5.0836E+02 1.3389E-01 5.0842E+02 1.4109E-01 5.0845E+02 1.4492E-015636 3402
 5.0850E+02 1.5097E-01 5.0854E+02 1.5742E-01 5.0858E+02 1.6199E-015636 3402
 5.0864E+02 1.7175E-01 5.0867E+02 1.7698E-01 5.0870E+02 1.8249E-015636 3402
 5.0873E+02 1.8826E-01 5.0876E+02 1.9435E-01 5.0879E+02 2.0074E-015636 3402
 5.0882E+02 2.0751E-01 5.0885E+02 2.1464E-01 5.0888E+02 2.2221E-015636 3402
 5.0892E+02 2.3023E-01 5.0895E+02 2.3874E-01 5.0898E+02 2.4776E-015636 3402
 5.0901E+02 2.5739E-01 5.0904E+02 2.6766E-01 5.0907E+02 2.7866E-015636 3402
 5.0910E+02 2.9041E-01 5.0913E+02 3.0307E-01 5.0916E+02 3.1668E-015636 3402
 5.0918E+02 3.2390E-01 5.0919E+02 3.3139E-01 5.0921E+02 3.3920E-015636 3402
 5.0923E+02 3.4727E-01 5.0924E+02 3.5573E-01 5.0926E+02 3.6456E-015636 3402
 5.0927E+02 3.7376E-01 5.0929E+02 3.8329E-01 5.0930E+02 3.9329E-015636 3402
 5.0932E+02 4.0376E-01 5.0933E+02 4.1471E-01 5.0935E+02 4.2607E-015636 3402
 5.0936E+02 4.3805E-01 5.0938E+02 4.5056E-01 5.0940E+02 4.6371E-015636 3402
 5.0941E+02 4.7746E-01 5.0943E+02 4.9190E-01 5.0944E+02 5.0705E-015636 3402
 5.0946E+02 5.2295E-01 5.0947E+02 5.3954E-01 5.0949E+02 5.5707E-015636 3402
 5.0950E+02 5.7549E-01 5.0952E+02 5.9485E-01 5.0953E+02 6.1510E-015636 3402
 5.0955E+02 6.3651E-01 5.0957E+02 6.5907E-01 5.0958E+02 6.8278E-015636 3402
 5.0960E+02 7.0759E-01 5.0961E+02 7.3385E-01 5.0963E+02 7.6151E-015636 3402
 5.0964E+02 7.9063E-01 5.0966E+02 8.2107E-01 5.0967E+02 8.5334E-015636 3402
 5.0969E+02 8.8732E-01 5.0971E+02 9.2305E-01 5.0972E+02 9.6044E-015636 3402
 5.0974E+02 1.0000E+00 5.0975E+02 1.0417E+00 5.0977E+02 1.0855E+005636 3402
 5.0978E+02 1.1312E+00 5.0980E+02 1.1796E+00 5.0981E+02 1.2304E+005636 3402
 5.0983E+02 1.2839E+00 5.0984E+02 1.3396E+00 5.0986E+02 1.3984E+005636 3402
 5.0988E+02 1.4601E+00 5.0989E+02 1.5247E+00 5.0991E+02 1.5925E+005636 3402
 5.0992E+02 1.6634E+00 5.0994E+02 1.7377E+00 5.0995E+02 1.8153E+005636 3402
 5.0997E+02 1.8959E+00 5.0998E+02 1.9806E+00 5.1000E+02 2.0690E+005636 3402
 5.1001E+02 2.1611E+00 5.1003E+02 2.2564E+00 5.1005E+02 2.3563E+005636 3402
 5.1006E+02 2.4602E+00 5.1008E+02 2.5680E+00 5.1009E+02 2.6795E+005636 3402
 5.1011E+02 2.7956E+00 5.1012E+02 2.9159E+00 5.1014E+02 3.0405E+005636 3402
 5.1015E+02 3.1685E+00 5.1019E+02 3.4388E+00 5.1020E+02 3.5802E+005636 3402
 5.1023E+02 3.8746E+00 5.1025E+02 4.0283E+00 5.1028E+02 4.3466E+005636 3402
 5.1031E+02 4.6810E+00 5.1036E+02 5.2068E+00 5.1040E+02 5.7598E+005636 3402
 5.1045E+02 6.3320E+00 5.1053E+02 7.3046E+00 5.1060E+02 8.2654E+005636 3402
 5.1064E+02 8.7251E+00 5.1069E+02 9.2466E+00 5.1073E+02 9.6463E+005636 3402
 5.1077E+02 1.0076E+01 5.1081E+02 1.0387E+01 5.1083E+02 1.0549E+015636 3402
 5.1087E+02 1.0735E+01 5.1089E+02 1.0840E+01 5.1094E+02 1.1027E+015636 3402
 5.1097E+02 1.1086E+01 5.1100E+02 1.1106E+01 5.1103E+02 1.1085E+015636 3402
 5.1106E+02 1.1024E+01 5.1110E+02 1.0881E+01 5.1114E+02 1.0671E+015636 3402
 5.1119E+02 1.0364E+01 5.1122E+02 1.0165E+01 5.1124E+02 9.9451E+005636 3402
 5.1128E+02 9.5415E+00 5.1133E+02 9.0012E+00 5.1138E+02 8.4161E+005636 3402
 5.1143E+02 7.8002E+00 5.1148E+02 7.1668E+00 5.1157E+02 6.1129E+005636 3402
 5.1162E+02 5.4998E+00 5.1167E+02 4.9144E+00 5.1170E+02 4.5429E+005636 3402
 5.1172E+02 4.3622E+00 5.1175E+02 4.0163E+00 5.1177E+02 3.8505E+005636 3402
 5.1180E+02 3.5320E+00 5.1182E+02 3.3805E+00 5.1185E+02 3.0915E+005636 3402
 5.1187E+02 2.9551E+00 5.1191E+02 2.6968E+00 5.1194E+02 2.4580E+005636 3402
 5.1197E+02 2.2382E+00 5.1199E+02 2.1347E+00 5.1201E+02 2.0362E+005636 3402
 5.1202E+02 1.9422E+00 5.1204E+02 1.8524E+00 5.1206E+02 1.7667E+005636 3402
 5.1207E+02 1.6850E+00 5.1209E+02 1.6073E+00 5.1211E+02 1.5333E+005636 3402
 5.1212E+02 1.4626E+00 5.1214E+02 1.3957E+00 5.1216E+02 1.3323E+005636 3402
 5.1217E+02 1.2720E+00 5.1219E+02 1.2149E+00 5.1221E+02 1.1607E+005636 3402
 5.1222E+02 1.1093E+00 5.1224E+02 1.0607E+00 5.1226E+02 1.0144E+005636 3402
 5.1227E+02 9.7080E-01 5.1229E+02 9.2956E-01 5.1231E+02 8.9054E-015636 3402
 5.1233E+02 8.5339E-01 5.1234E+02 8.1846E-01 5.1236E+02 7.8544E-015636 3402
 5.1238E+02 7.5422E-01 5.1239E+02 7.2449E-01 5.1241E+02 6.9656E-015636 3402
 5.1243E+02 6.7015E-01 5.1244E+02 6.4512E-01 5.1246E+02 6.2146E-015636 3402
 5.1248E+02 5.9907E-01 5.1251E+02 5.5776E-01 5.1254E+02 5.2056E-015636 3402
 5.1258E+02 4.8722E-01 5.1261E+02 4.5707E-01 5.1264E+02 4.2993E-015636 3402
 5.1268E+02 4.0527E-01 5.1271E+02 3.8295E-01 5.1275E+02 3.6261E-015636 3402
 5.1278E+02 3.4405E-01 5.1281E+02 3.2700E-01 5.1285E+02 3.1139E-015636 3402
 5.1288E+02 2.9695E-01 5.1291E+02 2.8368E-01 5.1295E+02 2.7134E-015636 3402
 5.1298E+02 2.5993E-01 5.1301E+02 2.4929E-01 5.1305E+02 2.3936E-015636 3402
 5.1308E+02 2.3005E-01 5.1312E+02 2.2136E-01 5.1315E+02 2.1319E-015636 3402
 5.1318E+02 2.0551E-01 5.1322E+02 1.9825E-01 5.1325E+02 1.9141E-015636 3402
 5.1332E+02 1.7884E-01 5.1338E+02 1.6752E-01 5.1345E+02 1.5731E-015636 3402
 5.1352E+02 1.4804E-01 5.1359E+02 1.3962E-01 5.1365E+02 1.3192E-015636 3402
 5.1372E+02 1.2486E-01 5.1379E+02 1.1837E-01 5.1386E+02 1.1240E-015636 3402
 5.1392E+02 1.0687E-01 5.1399E+02 1.0175E-01 5.1406E+02 9.7007E-025636 3402
 5.1412E+02 9.2598E-02 5.1419E+02 8.8485E-02 5.1426E+02 8.4651E-025636 3402
 5.1433E+02 8.1061E-02 5.1439E+02 7.7705E-02 5.1446E+02 7.4551E-025636 3402
 5.1453E+02 7.1590E-02 5.1460E+02 6.8805E-02 5.1466E+02 6.6188E-025636 3402
 5.1473E+02 6.3715E-02 5.1480E+02 6.1383E-02 5.1486E+02 5.9176E-025636 3402
 5.1493E+02 5.7088E-02 5.1507E+02 5.3234E-02 5.1520E+02 4.9763E-025636 3402
 5.1534E+02 4.6622E-02 5.1547E+02 4.3776E-02 5.1560E+02 4.1180E-025636 3402
 5.1574E+02 3.8812E-02 5.1587E+02 3.6644E-02 5.1601E+02 3.4654E-025636 3402
 5.1614E+02 3.2822E-02 5.1628E+02 3.1134E-02 5.1641E+02 2.9576E-025636 3402
 5.1655E+02 2.8129E-02 5.1668E+02 2.6788E-02 5.1682E+02 2.5541E-025636 3402
 5.1695E+02 2.4380E-02 5.1708E+02 2.3298E-02 5.1722E+02 2.2285E-025636 3402
 5.1735E+02 2.1338E-02 5.1749E+02 2.0450E-02 5.1762E+02 1.9618E-025636 3402
 5.1776E+02 1.8834E-02 5.1789E+02 1.8098E-02 5.1803E+02 1.7404E-025636 3402
 5.1816E+02 1.6750E-02 5.1830E+02 1.6132E-02 5.1843E+02 1.5549E-025636 3402
 5.1870E+02 1.4473E-02 5.1897E+02 1.3505E-02 5.1924E+02 1.2632E-025636 3402
 5.1951E+02 1.1840E-02 5.1978E+02 1.1121E-02 5.2004E+02 1.0466E-025636 3402
 5.2031E+02 9.8668E-03 5.2058E+02 9.3185E-03 5.2085E+02 8.8149E-035636 3402
 5.2112E+02 8.3512E-03 5.2139E+02 7.9232E-03 5.2166E+02 7.5276E-035636 3402
 5.2193E+02 7.1612E-03 5.2220E+02 6.8212E-03 5.2247E+02 6.5049E-035636 3402
 5.2274E+02 6.2102E-03 5.2300E+02 5.9354E-03 5.2327E+02 5.6785E-035636 3402
 5.2354E+02 5.4383E-03 5.2381E+02 5.2129E-03 5.2408E+02 5.0015E-035636 3402
 5.2435E+02 4.8027E-03 5.2462E+02 4.6156E-03 5.2489E+02 4.4395E-035636 3402
 5.2516E+02 4.2737E-03 5.2569E+02 3.9690E-03 5.2623E+02 3.6966E-035636 3402
 5.2677E+02 3.4510E-03 5.2731E+02 3.2293E-03 5.2785E+02 3.0285E-035636 3402
 5.2839E+02 2.8463E-03 5.2892E+02 2.6802E-03 5.2946E+02 2.5285E-035636 3402
 5.3000E+02 2.3897E-03 5.3054E+02 2.2622E-03 5.3108E+02 2.1449E-035636 3402
 5.3161E+02 2.0367E-03 5.3215E+02 1.9366E-03 5.3269E+02 1.8440E-035636 3402
 5.3323E+02 1.7580E-03 5.3377E+02 1.6781E-03 5.3430E+02 1.6037E-035636 3402
 5.3484E+02 1.5343E-03 5.3538E+02 1.4695E-03 5.3646E+02 1.3520E-035636 3402
 5.3753E+02 1.2485E-03 5.3807E+02 1.2014E-03 5.3915E+02 1.1151E-035636 3402
 5.3969E+02 1.0757E-03 5.4022E+02 1.0385E-03 5.4130E+02 9.6990E-045636 3402
 5.4238E+02 9.0805E-04 5.4345E+02 8.5229E-04 5.4453E+02 8.0180E-045636 3402
 5.4561E+02 7.5602E-04 5.4674E+02 7.1212E-04 5.4788E+02 6.7222E-045636 3402
 5.4901E+02 6.3585E-04 5.5015E+02 6.0263E-04 5.5129E+02 5.7220E-045636 3402
 5.5356E+02 5.1846E-04 5.5469E+02 4.9473E-04 5.5697E+02 4.5241E-045636 3402
 5.5924E+02 4.1595E-04 5.6037E+02 3.9959E-04 5.6265E+02 3.7005E-045636 3402
 5.6378E+02 3.5668E-04 5.6605E+02 3.3244E-04 5.6946E+02 3.0122E-045636 3402
 5.7173E+02 2.8327E-04 5.7514E+02 2.5985E-04 5.7741E+02 2.4624E-045636 3402
 5.8196E+02 2.2275E-04 5.8412E+02 2.1309E-04 5.8844E+02 1.9614E-045636 3402
 5.9276E+02 1.8180E-04 5.9492E+02 1.7544E-04 5.9923E+02 1.6409E-045636 3402
 6.0571E+02 1.4986E-04 6.1219E+02 1.3825E-04 6.1651E+02 1.3166E-045636 3402
 6.2331E+02 1.2276E-04 6.3010E+02 1.1531E-04 6.3690E+02 1.0901E-045636 3402
 6.3916E+02 1.0712E-04 6.4369E+02 1.0363E-04 6.5275E+02 9.7568E-055636 3402
 6.6124E+02 9.2815E-05 6.7397E+02 8.6961E-05 6.8670E+02 8.2256E-055636 3402
 6.9943E+02 7.8398E-05 7.0792E+02 7.6193E-05 7.2065E+02 7.3320E-055636 3402
 7.3447E+02 7.0673E-05 7.4829E+02 6.8412E-05 7.7131E+02 6.5285E-055636 3402
 7.9434E+02 6.2751E-05 8.1998E+02 6.0427E-05 8.3708E+02 5.9098E-055636 3402
 8.6272E+02 5.7351E-05 8.9017E+02 5.5744E-05 9.1763E+02 5.4341E-055636 3402
 9.6170E+02 5.2417E-05 1.0138E+03 5.0524E-05 1.0411E+03 4.9659E-055636 3402
 1.0948E+03 4.8156E-05 1.1465E+03 4.6920E-05 1.2364E+03 4.5195E-055636 3402
 1.3064E+03 4.4249E-05 1.3516E+03 4.3890E-05 1.3947E+03 4.3844E-055636 3402
 1.4457E+03 4.4468E-05 1.4627E+03 4.4973E-05 1.4882E+03 4.6237E-055636 3402
 1.5151E+03 4.8729E-05 1.5381E+03 5.2785E-05 1.5519E+03 5.6927E-055636 3402
 1.5634E+03 6.2178E-05 1.5726E+03 6.8393E-05 1.5772E+03 7.2522E-055636 3402
 1.5841E+03 8.0612E-05 1.5887E+03 8.7783E-05 1.5956E+03 1.0264E-045636 3402
 1.6025E+03 1.2551E-04 1.6059E+03 1.4186E-04 1.6082E+03 1.5552E-045636 3402
 1.6117E+03 1.8177E-04 1.6151E+03 2.1801E-04 1.6186E+03 2.7005E-045636 3402
 1.6209E+03 3.1846E-04 1.6220E+03 3.4863E-04 1.6243E+03 4.2537E-045636 3402
 1.6260E+03 5.0332E-04 1.6278E+03 6.0802E-04 1.6289E+03 6.9888E-045636 3402
 1.6295E+03 7.5273E-04 1.6306E+03 8.8222E-04 1.6312E+03 9.6073E-045636 3402
 1.6318E+03 1.0508E-03 1.6324E+03 1.1549E-03 1.6329E+03 1.2758E-035636 3402
 1.6335E+03 1.4175E-03 1.6341E+03 1.5850E-03 1.6347E+03 1.7850E-035636 3402
 1.6350E+03 1.9005E-03 1.6355E+03 2.1690E-03 1.6358E+03 2.3256E-035636 3402
 1.6364E+03 2.6971E-03 1.6367E+03 2.9185E-03 1.6370E+03 3.1685E-035636 3402
 1.6373E+03 3.4544E-03 1.6375E+03 3.7805E-03 1.6378E+03 4.1580E-035636 3402
 1.6381E+03 4.5956E-03 1.6384E+03 5.1107E-03 1.6387E+03 5.7185E-035636 3402
 1.6390E+03 6.4471E-03 1.6393E+03 7.3324E-03 1.6394E+03 7.8510E-035636 3402
 1.6396E+03 8.4305E-03 1.6397E+03 9.0817E-03 1.6398E+03 9.8129E-035636 3402
 1.6400E+03 1.0652E-02 1.6401E+03 1.1618E-02 1.6403E+03 1.2745E-025636 3402
 1.6404E+03 1.4069E-02 1.6406E+03 1.5679E-02 1.6406E+03 1.6618E-025636 3402
 1.6407E+03 1.7670E-02 1.6408E+03 1.8855E-02 1.6409E+03 2.0201E-025636 3402
 1.6409E+03 2.1718E-02 1.6410E+03 2.3488E-02 1.6411E+03 2.5541E-025636 3402
 1.6411E+03 2.7937E-02 1.6412E+03 3.0751E-02 1.6413E+03 3.4017E-025636 3402
 1.6414E+03 3.7937E-02 1.6414E+03 4.2585E-02 1.6415E+03 4.5232E-025636 3402
 1.6415E+03 4.8115E-02 1.6415E+03 5.1261E-02 1.6416E+03 5.4593E-025636 3402
 1.6416E+03 5.8327E-02 1.6416E+03 6.2395E-02 1.6417E+03 6.6829E-025636 3402
 1.6417E+03 7.1661E-02 1.6417E+03 7.6917E-02 1.6418E+03 8.2634E-025636 3402
 1.6418E+03 8.8846E-02 1.6419E+03 9.5593E-02 1.6419E+03 1.0291E-015636 3402
 1.6419E+03 1.1083E-01 1.6420E+03 1.1941E-01 1.6420E+03 1.2868E-015636 3402
 1.6420E+03 1.3868E-01 1.6421E+03 1.4946E-01 1.6421E+03 1.6105E-015636 3402
 1.6421E+03 1.7315E-01 1.6422E+03 1.8649E-01 1.6422E+03 2.0078E-015636 3402
 1.6423E+03 2.1605E-01 1.6423E+03 2.3234E-01 1.6423E+03 2.4971E-015636 3402
 1.6424E+03 2.6815E-01 1.6424E+03 2.8773E-01 1.6424E+03 3.0846E-015636 3402
 1.6425E+03 3.3037E-01 1.6425E+03 3.5346E-01 1.6425E+03 3.7778E-015636 3402
 1.6426E+03 4.0329E-01 1.6426E+03 4.3002E-01 1.6426E+03 4.5798E-015636 3402
 1.6427E+03 4.8712E-01 1.6427E+03 5.1656E-01 1.6428E+03 5.4798E-015636 3402
 1.6428E+03 5.8051E-01 1.6428E+03 6.1407E-01 1.6429E+03 6.4863E-015636 3402
 1.6429E+03 6.8415E-01 1.6429E+03 7.2049E-01 1.6430E+03 7.5761E-015636 3402
 1.6430E+03 8.3376E-01 1.6431E+03 9.3129E-01 1.6432E+03 1.0297E+005636 3402
 1.6433E+03 1.1254E+00 1.6434E+03 1.2362E+00 1.6435E+03 1.3128E+005636 3402
 1.6436E+03 1.3598E+00 1.6436E+03 1.3952E+00 1.6437E+03 1.4347E+005636 3402
 1.6437E+03 1.4640E+00 1.6437E+03 1.4923E+00 1.6438E+03 1.5156E+005636 3402
 1.6438E+03 1.5344E+00 1.6439E+03 1.5522E+00 1.6440E+03 1.5576E+005636 3402
 1.6440E+03 1.5594E+00 1.6440E+03 1.5587E+00 1.6441E+03 1.5546E+005636 3402
 1.6441E+03 1.5405E+00 1.6442E+03 1.5218E+00 1.6443E+03 1.4914E+005636 3402
 1.6443E+03 1.4598E+00 1.6444E+03 1.4149E+00 1.6444E+03 1.3723E+005636 3402
 1.6445E+03 1.3167E+00 1.6445E+03 1.2656E+00 1.6446E+03 1.2226E+005636 3402
 1.6447E+03 1.1562E+00 1.6448E+03 1.0387E+00 1.6449E+03 8.9576E-015636 3402
 1.6450E+03 7.7898E-01 1.6451E+03 7.3327E-01 1.6451E+03 6.4524E-015636 3402
 1.6452E+03 6.0422E-01 1.6452E+03 5.6371E-01 1.6453E+03 5.2483E-015636 3402
 1.6453E+03 4.8763E-01 1.6454E+03 4.5295E-01 1.6454E+03 4.1924E-015636 3402
 1.6454E+03 3.8734E-01 1.6455E+03 3.5727E-01 1.6455E+03 3.2959E-015636 3402
 1.6456E+03 3.0305E-01 1.6456E+03 2.7824E-01 1.6457E+03 2.5515E-015636 3402
 1.6457E+03 2.3416E-01 1.6458E+03 2.1426E-01 1.6458E+03 1.9589E-015636 3402
 1.6458E+03 1.7896E-01 1.6459E+03 1.6375E-01 1.6459E+03 1.4946E-015636 3402
 1.6460E+03 1.3640E-01 1.6460E+03 1.2449E-01 1.6461E+03 1.1388E-015636 3402
 1.6461E+03 1.0400E-01 1.6461E+03 9.5037E-02 1.6462E+03 8.6920E-025636 3402
 1.6462E+03 7.9741E-02 1.6463E+03 7.3100E-02 1.6463E+03 6.7110E-025636 3402
 1.6464E+03 6.1712E-02 1.6464E+03 5.6959E-02 1.6465E+03 5.2576E-025636 3402
 1.6465E+03 4.8632E-02 1.6465E+03 4.5088E-02 1.6466E+03 4.1966E-025636 3402
 1.6466E+03 3.9090E-02 1.6467E+03 3.6500E-02 1.6467E+03 3.4166E-025636 3402
 1.6468E+03 3.2105E-02 1.6468E+03 2.8476E-02 1.6469E+03 2.5527E-025636 3402
 1.6470E+03 2.3055E-02 1.6471E+03 2.0990E-02 1.6472E+03 1.9245E-025636 3402
 1.6473E+03 1.7772E-02 1.6474E+03 1.6486E-02 1.6475E+03 1.5376E-025636 3402
 1.6475E+03 1.4387E-02 1.6476E+03 1.3517E-02 1.6478E+03 1.2027E-025636 3402
 1.6480E+03 1.0800E-02 1.6482E+03 9.7690E-03 1.6483E+03 8.8902E-035636 3402
 1.6485E+03 8.1317E-03 1.6487E+03 7.4712E-03 1.6489E+03 6.8920E-035636 3402
 1.6490E+03 6.3800E-03 1.6492E+03 5.9251E-03 1.6494E+03 5.5190E-035636 3402
 1.6497E+03 4.8261E-03 1.6501E+03 4.2580E-03 1.6503E+03 4.0127E-035636 3402
 1.6504E+03 3.7885E-03 1.6508E+03 3.3944E-03 1.6511E+03 3.0600E-035636 3402
 1.6515E+03 2.7737E-03 1.6518E+03 2.5266E-03 1.6522E+03 2.3116E-035636 3402
 1.6529E+03 1.9580E-03 1.6536E+03 1.6814E-03 1.6539E+03 1.5651E-035636 3402
 1.6546E+03 1.3669E-03 1.6557E+03 1.1349E-03 1.6567E+03 9.5934E-045636 3402
 1.6574E+03 8.6483E-04 1.6581E+03 7.8405E-04 1.6588E+03 7.1449E-045636 3402
 1.6602E+03 6.0161E-04 1.6609E+03 5.5549E-04 1.6623E+03 4.7866E-045636 3402
 1.6644E+03 3.9198E-04 1.6658E+03 3.4763E-04 1.6679E+03 2.9522E-045636 3402
 1.6707E+03 2.4388E-04 1.6721E+03 2.2369E-04 1.6749E+03 1.9123E-045636 3402
 1.6777E+03 1.6655E-04 1.6819E+03 1.3929E-04 1.6861E+03 1.1979E-045636 3402
 1.6903E+03 1.0535E-04 1.6945E+03 9.4383E-05 1.7001E+03 8.3400E-055636 3402
 1.7085E+03 7.1929E-05 1.7141E+03 6.6456E-05 1.7225E+03 6.0320E-055636 3402
 1.7310E+03 5.5856E-05 1.7396E+03 5.2415E-05 1.7455E+03 5.0561E-055636 3402
 1.7630E+03 4.6498E-05 1.7806E+03 4.3837E-05 1.7981E+03 4.1980E-055636 3402
 1.8274E+03 3.9890E-05 1.8763E+03 3.7795E-05 1.9380E+03 3.6217E-055636 3402
 2.0146E+03 3.4924E-05 2.0274E+03 3.4749E-05 2.1429E+03 3.3412E-055636 3402
 2.2866E+03 3.2120E-05 2.4107E+03 3.1176E-05 2.5500E+03 3.0241E-055636 3402
 2.6952E+03 2.9366E-05 2.9338E+03 2.8098E-05 3.1526E+03 2.7078E-055636 3402
 3.1711E+03 2.7066E-05 3.1726E+03 2.7120E-05 3.1734E+03 2.8066E-055636 3402
 3.1737E+03 3.0556E-05 3.1739E+03 3.3300E-05 3.1741E+03 3.7885E-055636 3402
 3.1743E+03 4.5368E-05 3.1745E+03 5.7088E-05 3.1747E+03 7.4976E-055636 3402
 3.1749E+03 1.0146E-04 3.1751E+03 1.3951E-04 3.1753E+03 1.9254E-045636 3402
 3.1755E+03 2.6427E-04 3.1756E+03 3.0832E-04 3.1757E+03 3.5839E-045636 3402
 3.1758E+03 4.1554E-04 3.1759E+03 4.7893E-04 3.1760E+03 5.4939E-045636 3402
 3.1760E+03 6.2712E-04 3.1761E+03 7.1222E-04 3.1762E+03 8.0471E-045636 3402
 3.1763E+03 9.0446E-04 3.1764E+03 1.0112E-03 3.1766E+03 1.2442E-035636 3402
 3.1768E+03 1.4992E-03 3.1772E+03 2.6971E-05 3.1772E+03 4.0724E-035636 3402
 3.1772E+03 4.0724E-03 3.4474E+03 3.8893E-03 3.7348E+03 3.7178E-035636 3402
 4.0400E+03 3.5570E-03 4.3638E+03 3.4062E-03 4.7070E+03 3.2642E-035636 3402
 5.0704E+03 3.1309E-03 5.4533E+03 3.0053E-03 5.8607E+03 2.8864E-035636 3402
 6.2883E+03 2.7747E-03 6.7423E+03 2.6685E-03 7.2175E+03 2.5687E-035636 3402
 7.7212E+03 2.4739E-03 8.2477E+03 2.3844E-03 8.8047E+03 2.2991E-035636 3402
 9.3861E+03 2.2187E-03 1.0000E+04 2.1419E-03 1.0478E+04 2.0807E-035636 3402
 1.0977E+04 2.0216E-03 1.1490E+04 1.9651E-03 1.2025E+04 1.9106E-035636 3402
 1.2575E+04 1.8585E-03 1.3147E+04 1.8081E-03 1.4347E+04 1.7133E-035636 3402
 1.5628E+04 1.6254E-03 1.6995E+04 1.5438E-03 1.8451E+04 1.4681E-035636 3402
 2.0000E+04 1.3976E-03 2.1321E+04 1.3569E-03 2.2713E+04 1.3179E-035636 3402
 2.4162E+04 1.2810E-03 2.5688E+04 1.2456E-03 2.7275E+04 1.2120E-035636 3402
 2.8943E+04 1.1798E-03 3.0675E+04 1.1492E-03 3.2493E+04 1.1197E-035636 3402
 3.4380E+04 1.0918E-03 3.6357E+04 1.0649E-03 3.8406E+04 1.0392E-035636 3402
 4.0551E+04 1.0146E-03 4.2772E+04 9.9113E-04 4.5093E+04 9.6850E-045636 3402
 5.0000E+04 9.2612E-04 5.4937E+04 9.0208E-04 6.0246E+04 8.7956E-045636 3402
 6.5880E+04 8.5870E-04 7.1917E+04 8.3915E-04 7.8307E+04 8.2104E-045636 3402
 8.5130E+04 8.0409E-04 9.2332E+04 7.8839E-04 1.0000E+05 7.7369E-045636 3402
 1.0994E+05 7.5578E-04 1.2064E+05 7.3927E-04 1.3194E+05 7.2434E-045636 3402
 1.4405E+05 7.1064E-04 1.5681E+05 6.9827E-04 1.7044E+05 6.8697E-045636 3402
 1.8476E+05 6.7683E-04 2.0000E+05 6.6763E-04 2.3620E+05 6.7619E-045636 3402
 2.7646E+05 6.8733E-04 3.2100E+05 7.0106E-04 3.7000E+05 7.1733E-045636 3402
 4.4051E+05 8.0060E-04 5.1880E+05 8.9298E-04 6.0520E+05 9.9538E-045636 3402
 7.0000E+05 1.1087E-03 7.2927E+05 1.0773E-03 7.5983E+05 1.0470E-035636 3402
 7.9175E+05 1.0181E-03 8.2508E+05 9.9024E-04 8.2651E+05 9.8912E-045636 3402
 8.2794E+05 9.8799E-04 8.2937E+05 9.8682E-04 8.3080E+05 9.8568E-045636 3402
 8.3368E+05 9.8342E-04 8.3657E+05 9.8115E-04 8.3946E+05 9.7892E-045636 3402
 8.4237E+05 9.7669E-04 8.4821E+05 9.7223E-04 8.5410E+05 9.6780E-045636 3402
 8.6002E+05 9.6339E-04 8.7200E+05 9.5472E-04 8.8414E+05 9.4616E-045636 3402
 8.9644E+05 9.3769E-04 9.2158E+05 9.2118E-04 9.2259E+05 9.2053E-045636 3402
 9.5028E+05 9.0339E-04 9.7884E+05 8.8674E-04 1.0000E+06 8.7503E-045636 3402
 1.2326E+06 1.0113E-03 1.5000E+06 1.1697E-03 1.5615E+06 1.2064E-035636 3402
 1.5615E+06 1.2064E-03 1.5917E+06 1.2244E-03 1.5917E+06 1.2244E-035636 3402
 1.6000E+06 1.2294E-03 1.6867E+06 1.2268E-03 1.7777E+06 1.2251E-035636 3402
 1.7779E+06 1.2251E-03 1.7787E+06 1.2251E-03 1.8839E+06 1.2240E-035636 3402
 2.0000E+06 1.2237E-03 2.0652E+06 1.1769E-03 2.0652E+06 1.1769E-035636 3402
 2.0954E+06 1.1563E-03 2.0954E+06 1.1563E-03 2.1559E+06 1.1172E-035636 3402
 2.2200E+06 1.0785E-03 2.2264E+06 1.0748E-03 2.2264E+06 1.0748E-035636 3402
 2.2916E+06 1.0383E-03 2.3594E+06 1.0030E-03 2.4283E+06 9.6931E-045636 3402
 2.5000E+06 9.3662E-04 2.5574E+06 9.1197E-04 2.6166E+06 8.8791E-045636 3402
 2.6767E+06 8.6471E-04 2.7386E+06 8.4203E-04 2.8014E+06 8.2024E-045636 3402
 2.8660E+06 7.9891E-04 2.9320E+06 7.7829E-04 3.0000E+06 7.5813E-045636 3402
 3.1184E+06 7.3464E-04 3.2411E+06 7.1211E-04 3.3683E+06 6.9053E-045636 3402
 3.5000E+06 6.6979E-04 3.6187E+06 6.5241E-04 3.7422E+06 6.3547E-045636 3402
 3.8685E+06 6.1925E-04 4.0000E+06 6.0346E-04 4.1194E+06 5.8997E-045636 3402
 4.2431E+06 5.7677E-04 4.3693E+06 5.6405E-04 4.5000E+06 5.5161E-045636 3402
 4.6199E+06 5.4078E-04 4.7437E+06 5.3016E-04 4.8698E+06 5.1989E-045636 3402
 5.0000E+06 5.0981E-04 5.1199E+06 5.0255E-04 5.2431E+06 4.9541E-045636 3402
 5.3698E+06 4.8838E-04 5.5000E+06 4.8144E-04 5.7437E+06 4.6924E-045636 3402
 6.0000E+06 4.5737E-04 6.1717E+06 4.4990E-04 6.3490E+06 4.4255E-045636 3402
 6.3499E+06 4.4253E-04 6.5000E+06 4.3659E-04 6.7447E+06 4.2743E-045636 3402
 7.0000E+06 4.1844E-04 7.2471E+06 4.2990E-04 7.5000E+06 4.4161E-045636 3402
 7.6939E+06 4.5055E-04 7.6949E+06 4.5060E-04 7.9879E+06 4.6408E-045636 3402
 8.0000E+06 4.6464E-04 8.2475E+06 4.7597E-04 8.5000E+06 4.8749E-045636 3402
 8.7165E+06 4.9736E-04 8.9366E+06 5.0737E-04 8.9377E+06 5.0740E-045636 3402
 8.9682E+06 5.0879E-04 8.9694E+06 5.0885E-04 9.0000E+06 5.1024E-045636 3402
 9.0766E+06 5.1372E-04 9.2862E+06 5.2321E-04 9.4990E+06 5.3280E-045636 3402
 9.5000E+06 5.3285E-04 9.7479E+06 5.4401E-04 1.0000E+07 5.5533E-045636 3402
 1.0248E+07 5.7878E-04 1.0500E+07 6.0305E-04 1.0748E+07 6.2734E-045636 3402
 1.1000E+07 6.5245E-04 1.1248E+07 6.7759E-04 1.1500E+07 7.0353E-045636 3402
 1.1748E+07 7.2946E-04 1.2000E+07 7.5625E-04 1.2248E+07 7.8485E-045636 3402
 1.2500E+07 8.1438E-04 1.2748E+07 8.4397E-04 1.3000E+07 8.7454E-045636 3402
 1.3248E+07 9.0512E-04 1.3500E+07 9.3664E-04 1.3748E+07 9.6823E-045636 3402
 1.4000E+07 1.0008E-03 1.4249E+07 1.0334E-03 1.4500E+07 1.0669E-035636 3402
 1.4749E+07 1.1005E-03 1.5000E+07 1.1350E-03 1.5249E+07 1.1718E-035636 3402
 1.5500E+07 1.2095E-03 1.5749E+07 1.2476E-03 1.6000E+07 1.2865E-035636 3402
 1.6249E+07 1.3257E-03 1.6500E+07 1.3658E-03 1.6749E+07 1.4062E-035636 3402
 1.7000E+07 1.4475E-03 1.7249E+07 1.4890E-03 1.7500E+07 1.5316E-035636 3402
 1.7749E+07 1.5743E-03 1.8000E+07 1.6180E-03 1.8249E+07 1.6619E-035636 3402
 1.8500E+07 1.7067E-03 1.8749E+07 1.7519E-03 1.9000E+07 1.7979E-035636 3402
 1.9249E+07 1.8441E-03 1.9500E+07 1.8914E-03 1.9749E+07 1.9388E-035636 3402
 2.0000E+07 1.9872E-03                                            5636 3402
                                                                  5636 3  0
