BE- 10N,G    1.1000-01* ESTIMATE, BE9 REVISED                      410 3102
                                                                   410 3102
 4.01000+03 9.9275E+00          0         99          0          0 410 3102
 3.0000E+02 5.0402E+05          0          0          1        157 410 3102
        157          2                                             410 3102
 1.0000E-05 5.2558E-02 2.0000E-05 3.7158E-02 3.0000E-05 3.0349E-02 410 3102
 4.0000E-05 2.6279E-02 6.0000E-05 2.1461E-02 8.0000E-05 1.8579E-02 410 3102
 1.0000E-04 1.6621E-02 1.1422E-04 1.5552E-02 1.2974E-04 1.4593E-02 410 3102
 1.4736E-04 1.3692E-02 1.6738E-04 1.2847E-02 1.8908E-04 1.2088E-02 410 3102
 2.1240E-04 1.1405E-02 2.3860E-04 1.0760E-02 2.6803E-04 1.0152E-02 410 3102
 2.9943E-04 9.6054E-03 3.3451E-04 9.0878E-03 3.7369E-04 8.5981E-03 410 3102
 4.1516E-04 8.1574E-03 4.6124E-04 7.7393E-03 5.1242E-04 7.3426E-03 410 3102
 5.6615E-04 6.9856E-03 6.2550E-04 6.6459E-03 6.9108E-04 6.3227E-03 410 3102
 7.6353E-04 6.0152E-03 8.4358E-04 5.7227E-03 9.2688E-04 5.4595E-03 410 3102
 1.0184E-03 5.2084E-03 1.1189E-03 4.9689E-03 1.2226E-03 4.7535E-03 410 3102
 1.3359E-03 4.5475E-03 1.4597E-03 4.3504E-03 1.5950E-03 4.1618E-03 410 3102
 1.7428E-03 3.9814E-03 1.8938E-03 3.8194E-03 2.0579E-03 3.6640E-03 410 3102
 2.2361E-03 3.5149E-03 2.4299E-03 3.3719E-03 2.6258E-03 3.2437E-03 410 3102
 2.8533E-03 3.1117E-03 3.1005E-03 2.9851E-03 3.3691E-03 2.8636E-03 410 3102
 3.6609E-03 2.7471E-03 3.9781E-03 2.6353E-03 4.2988E-03 2.5351E-03 410 3102
 4.6455E-03 2.4387E-03 5.0200E-03 2.3460E-03 5.4248E-03 2.2568E-03 410 3102
 5.8298E-03 2.1769E-03 6.2999E-03 2.0942E-03 6.7703E-03 2.0200E-03 410 3102
 7.8190E-03 1.8798E-03 9.0301E-03 1.7491E-03 1.0371E-02 1.6322E-03 410 3102
 1.1912E-02 1.5229E-03 1.3605E-02 1.4250E-03 1.5454E-02 1.3370E-03 410 3102
 1.7553E-02 1.2545E-03 1.9828E-02 1.1804E-03 2.2397E-02 1.1107E-03 410 3102
 2.5300E-02 1.0450E-03 2.8414E-02 9.8608E-04 3.1911E-02 9.3048E-04 410 3102
 3.5838E-02 8.7802E-04 3.9916E-02 8.3196E-04 4.4458E-02 7.8831E-04 410 3102
 4.9518E-02 7.4695E-04 5.5153E-02 7.0777E-04 6.0922E-02 6.7342E-04 410 3102
 6.7294E-02 6.4075E-04 7.4333E-02 6.0965E-04 8.2109E-02 5.8007E-04 410 3102
 9.0697E-02 5.5192E-04 1.0018E-01 5.2514E-04 1.0975E-01 5.0173E-04 410 3102
 1.2023E-01 4.7937E-04 1.3171E-01 4.5800E-04 1.4429E-01 4.3758E-04 410 3102
 1.5806E-01 4.1808E-04 1.7315E-01 3.9944E-04 1.8812E-01 3.8323E-04 410 3102
 2.0608E-01 3.6615E-04 2.2390E-01 3.5127E-04 2.4325E-01 3.3701E-04 410 3102
 2.6428E-01 3.2332E-04 2.8712E-01 3.1020E-04 3.0936E-01 2.9884E-04 410 3102
 3.3610E-01 2.8670E-04 3.6214E-01 2.7621E-04 3.9344E-01 2.6499E-04 410 3102
 4.2392E-01 2.5529E-04 4.5676E-01 2.4594E-04 4.9214E-01 2.3693E-04 410 3102
 5.3468E-01 2.2731E-04 5.7610E-01 2.1899E-04 6.2073E-01 2.1097E-04 410 3102
 6.6882E-01 2.0325E-04 7.2063E-01 1.9580E-04 7.7646E-01 1.8863E-04 410 3102
 8.9398E-01 1.7579E-04 1.0293E+00 1.6383E-04 1.1851E+00 1.5268E-04 410 3102
 1.3532E+00 1.4289E-04 1.5451E+00 1.3372E-04 1.7643E+00 1.2514E-04 410 3102
 1.9979E+00 1.1759E-04 2.2625E+00 1.1051E-04 2.5409E+00 1.0427E-04 410 3102
 2.8774E+00 9.7987E-05 3.2315E+00 9.2463E-05 3.6292E+00 8.7249E-05 410 3102
 4.0422E+00 8.2672E-05 4.6155E+00 7.7366E-05 5.2267E+00 7.2702E-05 410 3102
 5.9188E+00 6.8320E-05 6.6473E+00 6.4468E-05 7.5275E+00 6.0581E-05 410 3102
 8.4539E+00 5.7166E-05 9.4943E+00 5.3943E-05 1.0575E+01 5.1113E-05 410 3102
 1.1778E+01 4.8431E-05 1.3118E+01 4.5890E-05 1.4611E+01 4.3483E-05 410 3102
 1.6274E+01 4.1202E-05 1.8126E+01 3.9040E-05 2.0022E+01 3.7146E-05 410 3102
 2.2116E+01 3.5343E-05 2.4430E+01 3.3628E-05 2.6985E+01 3.1996E-05 410 3102
 2.9562E+01 3.0570E-05 3.2654E+01 2.9086E-05 3.5772E+01 2.7790E-05 410 3102
 3.9187E+01 2.6552E-05 4.2929E+01 2.5368E-05 4.7028E+01 2.4237E-05 410 3102
 5.1518E+01 2.3157E-05 5.6437E+01 2.2124E-05 6.1316E+01 2.1227E-05 410 3102
 6.6616E+01 2.0364E-05 7.2374E+01 1.9537E-05 7.8630E+01 1.8744E-05 410 3102
 8.5426E+01 1.7983E-05 9.2810E+01 1.7252E-05 1.0000E+02 1.6621E-05 410 3102
 1.2136E+02 1.6054E-05 1.4594E+02 1.5532E-05 1.7388E+02 1.5052E-05 410 3102
 2.0574E+02 1.4605E-05 2.4120E+02 1.4194E-05 2.8148E+02 1.3806E-05 410 3102
 3.2622E+02 1.3446E-05 3.7634E+02 1.3106E-05 4.9282E+02 1.2487E-05 410 3102
 6.3358E+02 1.1938E-05 8.0150E+02 1.1445E-05 1.0000E+03 1.1000E-05 410 3102
 2.0000E+07 5.4039E-04                                             410 3102
                                                                   410 3  0
