CD-106N,G    1.0000+00* JEF-2.2                                   4806 3102
                                                                  4806 3102
 4.81060+04 1.0500E+02          0         99          0          04806 3102
 3.0000E+02 7.9226E+06          0          0          1       15724806 3102
       1572          2                                            4806 3102
 1.0000E-05 4.9383E+01 1.0849E-05 4.7411E+01 1.1698E-05 4.5658E+014806 3102
 1.2335E-05 4.4464E+01 1.2972E-05 4.3359E+01 1.3396E-05 4.2667E+014806 3102
 1.4670E-05 4.0773E+01 1.6368E-05 3.8600E+01 1.6793E-05 3.8109E+014806 3102
 1.8491E-05 3.6317E+01 2.0189E-05 3.4757E+01 2.1887E-05 3.3382E+014806 3102
 2.3586E-05 3.2158E+01 2.6133E-05 3.0551E+01 2.6982E-05 3.0066E+014806 3102
 2.9529E-05 2.8741E+01 3.2926E-05 2.7218E+01 3.5473E-05 2.6223E+014806 3102
 3.7171E-05 2.5618E+01 4.0567E-05 2.4522E+01 4.3964E-05 2.3556E+014806 3102
 4.7360E-05 2.2696E+01 5.0757E-05 2.1924E+01 5.5851E-05 2.0901E+014806 3102
 5.7549E-05 2.0590E+01 6.4342E-05 1.9474E+01 7.1135E-05 1.8521E+014806 3102
 7.7928E-05 1.7696E+01 8.4721E-05 1.6972E+01 9.1513E-05 1.6331E+014806 3102
 9.6608E-05 1.5895E+01 1.0170E-04 1.5492E+01 1.0510E-04 1.5240E+014806 3102
 1.1529E-04 1.4551E+01 1.1868E-04 1.4342E+01 1.2887E-04 1.3764E+014806 3102
 1.3906E-04 1.3250E+01 1.4586E-04 1.2938E+01 1.5944E-04 1.2376E+014806 3102
 1.7303E-04 1.1880E+01 1.8661E-04 1.1440E+01 2.0020E-04 1.1046E+014806 3102
 2.2058E-04 1.0524E+01 2.4775E-04 9.9304E+00 2.6813E-04 9.5460E+004806 3102
 2.8171E-04 9.3132E+00 3.0888E-04 8.8946E+00 3.3605E-04 8.5277E+004806 3102
 3.6322E-04 8.2029E+00 3.9040E-04 7.9125E+00 4.3115E-04 7.5296E+004806 3102
 4.4474E-04 7.4138E+00 4.8549E-04 7.0960E+00 5.2625E-04 6.8159E+004806 3102
 5.5342E-04 6.6466E+00 6.0776E-04 6.3427E+00 6.6211E-04 6.0771E+004806 3102
 7.1645E-04 5.8422E+00 7.7079E-04 5.6326E+00 8.5230E-04 5.3567E+004806 3102
 8.7948E-04 5.2733E+00 9.6099E-04 5.0448E+00 1.0425E-03 4.8436E+004806 3102
 1.0968E-03 4.7221E+00 1.2055E-03 4.5043E+00 1.3142E-03 4.3140E+004806 3102
 1.4229E-03 4.1459E+00 1.5316E-03 3.9961E+00 1.6946E-03 3.7990E+004806 3102
 1.7489E-03 3.7395E+00 1.9120E-03 3.5765E+00 2.0750E-03 3.4331E+004806 3102
 2.1837E-03 3.3466E+00 2.4011E-03 3.1915E+00 2.6184E-03 3.0561E+004806 3102
 2.8358E-03 2.9367E+00 3.0532E-03 2.8302E+00 3.3792E-03 2.6902E+004806 3102
 3.4879E-03 2.6479E+00 3.8140E-03 2.5322E+00 4.1400E-03 2.4304E+004806 3102
 4.3574E-03 2.3690E+00 4.7921E-03 2.2590E+00 5.2268E-03 2.1630E+004806 3102
 5.6616E-03 2.0783E+00 6.0963E-03 2.0028E+00 6.7484E-03 1.9036E+004806 3102
 6.9658E-03 1.8736E+00 7.6179E-03 1.7916E+00 8.2700E-03 1.7195E+004806 3102
 8.7048E-03 1.6760E+00 9.5742E-03 1.5981E+00 1.0444E-02 1.5301E+004806 3102
 1.1313E-02 1.4701E+00 1.2183E-02 1.4166E+00 1.3487E-02 1.3464E+004806 3102
 1.3922E-02 1.3252E+00 1.5226E-02 1.2671E+00 1.6530E-02 1.2160E+004806 3102
 1.7399E-02 1.1853E+00 1.9138E-02 1.1301E+00 2.0877E-02 1.0820E+004806 3102
 2.2616E-02 1.0395E+00 2.4355E-02 1.0017E+00 2.6964E-02 9.5197E-014806 3102
 2.7833E-02 9.3696E-01 3.0442E-02 8.9586E-01 3.3050E-02 8.5974E-014806 3102
 3.4789E-02 8.3796E-01 3.8267E-02 7.9893E-01 4.1745E-02 7.6488E-014806 3102
 4.5223E-02 7.3483E-01 4.8701E-02 7.0808E-01 5.3917E-02 6.7289E-014806 3102
 5.5656E-02 6.6226E-01 6.0873E-02 6.3317E-01 6.6090E-02 6.0760E-014806 3102
 6.9568E-02 5.9219E-01 7.6524E-02 5.6459E-01 8.3480E-02 5.4047E-014806 3102
 9.0435E-02 5.1920E-01 9.7391E-02 5.0028E-01 1.0782E-01 4.7536E-014806 3102
 1.1130E-01 4.6784E-01 1.2174E-01 4.4725E-01 1.3217E-01 4.2913E-014806 3102
 1.3913E-01 4.1823E-01 1.5304E-01 3.9870E-01 1.6695E-01 3.8161E-014806 3102
 1.8086E-01 3.6653E-01 1.9477E-01 3.5314E-01 2.1564E-01 3.3548E-014806 3102
 2.2260E-01 3.3015E-01 2.4346E-01 3.1557E-01 2.6433E-01 3.0271E-014806 3102
 2.7824E-01 2.9499E-01 3.0607E-01 2.8116E-01 3.3389E-01 2.6903E-014806 3102
 3.6171E-01 2.5833E-01 3.8953E-01 2.4884E-01 4.3127E-01 2.3629E-014806 3102
 4.4518E-01 2.3250E-01 4.8692E-01 2.2217E-01 5.2865E-01 2.1303E-014806 3102
 5.5647E-01 2.0754E-01 6.1212E-01 1.9771E-01 6.6777E-01 1.8910E-014806 3102
 7.2341E-01 1.8149E-01 7.7906E-01 1.7472E-01 8.6253E-01 1.6579E-014806 3102
 8.9035E-01 1.6309E-01 9.7382E-01 1.5573E-01 1.0573E+00 1.4922E-014806 3102
 1.1129E+00 1.4530E-01 1.2242E+00 1.3828E-01 1.3355E+00 1.3212E-014806 3102
 1.4468E+00 1.2668E-01 1.5581E+00 1.2184E-01 1.7250E+00 1.1544E-014806 3102
 1.7807E+00 1.1351E-01 1.9476E+00 1.0823E-01 2.1146E+00 1.0355E-014806 3102
 2.2259E+00 1.0074E-01 2.4485E+00 9.5681E-02 2.6710E+00 9.1248E-024806 3102
 2.8936E+00 8.7326E-02 3.1162E+00 8.3827E-02 3.4501E+00 7.9202E-024806 3102
 3.5614E+00 7.7802E-02 3.8953E+00 7.3973E-02 4.2291E+00 7.0582E-024806 3102
 4.4517E+00 6.8535E-02 4.8969E+00 6.4856E-02 5.3421E+00 6.1626E-024806 3102
 5.7872E+00 5.8765E-02 6.2324E+00 5.6205E-02 6.6776E+00 5.3897E-024806 3102
 7.1227E+00 5.1803E-02 7.7905E+00 4.8993E-02 8.4583E+00 4.6507E-024806 3102
 8.9034E+00 4.5001E-02 9.3486E+00 4.3604E-02 1.0239E+01 4.1076E-024806 3102
 1.0684E+01 3.9927E-02 1.1574E+01 3.7828E-02 1.2465E+01 3.5949E-024806 3102
 1.3355E+01 3.4256E-02 1.4245E+01 3.2722E-02 1.5581E+01 3.0666E-024806 3102
 1.6917E+01 2.8853E-02 1.7807E+01 2.7757E-02 1.8697E+01 2.6741E-024806 3102
 1.9588E+01 2.5795E-02 2.0478E+01 2.4912E-02 2.1368E+01 2.4086E-024806 3102
 2.3149E+01 2.2580E-02 2.4930E+01 2.1241E-02 2.6710E+01 2.0043E-024806 3102
 2.8491E+01 1.8963E-02 3.0272E+01 1.7985E-02 3.2052E+01 1.7096E-024806 3102
 3.3833E+01 1.6283E-02 3.5614E+01 1.5537E-02 3.7394E+01 1.4850E-024806 3102
 3.9175E+01 1.4216E-02 4.0956E+01 1.3629E-02 4.2736E+01 1.3084E-024806 3102
 4.4517E+01 1.2576E-02 4.6298E+01 1.2103E-02 4.8078E+01 1.1661E-024806 3102
 4.9859E+01 1.1247E-02 5.1640E+01 1.0859E-02 5.3420E+01 1.0495E-024806 3102
 5.6982E+01 9.8289E-03 6.0543E+01 9.2360E-03 6.4105E+01 8.7060E-034806 3102
 6.7666E+01 8.2302E-03 7.1227E+01 7.8013E-03 7.4789E+01 7.4134E-034806 3102
 7.8350E+01 7.0614E-03 8.1911E+01 6.7413E-03 8.5473E+01 6.4493E-034806 3102
 8.9034E+01 6.1823E-03 9.2596E+01 5.9378E-03 9.6157E+01 5.7135E-034806 3102
 9.9718E+01 5.5072E-03 1.0328E+02 5.3174E-03 1.0684E+02 5.1423E-034806 3102
 1.1040E+02 4.9808E-03 1.1396E+02 4.8317E-03 1.1753E+02 4.6938E-034806 3102
 1.2109E+02 4.5663E-03 1.2821E+02 4.3391E-03 1.3533E+02 4.1441E-034806 3102
 1.4245E+02 3.9772E-03 1.4958E+02 3.8345E-03 1.5670E+02 3.7131E-034806 3102
 1.6382E+02 3.6106E-03 1.7095E+02 3.5250E-03 1.7807E+02 3.4547E-034806 3102
 1.8519E+02 3.3984E-03 1.9231E+02 3.3549E-03 1.9944E+02 3.3236E-034806 3102
 2.0656E+02 3.3037E-03 2.1368E+02 3.2947E-03 2.2080E+02 3.2964E-034806 3102
 2.2793E+02 3.3087E-03 2.3505E+02 3.3314E-03 2.4217E+02 3.3648E-034806 3102
 2.4930E+02 3.4091E-03 2.5642E+02 3.4648E-03 2.6354E+02 3.5325E-034806 3102
 2.7066E+02 3.6132E-03 2.7779E+02 3.7078E-03 2.8491E+02 3.8177E-034806 3102
 2.9203E+02 3.9447E-03 2.9915E+02 4.0909E-03 3.0628E+02 4.2591E-034806 3102
 3.1340E+02 4.4525E-03 3.2052E+02 4.6754E-03 3.2765E+02 4.9332E-034806 3102
 3.3121E+02 5.0772E-03 3.3833E+02 5.4015E-03 3.4189E+02 5.5842E-034806 3102
 3.4901E+02 5.9991E-03 3.5258E+02 6.2354E-03 3.5614E+02 6.4944E-034806 3102
 3.5970E+02 6.7790E-03 3.6326E+02 7.0930E-03 3.6682E+02 7.4409E-034806 3102
 3.7038E+02 7.8280E-03 3.7394E+02 8.2608E-03 3.7750E+02 8.7472E-034806 3102
 3.8107E+02 9.2963E-03 3.8463E+02 9.9211E-03 3.8819E+02 1.0638E-024806 3102
 3.8997E+02 1.1037E-02 3.9353E+02 1.1931E-02 3.9531E+02 1.2433E-024806 3102
 3.9709E+02 1.2978E-02 3.9887E+02 1.3571E-02 4.0065E+02 1.4219E-024806 3102
 4.0243E+02 1.4927E-02 4.0422E+02 1.5706E-02 4.0600E+02 1.6564E-024806 3102
 4.0778E+02 1.7513E-02 4.0956E+02 1.8568E-02 4.1134E+02 1.9746E-024806 3102
 4.1312E+02 2.1062E-02 4.1401E+02 2.1779E-02 4.1579E+02 2.3360E-024806 3102
 4.1668E+02 2.4230E-02 4.1846E+02 2.6151E-02 4.2024E+02 2.8357E-024806 3102
 4.2113E+02 2.9584E-02 4.2202E+02 3.0907E-02 4.2291E+02 3.2335E-024806 3102
 4.2380E+02 3.3880E-02 4.2469E+02 3.5556E-02 4.2558E+02 3.7377E-024806 3102
 4.2647E+02 3.9362E-02 4.2736E+02 4.1531E-02 4.2825E+02 4.3908E-024806 3102
 4.2914E+02 4.6522E-02 4.3004E+02 4.9405E-02 4.3093E+02 5.2595E-024806 3102
 4.3182E+02 5.6139E-02 4.3271E+02 6.0077E-02 4.3315E+02 6.2215E-024806 3102
 4.3404E+02 6.6902E-02 4.3449E+02 6.9465E-02 4.3538E+02 7.5096E-024806 3102
 4.3582E+02 7.8193E-02 4.3627E+02 8.1499E-02 4.3671E+02 8.5035E-024806 3102
 4.3716E+02 8.8824E-02 4.3760E+02 9.2889E-02 4.3805E+02 9.7258E-024806 3102
 4.3849E+02 1.0196E-01 4.3894E+02 1.0704E-01 4.3938E+02 1.1253E-014806 3102
 4.3983E+02 1.1847E-01 4.4027E+02 1.2493E-01 4.4072E+02 1.3196E-014806 3102
 4.4116E+02 1.3963E-01 4.4161E+02 1.4802E-01 4.4205E+02 1.5723E-014806 3102
 4.4250E+02 1.6736E-01 4.4294E+02 1.7855E-01 4.4339E+02 1.9092E-014806 3102
 4.4384E+02 2.0467E-01 4.4406E+02 2.1213E-01 4.4428E+02 2.2002E-014806 3102
 4.4450E+02 2.2837E-01 4.4473E+02 2.3724E-01 4.4495E+02 2.4665E-014806 3102
 4.4517E+02 2.5665E-01 4.4539E+02 2.6729E-01 4.4562E+02 2.7863E-014806 3102
 4.4584E+02 2.9072E-01 4.4606E+02 3.0364E-01 4.4628E+02 3.1746E-014806 3102
 4.4651E+02 3.3228E-01 4.4673E+02 3.4818E-01 4.4695E+02 3.6528E-014806 3102
 4.4717E+02 3.8370E-01 4.4740E+02 4.0359E-01 4.4762E+02 4.2510E-014806 3102
 4.4784E+02 4.4840E-01 4.4806E+02 4.7373E-01 4.4829E+02 5.0131E-014806 3102
 4.4851E+02 5.3142E-01 4.4873E+02 5.6437E-01 4.4895E+02 6.0055E-014806 3102
 4.4918E+02 6.4038E-01 4.4940E+02 6.8438E-01 4.4962E+02 7.3313E-014806 3102
 4.4985E+02 7.8738E-01 4.4996E+02 8.1683E-01 4.5007E+02 8.4800E-014806 3102
 4.5018E+02 8.8102E-01 4.5029E+02 9.1605E-01 4.5040E+02 9.5325E-014806 3102
 4.5051E+02 9.9278E-01 4.5062E+02 1.0349E+00 4.5074E+02 1.0798E+004806 3102
 4.5085E+02 1.1278E+00 4.5096E+02 1.1791E+00 4.5107E+02 1.2340E+004806 3102
 4.5118E+02 1.2929E+00 4.5129E+02 1.3563E+00 4.5140E+02 1.4245E+004806 3102
 4.5151E+02 1.4981E+00 4.5163E+02 1.5776E+00 4.5174E+02 1.6638E+004806 3102
 4.5185E+02 1.7574E+00 4.5196E+02 1.8593E+00 4.5207E+02 1.9706E+004806 3102
 4.5218E+02 2.0924E+00 4.5229E+02 2.2259E+00 4.5240E+02 2.3732E+004806 3102
 4.5252E+02 2.5360E+00 4.5263E+02 2.7166E+00 4.5274E+02 2.9179E+004806 3102
 4.5279E+02 3.0274E+00 4.5285E+02 3.1431E+00 4.5291E+02 3.2662E+004806 3102
 4.5296E+02 3.3966E+00 4.5302E+02 3.5356E+00 4.5307E+02 3.6834E+004806 3102
 4.5313E+02 3.8414E+00 4.5318E+02 4.0099E+00 4.5324E+02 4.1907E+004806 3102
 4.5330E+02 4.3843E+00 4.5335E+02 4.5929E+00 4.5341E+02 4.8172E+004806 3102
 4.5346E+02 5.0600E+00 4.5352E+02 5.3226E+00 4.5357E+02 5.6085E+004806 3102
 4.5363E+02 5.9197E+00 4.5368E+02 6.2609E+00 4.5374E+02 6.6353E+004806 3102
 4.5377E+02 6.8375E+00 4.5382E+02 7.2729E+00 4.5385E+02 7.5086E+004806 3102
 4.5388E+02 7.7587E+00 4.5391E+02 8.0224E+00 4.5394E+02 8.3021E+004806 3102
 4.5396E+02 8.5991E+00 4.5399E+02 8.9151E+00 4.5402E+02 9.2520E+004806 3102
 4.5405E+02 9.6119E+00 4.5406E+02 9.8011E+00 4.5409E+02 1.0201E+014806 3102
 4.5412E+02 1.0629E+01 4.5413E+02 1.0855E+01 4.5416E+02 1.1333E+014806 3102
 4.5419E+02 1.1849E+01 4.5421E+02 1.2409E+01 4.5424E+02 1.3013E+014806 3102
 4.5427E+02 1.3669E+01 4.5428E+02 1.4017E+01 4.5430E+02 1.4381E+014806 3102
 4.5431E+02 1.4764E+01 4.5432E+02 1.5160E+01 4.5434E+02 1.5574E+014806 3102
 4.5435E+02 1.6007E+01 4.5437E+02 1.6459E+01 4.5438E+02 1.6932E+014806 3102
 4.5439E+02 1.7426E+01 4.5441E+02 1.7943E+01 4.5442E+02 1.8488E+014806 3102
 4.5444E+02 1.9054E+01 4.5445E+02 1.9647E+01 4.5446E+02 2.0268E+014806 3102
 4.5448E+02 2.0918E+01 4.5449E+02 2.1598E+01 4.5451E+02 2.2311E+014806 3102
 4.5452E+02 2.3057E+01 4.5453E+02 2.3845E+01 4.5455E+02 2.4664E+014806 3102
 4.5456E+02 2.5522E+01 4.5458E+02 2.6422E+01 4.5459E+02 2.7363E+014806 3102
 4.5460E+02 2.8350E+01 4.5462E+02 2.9382E+01 4.5463E+02 3.0464E+014806 3102
 4.5464E+02 3.1605E+01 4.5466E+02 3.2791E+01 4.5467E+02 3.4032E+014806 3102
 4.5469E+02 3.5331E+01 4.5470E+02 3.6689E+01 4.5471E+02 3.8110E+014806 3102
 4.5473E+02 3.9596E+01 4.5474E+02 4.1149E+01 4.5476E+02 4.2783E+014806 3102
 4.5477E+02 4.4478E+01 4.5478E+02 4.6248E+01 4.5480E+02 4.8095E+014806 3102
 4.5481E+02 5.0022E+01 4.5483E+02 5.2032E+01 4.5484E+02 5.4126E+014806 3102
 4.5485E+02 5.6309E+01 4.5487E+02 5.8581E+01 4.5488E+02 6.0946E+014806 3102
 4.5489E+02 6.3405E+01 4.5491E+02 6.5963E+01 4.5492E+02 6.8620E+014806 3102
 4.5494E+02 7.1379E+01 4.5495E+02 7.4243E+01 4.5496E+02 7.7212E+014806 3102
 4.5498E+02 8.0313E+01 4.5499E+02 8.3502E+01 4.5501E+02 8.6803E+014806 3102
 4.5503E+02 9.3748E+01 4.5506E+02 1.0116E+02 4.5508E+02 1.0504E+024806 3102
 4.5510E+02 1.1319E+02 4.5512E+02 1.1743E+02 4.5515E+02 1.2627E+024806 3102
 4.5516E+02 1.3086E+02 4.5519E+02 1.4041E+02 4.5521E+02 1.5045E+024806 3102
 4.5523E+02 1.5562E+02 4.5526E+02 1.6628E+02 4.5530E+02 1.8303E+024806 3102
 4.5534E+02 2.0063E+02 4.5537E+02 2.1272E+02 4.5541E+02 2.3130E+024806 3102
 4.5545E+02 2.5032E+02 4.5549E+02 2.6945E+02 4.5556E+02 3.0108E+024806 3102
 4.5563E+02 3.2835E+02 4.5566E+02 3.4266E+02 4.5570E+02 3.5873E+024806 3102
 4.5574E+02 3.7105E+02 4.5578E+02 3.8428E+02 4.5581E+02 3.9386E+024806 3102
 4.5585E+02 4.0346E+02 4.5590E+02 4.1134E+02 4.5595E+02 4.1637E+024806 3102
 4.5597E+02 4.1797E+02 4.5601E+02 4.1842E+02 4.5605E+02 4.1627E+024806 3102
 4.5609E+02 4.1241E+02 4.5613E+02 4.0672E+02 4.5618E+02 3.9648E+024806 3102
 4.5620E+02 3.8871E+02 4.5623E+02 3.7990E+02 4.5628E+02 3.6323E+024806 3102
 4.5631E+02 3.5214E+02 4.5634E+02 3.4041E+02 4.5639E+02 3.1957E+024806 3102
 4.5645E+02 2.9316E+02 4.5650E+02 2.7046E+02 4.5656E+02 2.4313E+024806 3102
 4.5662E+02 2.1630E+02 4.5666E+02 1.9898E+02 4.5672E+02 1.7422E+024806 3102
 4.5674E+02 1.6634E+02 4.5678E+02 1.5122E+02 4.5680E+02 1.4396E+024806 3102
 4.5684E+02 1.3022E+02 4.5688E+02 1.1744E+02 4.5690E+02 1.1141E+024806 3102
 4.5692E+02 1.0563E+02 4.5694E+02 1.0009E+02 4.5696E+02 9.4792E+014806 3102
 4.5698E+02 8.9732E+01 4.5700E+02 8.4907E+01 4.5702E+02 8.0312E+014806 3102
 4.5704E+02 7.5943E+01 4.5706E+02 7.1793E+01 4.5708E+02 6.7857E+014806 3102
 4.5710E+02 6.4129E+01 4.5712E+02 6.0600E+01 4.5714E+02 5.7266E+014806 3102
 4.5716E+02 5.4118E+01 4.5718E+02 5.1148E+01 4.5720E+02 4.8351E+014806 3102
 4.5722E+02 4.5717E+01 4.5724E+02 4.3239E+01 4.5726E+02 4.0911E+014806 3102
 4.5728E+02 3.8725E+01 4.5730E+02 3.6672E+01 4.5732E+02 3.4748E+014806 3102
 4.5734E+02 3.2943E+01 4.5736E+02 3.1252E+01 4.5738E+02 2.9668E+014806 3102
 4.5740E+02 2.8185E+01 4.5742E+02 2.6797E+01 4.5744E+02 2.5492E+014806 3102
 4.5746E+02 2.4276E+01 4.5748E+02 2.3139E+01 4.5750E+02 2.2074E+014806 3102
 4.5752E+02 2.1078E+01 4.5754E+02 2.0145E+01 4.5756E+02 1.9272E+014806 3102
 4.5758E+02 1.8454E+01 4.5760E+02 1.7687E+01 4.5762E+02 1.6969E+014806 3102
 4.5764E+02 1.6294E+01 4.5766E+02 1.5662E+01 4.5768E+02 1.5067E+014806 3102
 4.5770E+02 1.4509E+01 4.5772E+02 1.3983E+01 4.5774E+02 1.3489E+014806 3102
 4.5776E+02 1.3023E+01 4.5778E+02 1.2583E+01 4.5782E+02 1.1776E+014806 3102
 4.5786E+02 1.1054E+01 4.5790E+02 1.0406E+01 4.5794E+02 9.8210E+004806 3102
 4.5798E+02 9.2914E+00 4.5802E+02 8.8098E+00 4.5806E+02 8.3701E+004806 3102
 4.5810E+02 7.9662E+00 4.5814E+02 7.5957E+00 4.5818E+02 7.2537E+004806 3102
 4.5822E+02 6.9372E+00 4.5826E+02 6.6433E+00 4.5829E+02 6.3696E+004806 3102
 4.5833E+02 6.1142E+00 4.5837E+02 5.8753E+00 4.5841E+02 5.6513E+004806 3102
 4.5845E+02 5.4409E+00 4.5849E+02 5.2428E+00 4.5853E+02 5.0562E+004806 3102
 4.5861E+02 4.7133E+00 4.5869E+02 4.4060E+00 4.5877E+02 4.1288E+004806 3102
 4.5885E+02 3.8784E+00 4.5893E+02 3.6510E+00 4.5901E+02 3.4437E+004806 3102
 4.5909E+02 3.2539E+00 4.5917E+02 3.0801E+00 4.5925E+02 2.9202E+004806 3102
 4.5933E+02 2.7728E+00 4.5941E+02 2.6364E+00 4.5949E+02 2.5102E+004806 3102
 4.5957E+02 2.3930E+00 4.5965E+02 2.2841E+00 4.5973E+02 2.1826E+004806 3102
 4.5981E+02 2.0879E+00 4.5989E+02 1.9993E+00 4.5997E+02 1.9163E+004806 3102
 4.6005E+02 1.8384E+00 4.6013E+02 1.7654E+00 4.6021E+02 1.6967E+004806 3102
 4.6029E+02 1.6320E+00 4.6036E+02 1.5710E+00 4.6044E+02 1.5134E+004806 3102
 4.6052E+02 1.4589E+00 4.6060E+02 1.4074E+00 4.6076E+02 1.3123E+004806 3102
 4.6092E+02 1.2267E+00 4.6108E+02 1.1493E+00 4.6124E+02 1.0790E+004806 3102
 4.6140E+02 1.0151E+00 4.6156E+02 9.5676E-01 4.6172E+02 9.0336E-014806 3102
 4.6188E+02 8.5439E-01 4.6204E+02 8.0932E-01 4.6220E+02 7.6780E-014806 3102
 4.6236E+02 7.2944E-01 4.6251E+02 6.9392E-01 4.6267E+02 6.6095E-014806 3102
 4.6283E+02 6.3033E-01 4.6299E+02 6.0181E-01 4.6315E+02 5.7523E-014806 3102
 4.6331E+02 5.5037E-01 4.6347E+02 5.2714E-01 4.6363E+02 5.0537E-014806 3102
 4.6379E+02 4.8494E-01 4.6395E+02 4.6575E-01 4.6411E+02 4.4770E-014806 3102
 4.6427E+02 4.3071E-01 4.6443E+02 4.1470E-01 4.6458E+02 3.9957E-014806 3102
 4.6474E+02 3.8529E-01 4.6506E+02 3.5898E-01 4.6538E+02 3.3532E-014806 3102
 4.6570E+02 3.1397E-01 4.6602E+02 2.9464E-01 4.6634E+02 2.7709E-014806 3102
 4.6665E+02 2.6111E-01 4.6697E+02 2.4651E-01 4.6729E+02 2.3316E-014806 3102
 4.6761E+02 2.2090E-01 4.6793E+02 2.0962E-01 4.6825E+02 1.9923E-014806 3102
 4.6857E+02 1.8962E-01 4.6888E+02 1.8074E-01 4.6920E+02 1.7249E-014806 3102
 4.6952E+02 1.6483E-01 4.6984E+02 1.5770E-01 4.7016E+02 1.5106E-014806 3102
 4.7048E+02 1.4486E-01 4.7079E+02 1.3906E-01 4.7111E+02 1.3363E-014806 3102
 4.7143E+02 1.2854E-01 4.7175E+02 1.2377E-01 4.7207E+02 1.1929E-014806 3102
 4.7271E+02 1.1111E-01 4.7334E+02 1.0385E-01 4.7398E+02 9.7357E-024806 3102
 4.7462E+02 9.1542E-02 4.7525E+02 8.6325E-02 4.7589E+02 8.1632E-024806 3102
 4.7653E+02 7.7401E-02 4.7716E+02 7.3580E-02 4.7780E+02 7.0126E-024806 3102
 4.7844E+02 6.7001E-02 4.7907E+02 6.4174E-02 4.7971E+02 6.1618E-024806 3102
 4.8035E+02 5.9311E-02 4.8099E+02 5.7236E-02 4.8162E+02 5.5377E-024806 3102
 4.8226E+02 5.3724E-02 4.8290E+02 5.2270E-02 4.8353E+02 5.1012E-024806 3102
 4.8417E+02 4.9949E-02 4.8481E+02 4.9086E-02 4.8544E+02 4.8435E-024806 3102
 4.8608E+02 4.8014E-02 4.8672E+02 4.7849E-02 4.8735E+02 4.7982E-024806 3102
 4.8799E+02 4.8471E-02 4.8863E+02 4.9402E-02 4.8926E+02 5.0895E-024806 3102
 4.8990E+02 5.3119E-02 4.9022E+02 5.4595E-02 4.9054E+02 5.6382E-024806 3102
 4.9086E+02 5.8548E-02 4.9118E+02 6.1173E-02 4.9149E+02 6.4367E-024806 3102
 4.9181E+02 6.8273E-02 4.9213E+02 7.3091E-02 4.9245E+02 7.9092E-024806 3102
 4.9277E+02 8.6661E-02 4.9293E+02 9.1201E-02 4.9309E+02 9.6369E-024806 3102
 4.9325E+02 1.0229E-01 4.9340E+02 1.0911E-01 4.9356E+02 1.1703E-014806 3102
 4.9372E+02 1.2629E-01 4.9388E+02 1.3722E-01 4.9404E+02 1.5025E-014806 3102
 4.9420E+02 1.6600E-01 4.9436E+02 1.8531E-01 4.9444E+02 1.9672E-014806 3102
 4.9452E+02 2.0954E-01 4.9460E+02 2.2411E-01 4.9468E+02 2.4080E-014806 3102
 4.9476E+02 2.6017E-01 4.9484E+02 2.8296E-01 4.9492E+02 3.1023E-014806 3102
 4.9500E+02 3.4351E-01 4.9508E+02 3.8505E-01 4.9512E+02 4.0980E-014806 3102
 4.9516E+02 4.3786E-01 4.9520E+02 4.6984E-01 4.9524E+02 5.0645E-014806 3102
 4.9528E+02 5.4852E-01 4.9532E+02 5.9703E-01 4.9536E+02 6.5312E-014806 3102
 4.9540E+02 7.1811E-01 4.9544E+02 7.9352E-01 4.9547E+02 8.8107E-014806 3102
 4.9551E+02 9.8271E-01 4.9555E+02 1.1006E+00 4.9557E+02 1.1664E+004806 3102
 4.9559E+02 1.2372E+00 4.9561E+02 1.3134E+00 4.9563E+02 1.3952E+004806 3102
 4.9565E+02 1.4836E+00 4.9567E+02 1.5779E+00 4.9569E+02 1.6791E+004806 3102
 4.9571E+02 1.7875E+00 4.9573E+02 1.9035E+00 4.9575E+02 2.0276E+004806 3102
 4.9577E+02 2.1602E+00 4.9579E+02 2.3017E+00 4.9581E+02 2.4526E+004806 3102
 4.9583E+02 2.6132E+00 4.9585E+02 2.7840E+00 4.9587E+02 2.9654E+004806 3102
 4.9589E+02 3.1578E+00 4.9591E+02 3.3617E+00 4.9593E+02 3.5774E+004806 3102
 4.9595E+02 3.8052E+00 4.9597E+02 4.0456E+00 4.9599E+02 4.2987E+004806 3102
 4.9601E+02 4.5650E+00 4.9603E+02 4.8445E+00 4.9605E+02 5.1376E+004806 3102
 4.9607E+02 5.4444E+00 4.9609E+02 5.7649E+00 4.9611E+02 6.0992E+004806 3102
 4.9613E+02 6.4474E+00 4.9615E+02 6.8093E+00 4.9619E+02 7.5736E+004806 3102
 4.9621E+02 7.9755E+00 4.9623E+02 8.3902E+00 4.9627E+02 9.2559E+004806 3102
 4.9631E+02 1.0168E+01 4.9637E+02 1.1604E+01 4.9643E+02 1.3100E+014806 3102
 4.9649E+02 1.4626E+01 4.9656E+02 1.6392E+01 4.9662E+02 1.7844E+014806 3102
 4.9667E+02 1.8975E+01 4.9670E+02 1.9611E+01 4.9673E+02 2.0203E+014806 3102
 4.9677E+02 2.1006E+01 4.9680E+02 2.1477E+01 4.9683E+02 2.1823E+014806 3102
 4.9686E+02 2.2185E+01 4.9687E+02 2.2341E+01 4.9690E+02 2.2565E+014806 3102
 4.9692E+02 2.2739E+01 4.9697E+02 2.2932E+01 4.9700E+02 2.2978E+014806 3102
 4.9703E+02 2.2943E+01 4.9707E+02 2.2782E+01 4.9710E+02 2.2602E+014806 3102
 4.9712E+02 2.2392E+01 4.9714E+02 2.2184E+01 4.9718E+02 2.1681E+014806 3102
 4.9722E+02 2.1071E+01 4.9727E+02 2.0206E+01 4.9731E+02 1.9393E+014806 3102
 4.9736E+02 1.8327E+01 4.9740E+02 1.7374E+01 4.9745E+02 1.6182E+014806 3102
 4.9750E+02 1.4954E+01 4.9758E+02 1.2893E+01 4.9763E+02 1.1680E+014806 3102
 4.9767E+02 1.0506E+01 4.9771E+02 9.7530E+00 4.9774E+02 9.0273E+004806 3102
 4.9777E+02 8.3297E+00 4.9780E+02 7.6668E+00 4.9784E+02 7.0380E+004806 3102
 4.9787E+02 6.4446E+00 4.9790E+02 5.8856E+00 4.9793E+02 5.3647E+004806 3102
 4.9796E+02 4.8799E+00 4.9800E+02 4.4307E+00 4.9801E+02 4.2185E+004806 3102
 4.9803E+02 4.0149E+00 4.9805E+02 3.8198E+00 4.9806E+02 3.6341E+004806 3102
 4.9808E+02 3.4552E+00 4.9809E+02 3.2854E+00 4.9811E+02 3.1221E+004806 3102
 4.9813E+02 2.9673E+00 4.9814E+02 2.8188E+00 4.9816E+02 2.6774E+004806 3102
 4.9818E+02 2.5428E+00 4.9819E+02 2.4156E+00 4.9822E+02 2.1792E+004806 3102
 4.9826E+02 1.9664E+00 4.9829E+02 1.7748E+00 4.9832E+02 1.6038E+004806 3102
 4.9835E+02 1.4510E+00 4.9839E+02 1.3148E+00 4.9842E+02 1.1932E+004806 3102
 4.9845E+02 1.0855E+00 4.9848E+02 9.8994E-01 4.9851E+02 9.0519E-014806 3102
 4.9855E+02 8.2986E-01 4.9858E+02 7.6333E-01 4.9861E+02 7.0436E-014806 3102
 4.9864E+02 6.5208E-01 4.9868E+02 6.0553E-01 4.9871E+02 5.6431E-014806 3102
 4.9874E+02 5.2761E-01 4.9877E+02 4.9487E-01 4.9884E+02 4.3929E-014806 3102
 4.9890E+02 3.9444E-01 4.9897E+02 3.5767E-01 4.9903E+02 3.2719E-014806 3102
 4.9910E+02 3.0149E-01 4.9916E+02 2.7959E-01 4.9923E+02 2.6064E-014806 3102
 4.9929E+02 2.4409E-01 4.9936E+02 2.2945E-01 4.9942E+02 2.1643E-014806 3102
 4.9955E+02 1.9419E-01 4.9968E+02 1.7587E-01 4.9981E+02 1.6052E-014806 3102
 4.9994E+02 1.4749E-01 5.0007E+02 1.3630E-01 5.0020E+02 1.2662E-014806 3102
 5.0032E+02 1.1816E-01 5.0045E+02 1.1074E-01 5.0071E+02 9.8327E-024806 3102
 5.0097E+02 8.8414E-02 5.0123E+02 8.0351E-02 5.0149E+02 7.3695E-024806 3102
 5.0175E+02 6.8132E-02 5.0201E+02 6.3432E-02 5.0226E+02 5.9421E-024806 3102
 5.0252E+02 5.5971E-02 5.0278E+02 5.2979E-02 5.0330E+02 4.8075E-024806 3102
 5.0382E+02 4.4237E-02 5.0433E+02 4.1158E-02 5.0485E+02 3.8647E-024806 3102
 5.0537E+02 3.6574E-02 5.0588E+02 3.4839E-02 5.0640E+02 3.3371E-024806 3102
 5.0744E+02 3.1034E-02 5.0795E+02 3.0093E-02 5.0899E+02 2.8547E-024806 3102
 5.0950E+02 2.7911E-02 5.1054E+02 2.6837E-02 5.1157E+02 2.5968E-024806 3102
 5.1261E+02 2.5264E-02 5.1364E+02 2.4689E-02 5.1571E+02 2.3833E-024806 3102
 5.1778E+02 2.3270E-02 5.1985E+02 2.2918E-02 5.2192E+02 2.2725E-024806 3102
 5.2399E+02 2.2666E-02 5.2606E+02 2.2721E-02 5.2812E+02 2.2877E-024806 3102
 5.3019E+02 2.3125E-02 5.3226E+02 2.3460E-02 5.3433E+02 2.3877E-024806 3102
 5.3640E+02 2.4376E-02 5.3847E+02 2.4956E-02 5.4054E+02 2.5620E-024806 3102
 5.4261E+02 2.6369E-02 5.4467E+02 2.7208E-02 5.4674E+02 2.8142E-024806 3102
 5.4881E+02 2.9176E-02 5.5088E+02 3.0319E-02 5.5295E+02 3.1580E-024806 3102
 5.5502E+02 3.2968E-02 5.5709E+02 3.4497E-02 5.5916E+02 3.6182E-024806 3102
 5.6122E+02 3.8038E-02 5.6329E+02 4.0087E-02 5.6536E+02 4.2351E-024806 3102
 5.6743E+02 4.4858E-02 5.6950E+02 4.7640E-02 5.7157E+02 5.0735E-024806 3102
 5.7364E+02 5.4190E-02 5.7571E+02 5.8045E-02 5.7674E+02 6.0142E-024806 3102
 5.7778E+02 6.2378E-02 5.7881E+02 6.4753E-02 5.7984E+02 6.7279E-024806 3102
 5.8088E+02 6.9968E-02 5.8191E+02 7.2835E-02 5.8295E+02 7.5894E-024806 3102
 5.8398E+02 7.9164E-02 5.8502E+02 8.2664E-02 5.8605E+02 8.6415E-024806 3102
 5.8708E+02 9.0443E-02 5.8812E+02 9.4773E-02 5.8915E+02 9.9438E-024806 3102
 5.9019E+02 1.0447E-01 5.9122E+02 1.0992E-01 5.9226E+02 1.1581E-014806 3102
 5.9329E+02 1.2222E-01 5.9433E+02 1.2919E-01 5.9536E+02 1.3679E-014806 3102
 5.9639E+02 1.4511E-01 5.9743E+02 1.5423E-01 5.9846E+02 1.6427E-014806 3102
 5.9950E+02 1.7534E-01 6.0053E+02 1.8760E-01 6.0157E+02 2.0117E-014806 3102
 6.0208E+02 2.0852E-01 6.0260E+02 2.1631E-01 6.0312E+02 2.2456E-014806 3102
 6.0363E+02 2.3330E-01 6.0415E+02 2.4258E-01 6.0467E+02 2.5243E-014806 3102
 6.0519E+02 2.6290E-01 6.0570E+02 2.7404E-01 6.0622E+02 2.8592E-014806 3102
 6.0674E+02 2.9860E-01 6.0726E+02 3.1215E-01 6.0777E+02 3.2667E-014806 3102
 6.0829E+02 3.4223E-01 6.0881E+02 3.5894E-01 6.0932E+02 3.7693E-014806 3102
 6.0984E+02 3.9631E-01 6.1036E+02 4.1725E-01 6.1088E+02 4.3992E-014806 3102
 6.1139E+02 4.6450E-01 6.1191E+02 4.9122E-01 6.1243E+02 5.2034E-014806 3102
 6.1294E+02 5.5214E-01 6.1346E+02 5.8699E-01 6.1398E+02 6.2526E-014806 3102
 6.1450E+02 6.6740E-01 6.1501E+02 7.1393E-01 6.1527E+02 7.3904E-014806 3102
 6.1553E+02 7.6554E-01 6.1579E+02 7.9351E-01 6.1605E+02 8.2307E-014806 3102
 6.1631E+02 8.5434E-01 6.1656E+02 8.8744E-01 6.1682E+02 9.2251E-014806 3102
 6.1708E+02 9.5971E-01 6.1734E+02 9.9922E-01 6.1760E+02 1.0412E+004806 3102
 6.1786E+02 1.0859E+00 6.1799E+02 1.1094E+00 6.1812E+02 1.1336E+004806 3102
 6.1825E+02 1.1587E+00 6.1844E+02 1.1978E+00 6.1857E+02 1.2251E+004806 3102
 6.1865E+02 1.2425E+00 6.1868E+02 1.2497E+00 6.1880E+02 1.2750E+004806 3102
 6.1889E+02 1.2974E+00 6.1896E+02 1.3126E+00 6.1909E+02 1.3439E+004806 3102
 6.1928E+02 1.3930E+00 6.1941E+02 1.4273E+00 6.1954E+02 1.4628E+004806 3102
 6.1967E+02 1.4997E+00 6.1980E+02 1.5380E+00 6.1993E+02 1.5779E+004806 3102
 6.2006E+02 1.6193E+00 6.2019E+02 1.6623E+00 6.2031E+02 1.7071E+004806 3102
 6.2044E+02 1.7538E+00 6.2057E+02 1.8024E+00 6.2070E+02 1.8530E+004806 3102
 6.2083E+02 1.9058E+00 6.2096E+02 1.9610E+00 6.2109E+02 2.0186E+004806 3102
 6.2122E+02 2.0787E+00 6.2135E+02 2.1416E+00 6.2148E+02 2.2075E+004806 3102
 6.2161E+02 2.2764E+00 6.2167E+02 2.3121E+00 6.2174E+02 2.3486E+004806 3102
 6.2180E+02 2.3861E+00 6.2187E+02 2.4244E+00 6.2193E+02 2.4637E+004806 3102
 6.2200E+02 2.5039E+00 6.2206E+02 2.5451E+00 6.2212E+02 2.5874E+004806 3102
 6.2219E+02 2.6307E+00 6.2225E+02 2.6751E+00 6.2232E+02 2.7208E+004806 3102
 6.2238E+02 2.7675E+00 6.2245E+02 2.8155E+00 6.2251E+02 2.8647E+004806 3102
 6.2258E+02 2.9154E+00 6.2264E+02 2.9673E+00 6.2271E+02 3.0207E+004806 3102
 6.2277E+02 3.0754E+00 6.2284E+02 3.1318E+00 6.2290E+02 3.1897E+004806 3102
 6.2297E+02 3.2492E+00 6.2303E+02 3.3104E+00 6.2309E+02 3.3735E+004806 3102
 6.2316E+02 3.4382E+00 6.2322E+02 3.5050E+00 6.2329E+02 3.5736E+004806 3102
 6.2335E+02 3.6444E+00 6.2342E+02 3.7173E+00 6.2348E+02 3.7925E+004806 3102
 6.2355E+02 3.8698E+00 6.2361E+02 3.9497E+00 6.2368E+02 4.0320E+004806 3102
 6.2374E+02 4.1171E+00 6.2381E+02 4.2048E+00 6.2387E+02 4.2954E+004806 3102
 6.2393E+02 4.3889E+00 6.2400E+02 4.4857E+00 6.2406E+02 4.5856E+004806 3102
 6.2413E+02 4.6890E+00 6.2419E+02 4.7958E+00 6.2426E+02 4.9066E+004806 3102
 6.2432E+02 5.0211E+00 6.2439E+02 5.1398E+00 6.2445E+02 5.2627E+004806 3102
 6.2452E+02 5.3903E+00 6.2458E+02 5.5224E+00 6.2465E+02 5.6597E+004806 3102
 6.2471E+02 5.8020E+00 6.2478E+02 5.9501E+00 6.2484E+02 6.1037E+004806 3102
 6.2490E+02 6.2636E+00 6.2497E+02 6.4298E+00 6.2503E+02 6.6029E+004806 3102
 6.2510E+02 6.7830E+00 6.2516E+02 6.9709E+00 6.2523E+02 7.1666E+004806 3102
 6.2529E+02 7.3710E+00 6.2536E+02 7.5841E+00 6.2542E+02 7.8070E+004806 3102
 6.2549E+02 8.0397E+00 6.2555E+02 8.2835E+00 6.2562E+02 8.5383E+004806 3102
 6.2568E+02 8.8057E+00 6.2575E+02 9.0856E+00 6.2581E+02 9.3797E+004806 3102
 6.2587E+02 9.6881E+00 6.2594E+02 1.0013E+01 6.2600E+02 1.0354E+014806 3102
 6.2607E+02 1.0713E+01 6.2613E+02 1.1092E+01 6.2620E+02 1.1492E+014806 3102
 6.2626E+02 1.1913E+01 6.2633E+02 1.2360E+01 6.2639E+02 1.2832E+014806 3102
 6.2646E+02 1.3333E+01 6.2652E+02 1.3864E+01 6.2659E+02 1.4428E+014806 3102
 6.2665E+02 1.5028E+01 6.2672E+02 1.5669E+01 6.2678E+02 1.6351E+014806 3102
 6.2684E+02 1.7081E+01 6.2691E+02 1.7861E+01 6.2697E+02 1.8700E+014806 3102
 6.2704E+02 1.9599E+01 6.2710E+02 2.0569E+01 6.2717E+02 2.1613E+014806 3102
 6.2723E+02 2.2744E+01 6.2730E+02 2.3967E+01 6.2736E+02 2.5298E+014806 3102
 6.2743E+02 2.6744E+01 6.2749E+02 2.8325E+01 6.2756E+02 3.0053E+014806 3102
 6.2762E+02 3.1951E+01 6.2765E+02 3.2968E+01 6.2768E+02 3.4035E+014806 3102
 6.2772E+02 3.5160E+01 6.2775E+02 3.6338E+01 6.2778E+02 3.7576E+014806 3102
 6.2781E+02 3.8880E+01 6.2785E+02 4.0256E+01 6.2788E+02 4.1701E+014806 3102
 6.2791E+02 4.3224E+01 6.2794E+02 4.4829E+01 6.2798E+02 4.6528E+014806 3102
 6.2801E+02 4.8316E+01 6.2804E+02 5.0203E+01 6.2807E+02 5.2196E+014806 3102
 6.2811E+02 5.4307E+01 6.2814E+02 5.6531E+01 6.2817E+02 5.8880E+014806 3102
 6.2820E+02 6.1363E+01 6.2823E+02 6.3995E+01 6.2827E+02 6.6767E+014806 3102
 6.2830E+02 6.9695E+01 6.2833E+02 7.2787E+01 6.2836E+02 7.6063E+014806 3102
 6.2840E+02 7.9509E+01 6.2843E+02 8.3143E+01 6.2846E+02 8.6975E+014806 3102
 6.2849E+02 9.1023E+01 6.2853E+02 9.5272E+01 6.2856E+02 9.9740E+014806 3102
 6.2859E+02 1.0443E+02 6.2862E+02 1.0938E+02 6.2865E+02 1.1454E+024806 3102
 6.2869E+02 1.1995E+02 6.2872E+02 1.2560E+02 6.2875E+02 1.3152E+024806 3102
 6.2878E+02 1.3767E+02 6.2882E+02 1.4407E+02 6.2885E+02 1.5072E+024806 3102
 6.2888E+02 1.5763E+02 6.2895E+02 1.7213E+02 6.2898E+02 1.7971E+024806 3102
 6.2904E+02 1.9553E+02 6.2907E+02 2.0371E+02 6.2914E+02 2.2056E+024806 3102
 6.2924E+02 2.4664E+02 6.2940E+02 2.9041E+02 6.2949E+02 3.1530E+024806 3102
 6.2959E+02 3.3742E+02 6.2965E+02 3.5043E+02 6.2968E+02 3.5633E+024806 3102
 6.2973E+02 3.6431E+02 6.2978E+02 3.7115E+02 6.2981E+02 3.7504E+024806 3102
 6.2984E+02 3.7838E+02 6.2991E+02 3.8327E+02 6.2994E+02 3.8481E+024806 3102
 6.3000E+02 3.8603E+02 6.3003E+02 3.8569E+02 6.3009E+02 3.8315E+024806 3102
 6.3013E+02 3.8096E+02 6.3019E+02 3.7480E+02 6.3022E+02 3.7087E+024806 3102
 6.3025E+02 3.6641E+02 6.3032E+02 3.5595E+02 6.3038E+02 3.4370E+024806 3102
 6.3044E+02 3.2988E+02 6.3051E+02 3.1482E+02 6.3059E+02 2.9245E+024806 3102
 6.3068E+02 2.6906E+02 6.3082E+02 2.2960E+02 6.3091E+02 2.0667E+024806 3102
 6.3100E+02 1.8485E+02 6.3109E+02 1.6452E+02 6.3114E+02 1.5188E+024806 3102
 6.3117E+02 1.4584E+02 6.3123E+02 1.3439E+02 6.3126E+02 1.2898E+024806 3102
 6.3132E+02 1.1873E+02 6.3135E+02 1.1390E+02 6.3138E+02 1.0927E+024806 3102
 6.3143E+02 1.0059E+02 6.3149E+02 9.2632E+01 6.3155E+02 8.5372E+014806 3102
 6.3161E+02 7.8764E+01 6.3167E+02 7.2759E+01 6.3173E+02 6.7312E+014806 3102
 6.3178E+02 6.2376E+01 6.3184E+02 5.7904E+01 6.3190E+02 5.3854E+014806 3102
 6.3196E+02 5.0184E+01 6.3202E+02 4.6856E+01 6.3207E+02 4.3836E+014806 3102
 6.3213E+02 4.1090E+01 6.3219E+02 3.8591E+01 6.3225E+02 3.6312E+014806 3102
 6.3231E+02 3.4230E+01 6.3236E+02 3.2324E+01 6.3242E+02 3.0575E+014806 3102
 6.3248E+02 2.8967E+01 6.3254E+02 2.7486E+01 6.3260E+02 2.6119E+014806 3102
 6.3265E+02 2.4854E+01 6.3271E+02 2.3681E+01 6.3277E+02 2.2593E+014806 3102
 6.3283E+02 2.1579E+01 6.3289E+02 2.0635E+01 6.3295E+02 1.9753E+014806 3102
 6.3300E+02 1.8928E+01 6.3306E+02 1.8155E+01 6.3312E+02 1.7429E+014806 3102
 6.3318E+02 1.6748E+01 6.3324E+02 1.6106E+01 6.3329E+02 1.5502E+014806 3102
 6.3335E+02 1.4932E+01 6.3341E+02 1.4393E+01 6.3353E+02 1.3402E+014806 3102
 6.3364E+02 1.2511E+01 6.3376E+02 1.1707E+01 6.3388E+02 1.0980E+014806 3102
 6.3399E+02 1.0320E+01 6.3411E+02 9.7179E+00 6.3422E+02 9.1678E+004806 3102
 6.3434E+02 8.6637E+00 6.3446E+02 8.2005E+00 6.3457E+02 7.7738E+004806 3102
 6.3469E+02 7.3799E+00 6.3480E+02 7.0155E+00 6.3492E+02 6.6777E+004806 3102
 6.3504E+02 6.3639E+00 6.3515E+02 6.0719E+00 6.3527E+02 5.7997E+004806 3102
 6.3539E+02 5.5456E+00 6.3550E+02 5.3079E+00 6.3562E+02 5.0853E+004806 3102
 6.3573E+02 4.8765E+00 6.3585E+02 4.6804E+00 6.3597E+02 4.4960E+004806 3102
 6.3608E+02 4.3224E+00 6.3620E+02 4.1587E+00 6.3632E+02 4.0041E+004806 3102
 6.3643E+02 3.8581E+00 6.3655E+02 3.7200E+00 6.3678E+02 3.4651E+004806 3102
 6.3701E+02 3.2356E+00 6.3724E+02 3.0281E+00 6.3748E+02 2.8400E+004806 3102
 6.3771E+02 2.6689E+00 6.3794E+02 2.5128E+00 6.3817E+02 2.3701E+004806 3102
 6.3841E+02 2.2392E+00 6.3864E+02 2.1189E+00 6.3887E+02 2.0080E+004806 3102
 6.3910E+02 1.9056E+00 6.3934E+02 1.8108E+00 6.3957E+02 1.7230E+004806 3102
 6.3980E+02 1.6414E+00 6.4003E+02 1.5655E+00 6.4027E+02 1.4947E+004806 3102
 6.4050E+02 1.4286E+00 6.4073E+02 1.3668E+00 6.4096E+02 1.3089E+004806 3102
 6.4120E+02 1.2546E+00 6.4143E+02 1.2037E+00 6.4166E+02 1.1558E+004806 3102
 6.4189E+02 1.1107E+00 6.4213E+02 1.0682E+00 6.4236E+02 1.0281E+004806 3102
 6.4259E+02 9.9025E-01 6.4305E+02 9.2055E-01 6.4352E+02 8.5789E-014806 3102
 6.4398E+02 8.0137E-01 6.4445E+02 7.5023E-01 6.4491E+02 7.0383E-014806 3102
 6.4538E+02 6.6159E-01 6.4584E+02 6.2303E-01 6.4631E+02 5.8775E-014806 3102
 6.4677E+02 5.5538E-01 6.4724E+02 5.2561E-01 6.4770E+02 4.9816E-014806 3102
 6.4817E+02 4.7280E-01 6.4863E+02 4.4933E-01 6.4910E+02 4.2756E-014806 3102
 6.4956E+02 4.0733E-01 6.5003E+02 3.8850E-01 6.5049E+02 3.7094E-014806 3102
 6.5096E+02 3.5454E-01 6.5142E+02 3.3921E-01 6.5189E+02 3.2484E-014806 3102
 6.5235E+02 3.1137E-01 6.5282E+02 2.9871E-01 6.5328E+02 2.8681E-014806 3102
 6.5375E+02 2.7560E-01 6.5421E+02 2.6504E-01 6.5467E+02 2.5508E-014806 3102
 6.5514E+02 2.4567E-01 6.5560E+02 2.3680E-01 6.5653E+02 2.2041E-014806 3102
 6.5746E+02 2.0562E-01 6.5839E+02 1.9227E-01 6.5932E+02 1.8017E-014806 3102
 6.6025E+02 1.6917E-01 6.6118E+02 1.5914E-01 6.6211E+02 1.4998E-014806 3102
 6.6304E+02 1.4159E-01 6.6397E+02 1.3387E-01 6.6490E+02 1.2677E-014806 3102
 6.6583E+02 1.2022E-01 6.6676E+02 1.1416E-01 6.6769E+02 1.0854E-014806 3102
 6.6862E+02 1.0333E-01 6.6955E+02 9.8483E-02 6.7048E+02 9.3968E-024806 3102
 6.7141E+02 8.9754E-02 6.7234E+02 8.5817E-02 6.7327E+02 8.2132E-024806 3102
 6.7420E+02 7.8678E-02 6.7513E+02 7.5437E-02 6.7606E+02 7.2390E-024806 3102
 6.7699E+02 6.9524E-02 6.7792E+02 6.6824E-02 6.7977E+02 6.1874E-024806 3102
 6.8070E+02 5.9613E-02 6.8256E+02 5.5437E-02 6.8442E+02 5.1671E-024806 3102
 6.8628E+02 4.8274E-02 6.8721E+02 4.6705E-02 6.8768E+02 4.6092E-024806 3102
 6.8791E+02 4.5930E-02 6.8814E+02 4.6434E-02 6.8837E+02 4.9335E-024806 3102
 6.8849E+02 5.2882E-02 6.8861E+02 5.8966E-02 6.8872E+02 6.8878E-024806 3102
 6.8884E+02 8.4310E-02 6.8895E+02 1.0733E-01 6.8901E+02 1.2242E-014806 3102
 6.8907E+02 1.4029E-01 6.8913E+02 1.6126E-01 6.8919E+02 1.8560E-014806 3102
 6.8924E+02 2.1359E-01 6.8930E+02 2.4544E-01 6.8936E+02 2.8132E-014806 3102
 6.8942E+02 3.2135E-01 6.8948E+02 3.6556E-01 6.8954E+02 4.1391E-014806 3102
 6.8959E+02 4.6625E-01 6.8965E+02 5.2235E-01 6.8971E+02 5.8190E-014806 3102
 6.8977E+02 6.4447E-01 6.8988E+02 7.7664E-01 6.9000E+02 4.2378E-024806 3102
 6.9000E+02 1.7850E+00 7.2402E+02 1.7264E+00 7.5953E+02 1.6700E+004806 3102
 7.9609E+02 1.6165E+00 8.3421E+02 1.5649E+00 8.7342E+02 1.5158E+004806 3102
 9.1428E+02 1.4685E+00 9.5628E+02 1.4235E+00 1.0000E+03 1.3800E+004806 3102
 1.0480E+03 1.3398E+00 1.0979E+03 1.3010E+00 1.1500E+03 1.2635E+004806 3102
 1.2041E+03 1.2273E+00 1.2590E+03 1.1933E+00 1.3161E+03 1.1603E+004806 3102
 1.4372E+03 1.0976E+00 1.5645E+03 1.0404E+00 1.7016E+03 9.8665E-014806 3102
 1.8455E+03 9.3737E-01 2.0000E+03 8.9100E-01 2.2236E+03 8.6569E-014806 3102
 2.4657E+03 8.4171E-01 2.7229E+03 8.1930E-01 3.0000E+03 7.9800E-014806 3102
 3.2114E+03 7.7552E-01 3.4346E+03 7.5395E-01 3.6667E+03 7.3353E-014806 3102
 3.9113E+03 7.1392E-01 4.1653E+03 6.9531E-01 4.4324E+03 6.7741E-014806 3102
 4.7093E+03 6.6040E-01 5.0000E+03 6.4400E-01 5.4534E+03 6.1569E-014806 3102
 5.9409E+03 5.8898E-01 6.4522E+03 5.6432E-01 7.0000E+03 5.4100E-014806 3102
 7.6797E+03 5.2387E-01 8.4099E+03 5.0761E-01 9.1781E+03 4.9245E-014806 3102
 1.0000E+04 4.7800E-01 1.0544E+04 4.6500E-01 1.1112E+04 4.5246E-014806 3102
 1.1706E+04 4.4036E-01 1.2326E+04 4.2868E-01 1.3608E+04 4.0714E-014806 3102
 1.5000E+04 3.8700E-01 1.6157E+04 3.7653E-01 1.7383E+04 3.6649E-014806 3102
 1.8655E+04 3.5706E-01 2.0000E+04 3.4800E-01 2.1923E+04 3.3098E-014806 3102
 2.4000E+04 3.1500E-01 2.5397E+04 3.0628E-01 2.6861E+04 2.9789E-014806 3102
 2.8394E+04 2.8980E-01 3.0000E+04 2.8200E-01 3.2510E+04 2.6876E-014806 3102
 3.5200E+04 2.5628E-01 3.7722E+04 2.4588E-01 4.0400E+04 2.3600E-014806 3102
 4.2639E+04 2.2917E-01 4.4983E+04 2.2259E-01 4.7435E+04 2.1625E-014806 3102
 5.0000E+04 2.1014E-01 5.0500E+04 2.0900E-01 5.4885E+04 1.9814E-014806 3102
 5.9601E+04 1.8794E-01 6.4477E+04 1.7870E-01 6.9700E+04 1.7000E-014806 3102
 7.3043E+04 1.6529E-01 7.6524E+04 1.6074E-01 8.0147E+04 1.5634E-014806 3102
 8.3919E+04 1.5209E-01 9.1608E+04 1.4431E-01 9.9900E+04 1.3700E-014806 3102
 1.1109E+05 1.3058E-01 1.2329E+05 1.2457E-01 1.3611E+05 1.1912E-014806 3102
 1.5000E+05 1.1400E-01 1.6157E+05 1.1133E-01 1.7381E+05 1.0876E-014806 3102
 1.8655E+05 1.0634E-01 2.0000E+05 1.0400E-01 2.2398E+05 1.0164E-014806 3102
 2.5000E+05 9.9400E-02 3.0000E+05 1.0100E-01 3.5000E+05 1.0100E-014806 3102
 4.0000E+05 1.0500E-01 4.5000E+05 1.0800E-01 5.0000E+05 1.1200E-014806 3102
 5.2387E+05 1.1375E-01 5.4848E+05 1.1550E-01 5.7386E+05 1.1725E-014806 3102
 6.0000E+05 1.1900E-01 6.1167E+05 1.1503E-01 6.2357E+05 1.1119E-014806 3102
 6.4807E+05 1.0389E-01 6.7354E+05 9.7072E-02 7.0000E+05 9.0700E-024806 3102
 7.2373E+05 8.7010E-02 7.4833E+05 8.3461E-02 7.7370E+05 8.0066E-024806 3102
 8.0000E+05 7.6800E-02 8.4707E+05 7.7131E-02 8.9595E+05 7.7457E-024806 3102
 9.4702E+05 7.7781E-02 1.0000E+06 7.8100E-02 1.0544E+06 8.1381E-024806 3102
 1.1108E+06 8.4739E-02 1.1697E+06 8.8210E-02 1.2307E+06 9.1761E-024806 3102
 1.2944E+06 9.5428E-02 1.3603E+06 9.9177E-02 1.5000E+06 1.0700E-014806 3102
 1.5551E+06 1.0372E-01 1.6122E+06 1.0055E-01 1.6711E+06 9.7487E-024806 3102
 1.7320E+06 9.4523E-02 1.7956E+06 9.1633E-02 1.8614E+06 8.8834E-024806 3102
 1.9295E+06 8.6124E-02 2.0000E+06 8.3500E-02 2.0571E+06 8.0321E-024806 3102
 2.1161E+06 7.7253E-02 2.1761E+06 7.4334E-02 2.2380E+06 7.1516E-024806 3102
 2.3010E+06 6.8835E-02 2.3659E+06 6.6246E-02 2.4319E+06 6.3781E-024806 3102
 2.5000E+06 6.1400E-02 2.6177E+06 5.8649E-02 2.7401E+06 5.6038E-024806 3102
 2.8671E+06 5.3564E-02 3.0000E+06 5.1200E-02 3.0571E+06 4.9360E-024806 3102
 3.1157E+06 4.7575E-02 3.1758E+06 4.5845E-02 3.2374E+06 4.4168E-024806 3102
 3.3005E+06 4.2543E-02 3.3653E+06 4.0968E-02 3.4318E+06 3.9443E-024806 3102
 3.5000E+06 3.7965E-02 3.6169E+06 3.5620E-02 3.7390E+06 3.3397E-024806 3102
 3.8666E+06 3.1293E-02 4.0000E+06 2.9300E-02 4.1186E+06 2.8032E-024806 3102
 4.2414E+06 2.6813E-02 4.3684E+06 2.5641E-02 4.5000E+06 2.4514E-024806 3102
 4.6322E+06 2.3463E-02 4.6330E+06 2.3457E-02 4.8120E+06 2.2149E-024806 3102
 5.0000E+06 2.0900E-02 5.0821E+06 2.0099E-02 5.1663E+06 1.9324E-024806 3102
 5.1671E+06 1.9316E-02 5.3293E+06 1.7937E-02 5.4137E+06 1.7274E-024806 3102
 5.5000E+06 1.6631E-02 5.6191E+06 1.5798E-02 5.7420E+06 1.5000E-024806 3102
 5.8689E+06 1.4234E-02 6.0000E+06 1.3500E-02 6.2437E+06 1.2589E-024806 3102
 6.5000E+06 1.1731E-02 6.7442E+06 1.0995E-02 7.0000E+06 1.0300E-024806 3102
 7.1202E+06 9.8697E-03 7.2435E+06 9.4538E-03 7.3701E+06 9.0521E-034806 3102
 7.5000E+06 8.6642E-03 7.6205E+06 8.3248E-03 7.7439E+06 7.9962E-034806 3102
 7.8704E+06 7.6780E-03 8.0000E+06 7.3700E-03 8.2453E+06 6.9911E-034806 3102
 8.5000E+06 6.6291E-03 8.7160E+06 6.3447E-03 8.9388E+06 6.0708E-034806 3102
 8.9403E+06 6.0690E-03 9.0000E+06 5.9989E-03 9.2458E+06 5.7230E-034806 3102
 9.5000E+06 5.4580E-03 9.7460E+06 5.2195E-03 1.0000E+07 4.9900E-034806 3102
 1.0246E+07 4.7655E-03 1.0500E+07 4.5495E-03 1.0746E+07 4.3541E-034806 3102
 1.1000E+07 4.1658E-03 1.1246E+07 3.9947E-03 1.1500E+07 3.8294E-034806 3102
 1.1747E+07 3.6786E-03 1.2000E+07 3.5329E-03 1.2247E+07 3.3993E-034806 3102
 1.2500E+07 3.2700E-03 1.2748E+07 3.1811E-03 1.3000E+07 3.0952E-034806 3102
 1.3248E+07 3.0142E-03 1.3500E+07 2.9358E-03 1.3748E+07 2.8618E-034806 3102
 1.4000E+07 2.7900E-03 1.4249E+07 2.7694E-03 1.4500E+07 2.7490E-034806 3102
 1.4749E+07 2.7294E-03 1.5000E+07 2.7100E-03 1.5249E+07 2.6642E-034806 3102
 1.5500E+07 2.6195E-03 1.5749E+07 2.5766E-03 1.6000E+07 2.5347E-034806 3102
 1.6249E+07 2.4945E-03 1.6500E+07 2.4552E-03 1.6749E+07 2.4174E-034806 3102
 1.7000E+07 2.3804E-03 1.7249E+07 2.3449E-03 1.7500E+07 2.3100E-034806 3102
 1.7749E+07 2.2868E-03 1.8000E+07 2.2640E-03 1.8249E+07 2.2419E-034806 3102
 1.8500E+07 2.2202E-03 1.8749E+07 2.1991E-03 1.9000E+07 2.1783E-034806 3102
 1.9249E+07 2.1582E-03 1.9500E+07 2.1383E-03 2.0000E+07 2.1000E-034806 3102
                                                                  4806 3  0
