CD-112N,G    5.5999-01* JEF-2.2; RN - ---/SYS                     4812 3102
                                                                  4812 3102
 4.81120+04 1.1094E+02          0          0          0          04812 3102
 3.0000E+02 6.5368E+06          0          0          1       12824812 3102
       1282          2                                            4812 3102
 1.0000E-05 0.0000E+00 1.0000E-05 3.8711E+01 1.0500E-04 3.8711E+014812 3102
 1.0500E-04 2.9282E+01 1.1000E-04 2.9282E+01 1.1000E-04 2.8639E+014812 3102
 1.1500E-04 2.8639E+01 1.1500E-04 2.8015E+01 1.2000E-04 2.8015E+014812 3102
 1.2000E-04 2.7301E+01 1.2750E-04 2.7301E+01 1.2750E-04 2.6505E+014812 3102
 1.3500E-04 2.6505E+01 1.3500E-04 2.5793E+01 1.4250E-04 2.5793E+014812 3102
 1.4250E-04 2.5112E+01 1.5000E-04 2.5112E+01 1.5000E-04 2.4393E+014812 3102
 1.6000E-04 2.4393E+01 1.6000E-04 2.3648E+01 1.7000E-04 2.3648E+014812 3102
 1.7000E-04 2.2962E+01 1.8000E-04 2.2962E+01 1.8000E-04 2.2336E+014812 3102
 1.9000E-04 2.2336E+01 1.9000E-04 2.1762E+01 2.0000E-04 2.1762E+014812 3102
 2.0000E-04 2.1224E+01 2.1000E-04 2.1224E+01 2.1000E-04 2.0736E+014812 3102
 2.2000E-04 2.0736E+01 2.2000E-04 2.0254E+01 2.3000E-04 2.0254E+014812 3102
 2.3000E-04 1.9815E+01 2.4000E-04 1.9815E+01 2.4000E-04 1.9309E+014812 3102
 2.5500E-04 1.9309E+01 2.5500E-04 1.8755E+01 2.7000E-04 1.8755E+014812 3102
 2.7000E-04 1.8327E+01 2.8000E-04 1.8327E+01 2.8000E-04 1.7845E+014812 3102
 3.0000E-04 1.7845E+01 3.0000E-04 1.7259E+01 3.2000E-04 1.7259E+014812 3102
 3.2000E-04 1.6727E+01 3.4000E-04 1.6727E+01 3.4000E-04 1.6243E+014812 3102
 3.6000E-04 1.6243E+01 3.6000E-04 1.5806E+01 3.8000E-04 1.5806E+014812 3102
 3.8000E-04 1.5389E+01 4.0000E-04 1.5389E+01 4.0000E-04 1.4965E+014812 3102
 4.2500E-04 1.4965E+01 4.2500E-04 1.4531E+01 4.5000E-04 1.4531E+014812 3102
 4.5000E-04 1.4135E+01 4.7500E-04 1.4135E+01 4.7500E-04 1.3763E+014812 3102
 5.0000E-04 1.3763E+01 5.0000E-04 1.3428E+01 5.2500E-04 1.3428E+014812 3102
 5.2500E-04 1.3114E+01 5.5000E-04 1.3114E+01 5.5000E-04 1.2816E+014812 3102
 5.7500E-04 1.2816E+01 5.7500E-04 1.2543E+01 6.0000E-04 1.2543E+014812 3102
 6.0000E-04 1.2257E+01 6.3000E-04 1.2257E+01 6.3000E-04 1.1969E+014812 3102
 6.6000E-04 1.1969E+01 6.6000E-04 1.1701E+01 6.9000E-04 1.1701E+014812 3102
 6.9000E-04 1.1448E+01 7.2000E-04 1.1448E+01 7.2000E-04 1.1180E+014812 3102
 7.6000E-04 1.1180E+01 7.6000E-04 1.0883E+01 8.0000E-04 1.0883E+014812 3102
 8.0000E-04 1.0617E+01 8.4000E-04 1.0617E+01 8.4000E-04 1.0367E+014812 3102
 8.8000E-04 1.0367E+01 8.8000E-04 1.0135E+01 9.2000E-04 1.0135E+014812 3102
 9.2000E-04 9.9145E+00 9.6000E-04 9.9145E+00 9.6000E-04 9.7092E+004812 3102
 1.0000E-03 9.7092E+00 1.0000E-03 9.4978E+00 1.0500E-03 9.4978E+004812 3102
 1.0500E-03 9.2733E+00 1.1000E-03 9.2733E+00 1.1000E-03 9.0654E+004812 3102
 1.1500E-03 9.0654E+00 1.1500E-03 8.8688E+00 1.2000E-03 8.8688E+004812 3102
 1.2000E-03 8.6429E+00 1.2750E-03 8.6429E+00 1.2750E-03 8.3911E+004812 3102
 1.3500E-03 8.3911E+00 1.3500E-03 8.1611E+00 1.4250E-03 8.1611E+004812 3102
 1.4250E-03 7.9535E+00 1.5000E-03 7.9535E+00 1.5000E-03 7.7204E+004812 3102
 1.6000E-03 7.7204E+00 1.6000E-03 7.4860E+00 1.7000E-03 7.4860E+004812 3102
 1.7000E-03 7.2670E+00 1.8000E-03 7.2670E+00 1.8000E-03 7.0681E+004812 3102
 1.9000E-03 7.0681E+00 1.9000E-03 6.8830E+00 2.0000E-03 6.8830E+004812 3102
 2.0000E-03 6.7166E+00 2.1000E-03 6.7166E+00 2.1000E-03 6.5568E+004812 3102
 2.2000E-03 6.5568E+00 2.2000E-03 6.4104E+00 2.3000E-03 6.4104E+004812 3102
 2.3000E-03 6.2710E+00 2.4000E-03 6.2710E+00 2.4000E-03 6.1115E+004812 3102
 2.5500E-03 6.1115E+00 2.5500E-03 5.9333E+00 2.7000E-03 5.9333E+004812 3102
 2.7000E-03 5.7965E+00 2.8000E-03 5.7965E+00 2.8000E-03 5.6477E+004812 3102
 3.0000E-03 5.6477E+00 3.0000E-03 5.4591E+00 3.2000E-03 5.4591E+004812 3102
 3.2000E-03 5.2935E+00 3.4000E-03 5.2935E+00 3.4000E-03 5.1386E+004812 3102
 3.6000E-03 5.1386E+00 3.6000E-03 4.9978E+00 3.8000E-03 4.9978E+004812 3102
 3.8000E-03 4.8670E+00 4.0000E-03 4.8670E+00 4.0000E-03 4.7350E+004812 3102
 4.2500E-03 4.7350E+00 4.2500E-03 4.5961E+00 4.5000E-03 4.5961E+004812 3102
 4.5000E-03 4.4709E+00 4.7500E-03 4.4709E+00 4.7500E-03 4.3543E+004812 3102
 5.0000E-03 4.3543E+00 5.0000E-03 4.2460E+00 5.2500E-03 4.2460E+004812 3102
 5.2500E-03 4.1469E+00 5.5000E-03 4.1469E+00 5.5000E-03 4.0536E+004812 3102
 5.7500E-03 4.0536E+00 5.7500E-03 3.9682E+00 6.0000E-03 3.9682E+004812 3102
 6.0000E-03 3.8758E+00 6.3000E-03 3.8758E+00 6.3000E-03 3.7854E+004812 3102
 6.6000E-03 3.7854E+00 6.6000E-03 3.7008E+00 6.9000E-03 3.7008E+004812 3102
 6.9000E-03 3.6205E+00 7.2000E-03 3.6205E+00 7.2000E-03 3.5338E+004812 3102
 7.6000E-03 3.5338E+00 7.6000E-03 3.4414E+00 8.0000E-03 3.4414E+004812 3102
 8.0000E-03 3.3582E+00 8.4000E-03 3.3582E+00 8.4000E-03 3.2781E+004812 3102
 8.8000E-03 3.2781E+00 8.8000E-03 3.2051E+00 9.2000E-03 3.2051E+004812 3102
 9.2000E-03 3.1352E+00 9.6000E-03 3.1352E+00 9.6000E-03 3.0712E+004812 3102
 1.0000E-02 3.0712E+00 1.0000E-02 3.0023E+00 1.0500E-02 3.0023E+004812 3102
 1.0500E-02 2.9321E+00 1.1000E-02 2.9321E+00 1.1000E-02 2.8662E+004812 3102
 1.1500E-02 2.8662E+00 1.1500E-02 2.8058E+00 1.2000E-02 2.8058E+004812 3102
 1.2000E-02 2.7321E+00 1.2750E-02 2.7321E+00 1.2750E-02 2.6540E+004812 3102
 1.3500E-02 2.6540E+00 1.3500E-02 2.5805E+00 1.4250E-02 2.5805E+004812 3102
 1.4250E-02 2.5138E+00 1.5000E-02 2.5138E+00 1.5000E-02 2.4410E+004812 3102
 1.6000E-02 2.4410E+00 1.6000E-02 2.3673E+00 1.7000E-02 2.3673E+004812 3102
 1.7000E-02 2.2978E+00 1.8000E-02 2.2978E+00 1.8000E-02 2.2351E+004812 3102
 1.9000E-02 2.2351E+00 1.9000E-02 2.1769E+00 2.0000E-02 2.1769E+004812 3102
 2.0000E-02 2.1227E+00 2.1000E-02 2.1227E+00 2.1000E-02 2.0730E+004812 3102
 2.2000E-02 2.0730E+00 2.2000E-02 2.0265E+00 2.3000E-02 2.0265E+004812 3102
 2.3000E-02 1.9838E+00 2.4000E-02 1.9838E+00 2.4000E-02 1.9324E+004812 3102
 2.5500E-02 1.9324E+00 2.5500E-02 1.8770E+00 2.7000E-02 1.8770E+004812 3102
 2.7000E-02 1.8324E+00 2.8000E-02 1.8324E+00 2.8000E-02 1.7848E+004812 3102
 3.0000E-02 1.7848E+00 3.0000E-02 1.7269E+00 3.2000E-02 1.7269E+004812 3102
 3.2000E-02 1.6727E+00 3.4000E-02 1.6727E+00 3.4000E-02 1.6249E+004812 3102
 3.6000E-02 1.6249E+00 3.6000E-02 1.5798E+00 3.8000E-02 1.5798E+004812 3102
 3.8000E-02 1.5387E+00 4.0000E-02 1.5387E+00 4.0000E-02 1.4961E+004812 3102
 4.2500E-02 1.4961E+00 4.2500E-02 1.4534E+00 4.5000E-02 1.4534E+004812 3102
 4.5000E-02 1.4131E+00 4.7500E-02 1.4131E+00 4.7500E-02 1.3763E+004812 3102
 5.0000E-02 1.3763E+00 5.0000E-02 1.3424E+00 5.2500E-02 1.3424E+004812 3102
 5.2500E-02 1.3104E+00 5.5000E-02 1.3104E+00 5.5000E-02 1.2812E+004812 3102
 5.7500E-02 1.2812E+00 5.7500E-02 1.2535E+00 6.0000E-02 1.2535E+004812 3102
 6.0000E-02 1.2257E+00 6.3000E-02 1.2257E+00 6.3000E-02 1.1960E+004812 3102
 6.6000E-02 1.1960E+00 6.6000E-02 1.1694E+00 6.9000E-02 1.1694E+004812 3102
 6.9000E-02 1.1442E+00 7.2000E-02 1.1442E+00 7.2000E-02 1.1170E+004812 3102
 7.6000E-02 1.1170E+00 7.6000E-02 1.0881E+00 8.0000E-02 1.0881E+004812 3102
 8.0000E-02 1.0606E+00 8.4000E-02 1.0606E+00 8.4000E-02 1.0355E+004812 3102
 8.8000E-02 1.0355E+00 8.8000E-02 1.0122E+00 9.2000E-02 1.0122E+004812 3102
 9.2000E-02 9.9076E-01 9.6000E-02 9.9076E-01 9.6000E-02 9.6996E-014812 3102
 1.0000E-01 9.6996E-01 1.0000E-01 9.4882E-01 1.0500E-01 9.4882E-014812 3102
 1.0500E-01 9.2629E-01 1.1000E-01 9.2629E-01 1.1000E-01 9.0602E-014812 3102
 1.1500E-01 9.0602E-01 1.1500E-01 8.8592E-01 1.2000E-01 8.8592E-014812 3102
 1.2000E-01 8.6331E-01 1.2750E-01 8.6331E-01 1.2750E-01 8.3843E-014812 3102
 1.3500E-01 8.3843E-01 1.3500E-01 8.1486E-01 1.4250E-01 8.1486E-014812 3102
 1.4250E-01 7.9395E-01 1.5000E-01 7.9395E-01 1.5000E-01 7.7159E-014812 3102
 1.6000E-01 7.7159E-01 1.6000E-01 7.4814E-01 1.7000E-01 7.4814E-014812 3102
 1.7000E-01 7.2575E-01 1.8000E-01 7.2575E-01 1.8000E-01 7.0571E-014812 3102
 1.9000E-01 7.0571E-01 1.9000E-01 6.8728E-01 2.0000E-01 6.8728E-014812 3102
 2.0000E-01 6.6999E-01 2.1000E-01 6.6999E-01 2.1000E-01 6.5426E-014812 3102
 2.2000E-01 6.5426E-01 2.2000E-01 6.3949E-01 2.3000E-01 6.3949E-014812 3102
 2.3000E-01 6.2590E-01 2.4000E-01 6.2590E-01 2.4000E-01 6.0975E-014812 3102
 2.5500E-01 6.0975E-01 2.5500E-01 5.9214E-01 2.7000E-01 5.9214E-014812 3102
 2.7000E-01 5.7778E-01 2.8000E-01 5.7778E-01 2.8000E-01 5.6339E-014812 3102
 3.0000E-01 5.6339E-01 3.0000E-01 5.4473E-01 3.2000E-01 5.4473E-014812 3102
 3.2000E-01 5.2772E-01 3.4000E-01 5.2772E-01 3.4000E-01 5.1215E-014812 3102
 3.6000E-01 5.1215E-01 3.6000E-01 4.9820E-01 3.8000E-01 4.9820E-014812 3102
 3.8000E-01 4.8493E-01 4.0000E-01 4.8493E-01 4.0000E-01 4.7132E-014812 3102
 4.2500E-01 4.7132E-01 4.2500E-01 4.5690E-01 4.5000E-01 4.5690E-014812 3102
 4.5000E-01 4.4422E-01 4.7500E-01 4.4422E-01 4.7500E-01 4.3255E-014812 3102
 5.0000E-01 4.3255E-01 5.0000E-01 4.2184E-01 5.2500E-01 4.2184E-014812 3102
 5.2500E-01 4.1145E-01 5.5000E-01 4.1145E-01 5.5000E-01 4.0227E-014812 3102
 5.7500E-01 4.0227E-01 5.7500E-01 3.9341E-01 6.0000E-01 3.9341E-014812 3102
 6.0000E-01 3.8443E-01 6.3000E-01 3.8443E-01 6.3000E-01 3.7507E-014812 3102
 6.6000E-01 3.7507E-01 6.6000E-01 3.6650E-01 6.9000E-01 3.6650E-014812 3102
 6.9000E-01 3.5867E-01 7.2000E-01 3.5867E-01 7.2000E-01 3.4984E-014812 3102
 7.6000E-01 3.4984E-01 7.6000E-01 3.4061E-01 8.0000E-01 3.4061E-014812 3102
 8.0000E-01 3.3191E-01 8.4000E-01 3.3191E-01 8.4000E-01 3.2391E-014812 3102
 8.8000E-01 3.2391E-01 8.8000E-01 3.1649E-01 9.2000E-01 3.1649E-014812 3102
 9.2000E-01 3.0948E-01 9.6000E-01 3.0948E-01 9.6000E-01 3.0309E-014812 3102
 1.0000E+00 3.0309E-01 1.0000E+00 2.9603E-01 1.0500E+00 2.9603E-014812 3102
 1.0500E+00 2.8881E-01 1.1000E+00 2.8881E-01 1.1000E+00 2.8225E-014812 3102
 1.1500E+00 2.8225E-01 1.1500E+00 2.7588E-01 1.2000E+00 2.7588E-014812 3102
 1.2000E+00 2.6865E-01 1.2750E+00 2.6865E-01 1.2750E+00 2.6052E-014812 3102
 1.3500E+00 2.6052E-01 1.3500E+00 2.5327E-01 1.4250E+00 2.5327E-014812 3102
 1.4250E+00 2.4634E-01 1.5000E+00 2.4634E-01 1.5000E+00 2.3905E-014812 3102
 1.6000E+00 2.3905E-01 1.6000E+00 2.3136E-01 1.7000E+00 2.3136E-014812 3102
 1.7000E+00 2.2430E-01 1.8000E+00 2.2430E-01 1.8000E+00 2.1786E-014812 3102
 1.9000E+00 2.1786E-01 1.9000E+00 2.1201E-01 2.0000E+00 2.1201E-014812 3102
 2.0000E+00 2.0634E-01 2.1000E+00 2.0634E-01 2.1000E+00 2.0124E-014812 3102
 2.2000E+00 2.0124E-01 2.2000E+00 1.9648E-01 2.3000E+00 1.9648E-014812 3102
 2.3000E+00 1.9196E-01 2.4000E+00 1.9196E-01 2.4000E+00 1.8675E-014812 3102
 2.5500E+00 1.8675E-01 2.5500E+00 1.8094E-01 2.7000E+00 1.8094E-014812 3102
 2.7000E+00 1.7657E-01 2.8000E+00 1.7657E-01 2.8000E+00 1.7157E-014812 3102
 3.0000E+00 1.7157E-01 3.0000E+00 1.6549E-01 3.2000E+00 1.6549E-014812 3102
 3.2000E+00 1.5997E-01 3.4000E+00 1.5997E-01 3.4000E+00 1.5489E-014812 3102
 3.6000E+00 1.5489E-01 3.6000E+00 1.5024E-01 3.8000E+00 1.5024E-014812 3102
 3.8000E+00 1.4602E-01 4.0000E+00 1.4602E-01 4.0000E+00 1.4145E-014812 3102
 4.2500E+00 1.4145E-01 4.2500E+00 1.3697E-01 4.5000E+00 1.3697E-014812 3102
 4.5000E+00 1.3274E-01 4.7500E+00 1.3274E-01 4.7500E+00 1.2887E-014812 3102
 5.0000E+00 1.2887E-01 5.0000E+00 1.2525E-01 5.2500E+00 1.2525E-014812 3102
 5.2500E+00 1.2196E-01 5.5000E+00 1.2196E-01 5.5000E+00 1.1883E-014812 3102
 5.7500E+00 1.1883E-01 5.7500E+00 1.1588E-01 6.0000E+00 1.1588E-014812 3102
 6.0000E+00 1.1287E-01 6.3000E+00 1.1287E-01 6.3000E+00 1.0979E-014812 3102
 6.6000E+00 1.0979E-01 6.6000E+00 1.0689E-01 6.9000E+00 1.0689E-014812 3102
 6.9000E+00 1.0423E-01 7.2000E+00 1.0423E-01 7.2000E+00 1.0129E-014812 3102
 7.6000E+00 1.0129E-01 7.6000E+00 9.8214E-02 8.0000E+00 9.8214E-024812 3102
 8.0000E+00 9.5230E-02 8.4000E+00 9.5230E-02 8.4000E+00 9.2585E-024812 3102
 8.8000E+00 9.2585E-02 8.8000E+00 9.0045E-02 9.2000E+00 9.0045E-024812 3102
 9.2000E+00 8.7696E-02 9.6000E+00 8.7696E-02 9.6000E+00 8.5457E-024812 3102
 1.0000E+01 8.5457E-02 1.0000E+01 8.3105E-02 1.0500E+01 8.3105E-024812 3102
 1.0500E+01 8.0672E-02 1.1000E+01 8.0672E-02 1.1000E+01 7.8444E-024812 3102
 1.1500E+01 7.8444E-02 1.1500E+01 7.6319E-02 1.2000E+01 7.6319E-024812 3102
 1.2000E+01 7.3818E-02 1.2750E+01 7.3818E-02 1.2750E+01 7.1117E-024812 3102
 1.3500E+01 7.1117E-02 1.3500E+01 6.8593E-02 1.4250E+01 6.8593E-024812 3102
 1.4250E+01 6.6272E-02 1.5000E+01 6.6272E-02 1.5000E+01 6.3802E-024812 3102
 1.6000E+01 6.3802E-02 1.6000E+01 6.1216E-02 1.7000E+01 6.1216E-024812 3102
 1.7000E+01 5.8896E-02 1.8000E+01 5.8896E-02 1.8000E+01 5.6721E-024812 3102
 1.9000E+01 5.6721E-02 1.9000E+01 5.4749E-02 2.0000E+01 5.4749E-024812 3102
 2.0000E+01 5.2919E-02 2.1000E+01 5.2919E-02 2.1000E+01 5.1248E-024812 3102
 2.2000E+01 5.1248E-02 2.2000E+01 4.9707E-02 2.3000E+01 4.9707E-024812 3102
 2.3000E+01 4.8283E-02 2.4000E+01 4.8283E-02 2.4000E+01 4.6660E-024812 3102
 2.5500E+01 4.6660E-02 2.5500E+01 4.4902E-02 2.7000E+01 4.4902E-024812 3102
 2.7000E+01 4.3596E-02 2.8000E+01 4.3596E-02 2.8000E+01 4.2209E-024812 3102
 3.0000E+01 4.2209E-02 3.0000E+01 4.0588E-02 3.2000E+01 4.0588E-024812 3102
 3.2000E+01 3.9253E-02 3.4000E+01 3.9253E-02 3.4000E+01 3.8193E-024812 3102
 3.6000E+01 3.8193E-02 3.6000E+01 3.7400E-02 3.8000E+01 3.7400E-024812 3102
 3.8000E+01 3.6931E-02 4.0000E+01 3.6931E-02 4.0000E+01 3.6828E-024812 3102
 4.2500E+01 3.6828E-02 4.2500E+01 3.7330E-02 4.5000E+01 3.7330E-024812 3102
 4.5000E+01 3.8731E-02 4.7500E+01 3.8731E-02 4.7500E+01 4.1420E-024812 3102
 5.0000E+01 4.1420E-02 5.0000E+01 4.6242E-02 5.2500E+01 4.6242E-024812 3102
 5.2500E+01 5.4867E-02 5.5000E+01 5.4867E-02 5.5000E+01 7.1138E-024812 3102
 5.7500E+01 7.1138E-02 5.7500E+01 1.0622E-01 6.0000E+01 1.0622E-014812 3102
 6.0000E+01 2.2653E-01 6.3000E+01 2.2653E-01 6.3000E+01 1.8397E+004812 3102
 6.6000E+01 1.8397E+00 6.6000E+01 1.2143E+02 6.9000E+01 1.2143E+024812 3102
 6.9000E+01 4.6641E-01 7.2000E+01 4.6641E-01 7.2000E+01 1.2224E-014812 3102
 7.6000E+01 1.2224E-01 7.6000E+01 6.8038E-02 8.0000E+01 6.8038E-024812 3102
 8.0000E+01 4.7082E+00 8.4000E+01 4.7082E+00 8.4000E+01 1.1190E-014812 3102
 8.8000E+01 1.1190E-01 8.8000E+01 2.7743E-02 9.2000E+01 2.7743E-024812 3102
 9.2000E+01 1.9844E-02 9.6000E+01 1.9844E-02 9.6000E+01 1.6370E-024812 3102
 1.0000E+02 1.6370E-02 1.0000E+02 1.4061E-02 1.0500E+02 1.4061E-024812 3102
 1.0500E+02 1.2348E-02 1.1000E+02 1.2348E-02 1.1000E+02 1.1124E-024812 3102
 1.1500E+02 1.1124E-02 1.1500E+02 1.0188E-02 1.2000E+02 1.0188E-024812 3102
 1.2000E+02 9.2933E-03 1.2750E+02 9.2933E-03 1.2750E+02 8.4729E-034812 3102
 1.3500E+02 8.4729E-03 1.3500E+02 7.8592E-03 1.4250E+02 7.8592E-034812 3102
 1.4250E+02 7.4050E-03 1.5000E+02 7.4050E-03 1.5000E+02 7.0597E-034812 3102
 1.6000E+02 7.0597E-03 1.6000E+02 6.9062E-03 1.7000E+02 6.9062E-034812 3102
 1.7000E+02 7.1102E-03 1.8000E+02 7.1102E-03 1.8000E+02 7.9311E-034812 3102
 1.9000E+02 7.9311E-03 1.9000E+02 1.0176E-02 2.0000E+02 1.0176E-024812 3102
 2.0000E+02 1.7211E-02 2.1000E+02 1.7211E-02 2.1000E+02 6.0339E-024812 3102
 2.2000E+02 6.0339E-02 2.2000E+02 2.7195E+01 2.3000E+02 2.7195E+014812 3102
 2.3000E+02 9.8963E-02 2.4000E+02 9.8963E-02 2.4000E+02 1.5697E-024812 3102
 2.5500E+02 1.5697E-02 2.5500E+02 6.6719E-03 2.7000E+02 6.6719E-034812 3102
 2.7000E+02 4.6811E-03 2.8000E+02 4.6811E-03 2.8000E+02 3.7316E-034812 3102
 3.0000E+02 3.7316E-03 3.0000E+02 3.1526E-03 3.2000E+02 3.1526E-034812 3102
 3.2000E+02 2.9712E-03 3.4000E+02 2.9712E-03 3.4000E+02 3.0816E-034812 3102
 3.6000E+02 3.0816E-03 3.6000E+02 3.6065E-03 3.8000E+02 3.6065E-034812 3102
 3.8000E+02 5.1305E-03 4.0000E+02 5.1305E-03 4.0000E+02 1.3351E-024812 3102
 4.2500E+02 1.3351E-02 4.2500E+02 1.2712E+01 4.5000E+02 1.2712E+014812 3102
 4.5000E+02 1.1130E+00 4.7500E+02 1.1130E+00 4.7500E+02 6.4960E-034812 3102
 5.0000E+02 6.4960E-03 5.0000E+02 3.4134E-03 5.2500E+02 3.4134E-034812 3102
 5.2500E+02 2.9038E-03 5.5000E+02 2.9038E-03 5.5000E+02 6.4443E-014812 3102
 5.7500E+02 6.4443E-01 5.7500E+02 3.2507E-03 6.0000E+02 3.2507E-034812 3102
 6.0000E+02 2.7979E-03 6.3000E+02 2.7979E-03 6.3000E+02 3.7607E-034812 3102
 6.6000E+02 3.7607E-03 6.6000E+02 6.9154E-03 6.9000E+02 6.9154E-034812 3102
 6.9000E+02 2.6628E-02 7.2000E+02 2.6628E-02 7.2000E+02 7.7102E+004812 3102
 7.6000E+02 7.7102E+00 7.6000E+02 1.5794E-02 8.0000E+02 1.5794E-024812 3102
 8.0000E+02 3.3949E-01 8.4000E+02 3.3949E-01 8.4000E+02 1.1847E-024812 3102
 8.8000E+02 1.1847E-02 8.8000E+02 7.0552E+00 9.2000E+02 7.0552E+004812 3102
 9.2000E+02 2.5258E-02 9.6000E+02 2.5258E-02 9.6000E+02 5.6443E-034812 3102
 1.0000E+03 5.6443E-03 1.0000E+03 1.2708E-02 1.0500E+03 1.2708E-024812 3102
 1.0500E+03 8.3920E-01 1.1000E+03 8.3920E-01 1.1000E+03 5.4763E+004812 3102
 1.1500E+03 5.4763E+00 1.1500E+03 1.3696E-02 1.2000E+03 1.3696E-024812 3102
 1.2000E+03 5.3610E-01 1.2750E+03 5.3610E-01 1.2750E+03 8.8175E-014812 3102
 1.3500E+03 8.8175E-01 1.3500E+03 2.2109E+00 1.4250E+03 2.2109E+004812 3102
 1.4250E+03 1.9310E-01 1.5000E+03 1.9310E-01 1.5000E+03 2.6612E-034812 3102
 1.6000E+03 2.6612E-03 1.6000E+03 1.8635E-01 1.7000E+03 1.8635E-014812 3102
 1.7000E+03 1.3644E+00 1.8000E+03 1.3644E+00 1.8000E+03 3.5199E-014812 3102
 1.9000E+03 3.5199E-01 1.9000E+03 5.5027E-01 2.0000E+03 5.5027E-014812 3102
 2.0000E+03 1.3632E+00 2.1000E+03 1.3632E+00 2.1000E+03 4.5018E-034812 3102
 2.2000E+03 4.5018E-03 2.2000E+03 4.3139E-01 2.3000E+03 4.3139E-014812 3102
 2.3000E+03 1.1326E+00 2.4000E+03 1.1326E+00 2.4000E+03 1.6173E-014812 3102
 2.5500E+03 1.6173E-01 2.5500E+03 1.3395E+00 2.7000E+03 1.3395E+004812 3102
 2.7000E+03 1.3656E-02 2.8000E+03 1.3656E-02 2.8000E+03 8.8383E-014812 3102
 3.0000E+03 8.8383E-01 3.0000E+03 8.5995E-01 3.2000E+03 8.5995E-014812 3102
 3.2000E+03 1.1248E+00 3.4000E+03 1.1248E+00 3.4000E+03 3.6540E-014812 3102
 3.6000E+03 3.6540E-01 3.6000E+03 8.9793E-01 3.8000E+03 8.9793E-014812 3102
 3.8000E+03 4.7820E-01 4.0000E+03 4.7820E-01 4.0000E+03 6.4405E-014812 3102
 4.2500E+03 6.4405E-01 4.2500E+03 5.9063E-01 4.5000E+03 5.9063E-014812 3102
 4.5000E+03 4.3026E-01 4.7500E+03 4.3026E-01 4.7500E+03 6.2007E-014812 3102
 5.0000E+03 6.2007E-01 5.0000E+03 8.5177E-01 5.2500E+03 8.5177E-014812 3102
 5.2500E+03 1.9201E-01 5.5000E+03 1.9201E-01 5.5000E+03 8.1806E-014812 3102
 5.7500E+03 8.1806E-01 5.7500E+03 1.9243E-01 6.0000E+03 1.9243E-014812 3102
 6.0000E+03 3.6243E-01 6.3000E+03 3.6242E-01 6.3000E+03 6.6958E-014812 3102
 6.6000E+03 6.6958E-01 6.6000E+03 5.1603E-01 6.9000E+03 5.1603E-014812 3102
 6.9000E+03 5.3230E-01 7.2000E+03 5.3230E-01 7.2000E+03 5.1990E-014812 3102
 7.6000E+03 5.1990E-01 7.6000E+03 5.0668E-01 8.0000E+03 5.0668E-014812 3102
 8.0000E+03 4.9449E-01 8.4000E+03 4.9449E-01 8.4000E+03 4.8339E-014812 3102
 8.8000E+03 4.8339E-01 8.8000E+03 4.7253E-01 9.2000E+03 4.7253E-014812 3102
 9.2000E+03 4.6278E-01 9.6000E+03 4.6277E-01 9.6000E+03 4.5334E-014812 3102
 1.0000E+04 4.5334E-01 1.0000E+04 4.4366E-01 1.0500E+04 4.4365E-014812 3102
 1.0500E+04 4.3370E-01 1.1000E+04 4.3369E-01 1.1000E+04 4.2436E-014812 3102
 1.1500E+04 4.2435E-01 1.1500E+04 4.1572E-01 1.2000E+04 4.1571E-014812 3102
 1.2000E+04 4.0556E-01 1.2750E+04 4.0555E-01 1.2750E+04 3.9431E-014812 3102
 1.3500E+04 3.9430E-01 1.3500E+04 3.8408E-01 1.4250E+04 3.8407E-014812 3102
 1.4250E+04 3.7445E-01 1.5000E+04 3.7444E-01 1.5000E+04 3.6428E-014812 3102
 1.6000E+04 3.6428E-01 1.6000E+04 3.5361E-01 1.7000E+04 3.5360E-014812 3102
 1.7000E+04 3.4378E-01 1.8000E+04 3.4377E-01 1.8000E+04 3.3476E-014812 3102
 1.9000E+04 3.3475E-01 1.9000E+04 3.2649E-01 2.0000E+04 3.2649E-014812 3102
 2.0000E+04 3.1764E-01 2.1000E+04 3.1763E-01 2.1000E+04 3.0824E-014812 3102
 2.2000E+04 3.0823E-01 2.2000E+04 2.9958E-01 2.3000E+04 2.9957E-014812 3102
 2.3000E+04 2.9153E-01 2.4000E+04 2.9152E-01 2.4000E+04 2.8222E-014812 3102
 2.5500E+04 2.8221E-01 2.5500E+04 2.7197E-01 2.7000E+04 2.7196E-014812 3102
 2.7000E+04 2.6407E-01 2.8000E+04 2.6406E-01 2.8000E+04 2.5553E-014812 3102
 3.0000E+04 2.5552E-01 3.0000E+04 2.4503E-01 3.2000E+04 2.4502E-014812 3102
 3.2000E+04 2.3559E-01 3.4000E+04 2.3558E-01 3.4000E+04 2.2703E-014812 3102
 3.6000E+04 2.2702E-01 3.6000E+04 2.1924E-01 3.8000E+04 2.1923E-014812 3102
 3.8000E+04 2.1210E-01 4.0000E+04 2.1209E-01 4.0000E+04 2.0478E-014812 3102
 4.2500E+04 2.0477E-01 4.2500E+04 1.9734E-01 4.5000E+04 1.9733E-014812 3102
 4.5000E+04 1.9056E-01 4.7500E+04 1.9055E-01 4.7500E+04 1.8436E-014812 3102
 5.0000E+04 1.8435E-01 5.0000E+04 1.7876E-01 5.2500E+04 1.7875E-014812 3102
 5.2500E+04 1.7372E-01 5.5000E+04 1.7371E-01 5.5000E+04 1.6903E-014812 3102
 5.7500E+04 1.6902E-01 5.7500E+04 1.6466E-01 6.0000E+04 1.6465E-014812 3102
 6.0000E+04 1.6025E-01 6.3000E+04 1.6024E-01 6.3000E+04 1.5576E-014812 3102
 6.6000E+04 1.5575E-01 6.6000E+04 1.5154E-01 6.9000E+04 1.5152E-014812 3102
 6.9000E+04 1.4764E-01 7.2000E+04 1.4763E-01 7.2000E+04 1.4339E-014812 3102
 7.6000E+04 1.4338E-01 7.6000E+04 1.3890E-01 8.0000E+04 1.3888E-014812 3102
 8.0000E+04 1.3482E-01 8.4000E+04 1.3481E-01 8.4000E+04 1.3096E-014812 3102
 8.8000E+04 1.3095E-01 8.8000E+04 1.2746E-01 9.2000E+04 1.2744E-014812 3102
 9.2000E+04 1.2413E-01 9.6000E+04 1.2411E-01 9.6000E+04 1.2107E-014812 3102
 1.0000E+05 1.2106E-01 1.0000E+05 1.1855E-01 1.0500E+05 1.1853E-014812 3102
 1.0500E+05 1.1656E-01 1.1000E+05 1.1655E-01 1.1000E+05 1.1470E-014812 3102
 1.1500E+05 1.1469E-01 1.1500E+05 1.1297E-01 1.2000E+05 1.1295E-014812 3102
 1.2000E+05 1.1092E-01 1.2750E+05 1.1089E-01 1.2750E+05 1.0862E-014812 3102
 1.3500E+05 1.0860E-01 1.3500E+05 1.0652E-01 1.4250E+05 1.0650E-014812 3102
 1.4250E+05 1.0453E-01 1.5000E+05 1.0451E-01 1.5000E+05 1.0242E-014812 3102
 1.6000E+05 1.0240E-01 1.6000E+05 1.0018E-01 1.7000E+05 1.0016E-014812 3102
 1.7000E+05 9.8102E-02 1.8000E+05 9.8078E-02 1.8000E+05 9.6172E-024812 3102
 1.9000E+05 9.6148E-02 1.9000E+05 9.4399E-02 2.0000E+05 9.4376E-024812 3102
 2.0000E+05 9.3709E-02 2.1000E+05 9.3686E-02 2.1000E+05 9.4101E-024812 3102
 2.2000E+05 9.4078E-02 2.2000E+05 9.4485E-02 2.3000E+05 9.4461E-024812 3102
 2.3000E+05 9.4868E-02 2.4000E+05 9.4845E-02 2.4000E+05 9.5303E-024812 3102
 2.5500E+05 9.5268E-02 2.5500E+05 9.5795E-02 2.7000E+05 9.5760E-024812 3102
 2.7000E+05 9.6200E-02 2.8000E+05 9.6177E-02 2.8000E+05 9.6652E-024812 3102
 3.0000E+05 9.6604E-02 3.0000E+05 9.7226E-02 3.2000E+05 9.7178E-024812 3102
 3.2000E+05 9.7756E-02 3.4000E+05 9.7708E-02 3.4000E+05 9.8251E-024812 3102
 3.6000E+05 9.8203E-02 3.6000E+05 9.8625E-02 3.8000E+05 9.8576E-024812 3102
 3.8000E+05 9.8309E-02 4.0000E+05 9.8260E-02 4.0000E+05 9.7812E-024812 3102
 4.2500E+05 9.7752E-02 4.2500E+05 9.7287E-02 4.5000E+05 9.7226E-024812 3102
 4.5000E+05 9.6805E-02 4.7500E+05 9.6744E-02 4.7500E+05 9.6323E-024812 3102
 5.0000E+05 9.6263E-02 5.0000E+05 9.5885E-02 5.2500E+05 9.5825E-024812 3102
 5.2500E+05 9.5490E-02 5.5000E+05 9.5431E-02 5.5000E+05 9.5088E-024812 3102
 5.7500E+05 9.5028E-02 5.7500E+05 9.4685E-02 6.0000E+05 9.4626E-024812 3102
 6.0000E+05 9.4258E-02 6.3000E+05 9.4187E-02 6.3000E+05 9.3810E-024812 3102
 6.6000E+05 9.3740E-02 6.6000E+05 9.3397E-02 6.9000E+05 9.3327E-024812 3102
 6.9000E+05 9.3233E-02 7.2000E+05 9.3163E-02 7.2000E+05 9.3941E-024812 3102
 7.6000E+05 9.3847E-02 7.6000E+05 9.4752E-02 8.0000E+05 9.4657E-024812 3102
 8.0000E+05 9.5536E-02 8.4000E+05 9.5440E-02 8.4000E+05 9.6284E-024812 3102
 8.8000E+05 9.6187E-02 8.8000E+05 9.7004E-02 9.2000E+05 9.6907E-024812 3102
 9.2000E+05 9.7689E-02 9.6000E+05 9.7591E-02 9.6000E+05 9.8339E-024812 3102
 1.0000E+06 9.8240E-02 1.0000E+06 9.9054E-02 1.1000E+06 9.8805E-024812 3102
 1.1000E+06 9.9660E-02 1.2000E+06 9.9408E-02 1.2000E+06 1.0021E-014812 3102
 1.3000E+06 9.9956E-02 1.3000E+06 1.0069E-01 1.4000E+06 1.0043E-014812 3102
 1.4000E+06 1.0111E-01 1.5000E+06 1.0086E-01 1.5000E+06 1.0151E-014812 3102
 1.6000E+06 1.0125E-01 1.6000E+06 9.7774E-02 1.7000E+06 9.7524E-024812 3102
 1.7000E+06 9.0529E-02 1.8000E+06 9.0296E-02 1.8000E+06 8.4168E-024812 3102
 1.9000E+06 8.3951E-02 1.9000E+06 7.8535E-02 2.0000E+06 7.8333E-024812 3102
 2.0000E+06 7.4743E-02 2.1000E+06 7.4550E-02 2.1000E+06 7.2473E-024812 3102
 2.2000E+06 7.2285E-02 2.2000E+06 7.0363E-02 2.3000E+06 7.0180E-024812 3102
 2.3000E+06 6.8396E-02 2.4000E+06 6.8218E-02 2.4000E+06 6.6561E-024812 3102
 2.5000E+06 6.6387E-02 2.5000E+06 6.4827E-02 2.6000E+06 6.4657E-024812 3102
 2.6000E+06 6.3198E-02 2.7000E+06 6.3032E-02 2.7000E+06 6.1664E-024812 3102
 2.8000E+06 6.1502E-02 2.8000E+06 6.0214E-02 2.9000E+06 6.0055E-024812 3102
 2.9000E+06 5.8847E-02 3.0000E+06 5.8691E-02 3.0000E+06 5.7082E-024812 3102
 3.1000E+06 5.6931E-02 3.1000E+06 5.4969E-02 3.2000E+06 5.4823E-024812 3102
 3.2000E+06 5.2996E-02 3.3000E+06 5.2855E-02 3.3000E+06 5.1137E-024812 3102
 3.4000E+06 5.1000E-02 3.4000E+06 4.9403E-02 3.5000E+06 4.9270E-024812 3102
 3.5000E+06 4.7753E-02 3.6000E+06 4.7625E-02 3.6000E+06 4.6205E-024812 3102
 3.7000E+06 4.6080E-02 3.7000E+06 4.4745E-02 3.8000E+06 4.4624E-024812 3102
 3.8000E+06 4.3365E-02 3.9000E+06 4.3247E-02 3.9000E+06 4.2061E-024812 3102
 4.0000E+06 4.1947E-02 4.0000E+06 4.0819E-02 4.1000E+06 4.0708E-024812 3102
 4.1000E+06 3.9639E-02 4.2000E+06 3.9531E-02 4.2000E+06 3.8520E-024812 3102
 4.3000E+06 3.8415E-02 4.3000E+06 3.7455E-02 4.4000E+06 3.7352E-024812 3102
 4.4000E+06 3.6443E-02 4.5000E+06 3.6342E-02 4.5000E+06 3.5473E-024812 3102
 4.6000E+06 3.5375E-02 4.6000E+06 3.4546E-02 4.7000E+06 3.4450E-024812 3102
 4.7000E+06 3.3663E-02 4.8000E+06 3.3569E-02 4.8000E+06 3.2817E-024812 3102
 4.9000E+06 3.2726E-02 4.9000E+06 3.2009E-02 5.0000E+06 3.1920E-024812 3102
 5.0000E+06 2.9405E-02 5.1000E+06 2.9323E-02 5.1000E+06 2.5366E-024812 3102
 5.2000E+06 2.5295E-02 5.2000E+06 2.1953E-02 5.3000E+06 2.1892E-024812 3102
 5.3000E+06 1.9054E-02 5.4000E+06 1.9000E-02 5.4000E+06 1.6581E-024812 3102
 5.5000E+06 1.6534E-02 5.5000E+06 1.4467E-02 5.6000E+06 1.4426E-024812 3102
 5.6000E+06 1.2648E-02 5.7000E+06 1.2612E-02 5.7000E+06 1.1085E-024812 3102
 5.8000E+06 1.1053E-02 5.8000E+06 9.7339E-03 5.9000E+06 9.7060E-034812 3102
 5.9000E+06 8.5648E-03 6.0000E+06 8.5402E-03 6.0000E+06 7.5566E-034812 3102
 6.1000E+06 7.5348E-03 6.1000E+06 6.6781E-03 6.2000E+06 6.6588E-034812 3102
 6.2000E+06 5.9134E-03 6.3000E+06 5.8962E-03 6.3000E+06 5.2467E-034812 3102
 6.4000E+06 5.2315E-03 6.4000E+06 4.6631E-03 6.5000E+06 4.6495E-034812 3102
 6.5000E+06 4.1510E-03 6.6000E+06 4.1389E-03 6.6000E+06 3.7016E-034812 3102
 6.7000E+06 3.6908E-03 6.7000E+06 3.3071E-03 6.8000E+06 3.2974E-034812 3102
 6.8000E+06 2.9593E-03 6.9000E+06 2.9506E-03 6.9000E+06 2.6520E-034812 3102
 7.0000E+06 2.6442E-03 7.0000E+06 2.4648E-03 7.1000E+06 2.4575E-034812 3102
 7.1000E+06 2.3789E-03 7.2000E+06 2.3718E-03 7.2000E+06 2.2970E-034812 3102
 7.3000E+06 2.2902E-03 7.3000E+06 2.2191E-03 7.4000E+06 2.2124E-034812 3102
 7.4000E+06 2.1444E-03 7.5000E+06 2.1380E-03 7.5000E+06 2.0736E-034812 3102
 7.6000E+06 2.0674E-03 7.6000E+06 2.0069E-03 7.7000E+06 2.0009E-034812 3102
 7.7000E+06 1.9409E-03 7.8000E+06 1.9350E-03 7.8000E+06 1.8796E-034812 3102
 7.9000E+06 1.8739E-03 7.9000E+06 1.8197E-03 8.0000E+06 1.8142E-034812 3102
 8.0000E+06 1.7626E-03 8.1000E+06 1.7572E-03 8.1000E+06 1.7085E-034812 3102
 8.2000E+06 1.7032E-03 8.2000E+06 1.6551E-03 8.3000E+06 1.6500E-034812 3102
 8.3000E+06 1.6059E-03 8.4000E+06 1.6009E-03 8.4000E+06 1.5571E-034812 3102
 8.5000E+06 1.5523E-03 8.5000E+06 1.5107E-03 8.6000E+06 1.5060E-034812 3102
 8.6000E+06 1.4666E-03 8.7000E+06 1.4620E-03 8.7000E+06 1.4231E-034812 3102
 8.8000E+06 1.4186E-03 8.8000E+06 1.3828E-03 8.9000E+06 1.3784E-034812 3102
 8.9000E+06 1.3429E-03 9.0000E+06 1.3387E-03 9.0000E+06 1.3046E-034812 3102
 9.1000E+06 1.3005E-03 9.1000E+06 1.2676E-03 9.2000E+06 1.2636E-034812 3102
 9.2000E+06 1.2326E-03 9.3000E+06 1.2287E-03 9.3000E+06 1.1984E-034812 3102
 9.4000E+06 1.1946E-03 9.4000E+06 1.1659E-03 9.5000E+06 1.1621E-034812 3102
 9.5000E+06 1.1345E-03 9.6000E+06 1.1309E-03 9.6000E+06 1.1043E-034812 3102
 9.7000E+06 1.1007E-03 9.7000E+06 1.0744E-03 9.8000E+06 1.0710E-034812 3102
 9.8000E+06 1.0466E-03 9.9000E+06 1.0432E-03 9.9000E+06 1.0190E-034812 3102
 1.0000E+07 1.0157E-03 1.0000E+07 1.0073E-03 1.0100E+07 1.0040E-034812 3102
 1.0100E+07 1.0121E-03 1.0200E+07 1.0088E-03 1.0200E+07 1.0165E-034812 3102
 1.0300E+07 1.0132E-03 1.0300E+07 1.0212E-03 1.0400E+07 1.0178E-034812 3102
 1.0400E+07 1.0257E-03 1.0500E+07 1.0223E-03 1.0500E+07 1.0300E-034812 3102
 1.0600E+07 1.0266E-03 1.0600E+07 1.0343E-03 1.0700E+07 1.0309E-034812 3102
 1.0700E+07 1.0385E-03 1.0800E+07 1.0351E-03 1.0800E+07 1.0428E-034812 3102
 1.0900E+07 1.0393E-03 1.0900E+07 1.0469E-03 1.1000E+07 1.0434E-034812 3102
 1.1000E+07 1.0510E-03 1.1100E+07 1.0475E-03 1.1100E+07 1.0547E-034812 3102
 1.1200E+07 1.0512E-03 1.1200E+07 1.0589E-03 1.1300E+07 1.0553E-034812 3102
 1.1300E+07 1.0626E-03 1.1400E+07 1.0590E-03 1.1400E+07 1.0666E-034812 3102
 1.1500E+07 1.0629E-03 1.1500E+07 1.0703E-03 1.1600E+07 1.0666E-034812 3102
 1.1600E+07 1.0740E-03 1.1700E+07 1.0703E-03 1.1700E+07 1.0774E-034812 3102
 1.1800E+07 1.0737E-03 1.1800E+07 1.0811E-03 1.1900E+07 1.0774E-034812 3102
 1.1900E+07 1.0846E-03 1.2000E+07 1.0808E-03 1.2000E+07 1.0885E-034812 3102
 1.2100E+07 1.0847E-03 1.2100E+07 1.0929E-03 1.2200E+07 1.0890E-034812 3102
 1.2200E+07 1.0970E-03 1.2300E+07 1.0932E-03 1.2300E+07 1.1014E-034812 3102
 1.2400E+07 1.0975E-03 1.2400E+07 1.1055E-03 1.2500E+07 1.1016E-034812 3102
 1.2500E+07 1.1102E-03 1.2600E+07 1.1062E-03 1.2600E+07 1.1143E-034812 3102
 1.2700E+07 1.1103E-03 1.2700E+07 1.1181E-03 1.2800E+07 1.1141E-034812 3102
 1.2800E+07 1.1220E-03 1.2900E+07 1.1180E-03 1.2900E+07 1.1258E-034812 3102
 1.3000E+07 1.1218E-03 1.3000E+07 1.1296E-03 1.3100E+07 1.1255E-034812 3102
 1.3100E+07 1.1333E-03 1.3200E+07 1.1292E-03 1.3200E+07 1.1368E-034812 3102
 1.3300E+07 1.1326E-03 1.3300E+07 1.1404E-03 1.3400E+07 1.1362E-034812 3102
 1.3400E+07 1.1439E-03 1.3500E+07 1.1397E-03 1.3500E+07 1.1473E-034812 3102
 1.3600E+07 1.1431E-03 1.3600E+07 1.1507E-03 1.3700E+07 1.1465E-034812 3102
 1.3700E+07 1.1539E-03 1.3800E+07 1.1496E-03 1.3800E+07 1.1573E-034812 3102
 1.3900E+07 1.1530E-03 1.3900E+07 1.1604E-03 1.4000E+07 1.1561E-034812 3102
 1.4000E+07 1.1636E-03 1.4100E+07 1.1592E-03 1.4100E+07 1.1666E-034812 3102
 1.4200E+07 1.1622E-03 1.4200E+07 1.1694E-03 1.4300E+07 1.1650E-034812 3102
 1.4300E+07 1.1726E-03 1.4400E+07 1.1681E-03 1.4400E+07 1.1754E-034812 3102
 1.4500E+07 1.1710E-03 1.4500E+07 1.1782E-03 1.4600E+07 1.1737E-034812 3102
 1.4600E+07 1.1810E-03 1.4700E+07 1.1765E-03 1.4700E+07 1.1836E-034812 3102
 1.4800E+07 1.1790E-03 1.4800E+07 1.1864E-03 1.4900E+07 1.1818E-034812 3102
 1.4900E+07 1.1890E-03 1.5000E+07 1.1844E-03 1.5000E+07 1.1919E-034812 3102
 1.5100E+07 1.1872E-03 1.5100E+07 1.1952E-03 1.5200E+07 1.1905E-034812 3102
 1.5200E+07 1.1982E-03 1.5300E+07 1.1935E-03 1.5300E+07 1.2017E-034812 3102
 1.5400E+07 1.1970E-03 1.5400E+07 1.2048E-03 1.5500E+07 1.2001E-034812 3102
 1.5500E+07 1.2080E-03 1.5600E+07 1.2032E-03 1.5600E+07 1.2110E-034812 3102
 1.5700E+07 1.2062E-03 1.5700E+07 1.2144E-03 1.5800E+07 1.2095E-034812 3102
 1.5800E+07 1.2175E-03 1.5900E+07 1.2126E-03 1.5900E+07 1.2204E-034812 3102
 1.6000E+07 1.2155E-03 1.6000E+07 1.2232E-03 1.6100E+07 1.2182E-034812 3102
 1.6100E+07 1.2260E-03 1.6200E+07 1.2210E-03 1.6200E+07 1.2285E-034812 3102
 1.6300E+07 1.2234E-03 1.6300E+07 1.2313E-03 1.6400E+07 1.2263E-034812 3102
 1.6400E+07 1.2339E-03 1.6500E+07 1.2288E-03 1.6500E+07 1.2364E-034812 3102
 1.6600E+07 1.2313E-03 1.6600E+07 1.2388E-03 1.6700E+07 1.2337E-034812 3102
 1.6700E+07 1.2410E-03 1.6800E+07 1.2358E-03 1.6800E+07 1.2435E-034812 3102
 1.6900E+07 1.2383E-03 1.6900E+07 1.2458E-03 1.7000E+07 1.2405E-034812 3102
 1.7000E+07 1.2480E-03 1.7100E+07 1.2427E-03 1.7100E+07 1.2501E-034812 3102
 1.7200E+07 1.2448E-03 1.7200E+07 1.2520E-03 1.7300E+07 1.2466E-034812 3102
 1.7300E+07 1.2542E-03 1.7400E+07 1.2488E-03 1.7400E+07 1.2562E-034812 3102
 1.7500E+07 1.2508E-03 1.7500E+07 1.2580E-03 1.7600E+07 1.2526E-034812 3102
 1.7600E+07 1.2599E-03 1.7700E+07 1.2544E-03 1.7700E+07 1.2614E-034812 3102
 1.7800E+07 1.2559E-03 1.7800E+07 1.2633E-03 1.7900E+07 1.2578E-034812 3102
 1.7900E+07 1.2650E-03 1.8000E+07 1.2594E-03 1.8000E+07 1.2666E-034812 3102
 1.8100E+07 1.2610E-03 1.8100E+07 1.2681E-03 1.8200E+07 1.2625E-034812 3102
 1.8200E+07 1.2693E-03 1.8300E+07 1.2637E-03 1.8300E+07 1.2709E-034812 3102
 1.8400E+07 1.2653E-03 1.8400E+07 1.2722E-03 1.8500E+07 1.2665E-034812 3102
 1.8500E+07 1.2735E-03 1.8600E+07 1.2677E-03 1.8600E+07 1.2747E-034812 3102
 1.8700E+07 1.2689E-03 1.8700E+07 1.2756E-03 1.8800E+07 1.2698E-034812 3102
 1.8800E+07 1.2769E-03 1.8900E+07 1.2711E-03 1.8900E+07 1.2779E-034812 3102
 1.9000E+07 1.2720E-03 1.9000E+07 1.2789E-03 1.9100E+07 1.2730E-034812 3102
 1.9100E+07 1.2798E-03 1.9200E+07 1.2739E-03 1.9200E+07 1.2804E-034812 3102
 1.9300E+07 1.2744E-03 1.9300E+07 1.2814E-03 1.9400E+07 1.2754E-034812 3102
 1.9400E+07 1.2821E-03 1.9500E+07 1.2761E-03 1.9500E+07 1.2827E-034812 3102
 1.9600E+07 1.2767E-03 1.9600E+07 1.2833E-03 1.9700E+07 1.2772E-034812 3102
 1.9700E+07 1.2835E-03 1.9800E+07 1.2774E-03 1.9800E+07 1.2843E-034812 3102
 1.9900E+07 1.2781E-03 1.9900E+07 1.2846E-03 2.0000E+07 1.2785E-034812 3102
 2.0000E+07 0.0000E+00                                            4812 3102
                                                                  4812 3  0
