CD-111N,G    1.0000+00* JEF-2.2                                   4811 3102
                                                                  4811 3102
 4.81110+04 1.0995E+02          0         99          0          04811 3102
 3.0000E+02 9.4008E+06          0          0          1       12824811 3102
       1282          2                                            4811 3102
 1.0000E-05 0.0000E+00 1.0000E-05 4.8572E+02 1.0500E-04 4.8572E+024811 3102
 1.0500E-04 3.6765E+02 1.1000E-04 3.6765E+02 1.1000E-04 3.5917E+024811 3102
 1.1500E-04 3.5917E+02 1.1500E-04 3.5159E+02 1.2000E-04 3.5159E+024811 3102
 1.2000E-04 3.4255E+02 1.2750E-04 3.4255E+02 1.2750E-04 3.3264E+024811 3102
 1.3500E-04 3.3264E+02 1.3500E-04 3.2346E+02 1.4250E-04 3.2346E+024811 3102
 1.4250E-04 3.1523E+02 1.5000E-04 3.1523E+02 1.5000E-04 3.0613E+024811 3102
 1.6000E-04 3.0613E+02 1.6000E-04 2.9671E+02 1.7000E-04 2.9671E+024811 3102
 1.7000E-04 2.8813E+02 1.8000E-04 2.8813E+02 1.8000E-04 2.8022E+024811 3102
 1.9000E-04 2.8022E+02 1.9000E-04 2.7296E+02 2.0000E-04 2.7296E+024811 3102
 2.0000E-04 2.6634E+02 2.1000E-04 2.6634E+02 2.1000E-04 2.5999E+024811 3102
 2.2000E-04 2.5999E+02 2.2000E-04 2.5434E+02 2.3000E-04 2.5434E+024811 3102
 2.3000E-04 2.4874E+02 2.4000E-04 2.4874E+02 2.4000E-04 2.4234E+024811 3102
 2.5500E-04 2.4234E+02 2.5500E-04 2.3526E+02 2.7000E-04 2.3526E+024811 3102
 2.7000E-04 2.2988E+02 2.8000E-04 2.2988E+02 2.8000E-04 2.2391E+024811 3102
 3.0000E-04 2.2391E+02 3.0000E-04 2.1657E+02 3.2000E-04 2.1657E+024811 3102
 3.2000E-04 2.0988E+02 3.4000E-04 2.0988E+02 3.4000E-04 2.0379E+024811 3102
 3.6000E-04 2.0379E+02 3.6000E-04 1.9821E+02 3.8000E-04 1.9821E+024811 3102
 3.8000E-04 1.9315E+02 4.0000E-04 1.9315E+02 4.0000E-04 1.8773E+024811 3102
 4.2500E-04 1.8773E+02 4.2500E-04 1.8231E+02 4.5000E-04 1.8231E+024811 3102
 4.5000E-04 1.7731E+02 4.7500E-04 1.7731E+02 4.7500E-04 1.7273E+024811 3102
 5.0000E-04 1.7273E+02 5.0000E-04 1.6840E+02 5.2500E-04 1.6840E+024811 3102
 5.2500E-04 1.6446E+02 5.5000E-04 1.6446E+02 5.5000E-04 1.6084E+024811 3102
 5.7500E-04 1.6084E+02 5.7500E-04 1.5731E+02 6.0000E-04 1.5731E+024811 3102
 6.0000E-04 1.5380E+02 6.3000E-04 1.5380E+02 6.3000E-04 1.5014E+024811 3102
 6.6000E-04 1.5014E+02 6.6000E-04 1.4679E+02 6.9000E-04 1.4679E+024811 3102
 6.9000E-04 1.4361E+02 7.2000E-04 1.4361E+02 7.2000E-04 1.4017E+024811 3102
 7.6000E-04 1.4017E+02 7.6000E-04 1.3661E+02 8.0000E-04 1.3661E+024811 3102
 8.0000E-04 1.3315E+02 8.4000E-04 1.3315E+02 8.4000E-04 1.3003E+024811 3102
 8.8000E-04 1.3003E+02 8.8000E-04 1.2714E+02 9.2000E-04 1.2714E+024811 3102
 9.2000E-04 1.2437E+02 9.6000E-04 1.2437E+02 9.6000E-04 1.2182E+024811 3102
 1.0000E-03 1.2182E+02 1.0000E-03 1.1908E+02 1.0500E-03 1.1908E+024811 3102
 1.0500E-03 1.1631E+02 1.1000E-03 1.1631E+02 1.1000E-03 1.1373E+024811 3102
 1.1500E-03 1.1373E+02 1.1500E-03 1.1123E+02 1.2000E-03 1.1123E+024811 3102
 1.2000E-03 1.0839E+02 1.2750E-03 1.0839E+02 1.2750E-03 1.0525E+024811 3102
 1.3500E-03 1.0525E+02 1.3500E-03 1.0235E+02 1.4250E-03 1.0235E+024811 3102
 1.4250E-03 9.9684E+01 1.5000E-03 9.9684E+01 1.5000E-03 9.6876E+014811 3102
 1.6000E-03 9.6876E+01 1.6000E-03 9.3825E+01 1.7000E-03 9.3825E+014811 3102
 1.7000E-03 9.1144E+01 1.8000E-03 9.1144E+01 1.8000E-03 8.8618E+014811 3102
 1.9000E-03 8.8618E+01 1.9000E-03 8.6324E+01 2.0000E-03 8.6324E+014811 3102
 2.0000E-03 8.4161E+01 2.1000E-03 8.4161E+01 2.1000E-03 8.2205E+014811 3102
 2.2000E-03 8.2205E+01 2.2000E-03 8.0369E+01 2.3000E-03 8.0369E+014811 3102
 2.3000E-03 7.8612E+01 2.4000E-03 7.8612E+01 2.4000E-03 7.6602E+014811 3102
 2.5500E-03 7.6602E+01 2.5500E-03 7.4382E+01 2.7000E-03 7.4382E+014811 3102
 2.7000E-03 7.2647E+01 2.8000E-03 7.2647E+01 2.8000E-03 7.0749E+014811 3102
 3.0000E-03 7.0749E+01 3.0000E-03 6.8457E+01 3.2000E-03 6.8457E+014811 3102
 3.2000E-03 6.6297E+01 3.4000E-03 6.6297E+01 3.4000E-03 6.4402E+014811 3102
 3.6000E-03 6.4402E+01 3.6000E-03 6.2613E+01 3.8000E-03 6.2613E+014811 3102
 3.8000E-03 6.0987E+01 4.0000E-03 6.0987E+01 4.0000E-03 5.9279E+014811 3102
 4.2500E-03 5.9279E+01 4.2500E-03 5.7587E+01 4.5000E-03 5.7587E+014811 3102
 4.5000E-03 5.5982E+01 4.7500E-03 5.5982E+01 4.7500E-03 5.4535E+014811 3102
 5.0000E-03 5.4535E+01 5.0000E-03 5.3169E+01 5.2500E-03 5.3169E+014811 3102
 5.2500E-03 5.1912E+01 5.5000E-03 5.1912E+01 5.5000E-03 5.0745E+014811 3102
 5.7500E-03 5.0745E+01 5.7500E-03 4.9639E+01 6.0000E-03 4.9639E+014811 3102
 6.0000E-03 4.8541E+01 6.3000E-03 4.8541E+01 6.3000E-03 4.7367E+014811 3102
 6.6000E-03 4.7367E+01 6.6000E-03 4.6291E+01 6.9000E-03 4.6291E+014811 3102
 6.9000E-03 4.5311E+01 7.2000E-03 4.5311E+01 7.2000E-03 4.4204E+014811 3102
 7.6000E-03 4.4204E+01 7.6000E-03 4.3052E+01 8.0000E-03 4.3052E+014811 3102
 8.0000E-03 4.1970E+01 8.4000E-03 4.1970E+01 8.4000E-03 4.0993E+014811 3102
 8.8000E-03 4.0993E+01 8.8000E-03 4.0067E+01 9.2000E-03 4.0067E+014811 3102
 9.2000E-03 3.9189E+01 9.6000E-03 3.9189E+01 9.6000E-03 3.8380E+014811 3102
 1.0000E-02 3.8380E+01 1.0000E-02 3.7513E+01 1.0500E-02 3.7513E+014811 3102
 1.0500E-02 3.6622E+01 1.1000E-02 3.6622E+01 1.1000E-02 3.5796E+014811 3102
 1.1500E-02 3.5796E+01 1.1500E-02 3.5013E+01 1.2000E-02 3.5013E+014811 3102
 1.2000E-02 3.4129E+01 1.2750E-02 3.4129E+01 1.2750E-02 3.3104E+014811 3102
 1.3500E-02 3.3104E+01 1.3500E-02 3.2201E+01 1.4250E-02 3.2201E+014811 3102
 1.4250E-02 3.1346E+01 1.5000E-02 3.1346E+01 1.5000E-02 3.0441E+014811 3102
 1.6000E-02 3.0441E+01 1.6000E-02 2.9483E+01 1.7000E-02 2.9483E+014811 3102
 1.7000E-02 2.8632E+01 1.8000E-02 2.8632E+01 1.8000E-02 2.7825E+014811 3102
 1.9000E-02 2.7825E+01 1.9000E-02 2.7097E+01 2.0000E-02 2.7097E+014811 3102
 2.0000E-02 2.6410E+01 2.1000E-02 2.6410E+01 2.1000E-02 2.5777E+014811 3102
 2.2000E-02 2.5777E+01 2.2000E-02 2.5189E+01 2.3000E-02 2.5189E+014811 3102
 2.3000E-02 2.4633E+01 2.4000E-02 2.4633E+01 2.4000E-02 2.4005E+014811 3102
 2.5500E-02 2.4005E+01 2.5500E-02 2.3277E+01 2.7000E-02 2.3277E+014811 3102
 2.7000E-02 2.2737E+01 2.8000E-02 2.2737E+01 2.8000E-02 2.2127E+014811 3102
 3.0000E-02 2.2127E+01 3.0000E-02 2.1383E+01 3.2000E-02 2.1383E+014811 3102
 3.2000E-02 2.0701E+01 3.4000E-02 2.0701E+01 3.4000E-02 2.0096E+014811 3102
 3.6000E-02 2.0096E+01 3.6000E-02 1.9521E+01 3.8000E-02 1.9521E+014811 3102
 3.8000E-02 1.9001E+01 4.0000E-02 1.9001E+01 4.0000E-02 1.8456E+014811 3102
 4.2500E-02 1.8456E+01 4.2500E-02 1.7900E+01 4.5000E-02 1.7900E+014811 3102
 4.5000E-02 1.7390E+01 4.7500E-02 1.7390E+01 4.7500E-02 1.6929E+014811 3102
 5.0000E-02 1.6929E+01 5.0000E-02 1.6487E+01 5.2500E-02 1.6487E+014811 3102
 5.2500E-02 1.6077E+01 5.5000E-02 1.6077E+01 5.5000E-02 1.5706E+014811 3102
 5.7500E-02 1.5706E+01 5.7500E-02 1.5345E+01 6.0000E-02 1.5345E+014811 3102
 6.0000E-02 1.4986E+01 6.3000E-02 1.4986E+01 6.3000E-02 1.4608E+014811 3102
 6.6000E-02 1.4608E+01 6.6000E-02 1.4264E+01 6.9000E-02 1.4264E+014811 3102
 6.9000E-02 1.3947E+01 7.2000E-02 1.3947E+01 7.2000E-02 1.3588E+014811 3102
 7.6000E-02 1.3588E+01 7.6000E-02 1.3215E+01 8.0000E-02 1.3215E+014811 3102
 8.0000E-02 1.2863E+01 8.4000E-02 1.2863E+01 8.4000E-02 1.2539E+014811 3102
 8.8000E-02 1.2539E+01 8.8000E-02 1.2238E+01 9.2000E-02 1.2238E+014811 3102
 9.2000E-02 1.1953E+01 9.6000E-02 1.1953E+01 9.6000E-02 1.1694E+014811 3102
 1.0000E-01 1.1694E+01 1.0000E-01 1.1409E+01 1.0500E-01 1.1409E+014811 3102
 1.0500E-01 1.1113E+01 1.1000E-01 1.1113E+01 1.1000E-01 1.0845E+014811 3102
 1.1500E-01 1.0845E+01 1.1500E-01 1.0585E+01 1.2000E-01 1.0585E+014811 3102
 1.2000E-01 1.0293E+01 1.2750E-01 1.0293E+01 1.2750E-01 9.9589E+004811 3102
 1.3500E-01 9.9589E+00 1.3500E-01 9.6613E+00 1.4250E-01 9.6613E+004811 3102
 1.4250E-01 9.3782E+00 1.5000E-01 9.3782E+00 1.5000E-01 9.0819E+004811 3102
 1.6000E-01 9.0819E+00 1.6000E-01 8.7627E+00 1.7000E-01 8.7627E+004811 3102
 1.7000E-01 8.4718E+00 1.8000E-01 8.4718E+00 1.8000E-01 8.2059E+004811 3102
 1.9000E-01 8.2059E+00 1.9000E-01 7.9636E+00 2.0000E-01 7.9636E+004811 3102
 2.0000E-01 7.7315E+00 2.1000E-01 7.7315E+00 2.1000E-01 7.5152E+004811 3102
 2.2000E-01 7.5152E+00 2.2000E-01 7.3201E+00 2.3000E-01 7.3201E+004811 3102
 2.3000E-01 7.1296E+00 2.4000E-01 7.1296E+00 2.4000E-01 6.9190E+004811 3102
 2.5500E-01 6.9190E+00 2.5500E-01 6.6733E+00 2.7000E-01 6.6733E+004811 3102
 2.7000E-01 6.4810E+00 2.8000E-01 6.4810E+00 2.8000E-01 6.2876E+004811 3102
 3.0000E-01 6.2876E+00 3.0000E-01 6.0299E+00 3.2000E-01 6.0299E+004811 3102
 3.2000E-01 5.7971E+00 3.4000E-01 5.7971E+00 3.4000E-01 5.5833E+004811 3102
 3.6000E-01 5.5833E+00 3.6000E-01 5.3866E+00 3.8000E-01 5.3866E+004811 3102
 3.8000E-01 5.2046E+00 4.0000E-01 5.2046E+00 4.0000E-01 5.0150E+004811 3102
 4.2500E-01 5.0150E+00 4.2500E-01 4.8146E+00 4.5000E-01 4.8146E+004811 3102
 4.5000E-01 4.6370E+00 4.7500E-01 4.6370E+00 4.7500E-01 4.4731E+004811 3102
 5.0000E-01 4.4731E+00 5.0000E-01 4.3178E+00 5.2500E-01 4.3178E+004811 3102
 5.2500E-01 4.1747E+00 5.5000E-01 4.1747E+00 5.5000E-01 4.0416E+004811 3102
 5.7500E-01 4.0416E+00 5.7500E-01 3.9169E+00 6.0000E-01 3.9169E+004811 3102
 6.0000E-01 3.7888E+00 6.3000E-01 3.7888E+00 6.3000E-01 3.6588E+004811 3102
 6.6000E-01 3.6588E+00 6.6000E-01 3.5386E+00 6.9000E-01 3.5386E+004811 3102
 6.9000E-01 3.4227E+00 7.2000E-01 3.4227E+00 7.2000E-01 3.2983E+004811 3102
 7.6000E-01 3.2983E+00 7.6000E-01 3.1659E+00 8.0000E-01 3.1659E+004811 3102
 8.0000E-01 3.0423E+00 8.4000E-01 3.0423E+00 8.4000E-01 2.9276E+004811 3102
 8.8000E-01 2.9276E+00 8.8000E-01 2.8210E+00 9.2000E-01 2.8210E+004811 3102
 9.2000E-01 2.7216E+00 9.6000E-01 2.7216E+00 9.6000E-01 2.6285E+004811 3102
 1.0000E+00 2.6285E+00 1.0000E+00 2.5305E+00 1.0500E+00 2.5305E+004811 3102
 1.0500E+00 2.4268E+00 1.1000E+00 2.4268E+00 1.1000E+00 2.3321E+004811 3102
 1.1500E+00 2.3321E+00 1.1500E+00 2.2435E+00 1.2000E+00 2.2435E+004811 3102
 1.2000E+00 2.1413E+00 1.2750E+00 2.1413E+00 1.2750E+00 2.0277E+004811 3102
 1.3500E+00 2.0277E+00 1.3500E+00 1.9245E+00 1.4250E+00 1.9245E+004811 3102
 1.4250E+00 1.8296E+00 1.5000E+00 1.8296E+00 1.5000E+00 1.7303E+004811 3102
 1.6000E+00 1.7303E+00 1.6000E+00 1.6255E+00 1.7000E+00 1.6255E+004811 3102
 1.7000E+00 1.5306E+00 1.8000E+00 1.5306E+00 1.8000E+00 1.4444E+004811 3102
 1.9000E+00 1.4444E+00 1.9000E+00 1.3659E+00 2.0000E+00 1.3659E+004811 3102
 2.0000E+00 1.2941E+00 2.1000E+00 1.2941E+00 2.1000E+00 1.2281E+004811 3102
 2.2000E+00 1.2281E+00 2.2000E+00 1.1673E+00 2.3000E+00 1.1673E+004811 3102
 2.3000E+00 1.1112E+00 2.4000E+00 1.1112E+00 2.4000E+00 1.0474E+004811 3102
 2.5500E+00 1.0474E+00 2.5500E+00 9.7750E-01 2.7000E+00 9.7750E-014811 3102
 2.7000E+00 9.2454E-01 2.8000E+00 9.2454E-01 2.8000E+00 8.6767E-014811 3102
 3.0000E+00 8.6767E-01 3.0000E+00 7.9916E-01 3.2000E+00 7.9916E-014811 3102
 3.2000E+00 7.3882E-01 3.4000E+00 7.3882E-01 3.4000E+00 6.8536E-014811 3102
 3.6000E+00 6.8536E-01 3.6000E+00 6.3774E-01 3.8000E+00 6.3774E-014811 3102
 3.8000E+00 5.9519E-01 4.0000E+00 5.9519E-01 4.0000E+00 5.5289E-014811 3102
 4.2500E+00 5.5289E-01 4.2500E+00 5.1078E-01 4.5000E+00 5.1078E-014811 3102
 4.5000E+00 4.7361E-01 4.7500E+00 4.7361E-01 4.7500E+00 4.4061E-014811 3102
 5.0000E+00 4.4061E-01 5.0000E+00 4.1118E-01 5.2500E+00 4.1118E-014811 3102
 5.2500E+00 3.8483E-01 5.5000E+00 3.8483E-01 5.5000E+00 3.6117E-014811 3102
 5.7500E+00 3.6117E-01 5.7500E+00 3.3986E-01 6.0000E+00 3.3986E-014811 3102
 6.0000E+00 3.1884E-01 6.3000E+00 3.1884E-01 6.3000E+00 2.9833E-014811 3102
 6.6000E+00 2.9833E-01 6.6000E+00 2.8000E-01 6.9000E+00 2.8000E-014811 3102
 6.9000E+00 2.6366E-01 7.2000E+00 2.6366E-01 7.2000E+00 2.4677E-014811 3102
 7.6000E+00 2.4677E-01 7.6000E+00 2.2977E-01 8.0000E+00 2.2977E-014811 3102
 8.0000E+00 2.1497E-01 8.4000E+00 2.1497E-01 8.4000E+00 2.0206E-014811 3102
 8.8000E+00 2.0206E-01 8.8000E+00 1.9075E-01 9.2000E+00 1.9075E-014811 3102
 9.2000E+00 1.8090E-01 9.6000E+00 1.8090E-01 9.6000E+00 1.7231E-014811 3102
 1.0000E+01 1.7231E-01 1.0000E+01 1.6389E-01 1.0500E+01 1.6389E-014811 3102
 1.0500E+01 1.5589E-01 1.1000E+01 1.5589E-01 1.1000E+01 1.4919E-014811 3102
 1.1500E+01 1.4919E-01 1.1500E+01 1.4365E-01 1.2000E+01 1.4365E-014811 3102
 1.2000E+01 1.3825E-01 1.2750E+01 1.3825E-01 1.2750E+01 1.3362E-014811 3102
 1.3500E+01 1.3362E-01 1.3500E+01 1.3096E-01 1.4250E+01 1.3096E-014811 3102
 1.4250E+01 1.3018E-01 1.5000E+01 1.3018E-01 1.5000E+01 1.3173E-014811 3102
 1.6000E+01 1.3173E-01 1.6000E+01 1.3696E-01 1.7000E+01 1.3696E-014811 3102
 1.7000E+01 1.4664E-01 1.8000E+01 1.4664E-01 1.8000E+01 1.6209E-014811 3102
 1.9000E+01 1.6209E-01 1.9000E+01 1.8602E-01 2.0000E+01 1.8602E-014811 3102
 2.0000E+01 2.2294E-01 2.1000E+01 2.2294E-01 2.1000E+01 2.8158E-014811 3102
 2.2000E+01 2.8158E-01 2.2000E+01 3.8015E-01 2.3000E+01 3.8015E-014811 3102
 2.3000E+01 5.6386E-01 2.4000E+01 5.6386E-01 2.4000E+01 1.1855E+004811 3102
 2.5500E+01 1.1855E+00 2.5500E+01 7.8719E+00 2.7000E+01 7.8719E+004811 3102
 2.7000E+01 4.5700E+02 2.8000E+01 4.5700E+02 2.8000E+01 7.3977E+004811 3102
 3.0000E+01 7.3977E+00 3.0000E+01 7.0350E-01 3.2000E+01 7.0350E-014811 3102
 3.2000E+01 2.7076E-01 3.4000E+01 2.7076E-01 3.4000E+01 1.4694E-014811 3102
 3.6000E+01 1.4694E-01 3.6000E+01 9.4911E-02 3.8000E+01 9.4911E-024811 3102
 3.8000E+01 6.8134E-02 4.0000E+01 6.8134E-02 4.0000E+01 5.1330E-024811 3102
 4.2500E+01 5.1330E-02 4.2500E+01 4.0328E-02 4.5000E+01 4.0328E-024811 3102
 4.5000E+01 3.3620E-02 4.7500E+01 3.3620E-02 4.7500E+01 2.9364E-024811 3102
 5.0000E+01 2.9364E-02 5.0000E+01 2.6633E-02 5.2500E+01 2.6633E-024811 3102
 5.2500E+01 2.4946E-02 5.5000E+01 2.4946E-02 5.5000E+01 2.4063E-024811 3102
 5.7500E+01 2.4063E-02 5.7500E+01 2.3912E-02 6.0000E+01 2.3912E-024811 3102
 6.0000E+01 2.4809E-02 6.3000E+01 2.4809E-02 6.3000E+01 2.8696E-024811 3102
 6.6000E+01 2.8696E-02 6.6000E+01 1.3094E-01 6.9000E+01 1.3094E-014811 3102
 6.9000E+01 2.0735E+00 7.2000E+01 2.0735E+00 7.2000E+01 4.1013E-024811 3102
 7.6000E+01 4.1013E-02 7.6000E+01 5.4180E-02 8.0000E+01 5.4180E-024811 3102
 8.0000E+01 1.5218E-01 8.4000E+01 1.5218E-01 8.4000E+01 2.1443E+014811 3102
 8.8000E+01 2.1443E+01 8.8000E+01 2.2282E-01 9.2000E+01 2.2282E-014811 3102
 9.2000E+01 2.8898E-01 9.6000E+01 2.8898E-01 9.6000E+01 8.4219E+014811 3102
 1.0000E+02 8.4219E+01 1.0000E+02 8.7373E+00 1.0500E+02 8.7373E+004811 3102
 1.0500E+02 1.5760E-01 1.1000E+02 1.5760E-01 1.1000E+02 8.6115E-014811 3102
 1.1500E+02 8.6115E-01 1.1500E+02 2.3712E-01 1.2000E+02 2.3712E-014811 3102
 1.2000E+02 5.4045E-02 1.2750E+02 5.4045E-02 1.2750E+02 1.4758E-014811 3102
 1.3500E+02 1.4758E-01 1.3500E+02 2.8475E+01 1.4250E+02 2.8475E+014811 3102
 1.4250E+02 1.6175E-01 1.5000E+02 1.6175E-01 1.5000E+02 4.1960E-014811 3102
 1.6000E+02 4.1960E-01 1.6000E+02 7.7741E+01 1.7000E+02 7.7741E+014811 3102
 1.7000E+02 2.5378E-01 1.8000E+02 2.5378E-01 1.8000E+02 7.1489E-024811 3102
 1.9000E+02 7.1489E-02 1.9000E+02 5.1752E-02 2.0000E+02 5.1752E-024811 3102
 2.0000E+02 1.0217E+00 2.1000E+02 1.0217E+00 2.1000E+02 1.7280E-014811 3102
 2.2000E+02 1.7280E-01 2.2000E+02 2.2102E+01 2.3000E+02 2.2102E+014811 3102
 2.3000E+02 6.1017E+01 2.4000E+02 6.1017E+01 2.4000E+02 1.6191E-014811 3102
 2.5500E+02 1.6191E-01 2.5500E+02 6.9663E-02 2.7000E+02 6.9663E-024811 3102
 2.7000E+02 1.8113E+01 2.8000E+02 1.8113E+01 2.8000E+02 4.1746E-014811 3102
 3.0000E+02 4.1746E-01 3.0000E+02 1.0717E+01 3.2000E+02 1.0717E+014811 3102
 3.2000E+02 3.4369E+00 3.4000E+02 3.4369E+00 3.4000E+02 1.2774E+014811 3102
 3.6000E+02 1.2774E+01 3.6000E+02 8.2444E-02 3.8000E+02 8.2444E-024811 3102
 3.8000E+02 5.8705E+00 4.0000E+02 5.8705E+00 4.0000E+02 1.3133E+004811 3102
 4.2500E+02 1.3133E+00 4.2500E+02 9.1399E-02 4.5000E+02 9.1399E-024811 3102
 4.5000E+02 2.4535E+00 4.7500E+02 2.4535E+00 4.7500E+02 1.8308E+004811 3102
 5.0000E+02 1.8308E+00 5.0000E+02 2.4623E-01 5.2500E+02 2.4623E-014811 3102
 5.2500E+02 5.8127E+00 5.5000E+02 5.8127E+00 5.5000E+02 7.8160E-014811 3102
 5.7500E+02 7.8160E-01 5.7500E+02 7.2618E+00 6.0000E+02 7.2618E+004811 3102
 6.0000E+02 1.2226E+01 6.3000E+02 1.2226E+01 6.3000E+02 2.4041E-014811 3102
 6.6000E+02 2.4041E-01 6.6000E+02 7.5321E-01 6.9000E+02 7.5321E-014811 3102
 6.9000E+02 9.7129E-01 7.2000E+02 9.7129E-01 7.2000E+02 1.2911E+004811 3102
 7.6000E+02 1.2911E+00 7.6000E+02 6.1306E+00 8.0000E+02 6.1306E+004811 3102
 8.0000E+02 3.9928E+00 8.4000E+02 3.9928E+00 8.4000E+02 3.4348E+004811 3102
 8.8000E+02 3.4348E+00 8.8000E+02 9.6609E-01 9.2000E+02 9.6609E-014811 3102
 9.2000E+02 4.7428E+00 9.6000E+02 4.7428E+00 9.6000E+02 2.0905E+004811 3102
 1.0000E+03 2.0905E+00 1.0000E+03 2.7431E+00 1.0500E+03 2.7431E+004811 3102
 1.0500E+03 1.2974E+00 1.1000E+03 1.2974E+00 1.1000E+03 8.2396E-014811 3102
 1.1500E+03 8.2396E-01 1.1500E+03 5.8340E-01 1.2000E+03 5.8340E-014811 3102
 1.2000E+03 4.0090E+00 1.2750E+03 4.0090E+00 1.2750E+03 1.2181E+004811 3102
 1.3500E+03 1.2181E+00 1.3500E+03 2.4379E+00 1.4250E+03 2.4379E+004811 3102
 1.4250E+03 2.3783E+00 1.5000E+03 2.3783E+00 1.5000E+03 2.0667E+004811 3102
 1.6000E+03 2.0667E+00 1.6000E+03 3.6868E+00 1.7000E+03 3.6868E+004811 3102
 1.7000E+03 2.9289E+00 1.8000E+03 2.9289E+00 1.8000E+03 3.0688E+004811 3102
 1.9000E+03 3.0688E+00 1.9000E+03 1.1340E+00 2.0000E+03 1.1340E+004811 3102
 2.0000E+03 1.1402E+00 2.1000E+03 1.1402E+00 2.1000E+03 1.9538E+004811 3102
 2.2000E+03 1.9538E+00 2.2000E+03 9.7862E-01 2.3000E+03 9.7862E-014811 3102
 2.3000E+03 1.3060E+00 2.4000E+03 1.3060E+00 2.4000E+03 1.5901E+004811 3102
 2.5500E+03 1.5901E+00 2.5500E+03 1.5475E+00 2.7000E+03 1.5475E+004811 3102
 2.7000E+03 1.5144E+00 2.8000E+03 1.5144E+00 2.8000E+03 1.4751E+004811 3102
 3.0000E+03 1.4751E+00 3.0000E+03 1.4223E+00 3.2000E+03 1.4223E+004811 3102
 3.2000E+03 1.3787E+00 3.4000E+03 1.3787E+00 3.4000E+03 1.3444E+004811 3102
 3.6000E+03 1.3444E+00 3.6000E+03 1.3101E+00 3.8000E+03 1.3101E+004811 3102
 3.8000E+03 1.2758E+00 4.0000E+03 1.2758E+00 4.0000E+03 1.2443E+004811 3102
 4.2500E+03 1.2443E+00 4.2500E+03 1.2156E+00 4.5000E+03 1.2156E+004811 3102
 4.5000E+03 1.1870E+00 4.7500E+03 1.1870E+00 4.7500E+03 1.1583E+004811 3102
 5.0000E+03 1.1583E+00 5.0000E+03 1.1344E+00 5.2500E+03 1.1344E+004811 3102
 5.2500E+03 1.1152E+00 5.5000E+03 1.1152E+00 5.5000E+03 1.0959E+004811 3102
 5.7500E+03 1.0959E+00 5.7500E+03 1.0767E+00 6.0000E+03 1.0767E+004811 3102
 6.0000E+03 1.0556E+00 6.3000E+03 1.0556E+00 6.3000E+03 1.0361E+004811 3102
 6.6000E+03 1.0361E+00 6.6000E+03 1.0204E+00 6.9000E+03 1.0204E+004811 3102
 6.9000E+03 1.0045E+00 7.2000E+03 1.0045E+00 7.2000E+03 9.8618E-014811 3102
 7.6000E+03 9.8618E-01 7.6000E+03 9.6529E-01 8.0000E+03 9.6529E-014811 3102
 8.0000E+03 9.4869E-01 8.4000E+03 9.4869E-01 8.4000E+03 9.3384E-014811 3102
 8.8000E+03 9.3384E-01 8.8000E+03 9.1898E-01 9.2000E+03 9.1898E-014811 3102
 9.2000E+03 9.0415E-01 9.6000E+03 9.0415E-01 9.6000E+03 8.8928E-014811 3102
 1.0000E+04 8.8928E-01 1.0000E+04 8.8180E-01 1.0500E+04 8.8180E-014811 3102
 1.0500E+04 8.6837E-01 1.1000E+04 8.6837E-01 1.1000E+04 8.5503E-014811 3102
 1.1500E+04 8.5503E-01 1.1500E+04 8.4310E-01 1.2000E+04 8.4310E-014811 3102
 1.2000E+04 8.2880E-01 1.2750E+04 8.2880E-01 1.2750E+04 8.1317E-014811 3102
 1.3500E+04 8.1317E-01 1.3500E+04 7.9821E-01 1.4250E+04 7.9821E-014811 3102
 1.4250E+04 7.8474E-01 1.5000E+04 7.8474E-01 1.5000E+04 7.6991E-014811 3102
 1.6000E+04 7.6991E-01 1.6000E+04 7.5418E-01 1.7000E+04 7.5418E-014811 3102
 1.7000E+04 7.3964E-01 1.8000E+04 7.3964E-01 1.8000E+04 7.2636E-014811 3102
 1.9000E+04 7.2636E-01 1.9000E+04 7.1385E-01 2.0000E+04 7.1385E-014811 3102
 2.0000E+04 7.0106E-01 2.1000E+04 7.0106E-01 2.1000E+04 6.8801E-014811 3102
 2.2000E+04 6.8801E-01 2.2000E+04 6.7550E-01 2.3000E+04 6.7550E-014811 3102
 2.3000E+04 6.6396E-01 2.4000E+04 6.6396E-01 2.4000E+04 6.5083E-014811 3102
 2.5500E+04 6.5083E-01 2.5500E+04 6.3569E-01 2.7000E+04 6.3569E-014811 3102
 2.7000E+04 6.2408E-01 2.8000E+04 6.2408E-01 2.8000E+04 6.1124E-014811 3102
 3.0000E+04 6.1124E-01 3.0000E+04 5.9401E-01 3.2000E+04 5.9401E-014811 3102
 3.2000E+04 5.7757E-01 3.4000E+04 5.7757E-01 3.4000E+04 5.6244E-014811 3102
 3.6000E+04 5.6244E-01 3.6000E+04 5.4851E-01 3.8000E+04 5.4851E-014811 3102
 3.8000E+04 5.3558E-01 4.0000E+04 5.3558E-01 4.0000E+04 5.2170E-014811 3102
 4.2500E+04 5.2170E-01 4.2500E+04 5.0693E-01 4.5000E+04 5.0693E-014811 3102
 4.5000E+04 4.9355E-01 4.7500E+04 4.9355E-01 4.7500E+04 4.8091E-014811 3102
 5.0000E+04 4.8091E-01 5.0000E+04 4.6825E-01 5.2500E+04 4.6825E-014811 3102
 5.2500E+04 4.5486E-01 5.5000E+04 4.5486E-01 5.5000E+04 4.4258E-014811 3102
 5.7500E+04 4.4258E-01 5.7500E+04 4.3101E-01 6.0000E+04 4.3101E-014811 3102
 6.0000E+04 4.1922E-01 6.3000E+04 4.1922E-01 6.3000E+04 4.0730E-014811 3102
 6.6000E+04 4.0730E-01 6.6000E+04 3.9600E-01 6.9000E+04 3.9600E-014811 3102
 6.9000E+04 3.8569E-01 7.2000E+04 3.8569E-01 7.2000E+04 3.7440E-014811 3102
 7.6000E+04 3.7440E-01 7.6000E+04 3.6256E-01 8.0000E+04 3.6256E-014811 3102
 8.0000E+04 3.5178E-01 8.4000E+04 3.5178E-01 8.4000E+04 3.4152E-014811 3102
 8.8000E+04 3.4152E-01 8.8000E+04 3.3225E-01 9.2000E+04 3.3225E-014811 3102
 9.2000E+04 3.2349E-01 9.6000E+04 3.2349E-01 9.6000E+04 3.1548E-014811 3102
 1.0000E+05 3.1548E-01 1.0000E+05 3.0793E-01 1.0500E+05 3.0793E-014811 3102
 1.0500E+05 3.0086E-01 1.1000E+05 3.0086E-01 1.1000E+05 2.9442E-014811 3102
 1.1500E+05 2.9442E-01 1.1500E+05 2.8829E-01 1.2000E+05 2.8829E-014811 3102
 1.2000E+05 2.8104E-01 1.2750E+05 2.8104E-01 1.2750E+05 2.7312E-014811 3102
 1.3500E+05 2.7312E-01 1.3500E+05 2.6595E-01 1.4250E+05 2.6595E-014811 3102
 1.4250E+05 2.5913E-01 1.5000E+05 2.5913E-01 1.5000E+05 2.5207E-014811 3102
 1.6000E+05 2.5207E-01 1.6000E+05 2.4439E-01 1.7000E+05 2.4439E-014811 3102
 1.7000E+05 2.3750E-01 1.8000E+05 2.3750E-01 1.8000E+05 2.3124E-014811 3102
 1.9000E+05 2.3124E-01 1.9000E+05 2.2530E-01 2.0000E+05 2.2530E-014811 3102
 2.0000E+05 2.2055E-01 2.1000E+05 2.2055E-01 2.1000E+05 2.1665E-014811 3102
 2.2000E+05 2.1665E-01 2.2000E+05 2.1288E-01 2.3000E+05 2.1288E-014811 3102
 2.3000E+05 2.0950E-01 2.4000E+05 2.0950E-01 2.4000E+05 2.0405E-014811 3102
 2.5500E+05 2.0405E-01 2.5500E+05 1.8941E-01 2.7000E+05 1.8941E-014811 3102
 2.7000E+05 1.7705E-01 2.8000E+05 1.7705E-01 2.8000E+05 1.6425E-014811 3102
 3.0000E+05 1.6425E-01 3.0000E+05 1.5153E-01 3.2000E+05 1.5153E-014811 3102
 3.2000E+05 1.4258E-01 3.4000E+05 1.4258E-01 3.4000E+05 1.3361E-014811 3102
 3.6000E+05 1.3361E-01 3.6000E+05 1.2288E-01 3.8000E+05 1.2288E-014811 3102
 3.8000E+05 1.1335E-01 4.0000E+05 1.1335E-01 4.0000E+05 1.0549E-014811 3102
 4.2500E+05 1.0549E-01 4.2500E+05 9.8626E-02 4.5000E+05 9.8626E-024811 3102
 4.5000E+05 9.2222E-02 4.7500E+05 9.2222E-02 4.7500E+05 8.6546E-024811 3102
 5.0000E+05 8.6546E-02 5.0000E+05 8.2561E-02 5.2500E+05 8.2561E-024811 3102
 5.2500E+05 7.9938E-02 5.5000E+05 7.9938E-02 5.5000E+05 7.6614E-024811 3102
 5.7500E+05 7.6614E-02 5.7500E+05 7.2644E-02 6.0000E+05 7.2644E-024811 3102
 6.0000E+05 6.9447E-02 6.3000E+05 6.9447E-02 6.3000E+05 6.6396E-024811 3102
 6.6000E+05 6.6396E-02 6.6000E+05 6.3217E-02 6.9000E+05 6.3217E-024811 3102
 6.9000E+05 6.0553E-02 7.2000E+05 6.0553E-02 7.2000E+05 5.8694E-024811 3102
 7.6000E+05 5.8694E-02 7.6000E+05 5.6146E-02 8.0000E+05 5.6146E-024811 3102
 8.0000E+05 5.3663E-02 8.4000E+05 5.3663E-02 8.4000E+05 5.1819E-024811 3102
 8.8000E+05 5.1819E-02 8.8000E+05 4.8472E-02 9.2000E+05 4.8472E-024811 3102
 9.2000E+05 4.4230E-02 9.6000E+05 4.4230E-02 9.6000E+05 4.0349E-024811 3102
 1.0000E+06 4.0349E-02 1.0000E+06 3.4392E-02 1.1000E+06 3.4392E-024811 3102
 1.1000E+06 2.7492E-02 1.2000E+06 2.7492E-02 1.2000E+06 2.2991E-024811 3102
 1.3000E+06 2.2991E-02 1.3000E+06 2.0032E-02 1.4000E+06 2.0032E-024811 3102
 1.4000E+06 1.7901E-02 1.5000E+06 1.7901E-02 1.5000E+06 1.6368E-024811 3102
 1.6000E+06 1.6368E-02 1.6000E+06 1.5150E-02 1.7000E+06 1.5150E-024811 3102
 1.7000E+06 1.4186E-02 1.8000E+06 1.4186E-02 1.8000E+06 1.3566E-024811 3102
 1.9000E+06 1.3566E-02 1.9000E+06 1.3228E-02 2.0000E+06 1.3228E-024811 3102
 2.0000E+06 1.2823E-02 2.1000E+06 1.2823E-02 2.1000E+06 1.2356E-024811 3102
 2.2000E+06 1.2356E-02 2.2000E+06 1.1929E-02 2.3000E+06 1.1929E-024811 3102
 2.3000E+06 1.1538E-02 2.4000E+06 1.1538E-02 2.4000E+06 1.1171E-024811 3102
 2.5000E+06 1.1171E-02 2.5000E+06 1.0832E-02 2.6000E+06 1.0832E-024811 3102
 2.6000E+06 1.0507E-02 2.7000E+06 1.0507E-02 2.7000E+06 1.0208E-024811 3102
 2.8000E+06 1.0208E-02 2.8000E+06 9.9265E-03 2.9000E+06 9.9265E-034811 3102
 2.9000E+06 9.6635E-03 3.0000E+06 9.6635E-03 3.0000E+06 9.4018E-034811 3102
 3.1000E+06 9.4018E-03 3.1000E+06 9.1556E-03 3.2000E+06 9.1556E-034811 3102
 3.2000E+06 8.9215E-03 3.3000E+06 8.9215E-03 3.3000E+06 8.7008E-034811 3102
 3.4000E+06 8.7008E-03 3.4000E+06 8.4885E-03 3.5000E+06 8.4885E-034811 3102
 3.5000E+06 8.2642E-03 3.6000E+06 8.2642E-03 3.6000E+06 8.0182E-034811 3102
 3.7000E+06 8.0182E-03 3.7000E+06 7.7829E-03 3.8000E+06 7.7829E-034811 3102
 3.8000E+06 7.5635E-03 3.9000E+06 7.5635E-03 3.9000E+06 7.3518E-034811 3102
 4.0000E+06 7.3518E-03 4.0000E+06 7.1065E-03 4.1000E+06 7.1065E-034811 3102
 4.1000E+06 6.8186E-03 4.2000E+06 6.8186E-03 4.2000E+06 6.5496E-034811 3102
 4.3000E+06 6.5496E-03 4.3000E+06 6.2996E-03 4.4000E+06 6.2996E-034811 3102
 4.4000E+06 6.0603E-03 4.5000E+06 6.0603E-03 4.5000E+06 5.8030E-034811 3102
 4.6000E+06 5.8030E-03 4.6000E+06 5.5224E-03 4.7000E+06 5.5224E-034811 3102
 4.7000E+06 5.2637E-03 4.8000E+06 5.2637E-03 4.8000E+06 5.0204E-034811 3102
 4.9000E+06 5.0204E-03 4.9000E+06 4.7945E-03 5.0000E+06 4.7945E-034811 3102
 5.0000E+06 4.5389E-03 5.1000E+06 4.5389E-03 5.1000E+06 4.2585E-034811 3102
 5.2000E+06 4.2585E-03 5.2000E+06 4.0020E-03 5.3000E+06 4.0020E-034811 3102
 5.3000E+06 3.7641E-03 5.4000E+06 3.7641E-03 5.4000E+06 3.5448E-034811 3102
 5.5000E+06 3.5448E-03 5.5000E+06 3.3425E-03 5.6000E+06 3.3425E-034811 3102
 5.6000E+06 3.1551E-03 5.7000E+06 3.1551E-03 5.7000E+06 2.9793E-034811 3102
 5.8000E+06 2.9793E-03 5.8000E+06 2.8175E-03 5.9000E+06 2.8175E-034811 3102
 5.9000E+06 2.6664E-03 6.0000E+06 2.6664E-03 6.0000E+06 2.5167E-034811 3102
 6.1000E+06 2.5167E-03 6.1000E+06 2.3657E-03 6.2000E+06 2.3657E-034811 3102
 6.2000E+06 2.2269E-03 6.3000E+06 2.2269E-03 6.3000E+06 2.0977E-034811 3102
 6.4000E+06 2.0977E-03 6.4000E+06 1.9779E-03 6.5000E+06 1.9779E-034811 3102
 6.5000E+06 1.8670E-03 6.6000E+06 1.8670E-03 6.6000E+06 1.7639E-034811 3102
 6.7000E+06 1.7639E-03 6.7000E+06 1.6669E-03 6.8000E+06 1.6669E-034811 3102
 6.8000E+06 1.5773E-03 6.9000E+06 1.5773E-03 6.9000E+06 1.4932E-034811 3102
 7.0000E+06 1.4932E-03 7.0000E+06 1.4181E-03 7.1000E+06 1.4181E-034811 3102
 7.1000E+06 1.3776E-03 7.2000E+06 1.3776E-03 7.2000E+06 1.3410E-034811 3102
 7.3000E+06 1.3410E-03 7.3000E+06 1.3066E-03 7.4000E+06 1.3066E-034811 3102
 7.4000E+06 1.2729E-03 7.5000E+06 1.2729E-03 7.5000E+06 1.2420E-034811 3102
 7.6000E+06 1.2420E-03 7.6000E+06 1.2112E-03 7.7000E+06 1.2112E-034811 3102
 7.7000E+06 1.1812E-03 7.8000E+06 1.1812E-03 7.8000E+06 1.1533E-034811 3102
 7.9000E+06 1.1533E-03 7.9000E+06 1.1254E-03 8.0000E+06 1.1254E-034811 3102
 8.0000E+06 1.1224E-03 8.1000E+06 1.1224E-03 8.1000E+06 1.1448E-034811 3102
 8.2000E+06 1.1448E-03 8.2000E+06 1.1670E-03 8.3000E+06 1.1670E-034811 3102
 8.3000E+06 1.1895E-03 8.4000E+06 1.1895E-03 8.4000E+06 1.2119E-034811 3102
 8.5000E+06 1.2119E-03 8.5000E+06 1.2340E-03 8.6000E+06 1.2340E-034811 3102
 8.6000E+06 1.2566E-03 8.7000E+06 1.2566E-03 8.7000E+06 1.2789E-034811 3102
 8.8000E+06 1.2789E-03 8.8000E+06 1.3022E-03 8.9000E+06 1.3022E-034811 3102
 8.9000E+06 1.3253E-03 9.0000E+06 1.3253E-03 9.0000E+06 1.3391E-034811 3102
 9.1000E+06 1.3391E-03 9.1000E+06 1.3434E-03 9.2000E+06 1.3434E-034811 3102
 9.2000E+06 1.3476E-03 9.3000E+06 1.3476E-03 9.3000E+06 1.3520E-034811 3102
 9.4000E+06 1.3520E-03 9.4000E+06 1.3561E-03 9.5000E+06 1.3561E-034811 3102
 9.5000E+06 1.3605E-03 9.6000E+06 1.3605E-03 9.6000E+06 1.3648E-034811 3102
 9.7000E+06 1.3648E-03 9.7000E+06 1.3690E-03 9.8000E+06 1.3690E-034811 3102
 9.8000E+06 1.3734E-03 9.9000E+06 1.3734E-03 9.9000E+06 1.3777E-034811 3102
 1.0000E+07 1.3777E-03 1.0000E+07 1.3931E-03 1.0100E+07 1.3931E-034811 3102
 1.0100E+07 1.4196E-03 1.0200E+07 1.4196E-03 1.0200E+07 1.4459E-034811 3102
 1.0300E+07 1.4459E-03 1.0300E+07 1.4725E-03 1.0400E+07 1.4725E-034811 3102
 1.0400E+07 1.4988E-03 1.0500E+07 1.4988E-03 1.0500E+07 1.5264E-034811 3102
 1.0600E+07 1.5264E-03 1.0600E+07 1.5542E-03 1.0700E+07 1.5542E-034811 3102
 1.0700E+07 1.5819E-03 1.0800E+07 1.5819E-03 1.0800E+07 1.6099E-034811 3102
 1.0900E+07 1.6099E-03 1.0900E+07 1.6377E-03 1.1000E+07 1.6377E-034811 3102
 1.1000E+07 1.6655E-03 1.1100E+07 1.6655E-03 1.1100E+07 1.6933E-034811 3102
 1.1200E+07 1.6933E-03 1.1200E+07 1.7217E-03 1.1300E+07 1.7217E-034811 3102
 1.1300E+07 1.7514E-03 1.1400E+07 1.7514E-03 1.1400E+07 1.7809E-034811 3102
 1.1500E+07 1.7809E-03 1.1500E+07 1.8104E-03 1.1600E+07 1.8104E-034811 3102
 1.1600E+07 1.8400E-03 1.1700E+07 1.8400E-03 1.1700E+07 1.8693E-034811 3102
 1.1800E+07 1.8693E-03 1.1800E+07 1.8991E-03 1.1900E+07 1.8991E-034811 3102
 1.1900E+07 1.9286E-03 1.2000E+07 1.9286E-03 1.2000E+07 1.9526E-034811 3102
 1.2100E+07 1.9526E-03 1.2100E+07 1.9710E-03 1.2200E+07 1.9710E-034811 3102
 1.2200E+07 1.9892E-03 1.2300E+07 1.9892E-03 1.2300E+07 2.0078E-034811 3102
 1.2400E+07 2.0078E-03 1.2400E+07 2.0261E-03 1.2500E+07 2.0261E-034811 3102
 1.2500E+07 2.0460E-03 1.2600E+07 2.0460E-03 1.2600E+07 2.0645E-034811 3102
 1.2700E+07 2.0645E-03 1.2700E+07 2.0825E-03 1.2800E+07 2.0825E-034811 3102
 1.2800E+07 2.1010E-03 1.2900E+07 2.1010E-03 1.2900E+07 2.1193E-034811 3102
 1.3000E+07 2.1193E-03 1.3000E+07 2.1376E-03 1.3100E+07 2.1376E-034811 3102
 1.3100E+07 2.1559E-03 1.3200E+07 2.1559E-03 1.3200E+07 2.1739E-034811 3102
 1.3300E+07 2.1739E-03 1.3300E+07 2.1925E-03 1.3400E+07 2.1925E-034811 3102
 1.3400E+07 2.2107E-03 1.3500E+07 2.2107E-03 1.3500E+07 2.2144E-034811 3102
 1.3600E+07 2.2144E-03 1.3600E+07 2.2054E-03 1.3700E+07 2.2054E-034811 3102
 1.3700E+07 2.1960E-03 1.3800E+07 2.1960E-03 1.3800E+07 2.1872E-034811 3102
 1.3900E+07 2.1872E-03 1.3900E+07 2.1782E-03 1.4000E+07 2.1782E-034811 3102
 1.4000E+07 2.1691E-03 1.4100E+07 2.1691E-03 1.4100E+07 2.1601E-034811 3102
 1.4200E+07 2.1601E-03 1.4200E+07 2.1508E-03 1.4300E+07 2.1508E-034811 3102
 1.4300E+07 2.1421E-03 1.4400E+07 2.1421E-03 1.4400E+07 2.1330E-034811 3102
 1.4500E+07 2.1330E-03 1.4500E+07 2.1239E-03 1.4600E+07 2.1239E-034811 3102
 1.4600E+07 2.1147E-03 1.4700E+07 2.1147E-03 1.4700E+07 2.1067E-034811 3102
 1.4800E+07 2.1067E-03 1.4800E+07 2.0984E-03 1.4900E+07 2.0984E-034811 3102
 1.4900E+07 2.0901E-03 1.5000E+07 2.0901E-03 1.5000E+07 2.0807E-034811 3102
 1.5100E+07 2.0807E-03 1.5100E+07 2.0699E-03 1.5200E+07 2.0699E-034811 3102
 1.5200E+07 2.0588E-03 1.5300E+07 2.0588E-03 1.5300E+07 2.0482E-034811 3102
 1.5400E+07 2.0482E-03 1.5400E+07 2.0374E-03 1.5500E+07 2.0374E-034811 3102
 1.5500E+07 2.0265E-03 1.5600E+07 2.0265E-03 1.5600E+07 2.0156E-034811 3102
 1.5700E+07 2.0156E-03 1.5700E+07 2.0035E-03 1.5800E+07 2.0035E-034811 3102
 1.5800E+07 1.9929E-03 1.5900E+07 1.9929E-03 1.5900E+07 1.9819E-034811 3102
 1.6000E+07 1.9819E-03 1.6000E+07 1.9711E-03 1.6100E+07 1.9711E-034811 3102
 1.6100E+07 1.9603E-03 1.6200E+07 1.9603E-03 1.6200E+07 1.9511E-034811 3102
 1.6300E+07 1.9511E-03 1.6300E+07 1.9416E-03 1.6400E+07 1.9416E-034811 3102
 1.6400E+07 1.9321E-03 1.6500E+07 1.9321E-03 1.6500E+07 1.9225E-034811 3102
 1.6600E+07 1.9225E-03 1.6600E+07 1.9130E-03 1.6700E+07 1.9130E-034811 3102
 1.6700E+07 1.9032E-03 1.6800E+07 1.9032E-03 1.6800E+07 1.8940E-034811 3102
 1.6900E+07 1.8940E-03 1.6900E+07 1.8844E-03 1.7000E+07 1.8844E-034811 3102
 1.7000E+07 1.8749E-03 1.7100E+07 1.8749E-03 1.7100E+07 1.8654E-034811 3102
 1.7200E+07 1.8654E-03 1.7200E+07 1.8559E-03 1.7300E+07 1.8559E-034811 3102
 1.7300E+07 1.8462E-03 1.7400E+07 1.8462E-03 1.7400E+07 1.8378E-034811 3102
 1.7500E+07 1.8378E-03 1.7500E+07 1.8292E-03 1.7600E+07 1.8292E-034811 3102
 1.7600E+07 1.8208E-03 1.7700E+07 1.8208E-03 1.7700E+07 1.8120E-034811 3102
 1.7800E+07 1.8120E-03 1.7800E+07 1.8038E-03 1.7900E+07 1.8038E-034811 3102
 1.7900E+07 1.7953E-03 1.8000E+07 1.7953E-03 1.8000E+07 1.7868E-034811 3102
 1.8100E+07 1.7868E-03 1.8100E+07 1.7783E-03 1.8200E+07 1.7783E-034811 3102
 1.8200E+07 1.7696E-03 1.8300E+07 1.7696E-03 1.8300E+07 1.7621E-034811 3102
 1.8400E+07 1.7621E-03 1.8400E+07 1.7544E-03 1.8500E+07 1.7544E-034811 3102
 1.8500E+07 1.7467E-03 1.8600E+07 1.7467E-03 1.8600E+07 1.7387E-034811 3102
 1.8700E+07 1.7387E-03 1.8700E+07 1.7314E-03 1.8800E+07 1.7314E-034811 3102
 1.8800E+07 1.7237E-03 1.8900E+07 1.7237E-03 1.8900E+07 1.7160E-034811 3102
 1.9000E+07 1.7160E-03 1.9000E+07 1.7083E-03 1.9100E+07 1.7083E-034811 3102
 1.9100E+07 1.7007E-03 1.9200E+07 1.7007E-03 1.9200E+07 1.6930E-034811 3102
 1.9300E+07 1.6930E-03 1.9300E+07 1.6854E-03 1.9400E+07 1.6854E-034811 3102
 1.9400E+07 1.6777E-03 1.9500E+07 1.6777E-03 1.9500E+07 1.6709E-034811 3102
 1.9600E+07 1.6709E-03 1.9600E+07 1.6639E-03 1.9700E+07 1.6639E-034811 3102
 1.9700E+07 1.6565E-03 1.9800E+07 1.6565E-03 1.9800E+07 1.6498E-034811 3102
 1.9900E+07 1.6498E-03 1.9900E+07 1.6427E-03 2.0000E+07 1.6427E-034811 3102
 2.0000E+07 0.0000E+00                                            4811 3102
                                                                  4811 3  0
