CE-140N,G    1.0000+00* JEF-2.2                                   5840 3102
                                                                  5840 3102
 5.81400+04 1.3870E+02          0         99          0          05840 3102
 3.0000E+02 5.4423E+06          0          0          1       30625840 3102
       3062          2                                            5840 3102
 1.0000E-05 2.8867E+01 1.0888E-05 2.7665E+01 1.1776E-05 2.6602E+015840 3102
 1.2368E-05 2.5957E+01 1.3553E-05 2.4798E+01 1.4737E-05 2.3781E+015840 3102
 1.5921E-05 2.2879E+01 1.7105E-05 2.2074E+01 1.8882E-05 2.1010E+015840 3102
 2.1250E-05 1.9805E+01 2.3027E-05 1.9026E+01 2.4211E-05 1.8555E+015840 3102
 2.6579E-05 1.7710E+01 2.8948E-05 1.6970E+01 3.1316E-05 1.6316E+015840 3102
 3.3685E-05 1.5733E+01 3.7237E-05 1.4964E+01 3.8421E-05 1.4732E+015840 3102
 4.1974E-05 1.4095E+01 4.5527E-05 1.3534E+01 4.7895E-05 1.3196E+015840 3102
 5.2632E-05 1.2588E+01 5.7369E-05 1.2058E+01 6.2106E-05 1.1590E+015840 3102
 6.6843E-05 1.1172E+01 7.3948E-05 1.0622E+01 7.6317E-05 1.0456E+015840 3102
 8.3422E-05 1.0002E+01 9.2896E-05 9.4786E+00 1.0000E-04 9.1361E+005840 3102
 1.0474E-04 8.9274E+00 1.1421E-04 8.5497E+00 1.2369E-04 8.2163E+005840 3102
 1.3079E-04 7.9904E+00 1.3790E-04 7.7821E+00 1.4263E-04 7.6520E+005840 3102
 1.5684E-04 7.2977E+00 1.6158E-04 7.1901E+00 1.7579E-04 6.8938E+005840 3102
 1.9000E-04 6.6315E+00 1.9948E-04 6.4723E+00 2.1842E-04 6.1857E+005840 3102
 2.3737E-04 5.9341E+00 2.5632E-04 5.7109E+00 2.7527E-04 5.5111E+005840 3102
 3.0369E-04 5.2472E+00 3.1316E-04 5.1674E+00 3.4158E-04 4.9480E+005840 3102
 3.7000E-04 4.7544E+00 3.8895E-04 4.6373E+00 4.2685E-04 4.4269E+005840 3102
 4.6474E-04 4.2428E+00 5.0264E-04 4.0799E+00 5.4053E-04 3.9344E+005840 3102
 5.9738E-04 3.7427E+00 6.1632E-04 3.6847E+00 6.7317E-04 3.5258E+005840 3102
 7.3001E-04 3.3859E+00 7.6790E-04 3.3013E+00 8.4369E-04 3.1496E+005840 3102
 9.1949E-04 3.0170E+00 9.9528E-04 2.8998E+00 1.0711E-03 2.7953E+005840 3102
 1.1848E-03 2.6578E+00 1.2226E-03 2.6163E+00 1.3363E-03 2.5025E+005840 3102
 1.4500E-03 2.4024E+00 1.5258E-03 2.3420E+00 1.6774E-03 2.2336E+005840 3102
 1.8290E-03 2.1391E+00 1.9806E-03 2.0556E+00 2.1321E-03 1.9812E+005840 3102
 2.3595E-03 1.8833E+00 2.4353E-03 1.8537E+00 2.6627E-03 1.7728E+005840 3102
 2.8900E-03 1.7016E+00 3.0416E-03 1.6587E+00 3.3448E-03 1.5817E+005840 3102
 3.6479E-03 1.5146E+00 3.9511E-03 1.4553E+00 4.2543E-03 1.4025E+005840 3102
 4.7090E-03 1.3330E+00 4.8606E-03 1.3120E+00 5.3153E-03 1.2547E+005840 3102
 5.7701E-03 1.2042E+00 6.0732E-03 1.1737E+00 6.6796E-03 1.1192E+005840 3102
 7.2859E-03 1.0716E+00 7.8922E-03 1.0296E+00 8.4985E-03 9.9215E-015840 3102
 9.4080E-03 9.4294E-01 9.7112E-03 9.2810E-01 1.0621E-02 8.8744E-015840 3102
 1.1530E-02 8.5170E-01 1.2136E-02 8.3013E-01 1.3349E-02 7.9151E-015840 3102
 1.4562E-02 7.5781E-01 1.5774E-02 7.2807E-01 1.6987E-02 7.0158E-015840 3102
 1.8806E-02 6.6675E-01 1.9412E-02 6.5624E-01 2.1231E-02 6.2745E-015840 3102
 2.3050E-02 6.0215E-01 2.4263E-02 5.8689E-01 2.6688E-02 5.5956E-015840 3102
 2.9114E-02 5.3570E-01 3.1539E-02 5.1465E-01 3.3964E-02 4.9591E-015840 3102
 3.7602E-02 4.7126E-01 3.8815E-02 4.6381E-01 4.2453E-02 4.4343E-015840 3102
 4.6091E-02 4.2552E-01 4.8516E-02 4.1472E-01 5.3366E-02 3.9538E-015840 3102
 5.8217E-02 3.7849E-01 6.3068E-02 3.6358E-01 6.7918E-02 3.5032E-015840 3102
 7.5194E-02 3.3287E-01 7.7619E-02 3.2759E-01 8.4895E-02 3.1316E-015840 3102
 9.2171E-02 3.0047E-01 9.7022E-02 2.9283E-01 1.0672E-01 2.7914E-015840 3102
 1.1642E-01 2.6716E-01 1.2613E-01 2.5659E-01 1.3583E-01 2.4721E-015840 3102
 1.5038E-01 2.3483E-01 1.5523E-01 2.3109E-01 1.6978E-01 2.2087E-015840 3102
 1.8433E-01 2.1185E-01 1.9403E-01 2.0644E-01 2.1344E-01 1.9674E-015840 3102
 2.3284E-01 1.8824E-01 2.5224E-01 1.8073E-01 2.7164E-01 1.7407E-015840 3102
 3.0075E-01 1.6527E-01 3.1045E-01 1.6262E-01 3.3955E-01 1.5536E-015840 3102
 3.6865E-01 1.4895E-01 3.8806E-01 1.4510E-01 4.2686E-01 1.3820E-015840 3102
 4.6567E-01 1.3215E-01 5.0447E-01 1.2681E-01 5.4328E-01 1.2206E-015840 3102
 6.0148E-01 1.1578E-01 6.2088E-01 1.1389E-01 6.7909E-01 1.0871E-015840 3102
 7.3730E-01 1.0414E-01 7.7610E-01 1.0138E-01 8.5371E-01 9.6445E-025840 3102
 9.3132E-01 9.2115E-02 1.0089E+00 8.8288E-02 1.0865E+00 8.4880E-025840 3102
 1.2030E+00 8.0374E-02 1.2418E+00 7.9012E-02 1.3582E+00 7.5293E-025840 3102
 1.4746E+00 7.1998E-02 1.5522E+00 7.0012E-02 1.7074E+00 6.6447E-025840 3102
 1.8626E+00 6.3318E-02 2.0179E+00 6.0549E-02 2.1731E+00 5.8078E-025840 3102
 2.4059E+00 5.4808E-02 2.4835E+00 5.3818E-02 2.7163E+00 5.1110E-025840 3102
 2.9492E+00 4.8710E-02 3.1044E+00 4.7260E-02 3.4148E+00 4.4653E-025840 3102
 3.7253E+00 4.2363E-02 4.0357E+00 4.0333E-02 4.3461E+00 3.8516E-025840 3102
 4.6566E+00 3.6877E-02 4.9670E+00 3.5389E-02 5.4327E+00 3.3391E-025840 3102
 5.8983E+00 3.1623E-02 6.2088E+00 3.0551E-02 6.5192E+00 2.9555E-025840 3102
 6.8296E+00 2.8627E-02 7.4505E+00 2.6940E-02 8.0714E+00 2.5443E-025840 3102
 8.6923E+00 2.4105E-02 9.3131E+00 2.2899E-02 9.9340E+00 2.1804E-025840 3102
 1.0555E+01 2.0807E-02 1.1486E+01 1.9462E-02 1.2418E+01 1.8269E-025840 3102
 1.3038E+01 1.7545E-02 1.3659E+01 1.6872E-02 1.4280E+01 1.6244E-025840 3102
 1.4901E+01 1.5655E-02 1.5522E+01 1.5103E-02 1.6143E+01 1.4585E-025840 3102
 1.7384E+01 1.3635E-02 1.8626E+01 1.2785E-02 1.9868E+01 1.2020E-025840 3102
 2.1110E+01 1.1328E-02 2.2351E+01 1.0699E-02 2.3593E+01 1.0125E-025840 3102
 2.4835E+01 9.5986E-03 2.6077E+01 9.1149E-03 2.7318E+01 8.6686E-035840 3102
 2.8560E+01 8.2559E-03 2.9802E+01 7.8732E-03 3.1044E+01 7.5174E-035840 3102
 3.2285E+01 7.1859E-03 3.3527E+01 6.8765E-03 3.4769E+01 6.5870E-035840 3102
 3.6011E+01 6.3159E-03 3.7252E+01 6.0614E-03 3.8494E+01 5.8221E-035840 3102
 3.9736E+01 5.5969E-03 4.0978E+01 5.3847E-03 4.2219E+01 5.1843E-035840 3102
 4.3461E+01 4.9952E-03 4.5945E+01 4.6465E-03 4.8428E+01 4.3327E-035840 3102
 4.9670E+01 4.1875E-03 5.2153E+01 3.9183E-03 5.4637E+01 3.6739E-035840 3102
 5.7120E+01 3.4514E-03 5.9604E+01 3.2483E-03 6.2087E+01 3.0623E-035840 3102
 6.4571E+01 2.8916E-03 6.7054E+01 2.7345E-03 6.9538E+01 2.5897E-035840 3102
 7.2021E+01 2.4559E-03 7.4505E+01 2.3319E-03 7.6988E+01 2.2170E-035840 3102
 7.9472E+01 2.1101E-03 8.1955E+01 2.0107E-03 8.4439E+01 1.9179E-035840 3102
 8.6922E+01 1.8313E-03 9.1889E+01 1.6745E-03 9.4373E+01 1.6034E-035840 3102
 9.9340E+01 1.4738E-03 1.0182E+02 1.4148E-03 1.0679E+02 1.3066E-035840 3102
 1.1176E+02 1.2101E-03 1.1424E+02 1.1658E-03 1.1921E+02 1.0841E-035840 3102
 1.2417E+02 1.0105E-03 1.2914E+02 9.4406E-04 1.3411E+02 8.8388E-045840 3102
 1.3908E+02 8.2922E-04 1.4404E+02 7.7943E-04 1.5398E+02 6.9235E-045840 3102
 1.6391E+02 6.1906E-04 1.6888E+02 5.8671E-04 1.7881E+02 5.2922E-045840 3102
 1.9371E+02 4.5775E-04 2.0861E+02 4.0006E-04 2.1855E+02 3.6759E-045840 3102
 2.3345E+02 3.2605E-04 2.4835E+02 2.9143E-04 2.6822E+02 2.5363E-045840 3102
 2.8809E+02 2.2314E-04 3.1789E+02 1.8746E-04 3.4769E+02 1.6041E-045840 3102
 3.7749E+02 1.3946E-04 4.2716E+02 1.1377E-04 4.5696E+02 1.0221E-045840 3102
 4.9670E+02 8.9932E-05 5.3644E+02 8.0296E-05 5.9604E+02 6.9324E-055840 3102
 7.1525E+02 5.5120E-05 7.9472E+02 4.9047E-05 9.9340E+02 3.9957E-055840 3102
 1.2318E+03 3.4926E-05 1.4702E+03 3.3379E-05 1.6689E+03 3.4467E-055840 3102
 1.7881E+03 3.6607E-05 1.8875E+03 3.9823E-05 1.9868E+03 4.5296E-055840 3102
 2.0464E+03 5.0423E-05 2.1060E+03 5.7886E-05 2.1259E+03 6.1126E-055840 3102
 2.1557E+03 6.6966E-05 2.2053E+03 8.0382E-05 2.2351E+03 9.1731E-055840 3102
 2.2649E+03 1.0691E-04 2.3047E+03 1.3661E-04 2.3345E+03 1.7081E-045840 3102
 2.3593E+03 2.1283E-04 2.3742E+03 2.4734E-04 2.3891E+03 2.9228E-045840 3102
 2.3991E+03 3.3025E-04 2.4140E+03 4.0435E-04 2.4338E+03 5.5362E-045840 3102
 2.4462E+03 6.9681E-04 2.4537E+03 8.1259E-04 2.4611E+03 9.6119E-045840 3102
 2.4736E+03 1.3224E-03 2.4810E+03 1.6498E-03 2.4860E+03 1.9411E-035840 3102
 2.4922E+03 2.4326E-03 2.4959E+03 2.8244E-03 2.4996E+03 3.3204E-035840 3102
 2.5021E+03 3.7285E-03 2.5058E+03 4.4991E-03 2.5096E+03 5.5388E-035840 3102
 2.5108E+03 5.9674E-03 2.5133E+03 6.9894E-03 2.5158E+03 8.2978E-035840 3102
 2.5176E+03 9.5375E-03 2.5195E+03 1.1082E-02 2.5214E+03 1.3039E-025840 3102
 2.5226E+03 1.4649E-02 2.5232E+03 1.5567E-02 2.5245E+03 1.7688E-025840 3102
 2.5251E+03 1.8915E-02 2.5263E+03 2.1790E-02 2.5270E+03 2.3481E-025840 3102
 2.5276E+03 2.5379E-02 2.5282E+03 2.7514E-02 2.5288E+03 2.9936E-025840 3102
 2.5294E+03 3.2696E-02 2.5301E+03 3.5858E-02 2.5307E+03 3.9507E-025840 3102
 2.5313E+03 4.3748E-02 2.5319E+03 4.8717E-02 2.5325E+03 5.4594E-025840 3102
 2.5332E+03 6.1604E-02 2.5338E+03 7.0090E-02 2.5344E+03 8.0480E-025840 3102
 2.5350E+03 9.3389E-02 2.5357E+03 1.0971E-01 2.5360E+03 1.1956E-015840 3102
 2.5363E+03 1.3080E-01 2.5366E+03 1.4379E-01 2.5369E+03 1.5883E-015840 3102
 2.5372E+03 1.7654E-01 2.5374E+03 1.8654E-01 2.5375E+03 1.9746E-015840 3102
 2.5377E+03 2.0942E-01 2.5379E+03 2.2607E-01 2.5381E+03 2.4700E-015840 3102
 2.5382E+03 2.5741E-01 2.5383E+03 2.7108E-01 2.5384E+03 2.9109E-015840 3102
 2.5386E+03 3.1362E-01 2.5387E+03 3.2606E-01 2.5388E+03 3.3917E-015840 3102
 2.5388E+03 3.5337E-01 2.5389E+03 3.6860E-01 2.5390E+03 3.8498E-015840 3102
 2.5391E+03 4.0241E-01 2.5391E+03 4.2150E-01 2.5392E+03 4.4193E-015840 3102
 2.5393E+03 4.6445E-01 2.5394E+03 4.8873E-01 2.5395E+03 5.1567E-015840 3102
 2.5395E+03 5.4531E-01 2.5396E+03 5.7806E-01 2.5397E+03 6.1388E-015840 3102
 2.5398E+03 6.5422E-01 2.5398E+03 6.9866E-01 2.5399E+03 7.2314E-015840 3102
 2.5399E+03 7.4906E-01 2.5400E+03 7.7655E-01 2.5400E+03 8.0493E-015840 3102
 2.5400E+03 8.3583E-01 2.5401E+03 8.6865E-01 2.5401E+03 9.0352E-015840 3102
 2.5402E+03 9.3962E-01 2.5402E+03 9.7900E-01 2.5402E+03 1.0209E+005840 3102
 2.5403E+03 1.0655E+00 2.5403E+03 1.1117E+00 2.5403E+03 1.1622E+005840 3102
 2.5404E+03 1.2160E+00 2.5404E+03 1.2733E+00 2.5405E+03 1.3327E+005840 3102
 2.5405E+03 1.3976E+00 2.5405E+03 1.4666E+00 2.5406E+03 1.5402E+005840 3102
 2.5406E+03 1.6164E+00 2.5407E+03 1.6996E+00 2.5407E+03 1.7882E+005840 3102
 2.5407E+03 1.8823E+00 2.5408E+03 1.9823E+00 2.5408E+03 2.0885E+005840 3102
 2.5408E+03 2.2013E+00 2.5409E+03 2.3209E+00 2.5409E+03 2.4444E+005840 3102
 2.5410E+03 2.5786E+00 2.5410E+03 2.7206E+00 2.5410E+03 2.8707E+005840 3102
 2.5411E+03 3.0252E+00 2.5411E+03 3.1924E+00 2.5412E+03 3.3688E+005840 3102
 2.5412E+03 3.5546E+00 2.5412E+03 3.7449E+00 2.5413E+03 3.9501E+005840 3102
 2.5413E+03 4.1655E+00 2.5414E+03 4.3914E+00 2.5414E+03 4.6279E+005840 3102
 2.5414E+03 4.8753E+00 2.5415E+03 5.1337E+00 2.5415E+03 5.4032E+005840 3102
 2.5415E+03 5.6765E+00 2.5416E+03 5.9681E+00 2.5416E+03 6.2710E+005840 3102
 2.5417E+03 6.5850E+00 2.5417E+03 6.9016E+00 2.5418E+03 7.5839E+005840 3102
 2.5418E+03 7.9408E+00 2.5419E+03 8.6748E+00 2.5419E+03 9.0607E+005840 3102
 2.5420E+03 9.8582E+00 2.5421E+03 1.0686E+01 2.5422E+03 1.1960E+015840 3102
 2.5423E+03 1.3264E+01 2.5425E+03 1.5652E+01 2.5426E+03 1.6672E+015840 3102
 2.5428E+03 1.7831E+01 2.5428E+03 1.8700E+01 2.5429E+03 1.9170E+015840 3102
 2.5430E+03 1.9599E+01 2.5431E+03 2.0215E+01 2.5431E+03 2.0512E+015840 3102
 2.5432E+03 2.0757E+01 2.5432E+03 2.0892E+01 2.5433E+03 2.1120E+015840 3102
 2.5434E+03 2.1195E+01 2.5434E+03 2.1191E+01 2.5435E+03 2.1080E+015840 3102
 2.5436E+03 2.0882E+01 2.5437E+03 2.0586E+01 2.5438E+03 2.0117E+015840 3102
 2.5438E+03 1.9600E+01 2.5439E+03 1.9006E+01 2.5440E+03 1.8328E+015840 3102
 2.5441E+03 1.7594E+01 2.5442E+03 1.6255E+01 2.5443E+03 1.5403E+015840 3102
 2.5444E+03 1.4517E+01 2.5447E+03 1.1266E+01 2.5447E+03 1.0690E+015840 3102
 2.5448E+03 9.5722E+00 2.5449E+03 9.0349E+00 2.5449E+03 8.5138E+005840 3102
 2.5450E+03 8.0196E+00 2.5450E+03 7.5342E+00 2.5451E+03 7.0682E+005840 3102
 2.5451E+03 6.6222E+00 2.5452E+03 6.1966E+00 2.5452E+03 5.7916E+005840 3102
 2.5453E+03 5.4074E+00 2.5453E+03 5.0438E+00 2.5454E+03 4.7069E+005840 3102
 2.5454E+03 4.3835E+00 2.5455E+03 4.0797E+00 2.5456E+03 3.7951E+005840 3102
 2.5456E+03 3.5289E+00 2.5457E+03 3.2806E+00 2.5457E+03 3.0494E+005840 3102
 2.5458E+03 2.8345E+00 2.5458E+03 2.6388E+00 2.5459E+03 2.4539E+005840 3102
 2.5459E+03 2.2829E+00 2.5460E+03 2.1249E+00 2.5460E+03 1.9793E+005840 3102
 2.5461E+03 1.8451E+00 2.5461E+03 1.7215E+00 2.5462E+03 1.6079E+005840 3102
 2.5462E+03 1.5054E+00 2.5463E+03 1.4094E+00 2.5463E+03 1.3212E+005840 3102
 2.5464E+03 1.2403E+00 2.5465E+03 1.1660E+00 2.5465E+03 1.0978E+005840 3102
 2.5466E+03 1.0352E+00 2.5466E+03 9.7766E-01 2.5467E+03 9.2575E-015840 3102
 2.5467E+03 8.7705E-01 2.5468E+03 8.3222E-01 2.5468E+03 7.9092E-015840 3102
 2.5469E+03 7.5350E-01 2.5470E+03 6.8564E-01 2.5471E+03 6.2793E-015840 3102
 2.5472E+03 5.7760E-01 2.5473E+03 5.3386E-01 2.5474E+03 4.9558E-015840 3102
 2.5475E+03 4.6215E-01 2.5476E+03 4.3220E-01 2.5477E+03 4.0546E-015840 3102
 2.5478E+03 3.8145E-01 2.5479E+03 3.5996E-01 2.5480E+03 3.4026E-015840 3102
 2.5481E+03 3.2229E-01 2.5484E+03 2.9088E-01 2.5485E+03 2.7693E-015840 3102
 2.5487E+03 2.5208E-01 2.5489E+03 2.3071E-01 2.5490E+03 2.2103E-015840 3102
 2.5492E+03 2.0358E-01 2.5494E+03 1.8812E-01 2.5496E+03 1.7448E-015840 3102
 2.5498E+03 1.6226E-01 2.5500E+03 1.5137E-01 2.5503E+03 1.4156E-015840 3102
 2.5505E+03 1.3269E-01 2.5509E+03 1.1730E-01 2.5511E+03 1.1060E-015840 3102
 2.5515E+03 9.8850E-02 2.5517E+03 9.3689E-02 2.5522E+03 8.4503E-025840 3102
 2.5524E+03 8.0406E-02 2.5528E+03 7.3083E-02 2.5532E+03 6.6726E-025840 3102
 2.5539E+03 5.8672E-02 2.5545E+03 5.1986E-02 2.5551E+03 4.6398E-025840 3102
 2.5560E+03 4.0257E-02 2.5564E+03 3.7633E-02 2.5572E+03 3.3106E-025840 3102
 2.5577E+03 3.1141E-02 2.5585E+03 2.7704E-02 2.5598E+03 2.3528E-025840 3102
 2.5606E+03 2.1251E-02 2.5619E+03 1.8408E-02 2.5632E+03 1.6100E-025840 3102
 2.5644E+03 1.4203E-02 2.5665E+03 1.1713E-02 2.5691E+03 9.5049E-035840 3102
 2.5716E+03 7.8654E-03 2.5733E+03 6.9974E-03 2.5758E+03 5.9428E-035840 3102
 2.5784E+03 5.1102E-03 2.5809E+03 4.4414E-03 2.5851E+03 3.5867E-035840 3102
 2.5877E+03 3.1884E-03 2.5928E+03 2.5676E-03 2.5961E+03 2.2495E-035840 3102
 2.6012E+03 1.8731E-03 2.6063E+03 1.5843E-03 2.6114E+03 1.3581E-035840 3102
 2.6198E+03 1.0765E-03 2.6317E+03 8.1065E-04 2.6384E+03 7.0118E-045840 3102
 2.6486E+03 5.7501E-04 2.6587E+03 4.8078E-04 2.6689E+03 4.0856E-045840 3102
 2.6858E+03 3.2085E-04 2.7061E+03 2.4972E-04 2.7196E+03 2.1538E-045840 3102
 2.7399E+03 1.7658E-04 2.7602E+03 1.4822E-04 2.7805E+03 1.2687E-045840 3102
 2.8143E+03 1.0142E-04 2.8481E+03 8.4023E-05 2.8684E+03 7.6112E-055840 3102
 2.9361E+03 5.8068E-05 3.0173E+03 4.5845E-05 3.0579E+03 4.1809E-055840 3102
 3.0849E+03 3.9616E-05 3.2202E+03 3.2365E-05 3.4097E+03 2.7471E-055840 3102
 3.6803E+03 2.4480E-05 4.1674E+03 2.3044E-05 4.7086E+03 2.3798E-055840 3102
 5.1957E+03 2.6620E-05 5.4393E+03 3.0324E-05 5.5205E+03 3.2652E-055840 3102
 5.6017E+03 3.6299E-05 5.6693E+03 4.1326E-05 5.7099E+03 4.6000E-055840 3102
 5.7505E+03 5.2944E-05 5.7911E+03 6.3983E-05 5.8114E+03 7.2180E-055840 3102
 5.8317E+03 8.3321E-05 5.8452E+03 9.3142E-05 5.8655E+03 1.1340E-045840 3102
 5.8858E+03 1.4450E-04 5.8993E+03 1.7541E-04 5.9162E+03 2.3502E-045840 3102
 5.9264E+03 2.8985E-04 5.9365E+03 3.6969E-04 5.9433E+03 4.4506E-045840 3102
 5.9518E+03 5.7960E-04 5.9568E+03 6.9458E-04 5.9619E+03 8.4984E-045840 3102
 5.9653E+03 9.8559E-04 5.9670E+03 1.0665E-03 5.9704E+03 1.2624E-035840 3102
 5.9721E+03 1.3820E-03 5.9754E+03 1.6799E-03 5.9771E+03 1.8672E-035840 3102
 5.9788E+03 2.0884E-03 5.9805E+03 2.3517E-03 5.9831E+03 2.8513E-035840 3102
 5.9839E+03 3.0544E-03 5.9856E+03 3.5345E-03 5.9864E+03 3.8190E-035840 3102
 5.9873E+03 4.1395E-03 5.9881E+03 4.5033E-03 5.9890E+03 4.9179E-035840 3102
 5.9898E+03 5.3934E-03 5.9907E+03 5.9418E-03 5.9915E+03 6.5805E-035840 3102
 5.9924E+03 7.3288E-03 5.9932E+03 8.2160E-03 5.9940E+03 9.2765E-035840 3102
 5.9949E+03 1.0563E-02 5.9957E+03 1.2143E-02 5.9966E+03 1.4116E-025840 3102
 5.9974E+03 1.6624E-02 5.9983E+03 1.9892E-02 5.9991E+03 2.4262E-025840 3102
 5.9995E+03 2.7037E-02 6.0000E+03 3.0347E-02 6.0004E+03 3.4358E-025840 3102
 6.0008E+03 3.9304E-02 6.0010E+03 4.2257E-02 6.0012E+03 4.5593E-025840 3102
 6.0014E+03 4.9431E-02 6.0017E+03 5.3852E-02 6.0019E+03 5.9049E-025840 3102
 6.0020E+03 6.1993E-02 6.0021E+03 6.5175E-02 6.0022E+03 7.0579E-025840 3102
 6.0024E+03 7.6815E-02 6.0025E+03 7.9109E-02 6.0026E+03 8.4013E-025840 3102
 6.0027E+03 9.2476E-02 6.0028E+03 9.5613E-02 6.0029E+03 1.0605E-015840 3102
 6.0030E+03 1.1409E-01 6.0031E+03 1.2309E-01 6.0032E+03 1.3317E-015840 3102
 6.0033E+03 1.4437E-01 6.0035E+03 1.5705E-01 6.0036E+03 1.7127E-015840 3102
 6.0037E+03 1.8722E-01 6.0038E+03 2.0492E-01 6.0039E+03 2.2490E-015840 3102
 6.0039E+03 2.3576E-01 6.0040E+03 2.4701E-01 6.0040E+03 2.5912E-015840 3102
 6.0041E+03 2.7190E-01 6.0041E+03 2.8539E-01 6.0042E+03 2.9934E-015840 3102
 6.0042E+03 3.1431E-01 6.0043E+03 3.3008E-01 6.0044E+03 3.4667E-015840 3102
 6.0044E+03 3.6413E-01 6.0045E+03 3.8247E-01 6.0045E+03 4.0172E-015840 3102
 6.0046E+03 4.2193E-01 6.0046E+03 4.4270E-01 6.0047E+03 4.6486E-015840 3102
 6.0047E+03 4.8806E-01 6.0048E+03 5.1230E-01 6.0048E+03 5.3762E-015840 3102
 6.0049E+03 5.6404E-01 6.0049E+03 5.9157E-01 6.0050E+03 6.2024E-015840 3102
 6.0050E+03 6.4948E-01 6.0051E+03 6.8043E-01 6.0051E+03 7.1255E-015840 3102
 6.0052E+03 7.4584E-01 6.0053E+03 7.8031E-01 6.0053E+03 8.1594E-015840 3102
 6.0054E+03 8.5275E-01 6.0055E+03 9.2907E-01 6.0056E+03 1.0106E+005840 3102
 6.0056E+03 1.0530E+00 6.0057E+03 1.1399E+00 6.0058E+03 1.2315E+005840 3102
 6.0060E+03 1.3743E+00 6.0061E+03 1.5237E+00 6.0063E+03 1.6759E+005840 3102
 6.0067E+03 2.0568E+00 6.0068E+03 2.1768E+00 6.0070E+03 2.3126E+005840 3102
 6.0071E+03 2.4159E+00 6.0073E+03 2.5262E+00 6.0074E+03 2.6034E+005840 3102
 6.0076E+03 2.6781E+00 6.0077E+03 2.7239E+00 6.0078E+03 2.7529E+005840 3102
 6.0079E+03 2.7622E+00 6.0080E+03 2.7649E+00 6.0082E+03 2.7526E+005840 3102
 6.0083E+03 2.7304E+00 6.0084E+03 2.6976E+00 6.0085E+03 2.6458E+005840 3102
 6.0086E+03 2.5715E+00 6.0088E+03 2.4981E+00 6.0089E+03 2.3972E+005840 3102
 6.0090E+03 2.3037E+00 6.0091E+03 2.2449E+00 6.0092E+03 2.1204E+005840 3102
 6.0093E+03 2.0337E+00 6.0095E+03 1.8998E+00 6.0097E+03 1.6268E+005840 3102
 6.0100E+03 1.4024E+00 6.0101E+03 1.2736E+00 6.0103E+03 1.1505E+005840 3102
 6.0104E+03 1.0720E+00 6.0105E+03 9.6043E-01 6.0106E+03 8.9034E-015840 3102
 6.0107E+03 8.2384E-01 6.0108E+03 7.6100E-01 6.0109E+03 7.0185E-015840 3102
 6.0110E+03 6.4638E-01 6.0111E+03 5.9455E-01 6.0112E+03 5.4629E-015840 3102
 6.0112E+03 5.0149E-01 6.0113E+03 4.6004E-01 6.0114E+03 4.2181E-015840 3102
 6.0115E+03 3.8629E-01 6.0116E+03 3.5405E-01 6.0117E+03 3.2455E-015840 3102
 6.0118E+03 2.9762E-01 6.0119E+03 2.7308E-01 6.0120E+03 2.5077E-015840 3102
 6.0121E+03 2.3051E-01 6.0122E+03 2.1215E-01 6.0123E+03 1.9553E-015840 3102
 6.0124E+03 1.8049E-01 6.0125E+03 1.6690E-01 6.0126E+03 1.5463E-015840 3102
 6.0127E+03 1.4354E-01 6.0128E+03 1.3353E-01 6.0128E+03 1.2449E-015840 3102
 6.0129E+03 1.1632E-01 6.0130E+03 1.0885E-01 6.0131E+03 1.0217E-015840 3102
 6.0132E+03 9.6108E-02 6.0133E+03 9.0605E-02 6.0134E+03 8.5601E-025840 3102
 6.0135E+03 8.1041E-02 6.0137E+03 7.3066E-02 6.0139E+03 6.6358E-025840 3102
 6.0141E+03 6.0661E-02 6.0143E+03 5.5774E-02 6.0144E+03 5.1541E-025840 3102
 6.0146E+03 4.7823E-02 6.0148E+03 4.4564E-02 6.0150E+03 4.1668E-025840 3102
 6.0152E+03 3.9077E-02 6.0154E+03 3.6745E-02 6.0158E+03 3.2716E-025840 3102
 6.0161E+03 2.9350E-02 6.0163E+03 2.7873E-02 6.0167E+03 2.5252E-025840 3102
 6.0171E+03 2.3000E-02 6.0175E+03 2.1046E-02 6.0178E+03 1.9335E-025840 3102
 6.0182E+03 1.7834E-02 6.0186E+03 1.6505E-02 6.0190E+03 1.5323E-025840 3102
 6.0193E+03 1.4263E-02 6.0201E+03 1.2459E-02 6.0205E+03 1.1685E-025840 3102
 6.0212E+03 1.0341E-02 6.0216E+03 9.7558E-03 6.0223E+03 8.7269E-035840 3102
 6.0235E+03 7.4694E-03 6.0242E+03 6.7773E-03 6.0250E+03 6.1788E-035840 3102
 6.0257E+03 5.6561E-03 6.0272E+03 4.7934E-03 6.0280E+03 4.4351E-035840 3102
 6.0295E+03 3.8300E-03 6.0302E+03 3.5732E-03 6.0318E+03 3.1324E-035840 3102
 6.0333E+03 2.7692E-03 6.0355E+03 2.3338E-03 6.0385E+03 1.8990E-035840 3102
 6.0400E+03 1.7261E-03 6.0430E+03 1.4448E-03 6.0461E+03 1.2281E-035840 3102
 6.0506E+03 9.8571E-04 6.0551E+03 8.1000E-04 6.0596E+03 6.7861E-045840 3102
 6.0626E+03 6.0888E-04 6.0716E+03 4.5540E-04 6.0807E+03 3.5549E-045840 3102
 6.0897E+03 2.8695E-04 6.1047E+03 2.1262E-04 6.1138E+03 1.8249E-045840 3102
 6.1288E+03 1.4661E-04 6.1409E+03 1.2623E-04 6.1589E+03 1.0438E-045840 3102
 6.1770E+03 8.9229E-05 6.1950E+03 7.8315E-05 6.2251E+03 6.5937E-055840 3102
 6.2613E+03 5.6680E-05 6.2974E+03 5.0844E-05 6.3576E+03 4.5214E-055840 3102
 6.4178E+03 4.2400E-05 6.4900E+03 4.1208E-05 6.5382E+03 4.1553E-055840 3102
 6.6104E+03 4.4782E-05 6.6345E+03 4.7401E-05 6.6586E+03 5.1853E-055840 3102
 6.6826E+03 6.0071E-05 6.6947E+03 6.7073E-05 6.7067E+03 7.7960E-055840 3102
 6.7188E+03 9.5849E-05 6.7248E+03 1.0955E-04 6.7308E+03 1.2893E-045840 3102
 6.7368E+03 1.5736E-04 6.7428E+03 2.0054E-04 6.7459E+03 2.3133E-045840 3102
 6.7489E+03 2.7257E-04 6.7519E+03 3.2864E-04 6.7549E+03 4.0757E-045840 3102
 6.7579E+03 5.2380E-04 6.7609E+03 7.0142E-04 6.7624E+03 8.2954E-045840 3102
 6.7639E+03 1.0017E-03 6.7654E+03 1.2391E-03 6.7669E+03 1.5784E-035840 3102
 6.7684E+03 2.0869E-03 6.7692E+03 2.4438E-03 6.7699E+03 2.9077E-035840 3102
 6.7707E+03 3.5383E-03 6.7714E+03 4.4681E-03 6.7718E+03 5.1656E-035840 3102
 6.7722E+03 6.1936E-03 6.7726E+03 7.8871E-03 6.7728E+03 9.1805E-035840 3102
 6.7729E+03 1.0949E-02 6.7731E+03 1.3409E-02 6.7733E+03 1.6814E-025840 3102
 6.7735E+03 2.1555E-02 6.7737E+03 2.8140E-02 6.7739E+03 3.7232E-025840 3102
 6.7741E+03 4.9689E-02 6.7743E+03 6.6590E-02 6.7744E+03 8.9266E-025840 3102
 6.7746E+03 1.1950E-01 6.7748E+03 1.5886E-01 6.7750E+03 2.0963E-015840 3102
 6.7752E+03 2.7418E-01 6.7754E+03 3.5502E-01 6.7755E+03 4.0235E-015840 3102
 6.7756E+03 4.5471E-01 6.7757E+03 5.1240E-01 6.7758E+03 5.7571E-015840 3102
 6.7759E+03 6.4489E-01 6.7760E+03 7.2017E-01 6.7760E+03 8.0264E-015840 3102
 6.7761E+03 8.9071E-01 6.7762E+03 9.8530E-01 6.7763E+03 1.0864E+005840 3102
 6.7764E+03 1.1941E+00 6.7765E+03 1.3081E+00 6.7766E+03 1.4284E+005840 3102
 6.7767E+03 1.5545E+00 6.7768E+03 1.6862E+00 6.7769E+03 1.8229E+005840 3102
 6.7771E+03 2.1092E+00 6.7773E+03 2.4080E+00 6.7776E+03 3.0134E+005840 3102
 6.7778E+03 3.3030E+00 6.7779E+03 3.4404E+00 6.7780E+03 3.5713E+005840 3102
 6.7782E+03 3.8090E+00 6.7783E+03 3.9136E+00 6.7784E+03 4.0073E+005840 3102
 6.7785E+03 4.1255E+00 6.7787E+03 4.2145E+00 6.7788E+03 4.2610E+005840 3102
 6.7789E+03 4.2882E+00 6.7790E+03 4.2989E+00 6.7791E+03 4.2956E+005840 3102
 6.7791E+03 4.2870E+00 6.7792E+03 4.2575E+00 6.7793E+03 4.2193E+005840 3102
 6.7794E+03 4.1780E+00 6.7795E+03 4.1091E+00 6.7796E+03 4.0269E+005840 3102
 6.7797E+03 3.8784E+00 6.7798E+03 3.7655E+00 6.7799E+03 3.6409E+005840 3102
 6.7800E+03 3.5086E+00 6.7801E+03 3.3671E+00 6.7802E+03 3.2206E+005840 3102
 6.7804E+03 2.9123E+00 6.7808E+03 2.2774E+00 6.7810E+03 1.9696E+005840 3102
 6.7812E+03 1.6785E+00 6.7813E+03 1.5403E+00 6.7814E+03 1.4096E+005840 3102
 6.7815E+03 1.2842E+00 6.7816E+03 1.1669E+00 6.7817E+03 1.0554E+005840 3102
 6.7818E+03 9.5219E-01 6.7819E+03 8.5515E-01 6.7820E+03 7.6617E-015840 3102
 6.7821E+03 6.8332E-01 6.7822E+03 6.0808E-01 6.7823E+03 5.3867E-015840 3102
 6.7824E+03 4.7622E-01 6.7825E+03 4.1913E-01 6.7826E+03 3.6821E-015840 3102
 6.7827E+03 3.2208E-01 6.7828E+03 2.8129E-01 6.7830E+03 2.1251E-015840 3102
 6.7832E+03 1.5899E-01 6.7834E+03 1.1798E-01 6.7836E+03 8.7044E-025840 3102
 6.7838E+03 6.4034E-02 6.7840E+03 4.7146E-02 6.7842E+03 3.4901E-025840 3102
 6.7844E+03 2.6113E-02 6.7846E+03 1.9856E-02 6.7848E+03 1.5426E-025840 3102
 6.7849E+03 1.2293E-02 6.7851E+03 1.0071E-02 6.7853E+03 8.4866E-035840 3102
 6.7855E+03 7.3285E-03 6.7857E+03 6.4693E-03 6.7861E+03 5.2997E-035840 3102
 6.7865E+03 4.5360E-03 6.7869E+03 3.9806E-03 6.7877E+03 3.1883E-035840 3102
 6.7885E+03 2.6318E-03 6.7893E+03 2.2171E-03 6.7901E+03 1.8969E-035840 3102
 6.7916E+03 1.4386E-03 6.7932E+03 1.1316E-03 6.7948E+03 9.1637E-045840 3102
 6.7964E+03 7.6005E-04 6.7979E+03 6.4372E-04 6.8011E+03 4.8213E-045840 3102
 6.8042E+03 3.7624E-04 6.8074E+03 3.0425E-04 6.8106E+03 2.5313E-045840 3102
 6.8137E+03 2.1550E-04 6.8169E+03 1.8742E-04 6.8232E+03 1.4802E-045840 3102
 6.8295E+03 1.2211E-04 6.8358E+03 1.0444E-04 6.8421E+03 9.1977E-055840 3102
 6.8547E+03 7.5740E-05 6.8673E+03 6.5911E-05 6.8799E+03 5.9634E-055840 3102
 6.9051E+03 5.2372E-05 6.9303E+03 4.8548E-05 6.9807E+03 4.5119E-055840 3102
 7.0564E+03 4.3783E-05 7.2328E+03 4.5429E-05 7.3841E+03 4.8825E-055840 3102
 7.5354E+03 5.3644E-05 7.6362E+03 5.7831E-05 7.7875E+03 6.6307E-055840 3102
 7.9387E+03 7.9617E-05 8.0648E+03 9.9905E-05 8.1404E+03 1.2353E-045840 3102
 8.1656E+03 1.3593E-04 8.1908E+03 1.5254E-04 8.2160E+03 1.7589E-045840 3102
 8.2412E+03 2.1078E-04 8.2665E+03 2.6684E-04 8.2791E+03 3.0914E-045840 3102
 8.2917E+03 3.6810E-04 8.3043E+03 4.5279E-04 8.3169E+03 5.8250E-045840 3102
 8.3232E+03 6.7547E-04 8.3295E+03 7.9750E-04 8.3358E+03 9.6229E-045840 3102
 8.3452E+03 1.3370E-03 8.3484E+03 1.5196E-03 8.3547E+03 2.0311E-035840 3102
 8.3578E+03 2.3973E-03 8.3626E+03 3.1683E-03 8.3641E+03 3.5157E-035840 3102
 8.3673E+03 4.4191E-03 8.3689E+03 5.0127E-03 8.3705E+03 5.7381E-035840 3102
 8.3720E+03 6.6360E-03 8.3736E+03 7.7651E-03 8.3752E+03 9.2206E-035840 3102
 8.3760E+03 1.0113E-02 8.3768E+03 1.1145E-02 8.3775E+03 1.2349E-025840 3102
 8.3783E+03 1.3766E-02 8.3791E+03 1.5449E-02 8.3799E+03 1.7467E-025840 3102
 8.3807E+03 1.9924E-02 8.3815E+03 2.2959E-02 8.3819E+03 2.4755E-025840 3102
 8.3823E+03 2.6780E-02 8.3827E+03 2.9079E-02 8.3831E+03 3.1705E-025840 3102
 8.3835E+03 3.4730E-02 8.3838E+03 3.8247E-02 8.3842E+03 4.2383E-025840 3102
 8.3846E+03 4.7317E-02 8.3850E+03 5.3308E-02 8.3852E+03 5.6815E-025840 3102
 8.3854E+03 6.0746E-02 8.3856E+03 6.5184E-02 8.3858E+03 7.0231E-025840 3102
 8.3860E+03 7.6016E-02 8.3862E+03 8.2663E-02 8.3864E+03 9.0439E-025840 3102
 8.3866E+03 9.9559E-02 8.3868E+03 1.1033E-01 8.3870E+03 1.2312E-015840 3102
 8.3872E+03 1.3839E-01 8.3873E+03 1.4716E-01 8.3874E+03 1.5667E-015840 3102
 8.3875E+03 1.6719E-01 8.3876E+03 1.7860E-01 8.3877E+03 1.9122E-015840 3102
 8.3878E+03 2.0491E-01 8.3879E+03 2.2006E-01 8.3880E+03 2.3647E-015840 3102
 8.3881E+03 2.5460E-01 8.3882E+03 2.7421E-01 8.3883E+03 2.9583E-015840 3102
 8.3884E+03 3.1917E-01 8.3885E+03 3.4484E-01 8.3886E+03 3.7246E-015840 3102
 8.3887E+03 4.0275E-01 8.3888E+03 4.3523E-01 8.3889E+03 4.7072E-015840 3102
 8.3890E+03 5.0863E-01 8.3891E+03 5.4987E-01 8.3892E+03 5.9373E-015840 3102
 8.3893E+03 6.4073E-01 8.3894E+03 6.9097E-01 8.3895E+03 7.4509E-015840 3102
 8.3896E+03 8.0207E-01 8.3897E+03 8.6313E-01 8.3898E+03 9.2704E-015840 3102
 8.3899E+03 9.9512E-01 8.3900E+03 1.0660E+00 8.3900E+03 1.1409E+005840 3102
 8.3901E+03 1.2184E+00 8.3902E+03 1.2999E+00 8.3903E+03 1.3835E+005840 3102
 8.3905E+03 1.5597E+00 8.3907E+03 1.7449E+00 8.3909E+03 1.8882E+005840 3102
 8.3912E+03 2.1795E+00 8.3914E+03 2.4185E+00 8.3916E+03 2.5570E+005840 3102
 8.3917E+03 2.6884E+00 8.3919E+03 2.8708E+00 8.3921E+03 2.9789E+005840 3102
 8.3922E+03 3.0590E+00 8.3924E+03 3.1417E+00 8.3925E+03 3.1991E+005840 3102
 8.3926E+03 3.2325E+00 8.3927E+03 3.2698E+00 8.3929E+03 3.3027E+005840 3102
 8.3930E+03 3.3090E+00 8.3932E+03 3.2989E+00 8.3934E+03 3.2521E+005840 3102
 8.3935E+03 3.2205E+00 8.3936E+03 3.1444E+00 8.3937E+03 3.0872E+005840 3102
 8.3938E+03 3.0226E+00 8.3940E+03 2.8999E+00 8.3942E+03 2.7316E+005840 3102
 8.3944E+03 2.5775E+00 8.3946E+03 2.3806E+00 8.3953E+03 1.6977E+005840 3102
 8.3955E+03 1.5667E+00 8.3957E+03 1.3789E+00 8.3957E+03 1.3190E+005840 3102
 8.3959E+03 1.2037E+00 8.3959E+03 1.1485E+00 8.3960E+03 1.0949E+005840 3102
 8.3961E+03 9.9288E-01 8.3963E+03 8.9783E-01 8.3964E+03 8.0984E-015840 3102
 8.3965E+03 7.6849E-01 8.3966E+03 7.2887E-01 8.3966E+03 6.9097E-015840 3102
 8.3967E+03 6.5477E-01 8.3968E+03 6.2023E-01 8.3969E+03 5.8732E-015840 3102
 8.3969E+03 5.5600E-01 8.3970E+03 5.2624E-01 8.3971E+03 4.9798E-015840 3102
 8.3971E+03 4.7118E-01 8.3972E+03 4.4579E-01 8.3973E+03 4.2176E-015840 3102
 8.3973E+03 3.9905E-01 8.3974E+03 3.7760E-01 8.3975E+03 3.5735E-015840 3102
 8.3975E+03 3.3826E-01 8.3976E+03 3.2028E-01 8.3977E+03 3.0335E-015840 3102
 8.3978E+03 2.7246E-01 8.3980E+03 2.4518E-01 8.3981E+03 2.2115E-015840 3102
 8.3982E+03 2.0000E-01 8.3984E+03 1.8142E-01 8.3985E+03 1.6509E-015840 3102
 8.3987E+03 1.5075E-01 8.3988E+03 1.3815E-01 8.3990E+03 1.2706E-015840 3102
 8.3991E+03 1.1729E-01 8.3992E+03 1.0865E-01 8.3994E+03 1.0101E-015840 3102
 8.3995E+03 9.4224E-02 8.3996E+03 8.8176E-02 8.3998E+03 8.2769E-025840 3102
 8.3999E+03 7.7916E-02 8.4002E+03 6.9586E-02 8.4005E+03 6.2716E-025840 3102
 8.4008E+03 5.6962E-02 8.4010E+03 5.2072E-02 8.4013E+03 4.7864E-025840 3102
 8.4016E+03 4.4202E-02 8.4019E+03 4.0985E-02 8.4022E+03 3.8137E-025840 3102
 8.4025E+03 3.5597E-02 8.4030E+03 3.1257E-02 8.4036E+03 2.7707E-025840 3102
 8.4041E+03 2.4752E-02 8.4047E+03 2.2261E-02 8.4053E+03 2.0140E-025840 3102
 8.4058E+03 1.8318E-02 8.4064E+03 1.6739E-02 8.4069E+03 1.5362E-025840 3102
 8.4075E+03 1.4152E-02 8.4081E+03 1.3083E-02 8.4092E+03 1.1284E-025840 3102
 8.4103E+03 9.8375E-03 8.4114E+03 8.6560E-03 8.4125E+03 7.6780E-035840 3102
 8.4137E+03 6.8607E-03 8.4148E+03 6.1702E-03 8.4170E+03 5.0769E-035840 3102
 8.4204E+03 3.9246E-03 8.4226E+03 3.3638E-03 8.4271E+03 2.5585E-035840 3102
 8.4293E+03 2.2643E-03 8.4338E+03 1.8188E-03 8.4383E+03 1.5000E-035840 3102
 8.4428E+03 1.2610E-03 8.4473E+03 1.0794E-03 8.4562E+03 8.2631E-045840 3102
 8.4607E+03 7.3614E-04 8.4741E+03 5.5183E-04 8.4831E+03 4.7174E-045840 3102
 8.5010E+03 3.6895E-04 8.5189E+03 3.0843E-04 8.5369E+03 2.7023E-045840 3102
 8.5548E+03 2.4540E-04 8.5727E+03 2.2894E-04 8.6086E+03 2.1102E-045840 3102
 8.6623E+03 2.0434E-04 8.6982E+03 2.0742E-04 8.7519E+03 2.1946E-045840 3102
 8.8057E+03 2.3894E-04 8.8236E+03 2.4705E-04 8.8595E+03 2.6588E-045840 3102
 8.8953E+03 2.8855E-04 8.9132E+03 3.0152E-04 8.9491E+03 3.3125E-045840 3102
 8.9670E+03 3.4828E-04 9.0028E+03 3.8751E-04 9.0208E+03 4.1015E-045840 3102
 9.0745E+03 4.9364E-04 9.0924E+03 5.2785E-04 9.1104E+03 5.6613E-045840 3102
 9.1193E+03 5.8697E-04 9.1283E+03 6.0912E-04 9.1372E+03 6.3265E-045840 3102
 9.1462E+03 6.5766E-04 9.1552E+03 6.8430E-04 9.1641E+03 7.1269E-045840 3102
 9.1731E+03 7.4300E-04 9.1821E+03 7.7539E-04 9.1910E+03 8.1002E-045840 3102
 9.1955E+03 8.2823E-04 9.2000E+03 8.4714E-04 9.2045E+03 8.6674E-045840 3102
 9.2089E+03 8.8706E-04 9.2134E+03 9.0813E-04 9.2179E+03 9.3000E-045840 3102
 9.2224E+03 9.5270E-04 9.2269E+03 9.7627E-04 9.2313E+03 1.0008E-035840 3102
 9.2358E+03 1.0262E-03 9.2403E+03 1.0527E-03 9.2448E+03 1.0803E-035840 3102
 9.2493E+03 1.1090E-03 9.2537E+03 1.1389E-03 9.2582E+03 1.1700E-035840 3102
 9.2627E+03 1.2025E-03 9.2672E+03 1.2365E-03 9.2717E+03 1.2719E-035840 3102
 9.2761E+03 1.3089E-03 9.2806E+03 1.3475E-03 9.2851E+03 1.3880E-035840 3102
 9.2896E+03 1.4304E-03 9.2941E+03 1.4748E-03 9.2985E+03 1.5213E-035840 3102
 9.3030E+03 1.5701E-03 9.3075E+03 1.6213E-03 9.3097E+03 1.6478E-035840 3102
 9.3120E+03 1.6751E-03 9.3142E+03 1.7030E-03 9.3165E+03 1.7317E-035840 3102
 9.3187E+03 1.7611E-03 9.3209E+03 1.7913E-03 9.3232E+03 1.8223E-035840 3102
 9.3254E+03 1.8541E-03 9.3277E+03 1.8868E-03 9.3299E+03 1.9203E-035840 3102
 9.3321E+03 1.9548E-03 9.3344E+03 1.9902E-03 9.3366E+03 2.0266E-035840 3102
 9.3389E+03 2.0640E-03 9.3411E+03 2.1025E-03 9.3433E+03 2.1421E-035840 3102
 9.3456E+03 2.1828E-03 9.3478E+03 2.2247E-03 9.3501E+03 2.2679E-035840 3102
 9.3523E+03 2.3123E-03 9.3546E+03 2.3581E-03 9.3568E+03 2.4052E-035840 3102
 9.3590E+03 2.4538E-03 9.3613E+03 2.5039E-03 9.3635E+03 2.5555E-035840 3102
 9.3658E+03 2.6088E-03 9.3680E+03 2.6638E-03 9.3702E+03 2.7205E-035840 3102
 9.3725E+03 2.7791E-03 9.3747E+03 2.8396E-03 9.3770E+03 2.9021E-035840 3102
 9.3792E+03 2.9667E-03 9.3814E+03 3.0336E-03 9.3837E+03 3.1027E-035840 3102
 9.3859E+03 3.1742E-03 9.3882E+03 3.2482E-03 9.3904E+03 3.3248E-035840 3102
 9.3926E+03 3.4042E-03 9.3949E+03 3.4864E-03 9.3971E+03 3.5717E-035840 3102
 9.3994E+03 3.6602E-03 9.4016E+03 3.7520E-03 9.4038E+03 3.8473E-035840 3102
 9.4061E+03 3.9462E-03 9.4083E+03 4.0491E-03 9.4106E+03 4.1559E-035840 3102
 9.4128E+03 4.2671E-03 9.4150E+03 4.3827E-03 9.4173E+03 4.5032E-035840 3102
 9.4195E+03 4.6286E-03 9.4218E+03 4.7592E-03 9.4240E+03 4.8955E-035840 3102
 9.4262E+03 5.0377E-03 9.4285E+03 5.1861E-03 9.4307E+03 5.3410E-035840 3102
 9.4330E+03 5.5030E-03 9.4352E+03 5.6725E-03 9.4374E+03 5.8497E-035840 3102
 9.4397E+03 6.0352E-03 9.4419E+03 6.2296E-03 9.4442E+03 6.4336E-035840 3102
 9.4464E+03 6.6474E-03 9.4486E+03 6.8720E-03 9.4509E+03 7.1079E-035840 3102
 9.4531E+03 7.3560E-03 9.4554E+03 7.6170E-03 9.4576E+03 7.8919E-035840 3102
 9.4598E+03 8.1816E-03 9.4621E+03 8.4872E-03 9.4643E+03 8.8097E-035840 3102
 9.4666E+03 9.1506E-03 9.4688E+03 9.5111E-03 9.4710E+03 9.8928E-035840 3102
 9.4733E+03 1.0297E-02 9.4755E+03 1.0726E-02 9.4778E+03 1.1181E-025840 3102
 9.4800E+03 1.1665E-02 9.4822E+03 1.2180E-02 9.4845E+03 1.2727E-025840 3102
 9.4867E+03 1.3312E-02 9.4890E+03 1.3935E-02 9.4912E+03 1.4601E-025840 3102
 9.4934E+03 1.5313E-02 9.4957E+03 1.6076E-02 9.4979E+03 1.6894E-025840 3102
 9.5002E+03 1.7772E-02 9.5024E+03 1.8715E-02 9.5046E+03 1.9729E-025840 3102
 9.5069E+03 2.0822E-02 9.5091E+03 2.2000E-02 9.5114E+03 2.3271E-025840 3102
 9.5136E+03 2.4645E-02 9.5158E+03 2.6131E-02 9.5181E+03 2.7739E-025840 3102
 9.5203E+03 2.9481E-02 9.5226E+03 3.1368E-02 9.5248E+03 3.3416E-025840 3102
 9.5270E+03 3.5636E-02 9.5293E+03 3.8043E-02 9.5315E+03 4.0651E-025840 3102
 9.5338E+03 4.3474E-02 9.5360E+03 4.6525E-02 9.5382E+03 4.9815E-025840 3102
 9.5405E+03 5.3349E-02 9.5425E+03 5.6769E-02 9.5446E+03 6.0390E-025840 3102
 9.5466E+03 6.4200E-02 9.5486E+03 6.8180E-02 9.5506E+03 7.2297E-025840 3102
 9.5527E+03 7.6502E-02 9.5588E+03 8.9093E-02 9.5608E+03 9.3001E-025840 3102
 9.5628E+03 9.6566E-02 9.5649E+03 9.9681E-02 9.5669E+03 1.0224E-015840 3102
 9.5689E+03 1.0414E-01 9.5710E+03 1.0529E-01 9.5730E+03 1.0566E-015840 3102
 9.5750E+03 1.0523E-01 9.5771E+03 1.0400E-01 9.5791E+03 1.0205E-015840 3102
 9.5811E+03 9.9438E-02 9.5832E+03 9.6278E-02 9.5852E+03 9.2681E-025840 3102
 9.5872E+03 8.8761E-02 9.5893E+03 8.4630E-02 9.5933E+03 7.6135E-025840 3102
 9.5974E+03 6.7798E-02 9.5994E+03 6.3813E-02 9.6035E+03 5.6395E-025840 3102
 9.6071E+03 5.0462E-02 9.6087E+03 4.8068E-02 9.6119E+03 4.3644E-025840 3102
 9.6134E+03 4.1606E-02 9.6166E+03 3.7860E-02 9.6182E+03 3.6140E-025840 3102
 9.6214E+03 3.2983E-02 9.6245E+03 3.0167E-02 9.6261E+03 2.8876E-025840 3102
 9.6293E+03 2.6504E-02 9.6309E+03 2.5415E-02 9.6340E+03 2.3411E-025840 3102
 9.6356E+03 2.2488E-02 9.6388E+03 2.0789E-02 9.6404E+03 2.0007E-025840 3102
 9.6435E+03 1.8561E-02 9.6467E+03 1.7253E-02 9.6499E+03 1.6070E-025840 3102
 9.6530E+03 1.4998E-02 9.6562E+03 1.4026E-02 9.6594E+03 1.3140E-025840 3102
 9.6625E+03 1.2333E-02 9.6657E+03 1.1594E-02 9.6689E+03 1.0918E-025840 3102
 9.6721E+03 1.0298E-02 9.6752E+03 9.7270E-03 9.6784E+03 9.2010E-035840 3102
 9.6816E+03 8.7155E-03 9.6847E+03 8.2664E-03 9.6879E+03 7.8503E-035840 3102
 9.6911E+03 7.4642E-03 9.6942E+03 7.1054E-03 9.6974E+03 6.7713E-035840 3102
 9.7006E+03 6.4599E-03 9.7069E+03 5.8971E-03 9.7132E+03 5.4038E-035840 3102
 9.7164E+03 5.1798E-03 9.7228E+03 4.7711E-03 9.7259E+03 4.5845E-035840 3102
 9.7323E+03 4.2425E-03 9.7354E+03 4.0856E-03 9.7386E+03 3.9378E-035840 3102
 9.7449E+03 3.6648E-03 9.7513E+03 3.4183E-03 9.7576E+03 3.1959E-035840 3102
 9.7639E+03 2.9944E-03 9.7703E+03 2.8114E-03 9.7766E+03 2.6447E-035840 3102
 9.7830E+03 2.4925E-03 9.7893E+03 2.3530E-03 9.7956E+03 2.2250E-035840 3102
 9.8020E+03 2.1073E-03 9.8083E+03 1.9987E-03 9.8146E+03 1.8984E-035840 3102
 9.8273E+03 1.7194E-03 9.8337E+03 1.6393E-03 9.8463E+03 1.4954E-035840 3102
 9.8527E+03 1.4305E-03 9.8653E+03 1.3131E-03 9.8717E+03 1.2599E-035840 3102
 9.8844E+03 1.1629E-03 9.8970E+03 1.0770E-03 9.9034E+03 1.0377E-035840 3102
 9.9224E+03 9.3244E-04 9.9351E+03 8.7112E-04 9.9477E+03 8.1590E-045840 3102
 9.9604E+03 7.6601E-04 9.9731E+03 7.2080E-04 9.9858E+03 6.7970E-045840 3102
 9.9984E+03 6.4224E-04 1.0024E+04 5.7663E-04 1.0036E+04 5.4784E-045840 3102
 1.0062E+04 4.9690E-04 1.0074E+04 4.7432E-04 1.0100E+04 4.3405E-045840 3102
 1.0112E+04 4.1607E-04 1.0138E+04 3.8377E-04 1.0163E+04 3.5568E-045840 3102
 1.0201E+04 3.2002E-04 1.0214E+04 3.0963E-04 1.0239E+04 2.9069E-045840 3102
 1.0265E+04 2.7394E-04 1.0290E+04 2.5912E-04 1.0341E+04 2.3429E-045840 3102
 1.0391E+04 2.1471E-04 1.0417E+04 2.0656E-04 1.0467E+04 1.9298E-045840 3102
 1.0543E+04 1.7847E-04 1.0619E+04 1.6994E-04 1.0696E+04 1.6699E-045840 3102
 1.0848E+04 1.8050E-04 1.0936E+04 2.0727E-04 1.1000E+04 2.4356E-045840 3102
 1.1038E+04 2.7818E-04 1.1063E+04 3.1037E-04 1.1095E+04 3.6836E-045840 3102
 1.1114E+04 4.1923E-04 1.1133E+04 4.9228E-04 1.1145E+04 5.6254E-045840 3102
 1.1164E+04 7.3439E-04 1.1171E+04 8.2549E-04 1.1177E+04 9.4789E-045840 3102
 1.1184E+04 1.1210E-03 1.1190E+04 1.3813E-03 1.1196E+04 1.7944E-035840 3102
 1.1199E+04 2.1058E-03 1.1203E+04 2.5465E-03 1.1206E+04 3.1926E-035840 3102
 1.1209E+04 4.1805E-03 1.1210E+04 4.8978E-03 1.1212E+04 5.8546E-035840 3102
 1.1214E+04 7.1788E-03 1.1215E+04 9.0844E-03 1.1217E+04 1.2013E-025840 3102
 1.1218E+04 1.4115E-02 1.1218E+04 1.6979E-02 1.1219E+04 2.1341E-025840 3102
 1.1220E+04 2.4582E-02 1.1220E+04 2.8983E-02 1.1220E+04 3.5587E-025840 3102
 1.1221E+04 4.5376E-02 1.1221E+04 6.1030E-02 1.1221E+04 7.1994E-025840 3102
 1.1222E+04 8.5016E-02 1.1222E+04 1.0212E-01 1.1222E+04 1.2352E-015840 3102
 1.1222E+04 1.5016E-01 1.1222E+04 1.8315E-01 1.1223E+04 2.2372E-015840 3102
 1.1223E+04 2.7326E-01 1.1223E+04 3.3327E-01 1.1223E+04 4.0144E-015840 3102
 1.1223E+04 4.8653E-01 1.1224E+04 5.8692E-01 1.1224E+04 6.4336E-015840 3102
 1.1224E+04 7.0421E-01 1.1224E+04 8.3260E-01 1.1224E+04 9.0718E-015840 3102
 1.1224E+04 9.8678E-01 1.1224E+04 1.0715E+00 1.1224E+04 1.1614E+005840 3102
 1.1224E+04 1.2565E+00 1.1225E+04 1.3568E+00 1.1225E+04 1.4623E+005840 3102
 1.1225E+04 1.5617E+00 1.1225E+04 1.6769E+00 1.1225E+04 1.7971E+005840 3102
 1.1225E+04 2.0511E+00 1.1225E+04 2.3218E+00 1.1225E+04 2.5917E+005840 3102
 1.1226E+04 3.1851E+00 1.1226E+04 3.6337E+00 1.1226E+04 3.9097E+005840 3102
 1.1226E+04 4.0502E+00 1.1227E+04 4.3176E+00 1.1227E+04 4.5618E+005840 3102
 1.1227E+04 4.7260E+00 1.1227E+04 4.8156E+00 1.1227E+04 4.9487E+005840 3102
 1.1227E+04 5.0792E+00 1.1228E+04 5.1471E+00 1.1228E+04 5.1915E+005840 3102
 1.1228E+04 5.2296E+00 1.1228E+04 5.2497E+00 1.1228E+04 5.2556E+005840 3102
 1.1228E+04 5.2455E+00 1.1228E+04 5.2214E+00 1.1228E+04 5.1748E+005840 3102
 1.1228E+04 5.1258E+00 1.1229E+04 5.0389E+00 1.1229E+04 4.9147E+005840 3102
 1.1229E+04 4.7858E+00 1.1229E+04 4.6288E+00 1.1229E+04 4.5143E+005840 3102
 1.1229E+04 4.2123E+00 1.1230E+04 3.8228E+00 1.1230E+04 2.6783E+005840 3102
 1.1231E+04 2.3912E+00 1.1231E+04 2.1303E+00 1.1231E+04 1.8836E+005840 3102
 1.1231E+04 1.6532E+00 1.1231E+04 1.5390E+00 1.1231E+04 1.4299E+005840 3102
 1.1232E+04 1.3260E+00 1.1232E+04 1.2369E+00 1.1232E+04 1.1429E+005840 3102
 1.1232E+04 1.0627E+00 1.1232E+04 9.0721E-01 1.1232E+04 8.3265E-015840 3102
 1.1232E+04 7.6297E-01 1.1232E+04 6.4348E-01 1.1233E+04 5.3990E-015840 3102
 1.1233E+04 4.5093E-01 1.1233E+04 3.7151E-01 1.1233E+04 3.0810E-015840 3102
 1.1233E+04 2.5500E-01 1.1234E+04 2.1087E-01 1.1234E+04 1.7271E-015840 3102
 1.1234E+04 1.4314E-01 1.1234E+04 1.1903E-01 1.1234E+04 9.9472E-025840 3102
 1.1234E+04 8.2925E-02 1.1235E+04 7.0336E-02 1.1235E+04 5.2065E-025840 3102
 1.1235E+04 3.9963E-02 1.1236E+04 3.2236E-02 1.1236E+04 2.6877E-025840 3102
 1.1237E+04 2.3199E-02 1.1237E+04 1.8302E-02 1.1238E+04 1.5148E-025840 3102
 1.1239E+04 1.2877E-02 1.1240E+04 9.7670E-03 1.1242E+04 7.7461E-035840 3102
 1.1244E+04 6.3518E-03 1.1245E+04 5.3513E-03 1.1247E+04 4.6110E-035840 3102
 1.1250E+04 3.6003E-03 1.1253E+04 2.9536E-03 1.1256E+04 2.5238E-035840 3102
 1.1259E+04 2.2336E-03 1.1265E+04 1.8782E-03 1.1271E+04 1.6895E-035840 3102
 1.1277E+04 1.5982E-03 1.1284E+04 1.5687E-03 1.1290E+04 1.5839E-035840 3102
 1.1299E+04 1.6682E-03 1.1308E+04 1.8177E-03 1.1311E+04 1.8822E-035840 3102
 1.1317E+04 2.0348E-03 1.1324E+04 2.2230E-03 1.1327E+04 2.3320E-035840 3102
 1.1333E+04 2.5884E-03 1.1339E+04 2.9027E-03 1.1345E+04 3.2890E-035840 3102
 1.1351E+04 3.7667E-03 1.1354E+04 4.0489E-03 1.1357E+04 4.3702E-035840 3102
 1.1361E+04 4.7345E-03 1.1364E+04 5.1478E-03 1.1365E+04 5.3760E-035840 3102
 1.1367E+04 5.6209E-03 1.1368E+04 5.8840E-03 1.1370E+04 6.1668E-035840 3102
 1.1371E+04 6.3162E-03 1.1371E+04 6.4713E-03 1.1372E+04 6.6324E-035840 3102
 1.1373E+04 6.7998E-03 1.1374E+04 6.9739E-03 1.1374E+04 7.0647E-035840 3102
 1.1375E+04 7.2496E-03 1.1375E+04 7.3435E-03 1.1376E+04 7.5399E-035840 3102
 1.1377E+04 7.7444E-03 1.1378E+04 7.9576E-03 1.1378E+04 8.1800E-035840 3102
 1.1379E+04 8.4121E-03 1.1380E+04 8.6545E-03 1.1381E+04 8.9077E-035840 3102
 1.1382E+04 9.4488E-03 1.1384E+04 1.0041E-02 1.1384E+04 1.0358E-025840 3102
 1.1385E+04 1.0691E-02 1.1386E+04 1.1040E-02 1.1387E+04 1.1407E-025840 3102
 1.1388E+04 1.1793E-02 1.1388E+04 1.2200E-02 1.1389E+04 1.2627E-025840 3102
 1.1390E+04 1.3078E-02 1.1391E+04 1.3554E-02 1.1391E+04 1.4056E-025840 3102
 1.1392E+04 1.4587E-02 1.1393E+04 1.5149E-02 1.1394E+04 1.5744E-025840 3102
 1.1394E+04 1.6374E-02 1.1395E+04 1.7044E-02 1.1396E+04 1.7755E-025840 3102
 1.1397E+04 1.8512E-02 1.1398E+04 1.9318E-02 1.1398E+04 2.0178E-025840 3102
 1.1399E+04 2.1097E-02 1.1400E+04 2.2079E-02 1.1401E+04 2.3130E-025840 3102
 1.1401E+04 2.3692E-02 1.1401E+04 2.4258E-02 1.1402E+04 2.4861E-025840 3102
 1.1402E+04 2.5470E-02 1.1403E+04 2.6119E-02 1.1403E+04 2.6775E-025840 3102
 1.1403E+04 2.7474E-02 1.1404E+04 2.8182E-02 1.1404E+04 2.8937E-025840 3102
 1.1404E+04 2.9701E-02 1.1405E+04 3.0518E-02 1.1405E+04 3.1346E-025840 3102
 1.1406E+04 3.2231E-02 1.1406E+04 3.3129E-02 1.1406E+04 3.4089E-025840 3102
 1.1407E+04 3.5066E-02 1.1407E+04 3.6111E-02 1.1408E+04 3.7175E-025840 3102
 1.1408E+04 3.8315E-02 1.1408E+04 3.9476E-02 1.1409E+04 4.0722E-025840 3102
 1.1409E+04 4.1993E-02 1.1409E+04 4.3358E-02 1.1410E+04 4.4752E-025840 3102
 1.1410E+04 4.6252E-02 1.1411E+04 4.7785E-02 1.1411E+04 4.9437E-025840 3102
 1.1411E+04 5.1128E-02 1.1412E+04 5.2952E-02 1.1412E+04 5.4821E-025840 3102
 1.1413E+04 5.6841E-02 1.1413E+04 5.8914E-02 1.1413E+04 6.1158E-025840 3102
 1.1414E+04 6.3464E-02 1.1414E+04 6.5962E-02 1.1414E+04 6.8535E-025840 3102
 1.1415E+04 7.1327E-02 1.1415E+04 7.4205E-02 1.1416E+04 7.7334E-025840 3102
 1.1416E+04 8.0565E-02 1.1416E+04 8.4082E-02 1.1417E+04 8.7719E-025840 3102
 1.1417E+04 9.1685E-02 1.1418E+04 9.5792E-02 1.1418E+04 1.0028E-015840 3102
 1.1418E+04 1.0493E-01 1.1419E+04 1.1001E-01 1.1419E+04 1.1529E-015840 3102
 1.1419E+04 1.2106E-01 1.1420E+04 1.2706E-01 1.1420E+04 1.3363E-015840 3102
 1.1421E+04 1.4045E-01 1.1421E+04 1.4793E-01 1.1421E+04 1.5569E-015840 3102
 1.1422E+04 1.6419E-01 1.1422E+04 1.7301E-01 1.1423E+04 1.8265E-015840 3102
 1.1423E+04 1.9263E-01 1.1423E+04 2.0350E-01 1.1424E+04 2.1472E-015840 3102
 1.1424E+04 2.2688E-01 1.1424E+04 2.3936E-01 1.1425E+04 2.5245E-015840 3102
 1.1425E+04 2.6611E-01 1.1426E+04 2.8222E-01 1.1426E+04 2.9853E-015840 3102
 1.1427E+04 3.1530E-01 1.1427E+04 3.3237E-01 1.1428E+04 3.6709E-015840 3102
 1.1429E+04 4.1560E-01 1.1429E+04 4.2961E-01 1.1430E+04 4.4209E-015840 3102
 1.1430E+04 4.5277E-01 1.1431E+04 4.6156E-01 1.1431E+04 4.6784E-015840 3102
 1.1432E+04 4.7166E-01 1.1432E+04 4.7294E-01 1.1432E+04 4.7257E-015840 3102
 1.1432E+04 4.7156E-01 1.1433E+04 4.6764E-01 1.1433E+04 4.6109E-015840 3102
 1.1434E+04 4.5240E-01 1.1434E+04 4.4137E-01 1.1435E+04 4.2878E-015840 3102
 1.1435E+04 4.1470E-01 1.1435E+04 3.9941E-01 1.1436E+04 3.8283E-015840 3102
 1.1436E+04 3.6603E-01 1.1437E+04 3.3170E-01 1.1438E+04 2.8118E-015840 3102
 1.1439E+04 2.4764E-01 1.1440E+04 2.3082E-01 1.1440E+04 2.1508E-015840 3102
 1.1441E+04 2.0042E-01 1.1441E+04 1.8681E-01 1.1442E+04 1.7424E-015840 3102
 1.1442E+04 1.6264E-01 1.1443E+04 1.5196E-01 1.1443E+04 1.4213E-015840 3102
 1.1444E+04 1.3309E-01 1.1444E+04 1.2478E-01 1.1445E+04 1.1714E-015840 3102
 1.1445E+04 1.1011E-01 1.1446E+04 1.0364E-01 1.1446E+04 9.7670E-025840 3102
 1.1447E+04 9.2165E-02 1.1447E+04 8.7081E-02 1.1448E+04 8.2379E-025840 3102
 1.1448E+04 7.8027E-02 1.1449E+04 7.3991E-02 1.1449E+04 7.0246E-025840 3102
 1.1450E+04 6.6764E-02 1.1450E+04 6.3525E-02 1.1451E+04 6.0506E-025840 3102
 1.1451E+04 5.7689E-02 1.1452E+04 5.5058E-02 1.1452E+04 5.2597E-025840 3102
 1.1453E+04 4.8132E-02 1.1454E+04 4.6105E-02 1.1455E+04 4.2408E-025840 3102
 1.1456E+04 3.9130E-02 1.1456E+04 3.7630E-02 1.1457E+04 3.6212E-025840 3102
 1.1458E+04 3.3604E-02 1.1459E+04 3.1263E-02 1.1460E+04 2.9155E-025840 3102
 1.1461E+04 2.7249E-02 1.1462E+04 2.5523E-02 1.1463E+04 2.3953E-025840 3102
 1.1464E+04 2.2523E-02 1.1465E+04 2.1217E-02 1.1466E+04 2.0020E-025840 3102
 1.1467E+04 1.8921E-02 1.1468E+04 1.7910E-02 1.1469E+04 1.6977E-025840 3102
 1.1470E+04 1.6115E-02 1.1472E+04 1.4577E-02 1.1473E+04 1.3890E-025840 3102
 1.1475E+04 1.2652E-02 1.1477E+04 1.1574E-02 1.1478E+04 1.1085E-025840 3102
 1.1480E+04 1.0198E-02 1.1481E+04 9.7935E-03 1.1483E+04 9.0548E-035840 3102
 1.1484E+04 8.7169E-03 1.1487E+04 7.8106E-03 1.1489E+04 7.2827E-035840 3102
 1.1491E+04 6.8065E-03 1.1493E+04 6.3760E-03 1.1495E+04 5.9856E-035840 3102
 1.1497E+04 5.6304E-03 1.1499E+04 5.3063E-03 1.1503E+04 4.7393E-035840 3102
 1.1505E+04 4.4893E-03 1.1509E+04 4.0462E-03 1.1513E+04 3.6669E-035840 3102
 1.1515E+04 3.4974E-03 1.1519E+04 3.1927E-03 1.1525E+04 2.8072E-035840 3102
 1.1531E+04 2.4895E-03 1.1535E+04 2.3083E-03 1.1543E+04 2.0029E-035840 3102
 1.1547E+04 1.8730E-03 1.1555E+04 1.6504E-03 1.1559E+04 1.5545E-035840 3102
 1.1567E+04 1.3880E-03 1.1575E+04 1.2485E-03 1.1587E+04 1.0786E-035840 3102
 1.1599E+04 9.4432E-04 1.1611E+04 8.3628E-04 1.1619E+04 7.7566E-045840 3102
 1.1631E+04 6.9848E-04 1.1639E+04 6.5446E-04 1.1655E+04 5.8031E-045840 3102
 1.1663E+04 5.4911E-04 1.1679E+04 4.9586E-04 1.1695E+04 4.5257E-045840 3102
 1.1719E+04 4.0165E-04 1.1743E+04 3.6329E-04 1.1767E+04 3.3422E-045840 3102
 1.1783E+04 3.1885E-04 1.1823E+04 2.9136E-04 1.1855E+04 2.7807E-045840 3102
 1.1903E+04 2.6951E-04 1.1951E+04 2.7282E-04 1.1999E+04 2.8784E-045840 3102
 1.2047E+04 3.1666E-04 1.2063E+04 3.3005E-04 1.2095E+04 3.6395E-045840 3102
 1.2111E+04 3.8520E-04 1.2135E+04 4.2397E-04 1.2159E+04 4.7304E-045840 3102
 1.2183E+04 5.3576E-04 1.2199E+04 5.8753E-04 1.2207E+04 6.1707E-045840 3102
 1.2223E+04 6.8517E-04 1.2231E+04 7.2448E-04 1.2247E+04 8.1613E-045840 3102
 1.2255E+04 8.6975E-04 1.2267E+04 9.6179E-04 1.2275E+04 1.0328E-035840 3102
 1.2287E+04 1.1569E-03 1.2299E+04 1.3073E-03 1.2303E+04 1.3648E-035840 3102
 1.2311E+04 1.4926E-03 1.2319E+04 1.6416E-03 1.2339E+04 2.1256E-035840 3102
 1.2343E+04 2.2501E-03 1.2347E+04 2.3863E-03 1.2351E+04 2.5358E-035840 3102
 1.2355E+04 2.7002E-03 1.2359E+04 2.8817E-03 1.2363E+04 3.0818E-035840 3102
 1.2365E+04 3.1899E-03 1.2367E+04 3.3036E-03 1.2369E+04 3.4245E-035840 3102
 1.2371E+04 3.5521E-03 1.2373E+04 3.6871E-03 1.2374E+04 3.7576E-035840 3102
 1.2375E+04 3.8301E-03 1.2376E+04 3.9048E-03 1.2377E+04 3.9817E-035840 3102
 1.2377E+04 4.0211E-03 1.2378E+04 4.0611E-03 1.2378E+04 4.1016E-035840 3102
 1.2379E+04 4.1428E-03 1.2379E+04 4.1846E-03 1.2380E+04 4.2271E-035840 3102
 1.2380E+04 4.2702E-03 1.2381E+04 4.3141E-03 1.2381E+04 4.3586E-035840 3102
 1.2382E+04 4.4038E-03 1.2382E+04 4.4497E-03 1.2383E+04 4.4964E-035840 3102
 1.2384E+04 4.5920E-03 1.2385E+04 4.6907E-03 1.2386E+04 4.7928E-035840 3102
 1.2387E+04 4.8983E-03 1.2389E+04 5.1200E-03 1.2391E+04 5.3571E-035840 3102
 1.2393E+04 5.6110E-03 1.2395E+04 5.8835E-03 1.2397E+04 6.1763E-035840 3102
 1.2399E+04 6.4897E-03 1.2400E+04 6.6563E-03 1.2401E+04 6.8294E-035840 3102
 1.2402E+04 7.0096E-03 1.2403E+04 7.1970E-03 1.2404E+04 7.3921E-035840 3102
 1.2405E+04 7.5952E-03 1.2406E+04 7.8069E-03 1.2407E+04 8.0276E-035840 3102
 1.2408E+04 8.2577E-03 1.2409E+04 8.4978E-03 1.2410E+04 8.7486E-035840 3102
 1.2411E+04 9.0106E-03 1.2412E+04 9.2845E-03 1.2413E+04 9.5710E-035840 3102
 1.2414E+04 9.8709E-03 1.2415E+04 1.0185E-02 1.2416E+04 1.0514E-025840 3102
 1.2417E+04 1.0860E-02 1.2418E+04 1.1222E-02 1.2419E+04 1.1603E-025840 3102
 1.2420E+04 1.2004E-02 1.2421E+04 1.2425E-02 1.2422E+04 1.2869E-025840 3102
 1.2423E+04 1.3336E-02 1.2424E+04 1.3829E-02 1.2425E+04 1.4350E-025840 3102
 1.2426E+04 1.4900E-02 1.2427E+04 1.5482E-02 1.2428E+04 1.6098E-025840 3102
 1.2429E+04 1.6751E-02 1.2430E+04 1.7444E-02 1.2430E+04 1.8172E-025840 3102
 1.2432E+04 1.8953E-02 1.2432E+04 1.9785E-02 1.2434E+04 2.0671E-025840 3102
 1.2434E+04 2.1617E-02 1.2436E+04 2.2627E-02 1.2436E+04 2.3707E-025840 3102
 1.2438E+04 2.4864E-02 1.2438E+04 2.6104E-02 1.2440E+04 2.7436E-025840 3102
 1.2440E+04 2.8868E-02 1.2442E+04 3.0409E-02 1.2442E+04 3.2071E-025840 3102
 1.2443E+04 3.2951E-02 1.2444E+04 3.3865E-02 1.2444E+04 3.4817E-025840 3102
 1.2444E+04 3.5807E-02 1.2445E+04 3.6838E-02 1.2446E+04 3.7911E-025840 3102
 1.2446E+04 3.9029E-02 1.2446E+04 4.0195E-02 1.2447E+04 4.1409E-025840 3102
 1.2448E+04 4.2676E-02 1.2448E+04 4.3998E-02 1.2448E+04 4.5377E-025840 3102
 1.2449E+04 4.6817E-02 1.2450E+04 4.8322E-02 1.2450E+04 4.9893E-025840 3102
 1.2450E+04 5.1535E-02 1.2451E+04 5.3253E-02 1.2452E+04 5.5049E-025840 3102
 1.2452E+04 5.6927E-02 1.2452E+04 5.8894E-02 1.2453E+04 6.0952E-025840 3102
 1.2454E+04 6.3106E-02 1.2454E+04 6.5363E-02 1.2454E+04 6.7726E-025840 3102
 1.2455E+04 7.0202E-02 1.2456E+04 7.2796E-02 1.2456E+04 7.5513E-025840 3102
 1.2456E+04 7.8360E-02 1.2457E+04 8.1342E-02 1.2458E+04 8.4465E-025840 3102
 1.2458E+04 8.7736E-02 1.2458E+04 9.1160E-02 1.2459E+04 9.4742E-025840 3102
 1.2460E+04 9.8489E-02 1.2460E+04 1.0240E-01 1.2460E+04 1.0649E-015840 3102
 1.2461E+04 1.1076E-01 1.2462E+04 1.1520E-01 1.2462E+04 1.1982E-015840 3102
 1.2462E+04 1.2452E-01 1.2463E+04 1.3245E-01 1.2464E+04 1.4069E-015840 3102
 1.2465E+04 1.4930E-01 1.2466E+04 1.5821E-01 1.2466E+04 1.6748E-015840 3102
 1.2467E+04 1.7675E-01 1.2470E+04 2.0397E-01 1.2470E+04 2.1216E-015840 3102
 1.2471E+04 2.1958E-01 1.2472E+04 2.2601E-01 1.2473E+04 2.3125E-015840 3102
 1.2473E+04 2.3513E-01 1.2474E+04 2.3750E-01 1.2475E+04 2.3829E-015840 3102
 1.2476E+04 2.3744E-01 1.2477E+04 2.3500E-01 1.2477E+04 2.3108E-015840 3102
 1.2478E+04 2.2579E-01 1.2479E+04 2.1923E-01 1.2480E+04 2.1178E-015840 3102
 1.2480E+04 2.0356E-01 1.2481E+04 1.9479E-01 1.2482E+04 1.8557E-015840 3102
 1.2483E+04 1.7629E-01 1.2484E+04 1.5786E-01 1.2487E+04 1.3211E-015840 3102
 1.2488E+04 1.1717E-01 1.2489E+04 1.1054E-01 1.2490E+04 1.0421E-015840 3102
 1.2490E+04 9.8361E-02 1.2491E+04 9.2806E-02 1.2492E+04 8.7680E-025840 3102
 1.2493E+04 8.2890E-02 1.2493E+04 7.8416E-02 1.2494E+04 7.4185E-025840 3102
 1.2495E+04 7.0291E-02 1.2496E+04 6.6608E-02 1.2496E+04 6.3217E-025840 3102
 1.2497E+04 6.0008E-02 1.2498E+04 5.7052E-02 1.2499E+04 5.4287E-025840 3102
 1.2499E+04 5.1702E-02 1.2500E+04 4.9249E-02 1.2501E+04 4.6983E-025840 3102
 1.2502E+04 4.4831E-02 1.2503E+04 4.0944E-02 1.2505E+04 3.7535E-025840 3102
 1.2505E+04 3.5980E-02 1.2507E+04 3.3114E-02 1.2508E+04 3.1811E-025840 3102
 1.2509E+04 2.9401E-02 1.2510E+04 2.8302E-02 1.2511E+04 2.6273E-025840 3102
 1.2513E+04 2.4436E-02 1.2514E+04 2.2777E-02 1.2516E+04 2.1277E-025840 3102
 1.2517E+04 1.9925E-02 1.2519E+04 1.8687E-02 1.2520E+04 1.7559E-025840 3102
 1.2522E+04 1.6527E-02 1.2523E+04 1.5589E-02 1.2525E+04 1.4721E-025840 3102
 1.2526E+04 1.3923E-02 1.2528E+04 1.3187E-02 1.2529E+04 1.2511E-025840 3102
 1.2531E+04 1.1882E-02 1.2532E+04 1.1302E-02 1.2534E+04 1.0759E-025840 3102
 1.2537E+04 9.7874E-03 1.2538E+04 9.3483E-03 1.2541E+04 8.5564E-035840 3102
 1.2543E+04 8.1962E-03 1.2546E+04 7.5407E-03 1.2548E+04 6.9624E-035840 3102
 1.2550E+04 6.6972E-03 1.2553E+04 6.2126E-03 1.2556E+04 5.7789E-035840 3102
 1.2559E+04 5.3881E-03 1.2562E+04 5.0345E-03 1.2565E+04 4.7156E-035840 3102
 1.2568E+04 4.4263E-03 1.2571E+04 4.1629E-03 1.2574E+04 3.9217E-035840 3102
 1.2577E+04 3.7017E-03 1.2580E+04 3.4999E-03 1.2586E+04 3.1426E-035840 3102
 1.2589E+04 2.9846E-03 1.2595E+04 2.7023E-03 1.2598E+04 2.5760E-035840 3102
 1.2603E+04 2.3495E-03 1.2609E+04 2.1518E-03 1.2618E+04 1.9001E-035840 3102
 1.2627E+04 1.6907E-03 1.2636E+04 1.5151E-03 1.2642E+04 1.4133E-035840 3102
 1.2648E+04 1.3215E-03 1.2654E+04 1.2387E-03 1.2666E+04 1.0954E-035840 3102
 1.2672E+04 1.0332E-03 1.2684E+04 9.2445E-04 1.2690E+04 8.7664E-045840 3102
 1.2702E+04 7.9209E-04 1.2713E+04 7.1976E-04 1.2731E+04 6.2953E-045840 3102
 1.2749E+04 5.5626E-04 1.2767E+04 4.9596E-04 1.2779E+04 4.6151E-045840 3102
 1.2809E+04 3.9093E-04 1.2821E+04 3.6761E-04 1.2844E+04 3.2749E-045840 3102
 1.2880E+04 2.8000E-04 1.2904E+04 2.5467E-04 1.2939E+04 2.2371E-045840 3102
 1.2975E+04 1.9911E-04 1.3011E+04 1.7925E-04 1.3035E+04 1.6807E-045840 3102
 1.3058E+04 1.5824E-04 1.3106E+04 1.4180E-04 1.3177E+04 1.2318E-045840 3102
 1.3249E+04 1.0961E-04 1.3296E+04 1.0258E-04 1.3368E+04 9.4286E-055840 3102
 1.3439E+04 8.8147E-05 1.3510E+04 8.3795E-05 1.3629E+04 8.0449E-055840 3102
 1.3748E+04 8.4984E-05 1.3820E+04 9.8681E-05 1.3843E+04 1.0841E-045840 3102
 1.3867E+04 1.2385E-04 1.3891E+04 1.4970E-04 1.3903E+04 1.6968E-045840 3102
 1.3915E+04 1.9797E-04 1.3927E+04 2.3954E-04 1.3938E+04 3.0296E-045840 3102
 1.3944E+04 3.4828E-04 1.3950E+04 4.0865E-04 1.3956E+04 4.9067E-045840 3102
 1.3962E+04 6.0571E-04 1.3968E+04 7.7490E-04 1.3974E+04 1.0317E-035840 3102
 1.3977E+04 1.2156E-03 1.3980E+04 1.4616E-03 1.3983E+04 1.7973E-035840 3102
 1.3986E+04 2.2719E-03 1.3989E+04 2.9743E-03 1.3992E+04 4.0628E-035840 3102
 1.3993E+04 4.8631E-03 1.3995E+04 5.9384E-03 1.3996E+04 7.4563E-035840 3102
 1.3998E+04 9.6776E-03 1.3999E+04 1.1252E-02 1.3999E+04 1.3310E-025840 3102
 1.4000E+04 1.6297E-02 1.4001E+04 2.1048E-02 1.4001E+04 2.4812E-025840 3102
 1.4002E+04 2.9951E-02 1.4002E+04 3.7290E-02 1.4002E+04 4.7910E-025840 3102
 1.4003E+04 6.3348E-02 1.4003E+04 8.5713E-02 1.4003E+04 1.0077E-015840 3102
 1.4004E+04 1.1780E-01 1.4004E+04 1.3918E-01 1.4004E+04 1.6316E-015840 3102
 1.4004E+04 1.9299E-01 1.4004E+04 2.2808E-01 1.4004E+04 2.6914E-015840 3102
 1.4005E+04 3.1419E-01 1.4005E+04 3.6892E-01 1.4005E+04 4.2821E-015840 3102
 1.4005E+04 4.9929E-01 1.4005E+04 5.7525E-01 1.4006E+04 6.6504E-015840 3102
 1.4006E+04 7.5960E-01 1.4006E+04 8.6973E-01 1.4006E+04 9.8392E-015840 3102
 1.4006E+04 1.1148E+00 1.4006E+04 1.2483E+00 1.4007E+04 1.3987E+005840 3102
 1.4007E+04 1.5495E+00 1.4007E+04 1.7162E+00 1.4007E+04 1.8894E+005840 3102
 1.4007E+04 2.0673E+00 1.4008E+04 2.5898E+00 1.4008E+04 2.8460E+005840 3102
 1.4008E+04 3.0103E+00 1.4009E+04 3.2243E+00 1.4009E+04 3.3900E+005840 3102
 1.4009E+04 3.4683E+00 1.4009E+04 3.5888E+00 1.4009E+04 3.6504E+005840 3102
 1.4010E+04 3.6861E+00 1.4010E+04 3.7107E+00 1.4010E+04 3.7273E+005840 3102
 1.4010E+04 3.7370E+00 1.4010E+04 3.7303E+00 1.4010E+04 3.7159E+005840 3102
 1.4010E+04 3.6779E+00 1.4011E+04 3.6433E+00 1.4011E+04 3.5614E+005840 3102
 1.4011E+04 3.4791E+00 1.4011E+04 3.3637E+00 1.4011E+04 3.2238E+005840 3102
 1.4011E+04 3.1239E+00 1.4012E+04 2.8543E+00 1.4012E+04 2.4950E+005840 3102
 1.4013E+04 2.1236E+00 1.4013E+04 1.8797E+00 1.4013E+04 1.6447E+005840 3102
 1.4013E+04 1.4230E+00 1.4013E+04 1.3181E+00 1.4014E+04 1.2176E+005840 3102
 1.4014E+04 1.1217E+00 1.4014E+04 1.0307E+00 1.4014E+04 9.4462E-015840 3102
 1.4014E+04 8.6353E-01 1.4014E+04 7.8744E-01 1.4014E+04 7.2163E-015840 3102
 1.4014E+04 6.5505E-01 1.4015E+04 5.9327E-01 1.4015E+04 5.3617E-015840 3102
 1.4015E+04 4.8356E-01 1.4015E+04 4.3528E-01 1.4015E+04 3.9110E-015840 3102
 1.4015E+04 3.5083E-01 1.4015E+04 3.1423E-01 1.4016E+04 2.5113E-015840 3102
 1.4016E+04 1.9996E-01 1.4016E+04 1.5894E-01 1.4016E+04 1.2751E-015840 3102
 1.4017E+04 1.0168E-01 1.4017E+04 8.1544E-02 1.4017E+04 6.5940E-025840 3102
 1.4017E+04 5.3908E-02 1.4018E+04 4.4654E-02 1.4018E+04 3.7539E-025840 3102
 1.4018E+04 2.7941E-02 1.4019E+04 2.1919E-02 1.4020E+04 1.8037E-025840 3102
 1.4020E+04 1.5365E-02 1.4021E+04 1.3398E-02 1.4022E+04 1.0632E-025840 3102
 1.4023E+04 8.7437E-03 1.4024E+04 7.3358E-03 1.4025E+04 6.2653E-035840 3102
 1.4027E+04 4.7313E-03 1.4029E+04 3.7031E-03 1.4031E+04 2.9868E-035840 3102
 1.4033E+04 2.4668E-03 1.4035E+04 2.0791E-03 1.4039E+04 1.5401E-035840 3102
 1.4043E+04 1.1881E-03 1.4047E+04 9.4799E-04 1.4052E+04 7.7780E-045840 3102
 1.4056E+04 6.5220E-04 1.4060E+04 5.5863E-04 1.4068E+04 4.2706E-045840 3102
 1.4076E+04 3.4039E-04 1.4085E+04 2.8113E-04 1.4093E+04 2.3924E-045840 3102
 1.4110E+04 1.8445E-04 1.4126E+04 1.5100E-04 1.4143E+04 1.2944E-045840 3102
 1.4176E+04 1.0394E-04 1.4209E+04 8.9898E-05 1.4242E+04 8.1387E-055840 3102
 1.4309E+04 7.1987E-05 1.4408E+04 6.5648E-05 1.4507E+04 6.2828E-055840 3102
 1.4740E+04 6.1062E-05 1.5071E+04 6.3413E-05 1.5270E+04 6.6916E-055840 3102
 1.5469E+04 7.2778E-05 1.5535E+04 7.5622E-05 1.5635E+04 8.1393E-055840 3102
 1.5734E+04 9.0415E-05 1.5784E+04 9.7241E-05 1.5817E+04 1.0329E-045840 3102
 1.5867E+04 1.1607E-04 1.5892E+04 1.2512E-04 1.5917E+04 1.3706E-045840 3102
 1.5933E+04 1.4732E-04 1.5958E+04 1.6798E-04 1.5966E+04 1.7682E-045840 3102
 1.5983E+04 1.9879E-04 1.5991E+04 2.1259E-04 1.6004E+04 2.3799E-045840 3102
 1.6012E+04 2.5933E-04 1.6024E+04 3.0052E-04 1.6028E+04 3.1751E-045840 3102
 1.6037E+04 3.5804E-04 1.6041E+04 3.8237E-04 1.6049E+04 4.4202E-045840 3102
 1.6053E+04 4.7892E-04 1.6057E+04 5.2181E-04 1.6062E+04 5.7219E-045840 3102
 1.6066E+04 6.3195E-04 1.6070E+04 7.0375E-04 1.6074E+04 7.9010E-045840 3102
 1.6078E+04 8.9658E-04 1.6080E+04 9.5939E-04 1.6082E+04 1.0299E-035840 3102
 1.6084E+04 1.1099E-03 1.6086E+04 1.2002E-03 1.6088E+04 1.3032E-035840 3102
 1.6091E+04 1.4214E-03 1.6093E+04 1.5579E-03 1.6095E+04 1.7168E-035840 3102
 1.6097E+04 1.9033E-03 1.6099E+04 2.1249E-03 1.6101E+04 2.3938E-035840 3102
 1.6103E+04 2.7206E-03 1.6107E+04 3.6038E-03 1.6109E+04 4.2205E-035840 3102
 1.6111E+04 5.0188E-03 1.6112E+04 5.5133E-03 1.6113E+04 6.0827E-035840 3102
 1.6114E+04 6.7565E-03 1.6115E+04 7.1381E-03 1.6115E+04 7.5459E-035840 3102
 1.6116E+04 8.0004E-03 1.6117E+04 8.7663E-03 1.6117E+04 9.0471E-035840 3102
 1.6118E+04 9.6524E-03 1.6118E+04 1.0323E-02 1.6119E+04 1.1069E-025840 3102
 1.6119E+04 1.1902E-02 1.6120E+04 1.2817E-02 1.6120E+04 1.3869E-025840 3102
 1.6121E+04 1.5061E-02 1.6121E+04 1.6423E-02 1.6122E+04 1.7955E-025840 3102
 1.6122E+04 1.9761E-02 1.6122E+04 2.0774E-02 1.6123E+04 2.1871E-025840 3102
 1.6123E+04 2.3062E-02 1.6123E+04 2.4358E-02 1.6123E+04 2.5772E-025840 3102
 1.6124E+04 2.7256E-02 1.6124E+04 2.8945E-02 1.6124E+04 3.0802E-025840 3102
 1.6124E+04 3.2847E-02 1.6125E+04 3.5105E-02 1.6125E+04 3.7603E-025840 3102
 1.6125E+04 4.0372E-02 1.6126E+04 4.3447E-02 1.6126E+04 4.6726E-025840 3102
 1.6126E+04 5.0512E-02 1.6126E+04 5.2562E-02 1.6126E+04 5.4725E-025840 3102
 1.6126E+04 5.7007E-02 1.6127E+04 5.9413E-02 1.6127E+04 6.1951E-025840 3102
 1.6127E+04 6.4627E-02 1.6127E+04 6.7446E-02 1.6127E+04 7.0416E-025840 3102
 1.6127E+04 7.3544E-02 1.6127E+04 7.6835E-02 1.6127E+04 8.0296E-025840 3102
 1.6128E+04 8.3933E-02 1.6128E+04 8.7752E-02 1.6128E+04 9.1443E-025840 3102
 1.6128E+04 9.5627E-02 1.6128E+04 1.0001E-01 1.6128E+04 1.0459E-015840 3102
 1.6128E+04 1.0938E-01 1.6128E+04 1.1437E-01 1.6129E+04 1.1958E-015840 3102
 1.6129E+04 1.2499E-01 1.6129E+04 1.3061E-01 1.6129E+04 1.3645E-015840 3102
 1.6129E+04 1.4249E-01 1.6129E+04 1.4873E-01 1.6129E+04 1.5517E-015840 3102
 1.6130E+04 1.6862E-01 1.6130E+04 1.7561E-01 1.6130E+04 1.8949E-015840 3102
 1.6130E+04 1.9691E-01 1.6130E+04 2.1209E-01 1.6131E+04 2.3542E-015840 3102
 1.6131E+04 2.7414E-01 1.6132E+04 2.9605E-01 1.6132E+04 3.1549E-015840 3102
 1.6132E+04 3.2687E-01 1.6133E+04 3.3227E-01 1.6133E+04 3.3690E-015840 3102
 1.6133E+04 3.4349E-01 1.6133E+04 3.4913E-01 1.6133E+04 3.5216E-015840 3102
 1.6134E+04 3.5709E-01 1.6134E+04 3.5890E-01 1.6134E+04 3.6087E-015840 3102
 1.6134E+04 3.6110E-01 1.6134E+04 3.6000E-01 1.6135E+04 3.5691E-015840 3102
 1.6135E+04 3.5454E-01 1.6135E+04 3.4855E-01 1.6135E+04 3.4503E-015840 3102
 1.6135E+04 3.3648E-01 1.6136E+04 3.2639E-01 1.6136E+04 3.2060E-015840 3102
 1.6136E+04 3.0854E-01 1.6136E+04 2.9491E-01 1.6137E+04 2.7175E-015840 3102
 1.6137E+04 2.4679E-01 1.6137E+04 2.2214E-01 1.6138E+04 1.8214E-015840 3102
 1.6138E+04 1.6020E-01 1.6139E+04 1.4009E-01 1.6139E+04 1.2752E-015840 3102
 1.6139E+04 1.2201E-01 1.6140E+04 1.1086E-01 1.6140E+04 1.0564E-015840 3102
 1.6140E+04 9.6257E-02 1.6140E+04 9.1728E-02 1.6140E+04 8.3619E-025840 3102
 1.6141E+04 7.6035E-02 1.6141E+04 6.9463E-02 1.6141E+04 6.3353E-025840 3102
 1.6142E+04 5.8082E-02 1.6142E+04 5.3197E-02 1.6142E+04 4.8990E-025840 3102
 1.6142E+04 4.5093E-02 1.6143E+04 4.1735E-02 1.6143E+04 3.8619E-025840 3102
 1.6143E+04 3.5926E-02 1.6143E+04 3.3418E-02 1.6144E+04 3.1242E-025840 3102
 1.6144E+04 2.9206E-02 1.6144E+04 2.7430E-02 1.6145E+04 2.5816E-025840 3102
 1.6145E+04 2.4346E-02 1.6145E+04 2.2955E-02 1.6145E+04 2.1729E-025840 3102
 1.6146E+04 2.0562E-02 1.6146E+04 1.9528E-02 1.6146E+04 1.8540E-025840 3102
 1.6147E+04 1.6814E-02 1.6147E+04 1.6057E-02 1.6148E+04 1.4671E-025840 3102
 1.6148E+04 1.3464E-02 1.6149E+04 1.2406E-02 1.6149E+04 1.1487E-025840 3102
 1.6150E+04 1.0656E-02 1.6150E+04 9.9148E-03 1.6151E+04 9.2506E-035840 3102
 1.6151E+04 8.6529E-03 1.6152E+04 8.1130E-03 1.6152E+04 7.6235E-035840 3102
 1.6153E+04 7.1784E-03 1.6154E+04 6.7794E-03 1.6154E+04 6.4073E-035840 3102
 1.6155E+04 5.7521E-03 1.6156E+04 5.4628E-03 1.6157E+04 4.9482E-035840 3102
 1.6158E+04 4.5054E-03 1.6159E+04 4.1216E-03 1.6160E+04 3.7865E-035840 3102
 1.6161E+04 3.4921E-03 1.6162E+04 3.2343E-03 1.6163E+04 3.0033E-035840 3102
 1.6165E+04 2.7973E-03 1.6166E+04 2.6129E-03 1.6168E+04 2.2988E-035840 3102
 1.6170E+04 2.0403E-03 1.6171E+04 1.9292E-03 1.6173E+04 1.7330E-035840 3102
 1.6174E+04 1.6470E-03 1.6177E+04 1.4949E-03 1.6178E+04 1.4276E-035840 3102
 1.6180E+04 1.3078E-03 1.6182E+04 1.2038E-03 1.6184E+04 1.1136E-035840 3102
 1.6187E+04 1.0344E-03 1.6189E+04 9.6507E-04 1.6193E+04 8.4904E-045840 3102
 1.6195E+04 8.0048E-04 1.6200E+04 7.1835E-04 1.6206E+04 6.2351E-045840 3102
 1.6211E+04 5.7417E-04 1.6217E+04 5.1584E-04 1.6228E+04 4.4823E-045840 3102
 1.6233E+04 4.2863E-04 1.6241E+04 3.9905E-04 1.6255E+04 3.7323E-045840 3102
 1.6268E+04 3.6472E-04 1.6277E+04 3.6741E-04 1.6290E+04 3.8404E-045840 3102
 1.6303E+04 4.1842E-04 1.6312E+04 4.5392E-04 1.6329E+04 5.6983E-045840 3102
 1.6338E+04 6.6340E-04 1.6351E+04 8.8150E-04 1.6356E+04 9.8899E-045840 3102
 1.6364E+04 1.2916E-03 1.6369E+04 1.5096E-03 1.6373E+04 1.7956E-035840 3102
 1.6378E+04 2.1775E-03 1.6382E+04 2.7108E-03 1.6384E+04 3.0637E-035840 3102
 1.6389E+04 4.0301E-03 1.6391E+04 4.7011E-03 1.6393E+04 5.5651E-035840 3102
 1.6395E+04 6.6937E-03 1.6397E+04 8.2312E-03 1.6398E+04 9.2173E-035840 3102
 1.6400E+04 1.0388E-02 1.6401E+04 1.1822E-02 1.6402E+04 1.3588E-025840 3102
 1.6403E+04 1.5801E-02 1.6403E+04 1.7128E-02 1.6404E+04 1.8610E-025840 3102
 1.6404E+04 2.0341E-02 1.6405E+04 2.2344E-02 1.6406E+04 2.4687E-025840 3102
 1.6406E+04 2.7461E-02 1.6407E+04 3.0794E-02 1.6407E+04 3.4870E-025840 3102
 1.6408E+04 3.9964E-02 1.6408E+04 4.2955E-02 1.6408E+04 4.6350E-025840 3102
 1.6409E+04 5.0383E-02 1.6409E+04 5.4863E-02 1.6409E+04 6.0250E-025840 3102
 1.6409E+04 6.6302E-02 1.6410E+04 7.3648E-02 1.6410E+04 8.1968E-025840 3102
 1.6410E+04 9.2129E-02 1.6411E+04 1.0368E-01 1.6411E+04 1.1781E-015840 3102
 1.6411E+04 1.3385E-01 1.6411E+04 1.4323E-01 1.6411E+04 1.5340E-015840 3102
 1.6411E+04 1.6442E-01 1.6412E+04 1.7546E-01 1.6412E+04 1.8829E-015840 3102
 1.6412E+04 2.0213E-01 1.6412E+04 2.1705E-01 1.6412E+04 2.3191E-015840 3102
 1.6412E+04 2.4907E-01 1.6412E+04 2.6610E-01 1.6413E+04 2.8568E-015840 3102
 1.6413E+04 3.0504E-01 1.6413E+04 3.2721E-01 1.6413E+04 3.5076E-015840 3102
 1.6413E+04 3.7573E-01 1.6413E+04 4.0020E-01 1.6413E+04 4.2793E-015840 3102
 1.6414E+04 4.5709E-01 1.6414E+04 4.8767E-01 1.6414E+04 5.1730E-015840 3102
 1.6414E+04 5.5050E-01 1.6414E+04 6.2068E-01 1.6414E+04 6.5483E-015840 3102
 1.6415E+04 7.3125E-01 1.6415E+04 8.4832E-01 1.6416E+04 1.0081E+005840 3102
 1.6416E+04 1.1223E+00 1.6416E+04 1.2116E+00 1.6417E+04 1.2577E+005840 3102
 1.6417E+04 1.3013E+00 1.6417E+04 1.3256E+00 1.6417E+04 1.3584E+005840 3102
 1.6417E+04 1.3829E+00 1.6418E+04 1.4143E+00 1.6418E+04 1.4254E+005840 3102
 1.6418E+04 1.4276E+00 1.6418E+04 1.4247E+00 1.6418E+04 1.4175E+005840 3102
 1.6419E+04 1.3876E+00 1.6419E+04 1.3506E+00 1.6419E+04 1.3254E+005840 3102
 1.6419E+04 1.2972E+00 1.6419E+04 1.2464E+00 1.6420E+04 1.1768E+005840 3102
 1.6420E+04 1.1004E+00 1.6420E+04 1.0193E+00 1.6421E+04 7.9617E-015840 3102
 1.6421E+04 7.1441E-01 1.6422E+04 6.1279E-01 1.6422E+04 5.6500E-015840 3102
 1.6422E+04 5.1719E-01 1.6422E+04 4.7431E-01 1.6423E+04 4.3194E-015840 3102
 1.6423E+04 3.9439E-01 1.6423E+04 3.5771E-01 1.6423E+04 3.2555E-015840 3102
 1.6423E+04 2.9594E-01 1.6424E+04 2.6881E-01 1.6424E+04 2.4280E-015840 3102
 1.6424E+04 2.2040E-01 1.6424E+04 2.0010E-01 1.6424E+04 1.8177E-015840 3102
 1.6425E+04 1.6444E-01 1.6425E+04 1.4969E-01 1.6425E+04 1.3647E-015840 3102
 1.6425E+04 1.2465E-01 1.6425E+04 1.1355E-01 1.6425E+04 1.0417E-015840 3102
 1.6426E+04 9.5385E-02 1.6426E+04 8.7959E-02 1.6426E+04 8.1001E-025840 3102
 1.6426E+04 7.5114E-02 1.6426E+04 6.9849E-02 1.6427E+04 6.5132E-025840 3102
 1.6427E+04 5.6902E-02 1.6427E+04 5.0401E-02 1.6428E+04 4.4930E-025840 3102
 1.6428E+04 4.0506E-02 1.6429E+04 3.6691E-02 1.6429E+04 3.3454E-025840 3102
 1.6429E+04 3.0674E-02 1.6430E+04 2.8321E-02 1.6430E+04 2.6203E-025840 3102
 1.6430E+04 2.4379E-02 1.6431E+04 2.1260E-02 1.6432E+04 1.8706E-025840 3102
 1.6433E+04 1.6632E-02 1.6434E+04 1.4898E-02 1.6434E+04 1.3432E-025840 3102
 1.6435E+04 1.2164E-02 1.6436E+04 1.1087E-02 1.6437E+04 9.3328E-035840 3102
 1.6439E+04 7.9650E-03 1.6441E+04 6.8888E-03 1.6442E+04 6.0210E-035840 3102
 1.6444E+04 5.3110E-03 1.6447E+04 4.2275E-03 1.6448E+04 3.8094E-035840 3102
 1.6453E+04 2.8836E-03 1.6459E+04 2.1035E-03 1.6462E+04 1.8312E-035840 3102
 1.6468E+04 1.4342E-03 1.6474E+04 1.1608E-03 1.6481E+04 9.6176E-045840 3102
 1.6487E+04 8.1434E-04 1.6493E+04 7.0223E-04 1.6505E+04 5.4606E-045840 3102
 1.6518E+04 4.4437E-04 1.6530E+04 3.7360E-04 1.6542E+04 3.2300E-045840 3102
 1.6567E+04 2.5707E-04 1.6579E+04 2.3493E-04 1.6617E+04 1.9204E-045840 3102
 1.6641E+04 1.7471E-04 1.6691E+04 1.5398E-04 1.6765E+04 1.4004E-045840 3102
 1.6864E+04 1.3508E-04 1.6987E+04 1.3913E-04 1.7111E+04 1.5060E-045840 3102
 1.7185E+04 1.6108E-04 1.7234E+04 1.6990E-04 1.7259E+04 1.7497E-045840 3102
 1.7308E+04 1.8668E-04 1.7333E+04 1.9346E-04 1.7382E+04 2.0928E-045840 3102
 1.7407E+04 2.1855E-04 1.7432E+04 2.2894E-04 1.7456E+04 2.4061E-045840 3102
 1.7481E+04 2.5381E-04 1.7506E+04 2.6879E-04 1.7543E+04 2.9546E-045840 3102
 1.7580E+04 3.2870E-04 1.7642E+04 4.0553E-04 1.7654E+04 4.2544E-045840 3102
 1.7666E+04 4.4736E-04 1.7679E+04 4.7153E-04 1.7691E+04 4.9832E-045840 3102
 1.7704E+04 5.2803E-04 1.7710E+04 5.4414E-04 1.7716E+04 5.6124E-045840 3102
 1.7722E+04 5.7936E-04 1.7728E+04 5.9854E-04 1.7734E+04 6.1893E-045840 3102
 1.7741E+04 6.4057E-04 1.7747E+04 6.6363E-04 1.7753E+04 6.8818E-045840 3102
 1.7759E+04 7.1442E-04 1.7765E+04 7.4246E-04 1.7771E+04 7.7248E-045840 3102
 1.7778E+04 8.0463E-04 1.7784E+04 8.3920E-04 1.7790E+04 8.7635E-045840 3102
 1.7796E+04 9.1645E-04 1.7802E+04 9.5957E-04 1.7805E+04 9.8244E-045840 3102
 1.7809E+04 1.0063E-03 1.7812E+04 1.0312E-03 1.7815E+04 1.0571E-035840 3102
 1.7818E+04 1.0842E-03 1.7821E+04 1.1124E-03 1.7824E+04 1.1418E-035840 3102
 1.7827E+04 1.1725E-03 1.7830E+04 1.2046E-03 1.7833E+04 1.2382E-035840 3102
 1.7836E+04 1.2734E-03 1.7839E+04 1.3101E-03 1.7843E+04 1.3487E-035840 3102
 1.7846E+04 1.3891E-03 1.7849E+04 1.4316E-03 1.7852E+04 1.4761E-035840 3102
 1.7855E+04 1.5230E-03 1.7858E+04 1.5723E-03 1.7861E+04 1.6243E-035840 3102
 1.7864E+04 1.6790E-03 1.7867E+04 1.7368E-03 1.7870E+04 1.7978E-035840 3102
 1.7873E+04 1.8622E-03 1.7876E+04 1.9302E-03 1.7880E+04 2.0023E-035840 3102
 1.7883E+04 2.0789E-03 1.7886E+04 2.1601E-03 1.7889E+04 2.2461E-035840 3102
 1.7892E+04 2.3379E-03 1.7895E+04 2.4357E-03 1.7898E+04 2.5399E-035840 3102
 1.7901E+04 2.6506E-03 1.7903E+04 2.7092E-03 1.7904E+04 2.7694E-035840 3102
 1.7906E+04 2.8322E-03 1.7907E+04 2.8968E-03 1.7909E+04 2.9641E-035840 3102
 1.7910E+04 3.0334E-03 1.7912E+04 3.1057E-03 1.7914E+04 3.1801E-035840 3102
 1.7915E+04 3.2578E-03 1.7917E+04 3.3380E-03 1.7918E+04 3.4217E-035840 3102
 1.7920E+04 3.5080E-03 1.7921E+04 3.5983E-03 1.7923E+04 3.6916E-035840 3102
 1.7924E+04 3.7886E-03 1.7926E+04 3.8894E-03 1.7927E+04 3.9951E-035840 3102
 1.7929E+04 4.1044E-03 1.7931E+04 4.2190E-03 1.7932E+04 4.3377E-035840 3102
 1.7934E+04 4.4623E-03 1.7935E+04 4.5915E-03 1.7937E+04 4.7263E-035840 3102
 1.7938E+04 4.8671E-03 1.7940E+04 5.0151E-03 1.7941E+04 5.1690E-035840 3102
 1.7943E+04 5.3310E-03 1.7944E+04 5.4994E-03 1.7946E+04 5.6770E-035840 3102
 1.7948E+04 5.8620E-03 1.7949E+04 6.0559E-03 1.7951E+04 6.2593E-035840 3102
 1.7952E+04 6.4743E-03 1.7954E+04 6.6986E-03 1.7955E+04 6.9360E-035840 3102
 1.7957E+04 7.1841E-03 1.7958E+04 7.4470E-03 1.7960E+04 7.7221E-035840 3102
 1.7961E+04 8.0119E-03 1.7963E+04 8.3175E-03 1.7964E+04 8.6421E-035840 3102
 1.7966E+04 8.9827E-03 1.7968E+04 9.3449E-03 1.7969E+04 9.7254E-035840 3102
 1.7971E+04 1.0131E-02 1.7972E+04 1.0557E-02 1.7974E+04 1.1008E-025840 3102
 1.7975E+04 1.1486E-02 1.7977E+04 1.1996E-02 1.7978E+04 1.2534E-025840 3102
 1.7980E+04 1.3109E-02 1.7981E+04 1.3715E-02 1.7983E+04 1.4363E-025840 3102
 1.7985E+04 1.5046E-02 1.7986E+04 1.5773E-02 1.7988E+04 1.6544E-025840 3102
 1.7989E+04 1.7369E-02 1.7991E+04 1.8239E-02 1.7992E+04 1.9168E-025840 3102
 1.7994E+04 2.0147E-02 1.7995E+04 2.1191E-02 1.7997E+04 2.2289E-025840 3102
 1.7998E+04 2.3449E-02 1.8000E+04 2.4671E-02 1.8002E+04 2.6248E-025840 3102
 1.8004E+04 2.7916E-02 1.8006E+04 2.9668E-02 1.8008E+04 3.1487E-025840 3102
 1.8009E+04 3.3374E-02 1.8011E+04 3.5292E-02 1.8019E+04 4.2801E-025840 3102
 1.8021E+04 4.4423E-02 1.8022E+04 4.5831E-02 1.8024E+04 4.6992E-025840 3102
 1.8026E+04 4.7850E-02 1.8028E+04 4.8379E-02 1.8030E+04 4.8552E-025840 3102
 1.8032E+04 4.8363E-02 1.8034E+04 4.7817E-02 1.8036E+04 4.6939E-025840 3102
 1.8038E+04 4.5771E-02 1.8039E+04 4.4344E-02 1.8041E+04 4.2725E-025840 3102
 1.8043E+04 4.0946E-02 1.8045E+04 3.9077E-02 1.8049E+04 3.5208E-025840 3102
 1.8053E+04 3.1397E-02 1.8054E+04 2.9567E-02 1.8058E+04 2.6160E-025840 3102
 1.8060E+04 2.4595E-02 1.8062E+04 2.3100E-02 1.8064E+04 2.1706E-025840 3102
 1.8066E+04 2.0398E-02 1.8068E+04 1.9185E-02 1.8069E+04 1.8050E-025840 3102
 1.8071E+04 1.7001E-02 1.8073E+04 1.6022E-02 1.8075E+04 1.5118E-025840 3102
 1.8077E+04 1.4273E-02 1.8079E+04 1.3494E-02 1.8081E+04 1.2766E-025840 3102
 1.8083E+04 1.2092E-02 1.8085E+04 1.1463E-02 1.8087E+04 1.0881E-025840 3102
 1.8088E+04 1.0335E-02 1.8090E+04 9.8298E-03 1.8092E+04 9.3557E-035840 3102
 1.8094E+04 8.9152E-03 1.8096E+04 8.5014E-03 1.8098E+04 8.1163E-035840 3102
 1.8100E+04 7.7537E-03 1.8104E+04 7.0968E-03 1.8105E+04 6.7989E-035840 3102
 1.8109E+04 6.2538E-03 1.8111E+04 6.0043E-03 1.8115E+04 5.5484E-035840 3102
 1.8117E+04 5.3400E-03 1.8121E+04 4.9573E-03 1.8124E+04 4.6133E-035840 3102
 1.8128E+04 4.3030E-03 1.8132E+04 4.0230E-03 1.8136E+04 3.7696E-035840 3102
 1.8140E+04 3.5397E-03 1.8143E+04 3.3305E-03 1.8147E+04 3.1396E-035840 3102
 1.8151E+04 2.9656E-03 1.8155E+04 2.8056E-03 1.8159E+04 2.6586E-035840 3102
 1.8162E+04 2.5233E-03 1.8166E+04 2.3985E-03 1.8170E+04 2.2832E-035840 3102
 1.8174E+04 2.1763E-03 1.8177E+04 2.0772E-03 1.8181E+04 1.9854E-035840 3102
 1.8185E+04 1.8997E-03 1.8193E+04 1.7452E-03 1.8196E+04 1.6754E-035840 3102
 1.8204E+04 1.5489E-03 1.8212E+04 1.4374E-03 1.8215E+04 1.3866E-035840 3102
 1.8219E+04 1.3390E-03 1.8227E+04 1.2515E-03 1.8234E+04 1.1730E-035840 3102
 1.8242E+04 1.1028E-03 1.8249E+04 1.0395E-03 1.8257E+04 9.8238E-045840 3102
 1.8265E+04 9.3066E-04 1.8272E+04 8.8375E-04 1.8280E+04 8.4097E-045840 3102
 1.8287E+04 8.0191E-04 1.8295E+04 7.6616E-04 1.8310E+04 7.0325E-045840 3102
 1.8318E+04 6.7547E-04 1.8333E+04 6.2612E-04 1.8340E+04 6.0416E-045840 3102
 1.8356E+04 5.6485E-04 1.8371E+04 5.3083E-04 1.8378E+04 5.1558E-045840 3102
 1.8393E+04 4.8795E-04 1.8409E+04 4.6365E-04 1.8424E+04 4.4227E-045840 3102
 1.8439E+04 4.2337E-04 1.8454E+04 4.0663E-04 1.8469E+04 3.9174E-045840 3102
 1.8484E+04 3.7849E-04 1.8500E+04 3.6666E-04 1.8530E+04 3.4660E-045840 3102
 1.8545E+04 3.3810E-04 1.8575E+04 3.2365E-04 1.8606E+04 3.1201E-045840 3102
 1.8636E+04 3.0263E-04 1.8666E+04 2.9515E-04 1.8697E+04 2.8924E-045840 3102
 1.8727E+04 2.8467E-04 1.8757E+04 2.8123E-04 1.8788E+04 2.7878E-045840 3102
 1.8818E+04 2.7719E-04 1.8848E+04 2.7636E-04 1.8909E+04 2.7668E-045840 3102
 1.8969E+04 2.7924E-04 1.9030E+04 2.8370E-04 1.9091E+04 2.8987E-045840 3102
 1.9151E+04 2.9761E-04 1.9212E+04 3.0686E-04 1.9272E+04 3.1760E-045840 3102
 1.9333E+04 3.2983E-04 1.9394E+04 3.4360E-04 1.9454E+04 3.5900E-045840 3102
 1.9576E+04 3.9514E-04 1.9636E+04 4.1620E-04 1.9697E+04 4.3954E-045840 3102
 1.9758E+04 4.6539E-04 1.9818E+04 4.9407E-04 1.9879E+04 5.2595E-045840 3102
 1.9939E+04 5.6143E-04 1.9970E+04 5.8068E-04 1.9973E+04 5.8629E-045840 3102
 1.9977E+04 5.8888E-04 1.9985E+04 5.9082E-04 1.9989E+04 5.9201E-045840 3102
 1.9991E+04 5.9891E-04 1.9991E+04 6.1591E-04 1.9992E+04 6.6438E-045840 3102
 1.9993E+04 7.1423E-04 1.9993E+04 7.9077E-04 1.9994E+04 9.0983E-045840 3102
 1.9994E+04 1.0821E-03 1.9995E+04 1.3343E-03 1.9995E+04 1.6781E-035840 3102
 1.9996E+04 2.1408E-03 1.9996E+04 2.7456E-03 1.9997E+04 3.5314E-035840 3102
 1.9997E+04 4.4809E-03 1.9998E+04 5.6161E-03 1.9998E+04 6.9336E-035840 3102
 1.9999E+04 8.4515E-03 1.9999E+04 1.0078E-02 2.0000E+04 1.1805E-025840 3102
 2.0000E+04 6.0101E-04 2.0000E+04 2.6645E-02 2.1930E+04 2.5495E-025840 3102
 2.4000E+04 2.4416E-02 2.5403E+04 2.3819E-02 2.6872E+04 2.3242E-025840 3102
 3.0000E+04 2.2152E-02 3.2090E+04 2.1612E-02 3.4293E+04 2.1093E-025840 3102
 3.6605E+04 2.0595E-02 3.9037E+04 2.0116E-02 4.4262E+04 1.9212E-025840 3102
 5.0000E+04 1.8373E-02 5.4537E+04 1.7687E-02 5.9374E+04 1.7041E-025840 3102
 6.4509E+04 1.6433E-02 7.0000E+04 1.5856E-02 7.6775E+04 1.5177E-025840 3102
 8.4020E+04 1.4543E-02 9.1723E+04 1.3951E-02 1.0000E+05 1.3392E-025840 3102
 1.0695E+05 1.2997E-02 1.1429E+05 1.2618E-02 1.2194E+05 1.2259E-025840 3102
 1.3000E+05 1.1914E-02 1.4438E+05 1.1451E-02 1.6000E+05 1.1016E-025840 3102
 1.7914E+05 1.0640E-02 2.0000E+05 1.0285E-02 2.1933E+05 1.0092E-025840 3102
 2.4000E+05 9.9070E-03 3.0000E+05 9.7439E-03 3.7000E+05 9.9760E-035840 3102
 4.5000E+05 1.0539E-02 5.0000E+05 1.1010E-02 5.5000E+05 1.1454E-025840 3102
 6.2229E+05 1.2314E-02 7.0000E+05 1.3193E-02 8.5000E+05 1.5268E-025840 3102
 1.0000E+06 1.7623E-02 1.1438E+06 2.0192E-02 1.3000E+06 2.2986E-025840 3102
 1.5000E+06 2.7414E-02 1.6000E+06 2.9681E-02 1.6075E+06 2.9487E-025840 3102
 1.6075E+06 2.9487E-02 1.6109E+06 2.9400E-02 1.6143E+06 2.9314E-025840 3102
 1.6177E+06 2.9227E-02 1.6211E+06 2.9141E-02 1.6280E+06 2.8970E-025840 3102
 1.6348E+06 2.8800E-02 1.6418E+06 2.8630E-02 1.6487E+06 2.8462E-025840 3102
 1.6626E+06 2.8128E-02 1.6767E+06 2.7799E-02 1.6909E+06 2.7473E-025840 3102
 1.7197E+06 2.6832E-02 1.7833E+06 2.5503E-02 1.8302E+06 2.4593E-025840 3102
 1.8786E+06 2.3712E-02 1.9157E+06 2.3072E-02 1.9157E+06 2.3072E-025840 3102
 2.0000E+06 2.1723E-02 2.0482E+06 2.0634E-02 2.0980E+06 1.9591E-025840 3102
 2.0980E+06 1.9591E-02 2.1151E+06 1.9250E-02 2.1151E+06 1.9249E-025840 3102
 2.1751E+06 1.8121E-02 2.2375E+06 1.7049E-02 2.3009E+06 1.6050E-025840 3102
 2.3669E+06 1.5099E-02 2.3669E+06 1.5098E-02 2.4000E+06 1.4653E-025840 3102
 2.4294E+06 1.4366E-02 2.5000E+06 1.3714E-02 2.5392E+06 1.3372E-025840 3102
 2.6002E+06 1.2867E-02 2.6630E+06 1.2379E-02 2.6631E+06 1.2379E-025840 3102
 2.6721E+06 1.2310E-02 2.6721E+06 1.2310E-02 2.7503E+06 1.1747E-025840 3102
 2.8312E+06 1.1208E-02 2.9134E+06 1.0699E-02 2.9985E+06 1.0211E-025840 3102
 2.9989E+06 1.0209E-02 3.0000E+06 1.0203E-02 3.0582E+06 9.7756E-035840 3102
 3.1180E+06 9.3629E-03 3.1784E+06 8.9710E-03 3.2405E+06 8.5925E-035840 3102
 3.3033E+06 8.2329E-03 3.3678E+06 7.8858E-03 3.4330E+06 7.5560E-035840 3102
 3.5000E+06 7.2376E-03 3.6186E+06 6.7197E-03 3.6793E+06 6.4754E-035840 3102
 3.7414E+06 6.2384E-03 3.8042E+06 6.0113E-03 3.8685E+06 5.7910E-035840 3102
 3.9335E+06 5.5800E-03 4.0000E+06 5.3753E-03 4.1190E+06 5.0354E-035840 3102
 4.2420E+06 4.7161E-03 4.3689E+06 4.4163E-03 4.5000E+06 4.1348E-035840 3102
 4.6193E+06 3.9007E-03 4.7423E+06 3.6789E-03 4.8692E+06 3.4688E-035840 3102
 5.0000E+06 3.2698E-03 5.1192E+06 3.1239E-03 5.2422E+06 2.9834E-035840 3102
 5.3691E+06 2.8483E-03 5.5000E+06 2.7184E-03 5.6091E+06 2.6169E-035840 3102
 5.7211E+06 2.5185E-03 5.8361E+06 2.4233E-03 5.9541E+06 2.3311E-035840 3102
 5.9548E+06 2.3305E-03 6.0000E+06 2.2966E-03 6.1201E+06 2.2101E-035840 3102
 6.2434E+06 2.1263E-03 6.3700E+06 2.0452E-03 6.5000E+06 1.9667E-035840 3102
 6.7128E+06 1.8477E-03 6.7137E+06 1.8472E-03 6.8544E+06 1.7744E-035840 3102
 7.0000E+06 1.7036E-03 7.2471E+06 1.6956E-03 7.5000E+06 1.6877E-035840 3102
 7.7473E+06 1.6803E-03 8.0000E+06 1.6730E-03 8.2435E+06 1.6662E-035840 3102
 8.4919E+06 1.6595E-03 8.4930E+06 1.6594E-03 8.5000E+06 1.6592E-035840 3102
 8.7476E+06 1.6528E-03 9.0000E+06 1.6464E-03 9.2477E+06 1.6403E-035840 3102
 9.5000E+06 1.6344E-03 9.7275E+06 1.6291E-03 9.7287E+06 1.6291E-035840 3102
 1.0000E+07 1.6230E-03 1.0248E+07 1.6523E-03 1.0500E+07 1.6819E-035840 3102
 1.0748E+07 1.7109E-03 1.1000E+07 1.7401E-03 1.1248E+07 1.7687E-035840 3102
 1.1500E+07 1.7976E-03 1.1748E+07 1.8259E-03 1.2000E+07 1.8544E-035840 3102
 1.2248E+07 1.8905E-03 1.2500E+07 1.9271E-03 1.2748E+07 1.9631E-035840 3102
 1.3000E+07 1.9996E-03 1.3248E+07 2.0356E-03 1.3500E+07 2.0720E-035840 3102
 1.3748E+07 2.1079E-03 1.4000E+07 2.1442E-03 1.4249E+07 2.1800E-035840 3102
 1.4500E+07 2.2162E-03 1.4749E+07 2.2520E-03 1.5000E+07 2.2881E-035840 3102
 1.5249E+07 2.3238E-03 1.5500E+07 2.3599E-03 1.5749E+07 2.3955E-035840 3102
 1.6000E+07 2.4315E-03 1.6249E+07 2.4671E-03 1.6500E+07 2.5030E-035840 3102
 1.6749E+07 2.5385E-03 1.7000E+07 2.5744E-03 1.7249E+07 2.6098E-035840 3102
 1.7500E+07 2.6456E-03 1.7749E+07 2.6810E-03 1.8000E+07 2.7168E-035840 3102
 1.8249E+07 2.7521E-03 1.8500E+07 2.7878E-03 1.8749E+07 2.8231E-035840 3102
 1.9000E+07 2.8587E-03 1.9249E+07 2.8940E-03 1.9500E+07 2.9295E-035840 3102
 1.9749E+07 2.9647E-03 2.0000E+07 3.0002E-03                      5840 3102
                                                                  5840 3  0
