CL- 35N,G    1.0000+00* SIGECN-MASGAM                             1735 3102
                                                                  1735 3102
 1.70350+04 3.4668E+01          0         99          0          01735 3102
 3.0000E+02 8.5799E+06          0          0          1       16881735 3102
       1688          5                                            1735 3102
 1.0000E-05 2.1951E+03 1.2965E-05 1.9278E+03 1.4448E-05 1.8262E+031735 3102
 1.5931E-05 1.7392E+03 1.8896E-05 1.5969E+03 2.1861E-05 1.4847E+031735 3102
 2.7792E-05 1.3167E+03 3.3723E-05 1.1954E+03 3.9653E-05 1.1023E+031735 3102
 4.5584E-05 1.0282E+03 5.1515E-05 9.6715E+02 5.7445E-05 9.1587E+021735 3102
 6.9307E-05 8.3382E+02 8.1168E-05 7.7049E+02 9.3029E-05 7.1970E+021735 3102
 1.0489E-04 6.7779E+02 1.2861E-04 6.1209E+02 1.5234E-04 5.6242E+021735 3102
 1.7606E-04 5.2316E+02 1.9978E-04 4.9111E+02 2.4723E-04 4.4148E+021735 3102
 2.9467E-04 4.0438E+02 3.4212E-04 3.7529E+02 3.8956E-04 3.5170E+021735 3102
 4.8445E-04 3.1538E+02 5.7934E-04 2.8840E+02 6.7423E-04 2.6733E+021735 3102
 7.6912E-04 2.5030E+02 9.5891E-04 2.2416E+02 1.1487E-03 2.0481E+021735 3102
 1.3385E-03 1.8974E+02 1.5283E-03 1.7756E+02 1.9078E-03 1.5892E+021735 3102
 2.2874E-03 1.4514E+02 2.6669E-03 1.3441E+02 3.0465E-03 1.2576E+021735 3102
 3.8056E-03 1.1252E+02 4.5648E-03 1.0274E+02 5.3239E-03 9.5131E+011735 3102
 6.0830E-03 8.8996E+01 7.6013E-03 7.9613E+01 9.1195E-03 7.2683E+011735 3102
 1.0638E-02 6.7295E+01 1.2156E-02 6.2952E+01 1.5192E-02 5.6308E+011735 3102
 1.8229E-02 5.1403E+01 2.1266E-02 4.7591E+01 2.4302E-02 4.4517E+011735 3102
 2.5300E-02 4.3629E+01 3.0375E-02 3.9816E+01 3.6448E-02 3.6345E+011735 3102
 4.2521E-02 3.3648E+01 4.8594E-02 3.1473E+01 6.0740E-02 2.8147E+011735 3102
 7.2886E-02 2.5691E+01 8.5032E-02 2.3783E+01 9.7178E-02 2.2244E+011735 3102
 1.2147E-01 1.9890E+01 1.4576E-01 1.8152E+01 1.7005E-01 1.6801E+011735 3102
 1.9435E-01 1.5712E+01 2.4293E-01 1.4046E+01 2.9151E-01 1.2815E+011735 3102
 3.4010E-01 1.1858E+01 3.8868E-01 1.1086E+01 4.8585E-01 9.9053E+001735 3102
 5.8302E-01 9.0325E+00 6.8019E-01 8.3535E+00 7.7735E-01 7.8056E+001735 3102
 9.7169E-01 6.9665E+00 1.1660E+00 6.3459E+00 1.3604E+00 5.8626E+001735 3102
 1.5547E+00 5.4722E+00 1.9434E+00 4.8736E+00 2.3320E+00 4.4300E+001735 3102
 2.7207E+00 4.0839E+00 3.1094E+00 3.8040E+00 3.8867E+00 3.3736E+001735 3102
 4.6641E+00 3.0538E+00 5.4414E+00 2.8036E+00 6.2188E+00 2.6007E+001735 3102
 7.7734E+00 2.2878E+00 9.3281E+00 2.0542E+00 1.0883E+01 1.8710E+001735 3102
 1.2438E+01 1.7220E+00 1.5547E+01 1.4916E+00 1.7102E+01 1.3998E+001735 3102
 1.8656E+01 1.3193E+00 2.1766E+01 1.1841E+00 2.4875E+01 1.0743E+001735 3102
 2.7984E+01 9.8276E-01 3.1094E+01 9.0507E-01 3.4203E+01 8.3808E-011735 3102
 3.7313E+01 7.7961E-01 4.3531E+01 6.8218E-01 4.9750E+01 6.0406E-011735 3102
 5.5969E+01 5.3990E-01 6.2188E+01 4.8625E-01 6.8406E+01 4.4071E-011735 3102
 7.4625E+01 4.0161E-01 8.7063E+01 3.3803E-01 9.3281E+01 3.1190E-011735 3102
 9.9500E+01 2.8873E-01 1.1194E+02 2.4957E-01 1.2438E+02 2.1786E-011735 3102
 1.3681E+02 1.9180E-01 1.4925E+02 1.7009E-01 1.6169E+02 1.5182E-011735 3102
 1.7413E+02 1.3629E-01 1.8656E+02 1.2299E-01 1.9900E+02 1.1151E-011735 3102
 2.1144E+02 1.0156E-01 2.2388E+02 9.2880E-02 2.3631E+02 8.5284E-021735 3102
 2.4875E+02 7.8620E-02 2.7363E+02 6.7654E-02 2.8606E+02 6.3211E-021735 3102
 2.9850E+02 5.9429E-02 3.1094E+02 5.6347E-02 3.2338E+02 5.4111E-021735 3102
 3.2959E+02 5.3412E-02 3.3581E+02 5.3095E-02 3.4203E+02 5.3301E-021735 3102
 3.4825E+02 5.4265E-02 3.5447E+02 5.6407E-02 3.6069E+02 6.0531E-021735 3102
 3.6380E+02 6.3803E-02 3.6691E+02 6.8327E-02 3.7002E+02 7.4687E-021735 3102
 3.7313E+02 8.3852E-02 3.7468E+02 8.9975E-02 3.7623E+02 9.7532E-021735 3102
 3.7779E+02 1.0698E-01 3.7934E+02 1.1898E-01 3.8090E+02 1.3449E-011735 3102
 3.8245E+02 1.5500E-01 3.8323E+02 1.6780E-01 3.8401E+02 1.8283E-011735 3102
 3.8478E+02 2.0063E-01 3.8556E+02 2.2190E-01 3.8634E+02 2.4760E-011735 3102
 3.8712E+02 2.7905E-01 3.8790E+02 3.1808E-01 3.8867E+02 3.6731E-011735 3102
 3.8906E+02 3.9690E-01 3.8945E+02 4.3062E-01 3.8984E+02 4.6930E-011735 3102
 3.9023E+02 5.1393E-01 3.9061E+02 5.6580E-01 3.9100E+02 6.2656E-011735 3102
 3.9139E+02 6.9837E-01 3.9178E+02 7.8406E-01 3.9217E+02 8.8746E-011735 3102
 3.9256E+02 1.0138E+00 3.9295E+02 1.1703E+00 3.9334E+02 1.3674E+001735 3102
 3.9353E+02 1.4858E+00 3.9373E+02 1.6206E+00 3.9392E+02 1.7750E+001735 3102
 3.9411E+02 1.9531E+00 3.9431E+02 2.1599E+00 3.9450E+02 2.4018E+001735 3102
 3.9470E+02 2.6874E+00 3.9489E+02 3.0278E+00 3.9508E+02 3.4378E+001735 3102
 3.9528E+02 3.9378E+00 3.9547E+02 4.5561E+00 3.9567E+02 5.3329E+001735 3102
 3.9576E+02 5.7982E+00 3.9586E+02 6.3271E+00 3.9596E+02 6.9319E+001735 3102
 3.9606E+02 7.6275E+00 3.9615E+02 8.4331E+00 3.9625E+02 9.3728E+001735 3102
 3.9635E+02 1.0478E+01 3.9644E+02 1.1789E+01 3.9654E+02 1.3361E+011735 3102
 3.9664E+02 1.5266E+01 3.9674E+02 1.7604E+01 3.9683E+02 2.0514E+011735 3102
 3.9688E+02 2.2242E+01 3.9693E+02 2.4195E+01 3.9698E+02 2.6410E+011735 3102
 3.9703E+02 2.8936E+01 3.9708E+02 3.1833E+01 3.9713E+02 3.5175E+011735 3102
 3.9717E+02 3.9053E+01 3.9722E+02 4.3584E+01 3.9727E+02 4.8916E+011735 3102
 3.9732E+02 5.5239E+01 3.9737E+02 6.2796E+01 3.9742E+02 7.1904E+011735 3102
 3.9747E+02 8.2978E+01 3.9751E+02 9.6556E+01 3.9756E+02 1.1334E+021735 3102
 3.9761E+02 1.3420E+02 3.9764E+02 1.4650E+02 3.9766E+02 1.6023E+021735 3102
 3.9768E+02 1.7556E+02 3.9771E+02 1.9261E+02 3.9776E+02 2.3234E+021735 3102
 3.9781E+02 2.7950E+02 3.9785E+02 3.3190E+02 3.9790E+02 3.8321E+021735 3102
 3.9793E+02 4.0513E+02 3.9795E+02 4.2239E+02 3.9798E+02 4.3348E+021735 3102
 3.9800E+02 4.3730E+02 3.9817E+02 3.0393E+02 3.9834E+02 1.5874E+021735 3102
 3.9843E+02 1.1688E+02 3.9851E+02 8.8399E+01 3.9860E+02 6.8639E+011735 3102
 3.9869E+02 5.4570E+01 3.9886E+02 3.6584E+01 3.9894E+02 3.0688E+011735 3102
 3.9903E+02 2.6086E+01 3.9920E+02 1.9486E+01 3.9937E+02 1.5087E+011735 3102
 3.9971E+02 9.7924E+00 3.9989E+02 8.1317E+00 4.0006E+02 6.8599E+001735 3102
 4.0040E+02 5.0717E+00 4.0074E+02 3.9029E+00 4.0143E+02 2.5198E+001735 3102
 4.0177E+02 2.0910E+00 4.0211E+02 1.7643E+00 4.0280E+02 1.3073E+001735 3102
 4.0348E+02 1.0101E+00 4.0485E+02 6.5964E-01 4.0554E+02 5.5130E-011735 3102
 4.0623E+02 4.6880E-01 4.0760E+02 3.5346E-01 4.0897E+02 2.7843E-011735 3102
 4.1171E+02 1.8990E-01 4.1308E+02 1.6247E-01 4.1445E+02 1.4154E-011735 3102
 4.1719E+02 1.1217E-01 4.1994E+02 9.2948E-02 4.2542E+02 6.9990E-021735 3102
 4.3091E+02 5.7162E-02 4.3639E+02 4.9142E-02 4.4188E+02 4.3700E-021735 3102
 4.6381E+02 3.2507E-02 4.8575E+02 2.7242E-02 5.2963E+02 2.1377E-021735 3102
 5.7350E+02 1.7704E-02 6.6125E+02 1.2925E-02 7.4900E+02 9.8709E-031735 3102
 8.3675E+02 7.7653E-03 9.2450E+02 6.2512E-03 9.6838E+02 5.6520E-031735 3102
 1.0123E+03 5.1407E-03 1.0342E+03 4.9222E-03 1.0561E+03 4.7518E-031735 3102
 1.0671E+03 4.7175E-03 1.0781E+03 4.8177E-03 1.0836E+03 5.0504E-031735 3102
 1.0890E+03 5.8072E-03 1.0904E+03 6.2386E-03 1.0918E+03 6.9092E-031735 3102
 1.0931E+03 8.0282E-03 1.0945E+03 1.0095E-02 1.0952E+03 1.1853E-021735 3102
 1.0959E+03 1.4558E-02 1.0962E+03 1.6494E-02 1.0966E+03 1.9035E-021735 3102
 1.0969E+03 2.2461E-02 1.0973E+03 2.7233E-02 1.0976E+03 3.4158E-021735 3102
 1.0979E+03 4.4743E-02 1.0981E+03 5.2266E-02 1.0983E+03 6.2079E-021735 3102
 1.0985E+03 7.5203E-02 1.0986E+03 9.3288E-02 1.0988E+03 1.1913E-011735 3102
 1.0990E+03 1.5776E-01 1.0991E+03 1.8459E-01 1.0991E+03 2.1882E-011735 3102
 1.0992E+03 2.6333E-01 1.0993E+03 3.2237E-01 1.0994E+03 4.0245E-011735 3102
 1.0995E+03 5.1357E-01 1.0996E+03 6.7102E-01 1.0997E+03 8.9679E-011735 3102
 1.0998E+03 1.6315E+00 1.1000E+03 2.2469E+00 1.1002E+03 1.5238E+001735 3102
 1.1004E+03 7.7668E-01 1.1005E+03 5.6857E-01 1.1006E+03 4.2877E-011735 3102
 1.1007E+03 3.3263E-01 1.1008E+03 2.6459E-01 1.1010E+03 1.7812E-011735 3102
 1.1011E+03 1.4990E-01 1.1012E+03 1.2791E-01 1.1013E+03 9.6442E-021735 3102
 1.1015E+03 7.5513E-02 1.1019E+03 5.0373E-02 1.1021E+03 4.2499E-021735 3102
 1.1023E+03 3.6471E-02 1.1027E+03 2.8003E-02 1.1031E+03 2.2471E-021735 3102
 1.1038E+03 1.5929E-02 1.1042E+03 1.3901E-02 1.1046E+03 1.2356E-021735 3102
 1.1054E+03 1.0194E-02 1.1062E+03 8.7870E-03 1.1077E+03 7.1248E-031735 3102
 1.1092E+03 6.2153E-03 1.1108E+03 5.6617E-03 1.1123E+03 5.2979E-031735 3102
 1.1184E+03 4.6105E-03 1.1246E+03 4.3382E-03 1.1369E+03 4.0826E-031735 3102
 1.1492E+03 3.9336E-03 1.1738E+03 3.7161E-03 1.1984E+03 3.5357E-031735 3102
 1.2476E+03 3.2232E-03 1.2968E+03 2.9527E-03 1.3952E+03 2.5028E-031735 3102
 1.4936E+03 2.1450E-03 1.6904E+03 1.6191E-03 1.8873E+03 1.2594E-031735 3102
 2.2809E+03 8.1730E-04 2.4777E+03 6.7734E-04 2.6745E+03 5.7050E-041735 3102
 3.0681E+03 4.2402E-04 3.4618E+03 3.4228E-04 3.6586E+03 3.2999E-041735 3102
 3.8554E+03 3.7001E-04 3.9046E+03 4.0232E-04 3.9538E+03 4.5626E-041735 3102
 4.0030E+03 5.5061E-04 4.0522E+03 7.3040E-04 4.0768E+03 8.8581E-041735 3102
 4.1014E+03 1.1273E-03 4.1137E+03 1.3011E-03 4.1260E+03 1.5302E-031735 3102
 4.1383E+03 1.8406E-03 4.1506E+03 2.2755E-03 4.1629E+03 2.9109E-031735 3102
 4.1752E+03 3.8913E-03 4.1814E+03 4.5944E-03 4.1875E+03 5.5194E-031735 3102
 4.1936E+03 6.7701E-03 4.1998E+03 8.5196E-03 4.2060E+03 1.1072E-021735 3102
 4.2121E+03 1.5008E-02 4.2152E+03 1.7827E-02 4.2183E+03 2.1536E-021735 3102
 4.2213E+03 2.6548E-02 4.2244E+03 3.3557E-02 4.2275E+03 4.3780E-021735 3102
 4.2305E+03 5.9531E-02 4.2321E+03 7.0816E-02 4.2336E+03 8.5650E-021735 3102
 4.2352E+03 1.0570E-01 4.2367E+03 1.3372E-01 4.2382E+03 1.7457E-011735 3102
 4.2398E+03 2.3746E-01 4.2405E+03 2.8249E-01 4.2413E+03 3.4164E-011735 3102
 4.2421E+03 4.2152E-01 4.2429E+03 5.3302E-01 4.2436E+03 6.9533E-011735 3102
 4.2444E+03 9.4463E-01 4.2448E+03 1.1227E+00 4.2452E+03 1.3560E+001735 3102
 4.2455E+03 1.6701E+00 4.2459E+03 2.1066E+00 4.2463E+03 2.7381E+001735 3102
 4.2467E+03 3.6992E+00 4.2469E+03 4.3789E+00 4.2471E+03 5.2617E+001735 3102
 4.2473E+03 6.4356E+00 4.2475E+03 8.0405E+00 4.2476E+03 1.0309E+011735 3102
 4.2479E+03 1.3645E+01 4.2480E+03 1.8790E+01 4.2482E+03 2.7174E+011735 3102
 4.2483E+03 3.3379E+01 4.2484E+03 4.1614E+01 4.2485E+03 5.2594E+011735 3102
 4.2486E+03 6.7072E+01 4.2488E+03 1.0597E+02 4.2490E+03 1.3135E+021735 3102
 4.2493E+03 7.8610E+01 4.2496E+03 3.5659E+01 4.2498E+03 2.5294E+011735 3102
 4.2500E+03 1.8664E+01 4.2501E+03 1.4250E+01 4.2503E+03 1.1195E+011735 3102
 4.2506E+03 7.3919E+00 4.2508E+03 6.1695E+00 4.2509E+03 5.2234E+001735 3102
 4.2513E+03 3.8787E+00 4.2516E+03 2.9905E+00 4.2522E+03 1.9299E+001735 3102
 4.2525E+03 1.5992E+00 4.2529E+03 1.3464E+00 4.2535E+03 9.9204E-011735 3102
 4.2541E+03 7.6098E-01 4.2554E+03 4.8819E-01 4.2561E+03 4.0379E-011735 3102
 4.2567E+03 3.3952E-01 4.2580E+03 2.4970E-01 4.2593E+03 1.9134E-011735 3102
 4.2619E+03 1.2263E-01 4.2631E+03 1.0141E-01 4.2644E+03 8.5267E-021735 3102
 4.2670E+03 6.2727E-02 4.2696E+03 4.8091E-02 4.2747E+03 3.0870E-021735 3102
 4.2773E+03 2.5555E-02 4.2799E+03 2.1511E-02 4.2850E+03 1.5865E-021735 3102
 4.2902E+03 1.2199E-02 4.3005E+03 7.8857E-03 4.3056E+03 6.5539E-031735 3102
 4.3108E+03 5.5405E-03 4.3210E+03 4.1251E-03 4.3313E+03 3.2056E-031735 3102
 4.3519E+03 2.1225E-03 4.3622E+03 1.7876E-03 4.3725E+03 1.5326E-031735 3102
 4.3931E+03 1.1757E-03 4.4137E+03 9.4318E-04 4.4548E+03 6.6782E-041735 3102
 4.4754E+03 5.8205E-04 4.4960E+03 5.1634E-04 4.5372E+03 4.2351E-041735 3102
 4.5783E+03 3.6202E-04 4.6607E+03 2.8706E-04 4.7430E+03 2.4366E-041735 3102
 4.8254E+03 2.1537E-04 4.9077E+03 1.9530E-04 5.2370E+03 1.4991E-041735 3102
 5.5664E+03 1.2564E-04 6.2251E+03 9.7207E-05 6.8838E+03 8.0496E-051735 3102
 8.2011E+03 6.3569E-05 8.8598E+03 6.0338E-05 9.5185E+03 6.0017E-051735 3102
 1.0177E+04 6.2901E-05 1.0836E+04 7.0080E-05 1.1495E+04 8.4190E-051735 3102
 1.2153E+04 1.1173E-04 1.2483E+04 1.3536E-04 1.2812E+04 1.7159E-041735 3102
 1.2977E+04 1.9736E-04 1.3141E+04 2.3104E-04 1.3306E+04 2.7624E-041735 3102
 1.3471E+04 3.3894E-04 1.3635E+04 4.2967E-04 1.3800E+04 5.6831E-041735 3102
 1.3882E+04 6.6705E-04 1.3965E+04 7.9633E-04 1.4047E+04 9.7036E-041735 3102
 1.4129E+04 1.2127E-03 1.4212E+04 1.5646E-03 1.4294E+04 2.1046E-031735 3102
 1.4335E+04 2.4902E-03 1.4376E+04 2.9959E-03 1.4418E+04 3.6774E-031735 3102
 1.4459E+04 4.6269E-03 1.4500E+04 6.0061E-03 1.4541E+04 8.1190E-031735 3102
 1.4562E+04 9.6244E-03 1.4582E+04 1.1593E-02 1.4603E+04 1.4237E-021735 3102
 1.4623E+04 1.7900E-02 1.4644E+04 2.3177E-02 1.4665E+04 3.1157E-021735 3102
 1.4675E+04 3.6766E-02 1.4685E+04 4.4009E-02 1.4695E+04 5.3566E-021735 3102
 1.4706E+04 6.6502E-02 1.4716E+04 8.4530E-02 1.4726E+04 1.1052E-011735 3102
 1.4731E+04 1.2793E-01 1.4737E+04 1.4943E-01 1.4742E+04 1.7623E-011735 3102
 1.4747E+04 2.0994E-01 1.4752E+04 2.5258E-01 1.4757E+04 3.0655E-011735 3102
 1.4762E+04 3.7423E-01 1.4767E+04 4.5673E-01 1.4778E+04 6.4682E-011735 3102
 1.4788E+04 7.5055E-01 1.4800E+04 6.1249E-01 1.4806E+04 4.9826E-011735 3102
 1.4812E+04 3.9513E-01 1.4824E+04 2.4831E-01 1.4830E+04 2.0001E-011735 3102
 1.4837E+04 1.6334E-01 1.4849E+04 1.1344E-01 1.4861E+04 8.2594E-021735 3102
 1.4873E+04 6.2510E-02 1.4885E+04 4.8817E-02 1.4909E+04 3.2002E-021735 3102
 1.4921E+04 2.6652E-02 1.4934E+04 2.2529E-02 1.4958E+04 1.6698E-021735 3102
 1.4982E+04 1.2865E-02 1.5031E+04 8.3108E-03 1.5055E+04 6.8961E-031735 3102
 1.5079E+04 5.8176E-03 1.5128E+04 4.3098E-03 1.5176E+04 3.3313E-031735 3102
 1.5273E+04 2.1860E-03 1.5322E+04 1.8367E-03 1.5370E+04 1.5742E-031735 3102
 1.5467E+04 1.2183E-03 1.5564E+04 1.0044E-03 1.5661E+04 8.8080E-041735 3102
 1.5758E+04 8.2657E-04 1.5855E+04 8.4214E-04 1.5952E+04 9.5790E-041735 3102
 1.6001E+04 1.0810E-03 1.6049E+04 1.2840E-03 1.6073E+04 1.4336E-031735 3102
 1.6098E+04 1.6327E-03 1.6122E+04 1.9038E-03 1.6146E+04 2.2845E-031735 3102
 1.6170E+04 2.8411E-03 1.6195E+04 3.6991E-03 1.6207E+04 4.3137E-031735 3102
 1.6219E+04 5.1212E-03 1.6231E+04 6.2117E-03 1.6243E+04 7.7347E-031735 3102
 1.6255E+04 9.9528E-03 1.6267E+04 1.3363E-02 1.6273E+04 1.5802E-021735 3102
 1.6279E+04 1.9001E-02 1.6285E+04 2.3315E-02 1.6292E+04 2.9325E-021735 3102
 1.6298E+04 3.8047E-02 1.6304E+04 5.1388E-02 1.6307E+04 6.0873E-021735 3102
 1.6310E+04 7.3252E-02 1.6313E+04 8.9821E-02 1.6316E+04 1.1267E-011735 3102
 1.6319E+04 1.4538E-01 1.6322E+04 1.9436E-01 1.6323E+04 2.2844E-011735 3102
 1.6325E+04 2.7202E-01 1.6326E+04 3.2880E-01 1.6328E+04 4.0437E-011735 3102
 1.6329E+04 5.0729E-01 1.6331E+04 6.5094E-01 1.6332E+04 8.5614E-011735 3102
 1.6334E+04 1.1538E+00 1.6337E+04 2.1512E+00 1.6340E+04 3.0212E+001735 3102
 1.6343E+04 2.1372E+00 1.6346E+04 1.1387E+00 1.6348E+04 8.4339E-011735 3102
 1.6349E+04 6.4046E-01 1.6351E+04 4.9872E-01 1.6352E+04 3.9733E-011735 3102
 1.6355E+04 2.6712E-01 1.6357E+04 2.2430E-01 1.6358E+04 1.9082E-011735 3102
 1.6361E+04 1.4273E-01 1.6365E+04 1.1063E-01 1.6371E+04 7.1954E-021735 3102
 1.6374E+04 5.9812E-02 1.6377E+04 5.0509E-02 1.6383E+04 3.7427E-021735 3102
 1.6389E+04 2.8876E-02 1.6401E+04 1.8759E-02 1.6407E+04 1.5625E-021735 3102
 1.6414E+04 1.3238E-02 1.6426E+04 9.9034E-03 1.6438E+04 7.7394E-031735 3102
 1.6463E+04 5.2019E-03 1.6475E+04 4.4242E-03 1.6487E+04 3.8368E-031735 3102
 1.6512E+04 3.0289E-03 1.6536E+04 2.5212E-03 1.6585E+04 1.9749E-031735 3102
 1.6634E+04 1.7559E-03 1.6683E+04 1.7247E-03 1.6732E+04 1.8418E-031735 3102
 1.6781E+04 2.1202E-03 1.6830E+04 2.6261E-03 1.6855E+04 3.0080E-031735 3102
 1.6879E+04 3.5187E-03 1.6904E+04 4.2133E-03 1.6928E+04 5.1809E-031735 3102
 1.6953E+04 6.5731E-03 1.6977E+04 8.6608E-03 1.6989E+04 1.0112E-021735 3102
 1.7002E+04 1.1962E-02 1.7014E+04 1.4364E-02 1.7026E+04 1.7542E-021735 3102
 1.7038E+04 2.1834E-02 1.7051E+04 2.7754E-02 1.7063E+04 3.6064E-021735 3102
 1.7075E+04 4.7819E-02 1.7100E+04 8.4727E-02 1.7124E+04 1.1389E-011735 3102
 1.7145E+04 9.1121E-02 1.7165E+04 5.7181E-02 1.7176E+04 4.4736E-021735 3102
 1.7186E+04 3.5357E-02 1.7196E+04 2.8354E-02 1.7207E+04 2.3093E-021735 3102
 1.7227E+04 1.6006E-02 1.7248E+04 1.1665E-02 1.7269E+04 8.8533E-031735 3102
 1.7289E+04 6.9414E-03 1.7331E+04 4.5974E-03 1.7351E+04 3.8515E-031735 3102
 1.7372E+04 3.2764E-03 1.7413E+04 2.4615E-03 1.7454E+04 1.9240E-031735 3102
 1.7537E+04 1.2811E-03 1.7578E+04 1.0796E-03 1.7620E+04 9.2500E-041735 3102
 1.7702E+04 7.0661E-04 1.7785E+04 5.6256E-04 1.7950E+04 3.8928E-041735 3102
 1.8033E+04 3.3446E-04 1.8115E+04 2.9211E-04 1.8280E+04 2.3169E-041735 3102
 1.8446E+04 1.9132E-04 1.8776E+04 1.4214E-04 1.9106E+04 1.1449E-041735 3102
 1.9437E+04 9.7769E-05 1.9767E+04 8.7459E-05 2.0428E+04 7.8864E-051735 3102
 2.1089E+04 8.4811E-05 2.1254E+04 9.0100E-05 2.1419E+04 9.8540E-051735 3102
 2.1584E+04 1.1257E-04 2.1749E+04 1.3804E-04 2.1832E+04 1.5940E-041735 3102
 2.1914E+04 1.9202E-04 2.1997E+04 2.4565E-04 2.2080E+04 3.4372E-041735 3102
 2.2121E+04 4.2680E-04 2.2162E+04 5.5456E-04 2.2183E+04 6.4599E-041735 3102
 2.2204E+04 7.6614E-04 2.2224E+04 9.2844E-04 2.2245E+04 1.1552E-031735 3102
 2.2266E+04 1.4860E-03 2.2286E+04 1.9954E-03 2.2296E+04 2.3604E-031735 3102
 2.2307E+04 2.8402E-03 2.2317E+04 3.4887E-03 2.2327E+04 4.3952E-031735 3102
 2.2338E+04 5.7173E-03 2.2348E+04 7.7540E-03 2.2353E+04 9.2129E-031735 3102
 2.2358E+04 1.1131E-02 2.2364E+04 1.3722E-02 2.2369E+04 1.7344E-021735 3102
 2.2374E+04 2.2623E-02 2.2379E+04 3.0751E-02 2.2382E+04 3.6569E-021735 3102
 2.2384E+04 4.4213E-02 2.2387E+04 5.4531E-02 2.2389E+04 6.8934E-021735 3102
 2.2392E+04 8.9894E-02 2.2395E+04 1.2208E-01 2.2396E+04 1.4505E-011735 3102
 2.2397E+04 1.7516E-01 2.2398E+04 2.1566E-01 2.2400E+04 2.7192E-011735 3102
 2.2401E+04 3.5324E-01 2.2402E+04 4.7685E-01 2.2403E+04 5.6417E-011735 3102
 2.2404E+04 6.7744E-01 2.2404E+04 8.2782E-01 2.2405E+04 1.0330E+001735 3102
 2.2406E+04 1.3221E+00 2.2406E+04 1.7456E+00 2.2407E+04 2.3945E+001735 3102
 2.2407E+04 3.4412E+00 2.2408E+04 4.2076E+00 2.2408E+04 5.2139E+001735 3102
 2.2408E+04 6.5366E+00 2.2409E+04 8.2489E+00 2.2409E+04 1.2676E+011735 3102
 2.2410E+04 1.5437E+01 2.2411E+04 9.9745E+00 2.2412E+04 4.8387E+001735 3102
 2.2413E+04 3.4907E+00 2.2413E+04 2.6041E+00 2.2414E+04 2.0029E+001735 3102
 2.2414E+04 1.5816E+00 2.2415E+04 1.0510E+00 2.2416E+04 8.7905E-011735 3102
 2.2416E+04 7.4545E-01 2.2417E+04 5.5482E-01 2.2418E+04 4.2842E-011735 3102
 2.2420E+04 2.7699E-01 2.2421E+04 2.2966E-01 2.2422E+04 1.9345E-011735 3102
 2.2424E+04 1.4263E-01 2.2426E+04 1.0946E-01 2.2431E+04 7.0270E-021735 3102
 2.2433E+04 5.8137E-02 2.2435E+04 4.8896E-02 2.2439E+04 3.5978E-021735 3102
 2.2443E+04 2.7583E-02 2.2451E+04 1.7697E-02 2.2455E+04 1.4644E-021735 3102
 2.2459E+04 1.2321E-02 2.2467E+04 9.0778E-03 2.2476E+04 6.9718E-031735 3102
 2.2492E+04 4.4943E-03 2.2500E+04 3.7297E-03 2.2508E+04 3.1481E-031735 3102
 2.2525E+04 2.3363E-03 2.2541E+04 1.8094E-03 2.2574E+04 1.1899E-031735 3102
 2.2590E+04 9.9889E-04 2.2606E+04 8.5367E-04 2.2639E+04 6.5119E-041735 3102
 2.2672E+04 5.2005E-04 2.2737E+04 3.6657E-04 2.2770E+04 3.1959E-041735 3102
 2.2803E+04 2.8410E-04 2.2868E+04 2.3525E-04 2.2934E+04 2.0440E-041735 3102
 2.3065E+04 1.7036E-04 2.3196E+04 1.5477E-04 2.3327E+04 1.4834E-041735 3102
 2.3458E+04 1.4728E-04 2.3719E+04 1.5533E-04 2.3981E+04 1.7375E-041735 3102
 2.4243E+04 2.0288E-04 2.4505E+04 2.4624E-04 2.4767E+04 3.1123E-041735 3102
 2.5029E+04 4.1253E-04 2.5160E+04 4.8535E-04 2.5291E+04 5.8115E-041735 3102
 2.5422E+04 7.1056E-04 2.5553E+04 8.9123E-04 2.5683E+04 1.1542E-031735 3102
 2.5814E+04 1.5580E-03 2.5880E+04 1.8464E-03 2.5945E+04 2.2245E-031735 3102
 2.6011E+04 2.7338E-03 2.6076E+04 3.4427E-03 2.6142E+04 4.4705E-031735 3102
 2.6207E+04 6.0405E-03 2.6240E+04 7.1558E-03 2.6273E+04 8.6104E-031735 3102
 2.6305E+04 1.0556E-02 2.6338E+04 1.3237E-02 2.6355E+04 1.4973E-021735 3102
 2.6371E+04 1.7069E-02 2.6387E+04 1.9630E-02 2.6404E+04 2.2801E-021735 3102
 2.6420E+04 2.6785E-02 2.6436E+04 3.1873E-02 2.6453E+04 3.8496E-021735 3102
 2.6469E+04 4.7294E-02 2.6485E+04 5.9252E-02 2.6502E+04 7.5894E-021735 3102
 2.6518E+04 9.9573E-02 2.6535E+04 1.3373E-01 2.6567E+04 2.4651E-011735 3102
 2.6600E+04 3.4263E-01 2.6645E+04 1.9741E-01 2.6667E+04 1.2912E-011735 3102
 2.6678E+04 1.0542E-01 2.6690E+04 8.7000E-02 2.6712E+04 6.1300E-021735 3102
 2.6734E+04 4.5046E-02 2.6757E+04 3.4307E-02 2.6779E+04 2.6914E-021735 3102
 2.6824E+04 1.7762E-02 2.6846E+04 1.4835E-02 2.6869E+04 1.2577E-021735 3102
 2.6913E+04 9.3854E-03 2.6958E+04 7.3021E-03 2.7003E+04 5.8891E-031735 3102
 2.7048E+04 4.9185E-03 2.7092E+04 4.2779E-03 2.7137E+04 3.9478E-031735 3102
 2.7159E+04 3.9300E-03 2.7182E+04 4.0649E-03 2.7204E+04 4.4579E-031735 3102
 2.7227E+04 5.3675E-03 2.7238E+04 6.2095E-03 2.7249E+04 7.5546E-031735 3102
 2.7255E+04 8.5362E-03 2.7260E+04 9.8391E-03 2.7266E+04 1.1613E-021735 3102
 2.7271E+04 1.4106E-02 2.7277E+04 1.7757E-02 2.7282E+04 2.3393E-021735 3102
 2.7285E+04 2.7433E-02 2.7288E+04 3.2743E-02 2.7291E+04 3.9913E-021735 3102
 2.7294E+04 4.9920E-02 2.7296E+04 6.4473E-02 2.7299E+04 8.6787E-021735 3102
 2.7301E+04 1.0269E-01 2.7302E+04 1.2350E-01 2.7303E+04 1.5143E-011735 3102
 2.7305E+04 1.9010E-01 2.7306E+04 2.4576E-01 2.7308E+04 3.2981E-011735 3102
 2.7308E+04 3.8878E-01 2.7309E+04 4.6478E-01 2.7310E+04 5.6483E-011735 3102
 2.7310E+04 6.9979E-01 2.7311E+04 8.8702E-01 2.7312E+04 1.1551E+001735 3102
 2.7313E+04 1.5526E+00 2.7313E+04 2.1616E+00 2.7315E+04 4.5351E+001735 3102
 2.7316E+04 7.1550E+00 2.7317E+04 5.4581E+00 2.7318E+04 3.1898E+001735 3102
 2.7319E+04 2.4321E+00 2.7319E+04 1.8850E+00 2.7320E+04 1.4893E+001735 3102
 2.7320E+04 1.1990E+00 2.7321E+04 8.1718E-01 2.7322E+04 6.8927E-011735 3102
 2.7322E+04 5.8847E-01 2.7323E+04 4.4241E-01 2.7324E+04 3.4408E-011735 3102
 2.7326E+04 2.2469E-01 2.7327E+04 1.8700E-01 2.7328E+04 1.5805E-011735 3102
 2.7330E+04 1.1725E-01 2.7332E+04 9.0503E-02 2.7337E+04 5.8783E-021735 3102
 2.7339E+04 4.8934E-02 2.7341E+04 4.1423E-02 2.7345E+04 3.0907E-021735 3102
 2.7349E+04 2.4059E-02 2.7357E+04 1.5975E-02 2.7361E+04 1.3470E-021735 3102
 2.7365E+04 1.1560E-02 2.7373E+04 8.8826E-03 2.7382E+04 7.1332E-031735 3102
 2.7398E+04 5.0510E-03 2.7406E+04 4.3980E-03 2.7415E+04 3.8950E-031735 3102
 2.7431E+04 3.1781E-03 2.7447E+04 2.6968E-03 2.7480E+04 2.0967E-031735 3102
 2.7513E+04 1.7377E-03 2.7546E+04 1.4963E-03 2.7579E+04 1.3206E-031735 3102
 2.7710E+04 9.1048E-04 2.7776E+04 7.8756E-04 2.7841E+04 6.9178E-041735 3102
 2.8104E+04 4.5177E-04 2.8235E+04 3.7845E-04 2.8366E+04 3.2230E-041735 3102
 2.8629E+04 2.4280E-04 2.8891E+04 1.9012E-04 2.9154E+04 1.5331E-041735 3102
 2.9417E+04 1.2653E-04 2.9942E+04 9.0970E-05 3.0467E+04 6.9055E-051735 3102
 3.0992E+04 5.4597E-05 3.1517E+04 4.4562E-05 3.2567E+04 3.1938E-051735 3102
 3.3618E+04 2.4663E-05 3.4668E+04 2.0196E-05 3.5718E+04 1.7405E-051735 3102
 3.6768E+04 1.5767E-05 3.7819E+04 1.5088E-05 3.8869E+04 1.5467E-051735 3102
 3.9919E+04 1.7486E-05 4.0444E+04 1.9607E-05 4.0969E+04 2.3121E-051735 3102
 4.1232E+04 2.5722E-05 4.1494E+04 2.9198E-05 4.1757E+04 3.3952E-051735 3102
 4.2020E+04 4.0658E-05 4.2282E+04 5.0503E-05 4.2545E+04 6.5744E-051735 3102
 4.2676E+04 7.6693E-05 4.2807E+04 9.1110E-05 4.2939E+04 1.1062E-041735 3102
 4.3070E+04 1.3792E-04 4.3201E+04 1.7779E-04 4.3332E+04 2.3927E-041735 3102
 4.3398E+04 2.8334E-04 4.3464E+04 3.4130E-04 4.3529E+04 4.1966E-041735 3102
 4.3595E+04 5.2925E-04 4.3661E+04 6.8913E-04 4.3726E+04 9.3551E-041735 3102
 4.3759E+04 1.1121E-03 4.3792E+04 1.3442E-03 4.3825E+04 1.6578E-031735 3102
 4.3857E+04 2.0963E-03 4.3890E+04 2.7356E-03 4.3923E+04 3.7202E-031735 3102
 4.3940E+04 4.4251E-03 4.3956E+04 5.3514E-03 4.3972E+04 6.6022E-031735 3102
 4.3989E+04 8.3488E-03 4.4005E+04 1.0892E-02 4.4022E+04 1.4799E-021735 3102
 4.4030E+04 1.7590E-02 4.4038E+04 2.1250E-02 4.4046E+04 2.6177E-021735 3102
 4.4054E+04 3.3030E-02 4.4063E+04 4.2952E-02 4.4071E+04 5.8070E-021735 3102
 4.4075E+04 6.8776E-02 4.4079E+04 8.2697E-02 4.4083E+04 1.0124E-011735 3102
 4.4087E+04 1.2664E-01 4.4091E+04 1.6264E-01 4.4095E+04 2.1582E-011735 3102
 4.4097E+04 2.5231E-01 4.4100E+04 2.9836E-01 4.4102E+04 3.5738E-011735 3102
 4.4104E+04 4.3424E-01 4.4106E+04 5.3595E-01 4.4108E+04 6.7245E-011735 3102
 4.4110E+04 8.5721E-01 4.4112E+04 1.1059E+00 4.4116E+04 1.8042E+001735 3102
 4.4120E+04 2.2858E+00 4.4127E+04 1.3464E+00 4.4133E+04 6.0375E-011735 3102
 4.4137E+04 4.2714E-01 4.4140E+04 3.1466E-01 4.4143E+04 2.3999E-011735 3102
 4.4147E+04 1.8840E-01 4.4153E+04 1.2429E-01 4.4157E+04 1.0371E-011735 3102
 4.4160E+04 8.7788E-02 4.4166E+04 6.5171E-02 4.4173E+04 5.0239E-021735 3102
 4.4186E+04 3.2418E-02 4.4193E+04 2.6861E-02 4.4200E+04 2.2617E-021735 3102
 4.4213E+04 1.6665E-02 4.4226E+04 1.2785E-02 4.4253E+04 8.2040E-031735 3102
 4.4266E+04 6.7867E-03 4.4279E+04 5.7076E-03 4.4306E+04 4.1994E-031735 3102
 4.4332E+04 3.2194E-03 4.4385E+04 2.0656E-03 4.4412E+04 1.7093E-031735 3102
 4.4438E+04 1.4381E-03 4.4491E+04 1.0595E-03 4.4544E+04 8.1369E-041735 3102
 4.4651E+04 5.2439E-04 4.4704E+04 4.3507E-04 4.4757E+04 3.6712E-041735 3102
 4.4863E+04 2.7223E-04 4.4969E+04 2.1062E-04 4.5181E+04 1.3811E-041735 3102
 4.5287E+04 1.1573E-04 4.5393E+04 9.8698E-05 4.5605E+04 7.4929E-051735 3102
 4.5818E+04 5.9506E-05 4.6242E+04 4.1406E-05 4.6454E+04 3.5848E-051735 3102
 4.6666E+04 3.1643E-05 4.7091E+04 2.5843E-05 4.7515E+04 2.2179E-051735 3102
 4.8364E+04 1.8197E-05 4.9213E+04 1.6552E-05 5.0061E+04 1.6238E-051735 3102
 5.0910E+04 1.6954E-05 5.1759E+04 1.8752E-05 5.2608E+04 2.2035E-051735 3102
 5.3456E+04 2.7806E-05 5.4305E+04 3.8565E-05 5.4729E+04 4.7679E-051735 3102
 5.5154E+04 6.1635E-05 5.5366E+04 7.1584E-05 5.5578E+04 8.4617E-051735 3102
 5.5790E+04 1.0217E-04 5.6003E+04 1.2662E-04 5.6215E+04 1.6217E-041735 3102
 5.6427E+04 2.1678E-04 5.6533E+04 2.5583E-04 5.6639E+04 3.0709E-041735 3102
 5.6745E+04 3.7626E-04 5.6851E+04 4.7282E-04 5.6957E+04 6.1337E-041735 3102
 5.7063E+04 8.2936E-04 5.7117E+04 9.8372E-04 5.7170E+04 1.1862E-031735 3102
 5.7223E+04 1.4590E-03 5.7276E+04 1.8387E-03 5.7329E+04 2.3892E-031735 3102
 5.7382E+04 3.2296E-03 5.7408E+04 3.8260E-03 5.7435E+04 4.6030E-031735 3102
 5.7461E+04 5.6403E-03 5.7488E+04 7.0665E-03 5.7514E+04 9.0977E-031735 3102
 5.7541E+04 1.2118E-02 5.7554E+04 1.4205E-02 5.7567E+04 1.6857E-021735 3102
 5.7581E+04 2.0282E-02 5.7594E+04 2.4789E-02 5.7607E+04 3.0836E-021735 3102
 5.7620E+04 3.9103E-02 5.7634E+04 5.0576E-02 5.7647E+04 6.6551E-021735 3102
 5.7674E+04 1.1493E-01 5.7700E+04 1.5157E-01 5.7739E+04 8.9855E-021735 3102
 5.7778E+04 4.0499E-02 5.7797E+04 2.8691E-02 5.7817E+04 2.1157E-021735 3102
 5.7836E+04 1.6150E-02 5.7855E+04 1.2688E-02 5.7894E+04 8.3818E-031735 3102
 5.7914E+04 6.9985E-03 5.7933E+04 5.9283E-03 5.7972E+04 4.4075E-031735 3102
 5.8011E+04 3.4032E-03 5.8088E+04 2.2043E-03 5.8127E+04 1.8305E-031735 3102
 5.8166E+04 1.5449E-03 5.8244E+04 1.1445E-03 5.8321E+04 8.8359E-041735 3102
 5.8477E+04 5.7595E-04 5.8554E+04 4.8098E-04 5.8632E+04 4.0881E-041735 3102
 5.8787E+04 3.0841E-04 5.8943E+04 2.4377E-04 5.9253E+04 1.6947E-041735 3102
 5.9408E+04 1.4759E-04 5.9564E+04 1.3178E-04 5.9874E+04 1.1247E-041735 3102
 6.0185E+04 1.0454E-04 6.0496E+04 1.0568E-04 6.0806E+04 1.1667E-041735 3102
 6.0962E+04 1.2707E-04 6.1117E+04 1.4211E-04 6.1272E+04 1.6371E-041735 3102
 6.1428E+04 1.9506E-04 6.1583E+04 2.4187E-04 6.1738E+04 3.1506E-041735 3102
 6.1816E+04 3.6784E-04 6.1893E+04 4.3744E-04 6.1971E+04 5.3171E-041735 3102
 6.2049E+04 6.6366E-04 6.2126E+04 8.5620E-04 6.2204E+04 1.1527E-031735 3102
 6.2243E+04 1.3650E-03 6.2282E+04 1.6437E-03 6.2321E+04 2.0199E-031735 3102
 6.2359E+04 2.5444E-03 6.2398E+04 3.3068E-03 6.2437E+04 4.4750E-031735 3102
 6.2456E+04 5.3072E-03 6.2476E+04 6.3951E-03 6.2495E+04 7.8546E-031735 3102
 6.2515E+04 9.8740E-03 6.2534E+04 1.2776E-02 6.2554E+04 1.7150E-021735 3102
 6.2563E+04 2.0213E-02 6.2573E+04 2.4154E-02 6.2583E+04 2.9330E-021735 3102
 6.2592E+04 3.6289E-02 6.2602E+04 4.5901E-02 6.2612E+04 5.9583E-021735 3102
 6.2622E+04 7.9683E-02 6.2631E+04 1.1006E-01 6.2651E+04 2.2387E-011735 3102
 6.2670E+04 3.4144E-01 6.2692E+04 2.0760E-01 6.2713E+04 9.5472E-021735 3102
 6.2724E+04 6.7960E-02 6.2735E+04 5.0264E-02 6.2745E+04 3.8441E-021735 3102
 6.2756E+04 3.0239E-02 6.2777E+04 2.0004E-02 6.2788E+04 1.6709E-021735 3102
 6.2799E+04 1.4157E-02 6.2820E+04 1.0527E-02 6.2842E+04 8.1266E-031735 3102
 6.2885E+04 5.2590E-03 6.2906E+04 4.3641E-03 6.2928E+04 3.6802E-031735 3102
 6.2971E+04 2.7209E-03 6.3014E+04 2.0953E-03 6.3100E+04 1.3566E-031735 3102
 6.3143E+04 1.1280E-03 6.3186E+04 9.5396E-04 6.3272E+04 7.1078E-041735 3102
 6.3358E+04 5.5286E-04 6.3529E+04 3.6731E-04 6.3615E+04 3.1024E-041735 3102
 6.3701E+04 2.6697E-04 6.3873E+04 2.0706E-04 6.4045E+04 1.6887E-041735 3102
 6.4389E+04 1.2616E-04 6.4733E+04 1.0646E-04 6.5076E+04 9.9237E-051735 3102
 6.5420E+04 1.0095E-04 6.5764E+04 1.1146E-04 6.6108E+04 1.3356E-041735 3102
 6.6279E+04 1.5103E-04 6.6451E+04 1.7491E-04 6.6623E+04 2.0800E-041735 3102
 6.6795E+04 2.5497E-04 6.6967E+04 3.2406E-04 6.7139E+04 4.3080E-041735 3102
 6.7225E+04 5.0719E-04 6.7311E+04 6.0734E-04 6.7397E+04 7.4206E-041735 3102
 6.7483E+04 9.2904E-04 6.7568E+04 1.1988E-03 6.7654E+04 1.6073E-031735 3102
 6.7697E+04 1.8949E-03 6.7740E+04 2.2666E-03 6.7783E+04 2.7576E-031735 3102
 6.7826E+04 3.4233E-03 6.7869E+04 4.3532E-03 6.7912E+04 5.6976E-031735 3102
 6.7955E+04 7.7189E-03 6.7998E+04 1.0883E-02 6.8020E+04 1.3129E-021735 3102
 6.8041E+04 1.5989E-02 6.8063E+04 1.9605E-02 6.8084E+04 2.4057E-021735 3102
 6.8127E+04 3.4508E-02 6.8170E+04 4.0330E-02 6.8256E+04 2.3920E-021735 3102
 6.8299E+04 1.5864E-02 6.8321E+04 1.3016E-02 6.8343E+04 1.0783E-021735 3102
 6.8386E+04 7.6389E-03 6.8429E+04 5.6330E-03 6.8472E+04 4.2999E-031735 3102
 6.8515E+04 3.3784E-03 6.8601E+04 2.2324E-03 6.8644E+04 1.8644E-031735 3102
 6.8688E+04 1.5796E-03 6.8774E+04 1.1751E-03 6.8860E+04 9.0799E-041735 3102
 6.9033E+04 5.8912E-04 6.9119E+04 4.8967E-04 6.9205E+04 4.1368E-041735 3102
 6.9378E+04 3.0707E-04 6.9550E+04 2.3751E-04 6.9895E+04 1.5525E-041735 3102
 7.0068E+04 1.2974E-04 7.0240E+04 1.1028E-04 7.0585E+04 8.2993E-051735 3102
 7.0930E+04 6.5172E-05 7.1620E+04 4.4014E-05 7.1965E+04 3.7412E-051735 3102
 7.2310E+04 3.2354E-05 7.3000E+04 2.5217E-05 7.3690E+04 2.0518E-051735 3102
 7.5070E+04 1.4891E-05 7.6450E+04 1.1783E-05 7.7830E+04 9.9137E-061735 3102
 7.9210E+04 8.7452E-06 8.1970E+04 7.6274E-06 8.4730E+04 7.7312E-061735 3102
 8.6110E+04 8.4971E-06 8.7490E+04 1.0795E-05 8.7835E+04 1.2035E-051735 3102
 8.8180E+04 1.3920E-05 8.8525E+04 1.7008E-05 8.8870E+04 2.2632E-051735 3102
 8.9043E+04 2.7385E-05 8.9215E+04 3.4685E-05 8.9301E+04 3.9905E-051735 3102
 8.9388E+04 4.6760E-05 8.9474E+04 5.6017E-05 8.9560E+04 6.8949E-051735 3102
 8.9646E+04 8.7800E-05 8.9733E+04 1.1683E-04 8.9776E+04 1.3763E-041735 3102
 8.9819E+04 1.6496E-04 8.9862E+04 2.0191E-04 8.9905E+04 2.5355E-041735 3102
 8.9948E+04 3.2887E-04 8.9991E+04 4.4489E-04 9.0013E+04 5.2801E-041735 3102
 9.0034E+04 6.3728E-04 9.0056E+04 7.8494E-04 9.0078E+04 9.9131E-041735 3102
 9.0099E+04 1.2922E-03 9.0121E+04 1.7556E-03 9.0131E+04 2.0874E-031735 3102
 9.0142E+04 2.5233E-03 9.0153E+04 3.1121E-03 9.0164E+04 3.9343E-031735 3102
 9.0175E+04 5.1317E-03 9.0185E+04 6.9722E-03 9.0191E+04 8.2875E-031735 3102
 9.0196E+04 1.0013E-02 9.0202E+04 1.2337E-02 9.0207E+04 1.5572E-021735 3102
 9.0212E+04 2.0261E-02 9.0218E+04 2.7417E-02 9.0220E+04 3.2494E-021735 3102
 9.0223E+04 3.9106E-02 9.0226E+04 4.7931E-02 9.0228E+04 6.0058E-021735 3102
 9.0231E+04 7.7320E-02 9.0234E+04 1.0297E-01 9.0235E+04 1.2068E-011735 3102
 9.0237E+04 1.4316E-01 9.0238E+04 1.7217E-01 9.0239E+04 2.1031E-011735 3102
 9.0241E+04 2.6140E-01 9.0242E+04 3.3112E-01 9.0243E+04 4.2763E-011735 3102
 9.0245E+04 5.6153E-01 9.0247E+04 9.6400E-01 9.0250E+04 1.2665E+001735 3102
 9.0253E+04 8.7911E-01 9.0256E+04 4.5846E-01 9.0258E+04 3.3739E-011735 3102
 9.0260E+04 2.5506E-01 9.0261E+04 1.9797E-01 9.0263E+04 1.5734E-011735 3102
 9.0266E+04 1.0542E-01 9.0268E+04 8.8401E-02 9.0269E+04 7.5120E-021735 3102
 9.0272E+04 5.6076E-02 9.0276E+04 4.3386E-02 9.0282E+04 2.8117E-021735 3102
 9.0285E+04 2.3329E-02 9.0288E+04 1.9662E-02 9.0295E+04 1.4508E-021735 3102
 9.0301E+04 1.1140E-02 9.0314E+04 7.1553E-03 9.0320E+04 5.9208E-031735 3102
 9.0327E+04 4.9802E-03 9.0339E+04 3.6651E-03 9.0352E+04 2.8100E-031735 3102
 9.0378E+04 1.8029E-03 9.0391E+04 1.4919E-03 9.0403E+04 1.2551E-031735 3102
 9.0429E+04 9.2462E-04 9.0454E+04 7.0999E-04 9.0506E+04 4.5749E-041735 3102
 9.0531E+04 3.7956E-04 9.0557E+04 3.2028E-04 9.0608E+04 2.3754E-041735 3102
 9.0659E+04 1.8383E-04 9.0761E+04 1.2068E-04 9.0812E+04 1.0120E-041735 3102
 9.0863E+04 8.6387E-05 9.0965E+04 6.5731E-05 9.1068E+04 5.2343E-051735 3102
 9.1272E+04 3.6649E-05 9.1374E+04 3.1832E-05 9.1476E+04 2.8185E-051735 3102
 9.1681E+04 2.3140E-05 9.1885E+04 1.9923E-05 9.2294E+04 1.6287E-051735 3102
 9.2703E+04 1.4501E-05 9.3111E+04 1.3615E-05 9.3520E+04 1.3238E-051735 3102
 9.4338E+04 1.3373E-05 9.5155E+04 1.4304E-05 9.5973E+04 1.5939E-051735 3102
 9.6790E+04 1.8424E-05 9.7608E+04 2.2140E-05 9.8425E+04 2.7868E-051735 3102
 9.8834E+04 3.1946E-05 9.9243E+04 3.7274E-05 9.9651E+04 4.4424E-051735 3102
 1.0006E+05 5.4348E-05 1.0047E+05 6.8717E-05 1.0088E+05 9.0698E-051735 3102
 1.0108E+05 1.0637E-04 1.0129E+05 1.2690E-04 1.0149E+05 1.5455E-041735 3102
 1.0170E+05 1.9306E-04 1.0190E+05 2.4900E-04 1.0210E+05 3.3477E-041735 3102
 1.0221E+05 3.9594E-04 1.0231E+05 4.7606E-04 1.0241E+05 5.8381E-041735 3102
 1.0251E+05 7.3347E-04 1.0262E+05 9.4981E-04 1.0272E+05 1.2788E-031735 3102
 1.0277E+05 1.5113E-03 1.0282E+05 1.8131E-03 1.0287E+05 2.2142E-031735 3102
 1.0292E+05 2.7622E-03 1.0297E+05 3.5359E-03 1.0302E+05 4.6723E-031735 3102
 1.0305E+05 5.4476E-03 1.0308E+05 6.4214E-03 1.0310E+05 7.6613E-031735 3102
 1.0313E+05 9.2625E-03 1.0315E+05 1.1358E-02 1.0318E+05 1.4131E-021735 3102
 1.0320E+05 1.7812E-02 1.0323E+05 2.2639E-02 1.0328E+05 3.5448E-021735 3102
 1.0333E+05 4.3672E-02 1.0337E+05 3.8449E-02 1.0341E+05 2.8316E-021735 3102
 1.0345E+05 1.9678E-02 1.0349E+05 1.3790E-02 1.0353E+05 9.9607E-031735 3102
 1.0356E+05 7.4376E-03 1.0360E+05 5.7249E-03 1.0364E+05 4.5239E-031735 3102
 1.0372E+05 3.0106E-03 1.0376E+05 2.5198E-03 1.0380E+05 2.1386E-031735 3102
 1.0388E+05 1.5946E-03 1.0395E+05 1.2339E-03 1.0411E+05 8.0200E-041735 3102
 1.0419E+05 6.6706E-04 1.0427E+05 5.6392E-04 1.0442E+05 4.1928E-041735 3102
 1.0458E+05 3.2506E-04 1.0489E+05 2.1418E-04 1.0504E+05 1.8007E-041735 3102
 1.0520E+05 1.5424E-04 1.0551E+05 1.1853E-04 1.0582E+05 9.5856E-051735 3102
 1.0645E+05 7.0687E-05 1.0676E+05 6.3806E-05 1.0707E+05 5.9275E-051735 3102
 1.0769E+05 5.5277E-05 1.0832E+05 5.6571E-05 1.0894E+05 6.3058E-051735 3102
 1.0956E+05 7.6401E-05 1.0987E+05 8.6877E-05 1.1018E+05 1.0114E-041735 3102
 1.1050E+05 1.2087E-04 1.1081E+05 1.4881E-04 1.1112E+05 1.8982E-041735 3102
 1.1143E+05 2.5304E-04 1.1159E+05 2.9818E-04 1.1174E+05 3.5722E-041735 3102
 1.1190E+05 4.3640E-04 1.1205E+05 5.4584E-04 1.1221E+05 7.0275E-041735 3102
 1.1237E+05 9.3826E-04 1.1244E+05 1.1024E-03 1.1252E+05 1.3127E-031735 3102
 1.1260E+05 1.5873E-03 1.1268E+05 1.9536E-03 1.1276E+05 2.4541E-031735 3102
 1.1283E+05 3.1556E-03 1.1291E+05 4.1636E-03 1.1299E+05 5.6380E-031735 3102
 1.1314E+05 1.0680E-02 1.1330E+05 1.5183E-02 1.1351E+05 8.4079E-031735 3102
 1.1362E+05 5.4069E-03 1.1368E+05 4.3902E-03 1.1373E+05 3.6082E-031735 3102
 1.1384E+05 2.5292E-03 1.1394E+05 1.8535E-03 1.1405E+05 1.4098E-031735 3102
 1.1416E+05 1.1054E-03 1.1437E+05 7.2957E-04 1.1448E+05 6.0942E-041735 3102
 1.1458E+05 5.1665E-04 1.1480E+05 3.8510E-04 1.1501E+05 2.9836E-041735 3102
 1.1544E+05 1.9492E-04 1.1566E+05 1.6267E-04 1.1587E+05 1.3802E-041735 3102
 1.1630E+05 1.0343E-04 1.1673E+05 8.0851E-05 1.1758E+05 5.4150E-051735 3102
 1.1801E+05 4.5876E-05 1.1844E+05 3.9575E-05 1.1929E+05 3.0779E-051735 3102
 1.2015E+05 2.5095E-05 1.2186E+05 1.8551E-05 1.2358E+05 1.5263E-051735 3102
 1.2529E+05 1.3652E-05 1.2700E+05 1.3111E-05 1.2871E+05 1.3442E-051735 3102
 1.3043E+05 1.4703E-05 1.3214E+05 1.7248E-05 1.3385E+05 2.1975E-051735 3102
 1.3471E+05 2.5777E-05 1.3556E+05 3.1235E-05 1.3642E+05 3.9437E-051735 3102
 1.3728E+05 5.2650E-05 1.3770E+05 6.2610E-05 1.3813E+05 7.6461E-051735 3102
 1.3856E+05 9.6859E-05 1.3899E+05 1.2962E-04 1.3920E+05 1.5469E-041735 3102
 1.3942E+05 1.9042E-04 1.3963E+05 2.4524E-04 1.3984E+05 3.3883E-041735 3102
 1.3995E+05 4.1456E-04 1.4006E+05 5.2754E-04 1.4011E+05 6.0675E-041735 3102
 1.4017E+05 7.0941E-04 1.4022E+05 8.4625E-04 1.4027E+05 1.0349E-031735 3102
 1.4033E+05 1.3061E-03 1.4038E+05 1.7170E-03 1.4041E+05 2.0074E-031735 3102
 1.4043E+05 2.3844E-03 1.4046E+05 2.8866E-03 1.4049E+05 3.5751E-031735 3102
 1.4051E+05 4.5532E-03 1.4054E+05 6.0038E-03 1.4055E+05 7.0038E-031735 3102
 1.4057E+05 8.2717E-03 1.4058E+05 9.9064E-03 1.4059E+05 1.2052E-021735 3102
 1.4061E+05 1.4921E-02 1.4062E+05 1.8827E-02 1.4063E+05 2.4218E-021735 3102
 1.4065E+05 3.1667E-02 1.4066E+05 4.1669E-02 1.4067E+05 5.3847E-021735 3102
 1.4069E+05 6.5319E-02 1.4070E+05 7.0312E-02 1.4072E+05 6.2483E-021735 3102
 1.4073E+05 4.6864E-02 1.4075E+05 3.3115E-02 1.4077E+05 2.3508E-021735 3102
 1.4079E+05 1.7154E-02 1.4080E+05 1.2921E-02 1.4082E+05 1.0028E-021735 3102
 1.4084E+05 7.9901E-03 1.4087E+05 5.4122E-03 1.4089E+05 4.5744E-031735 3102
 1.4091E+05 3.9235E-03 1.4094E+05 2.9956E-03 1.4097E+05 2.3823E-031735 3102
 1.4104E+05 1.6544E-03 1.4108E+05 1.4306E-03 1.4111E+05 1.2622E-031735 3102
 1.4118E+05 1.0332E-03 1.4125E+05 8.9365E-04 1.4138E+05 7.5685E-041735 3102
 1.4152E+05 7.2195E-04 1.4166E+05 7.4722E-04 1.4180E+05 8.1924E-041735 3102
 1.4193E+05 9.3675E-04 1.4207E+05 1.1051E-03 1.4221E+05 1.3329E-031735 3102
 1.4234E+05 1.6274E-03 1.4262E+05 2.3590E-03 1.4289E+05 2.7782E-031735 3102
 1.4324E+05 2.1102E-03 1.4359E+05 1.2392E-03 1.4377E+05 9.4889E-041735 3102
 1.4394E+05 7.3907E-04 1.4412E+05 5.8703E-04 1.4429E+05 4.7528E-041735 3102
 1.4464E+05 3.2776E-04 1.4482E+05 2.7816E-04 1.4499E+05 2.3898E-041735 3102
 1.4534E+05 1.8201E-04 1.4569E+05 1.4348E-04 1.4639E+05 9.6432E-051735 3102
 1.4674E+05 8.1498E-05 1.4709E+05 6.9999E-05 1.4779E+05 5.3743E-051735 3102
 1.4849E+05 4.3071E-05 1.4989E+05 3.0469E-05 1.5059E+05 2.6614E-051735 3102
 1.5129E+05 2.3728E-05 1.5269E+05 1.9868E-05 1.5410E+05 1.7642E-051735 3102
 1.5550E+05 1.6482E-05 1.5690E+05 1.6152E-05 1.5830E+05 1.6654E-051735 3102
 1.5970E+05 1.8310E-05 1.6040E+05 1.9866E-05 1.6110E+05 2.2295E-051735 3102
 1.6180E+05 2.6293E-05 1.6250E+05 3.3533E-05 1.6285E+05 3.9607E-051735 3102
 1.6320E+05 4.8882E-05 1.6337E+05 5.5487E-05 1.6355E+05 6.4139E-051735 3102
 1.6372E+05 7.5791E-05 1.6390E+05 9.2028E-05 1.6407E+05 1.1564E-041735 3102
 1.6425E+05 1.5190E-04 1.6434E+05 1.7782E-04 1.6443E+05 2.1184E-041735 3102
 1.6451E+05 2.5772E-04 1.6460E+05 3.2170E-04 1.6469E+05 4.1471E-041735 3102
 1.6478E+05 5.5735E-04 1.6482E+05 6.5906E-04 1.6486E+05 7.9219E-041735 3102
 1.6491E+05 9.7108E-04 1.6495E+05 1.2192E-03 1.6499E+05 1.5770E-031735 3102
 1.6504E+05 2.1190E-03 1.6506E+05 2.5006E-03 1.6508E+05 2.9940E-031735 3102
 1.6510E+05 3.6464E-03 1.6513E+05 4.5315E-03 1.6515E+05 5.7694E-031735 3102
 1.6517E+05 7.5623E-03 1.6518E+05 8.7688E-03 1.6519E+05 1.0265E-021735 3102
 1.6520E+05 1.2140E-02 1.6521E+05 1.4514E-02 1.6522E+05 1.7541E-021735 3102
 1.6523E+05 2.1414E-02 1.6525E+05 2.6334E-02 1.6526E+05 3.2434E-021735 3102
 1.6528E+05 4.6931E-02 1.6530E+05 5.5142E-02 1.6532E+05 4.9802E-021735 3102
 1.6533E+05 3.8599E-02 1.6535E+05 2.8076E-02 1.6537E+05 2.0323E-021735 3102
 1.6539E+05 1.4999E-02 1.6540E+05 1.1364E-02 1.6542E+05 8.8346E-031735 3102
 1.6544E+05 7.0306E-03 1.6547E+05 4.7207E-03 1.6549E+05 3.9626E-031735 3102
 1.6551E+05 3.3705E-03 1.6554E+05 2.5209E-03 1.6557E+05 1.9544E-031735 3102
 1.6564E+05 1.2725E-03 1.6568E+05 1.0586E-03 1.6571E+05 8.9476E-041735 3102
 1.6578E+05 6.6447E-04 1.6585E+05 5.1399E-04 1.6598E+05 3.3605E-041735 3102
 1.6605E+05 2.8096E-04 1.6612E+05 2.3900E-04 1.6626E+05 1.8039E-041735 3102
 1.6640E+05 1.4236E-04 1.6667E+05 9.7727E-05 1.6681E+05 8.4020E-051735 3102
 1.6694E+05 7.3642E-05 1.6722E+05 5.9284E-05 1.6749E+05 5.0125E-051735 3102
 1.6804E+05 3.9772E-05 1.6859E+05 3.4673E-05 1.6913E+05 3.2127E-051735 3102
 1.6968E+05 3.1017E-05 1.7078E+05 3.1288E-05 1.7187E+05 3.3748E-051735 3102
 1.7297E+05 3.8098E-05 1.7406E+05 4.4673E-05 1.7516E+05 5.4402E-051735 3102
 1.7625E+05 6.9181E-05 1.7680E+05 7.9563E-05 1.7735E+05 9.2974E-051735 3102
 1.7789E+05 1.1074E-04 1.7844E+05 1.3500E-04 1.7899E+05 1.6945E-041735 3102
 1.7954E+05 2.2084E-04 1.7981E+05 2.5663E-04 1.8008E+05 3.0256E-041735 3102
 1.8036E+05 3.6285E-04 1.8063E+05 4.4404E-04 1.8090E+05 5.5676E-041735 3102
 1.8118E+05 7.1875E-04 1.8145E+05 9.6082E-04 1.8173E+05 1.3372E-031735 3102
 1.8227E+05 2.8783E-03 1.8282E+05 4.7226E-03 1.8315E+05 3.8296E-031735 3102
 1.8348E+05 2.4712E-03 1.8380E+05 1.5830E-03 1.8397E+05 1.2974E-031735 3102
 1.8413E+05 1.0842E-03 1.8446E+05 8.0278E-04 1.8479E+05 6.4116E-041735 3102
 1.8512E+05 5.5092E-04 1.8545E+05 5.0914E-04 1.8577E+05 5.0716E-041735 3102
 1.8610E+05 5.4702E-04 1.8643E+05 6.4373E-04 1.8676E+05 8.3660E-041735 3102
 1.8692E+05 9.9548E-04 1.8709E+05 1.2236E-03 1.8717E+05 1.3744E-031735 3102
 1.8725E+05 1.5581E-03 1.8733E+05 1.7826E-03 1.8741E+05 2.0580E-031735 3102
 1.8750E+05 2.3953E-03 1.8758E+05 2.8053E-03 1.8766E+05 3.2943E-031735 3102
 1.8774E+05 3.8555E-03 1.8791E+05 5.0218E-03 1.8807E+05 5.5998E-031735 3102
 1.8821E+05 5.1800E-03 1.8835E+05 4.2413E-03 1.8849E+05 3.2968E-031735 3102
 1.8863E+05 2.5659E-03 1.8877E+05 2.0571E-03 1.8891E+05 1.7213E-031735 3102
 1.8905E+05 1.5132E-03 1.8920E+05 1.4031E-03 1.8934E+05 1.3756E-031735 3102
 1.8948E+05 1.4277E-03 1.8962E+05 1.5664E-03 1.8976E+05 1.8056E-031735 3102
 1.8990E+05 2.1562E-03 1.9004E+05 2.5927E-03 1.9018E+05 2.9963E-031735 3102
 1.9032E+05 3.1520E-03 1.9047E+05 2.9052E-03 1.9062E+05 2.3922E-031735 3102
 1.9077E+05 1.8657E-03 1.9093E+05 1.4420E-03 1.9108E+05 1.1297E-031735 3102
 1.9123E+05 9.0459E-04 1.9138E+05 7.4121E-04 1.9153E+05 6.2064E-041735 3102
 1.9183E+05 4.6023E-04 1.9214E+05 3.6257E-04 1.9244E+05 2.9945E-041735 3102
 1.9274E+05 2.5688E-04 1.9335E+05 2.0682E-04 1.9395E+05 1.8336E-041735 3102
 1.9456E+05 1.7620E-04 1.9516E+05 1.8206E-04 1.9577E+05 2.0156E-041735 3102
 1.9637E+05 2.3901E-04 1.9698E+05 3.0440E-04 1.9758E+05 4.1893E-041735 3102
 1.9788E+05 5.0724E-04 1.9819E+05 6.2790E-04 1.9849E+05 7.9421E-041735 3102
 1.9879E+05 1.0226E-03 1.9894E+05 1.1646E-03 1.9909E+05 1.3256E-031735 3102
 1.9924E+05 1.5027E-03 1.9940E+05 1.6882E-03 1.9970E+05 2.0221E-031735 3102
 2.0000E+05 2.1617E-03 2.0028E+05 2.0356E-03 2.0055E+05 1.7396E-031735 3102
 2.0082E+05 1.4025E-03 2.0110E+05 1.1047E-03 2.0165E+05 6.9068E-041735 3102
 2.0192E+05 5.5675E-04 2.0220E+05 4.5577E-04 2.0275E+05 3.1910E-041735 3102
 2.0329E+05 2.3493E-04 2.0384E+05 1.8011E-04 2.0439E+05 1.4264E-041735 3102
 2.0549E+05 9.6322E-05 2.0604E+05 8.1440E-05 2.0659E+05 6.9889E-051735 3102
 2.0769E+05 5.3360E-05 2.0879E+05 4.2302E-05 2.1098E+05 2.8801E-051735 3102
 2.1208E+05 2.4474E-05 2.1280E+05 2.2271E-05 2.1280E+05 2.3744E-031735 3102
 2.1500E+05 2.3500E-03 3.0000E+05 1.8500E-03 4.6500E+05 1.3900E-031735 3102
 7.0000E+05 1.1200E-03 1.0000E+06 9.8000E-04 1.5000E+06 8.8000E-041735 3102
 2.1500E+06 6.5000E-04 3.0000E+06 5.2000E-04 4.6500E+06 3.9000E-041735 3102
 7.0000E+06 4.1000E-04 1.0000E+07 4.6000E-04 1.2000E+07 5.6000E-041735 3102
 1.3000E+07 6.0000E-04 1.4000E+07 6.2000E-04 1.5000E+07 4.6000E-041735 3102
 1.6000E+07 4.5000E-04 1.7000E+07 4.3000E-04 1.8000E+07 4.1000E-041735 3102
 1.9000E+07 3.8000E-04 2.0000E+07 3.6000E-04                      1735 3102
                                                                  1735 3  0
