CL- 37N,G*   9.2560-01* SIGECN-MASGAM; RN - ---/SYS               1737 3402
                                                                  1737 3402
 1.70370+04 3.6648E+01          0          1          0          01737 3402
 3.0000E+02 5.4358E+06          0          0          1       12861737 3402
       1286          5                                            1737 3402
 1.0000E-05 2.3977E+00 1.1936E-05 2.1947E+00 1.3871E-05 2.0357E+001737 3402
 1.5807E-05 1.9071E+00 1.7743E-05 1.8000E+00 2.1615E-05 1.6309E+001737 3402
 2.5486E-05 1.5019E+00 3.3229E-05 1.3153E+00 3.7101E-05 1.2448E+001737 3402
 4.0972E-05 1.1846E+00 4.8715E-05 1.0863E+00 5.6458E-05 1.0091E+001737 3402
 6.4201E-05 9.4627E-01 7.1944E-05 8.9390E-01 8.7430E-05 8.1089E-011737 3402
 1.0292E-04 7.4739E-01 1.1840E-04 6.9679E-01 1.3389E-04 6.5526E-011737 3402
 1.6486E-04 5.9053E-01 1.9583E-04 5.4181E-01 2.2680E-04 5.0346E-011737 3402
 2.5778E-04 4.7225E-01 3.1972E-04 4.2403E-01 3.8166E-04 3.8811E-011737 3402
 4.4361E-04 3.5997E-01 5.0555E-04 3.3721E-01 6.2944E-04 3.0221E-011737 3402
 7.5333E-04 2.7624E-01 8.7722E-04 2.5600E-01 1.0011E-03 2.3963E-011737 3402
 1.2489E-03 2.1455E-01 1.4967E-03 1.9599E-01 1.7444E-03 1.8154E-011737 3402
 1.9922E-03 1.6987E-01 2.4878E-03 1.5202E-01 2.9833E-03 1.3882E-011737 3402
 3.4789E-03 1.2855E-01 3.9744E-03 1.2026E-01 4.9655E-03 1.0760E-011737 3402
 5.9566E-03 9.8238E-02 6.9477E-03 9.0962E-02 7.9388E-03 8.5095E-021737 3402
 9.9211E-03 7.6121E-02 1.1903E-02 6.9494E-02 1.3885E-02 6.4343E-021737 3402
 1.5868E-02 6.0190E-02 1.9832E-02 5.3839E-02 2.3796E-02 4.9150E-021737 3402
 2.5300E-02 4.7667E-02 2.7761E-02 4.5505E-02 3.1725E-02 4.2566E-021737 3402
 3.9654E-02 3.8073E-02 4.7583E-02 3.4758E-02 5.5512E-02 3.2178E-021737 3402
 6.3441E-02 3.0100E-02 7.9299E-02 2.6923E-02 9.5156E-02 2.4576E-021737 3402
 1.1101E-01 2.2753E-02 1.2687E-01 2.1283E-02 1.5859E-01 1.9036E-021737 3402
 1.9030E-01 1.7377E-02 2.2202E-01 1.6087E-02 2.5373E-01 1.5048E-021737 3402
 3.1716E-01 1.3458E-02 3.8059E-01 1.2284E-02 4.4403E-01 1.1372E-021737 3402
 5.0746E-01 1.0637E-02 6.3432E-01 9.5125E-03 7.6118E-01 8.6823E-031737 3402
 8.8804E-01 8.0370E-03 1.0149E+00 7.5168E-03 1.2686E+00 6.7211E-031737 3402
 1.5224E+00 6.1336E-03 1.7761E+00 5.6768E-03 2.0298E+00 5.3085E-031737 3402
 2.5372E+00 4.7450E-03 3.0447E+00 4.3290E-03 3.5521E+00 4.0052E-031737 3402
 4.0596E+00 3.7443E-03 5.0745E+00 3.3448E-03 6.0894E+00 3.0494E-031737 3402
 7.1043E+00 2.8198E-03 8.1191E+00 2.6343E-03 1.0149E+01 2.3503E-031737 3402
 1.2179E+01 2.1402E-03 1.4209E+01 1.9765E-03 1.6238E+01 1.8443E-031737 3402
 2.0298E+01 1.6414E-03 2.4357E+01 1.4910E-03 2.8417E+01 1.3736E-031737 3402
 3.2477E+01 1.2786E-03 4.0596E+01 1.1324E-03 4.8715E+01 1.0237E-031737 3402
 5.6834E+01 9.3866E-04 6.4953E+01 8.6960E-04 8.1191E+01 7.6307E-041737 3402
 9.7430E+01 6.8356E-04 1.1367E+02 6.2114E-04 1.2991E+02 5.7038E-041737 3402
 1.6238E+02 4.9197E-04 1.7862E+02 4.6077E-04 1.9486E+02 4.3343E-041737 3402
 2.2734E+02 3.8757E-04 2.5981E+02 3.5041E-04 2.9229E+02 3.1954E-041737 3402
 3.2477E+02 2.9341E-04 3.5724E+02 2.7097E-04 3.8972E+02 2.5144E-041737 3402
 4.5467E+02 2.1908E-04 5.1963E+02 1.9333E-04 5.8458E+02 1.7235E-041737 3402
 6.4953E+02 1.5493E-04 7.1448E+02 1.4027E-04 7.7944E+02 1.2778E-041737 3402
 8.4439E+02 1.1703E-04 9.0934E+02 1.0769E-04 9.7430E+02 9.9526E-051737 3402
 1.0393E+03 9.2340E-05 1.1692E+03 8.0323E-05 1.2991E+03 7.0732E-051737 3402
 1.4290E+03 6.2959E-05 1.5589E+03 5.6579E-05 1.6888E+03 5.1288E-051737 3402
 1.8187E+03 4.6862E-05 1.9486E+03 4.3133E-05 2.0785E+03 3.9974E-051737 3402
 2.3383E+03 3.4992E-05 2.4682E+03 3.3032E-05 2.5981E+03 3.1357E-051737 3402
 2.8579E+03 2.8714E-05 3.1178E+03 2.6835E-05 3.3776E+03 2.5573E-051737 3402
 3.6374E+03 2.4833E-05 3.8972E+03 2.4564E-05 4.1570E+03 2.4748E-051737 3402
 4.4168E+03 2.5395E-05 4.6766E+03 2.6549E-05 4.9364E+03 2.8292E-051737 3402
 5.1963E+03 3.0767E-05 5.4561E+03 3.4185E-05 5.7159E+03 3.8887E-051737 3402
 5.8458E+03 4.1882E-05 5.9757E+03 4.5425E-05 6.1056E+03 4.9646E-051737 3402
 6.2355E+03 5.4716E-05 6.3654E+03 6.0857E-05 6.4953E+03 6.8378E-051737 3402
 6.6252E+03 7.7716E-05 6.7551E+03 8.9485E-05 6.8201E+03 9.6551E-051737 3402
 6.8850E+03 1.0460E-04 6.9500E+03 1.1381E-04 7.0149E+03 1.2443E-041737 3402
 7.0799E+03 1.3677E-04 7.1448E+03 1.5119E-04 7.2098E+03 1.6822E-041737 3402
 7.2748E+03 1.8851E-04 7.3397E+03 2.1294E-04 7.4047E+03 2.4274E-041737 3402
 7.4696E+03 2.7961E-04 7.5346E+03 3.2597E-04 7.5670E+03 3.5377E-041737 3402
 7.5995E+03 3.8542E-04 7.6320E+03 4.2164E-04 7.6645E+03 4.6337E-041737 3402
 7.6970E+03 5.1179E-04 7.7294E+03 5.6840E-04 7.7619E+03 6.3520E-041737 3402
 7.7944E+03 7.1476E-04 7.8269E+03 8.1056E-04 7.8593E+03 9.2735E-041737 3402
 7.8756E+03 9.9559E-04 7.8918E+03 1.0717E-03 7.9080E+03 1.1571E-031737 3402
 7.9243E+03 1.2531E-03 7.9405E+03 1.3618E-03 7.9568E+03 1.4854E-031737 3402
 7.9730E+03 1.6266E-03 7.9892E+03 1.7893E-03 8.0055E+03 1.9779E-031737 3402
 8.0217E+03 2.1978E-03 8.0380E+03 2.4568E-03 8.0542E+03 2.7646E-031737 3402
 8.0623E+03 2.9406E-03 8.0704E+03 3.1341E-03 8.0785E+03 3.3472E-031737 3402
 8.0867E+03 3.5829E-03 8.0948E+03 3.8442E-03 8.1029E+03 4.1352E-031737 3402
 8.1110E+03 4.4602E-03 8.1191E+03 4.8249E-03 8.1273E+03 5.2359E-031737 3402
 8.1354E+03 5.7014E-03 8.1435E+03 6.2311E-03 8.1516E+03 6.8372E-031737 3402
 8.1597E+03 7.5351E-03 8.1679E+03 8.3437E-03 8.1760E+03 9.2872E-031737 3402
 8.1841E+03 1.0396E-02 8.1922E+03 1.1711E-02 8.2003E+03 1.3284E-021737 3402
 8.2085E+03 1.5185E-02 8.2166E+03 1.7506E-02 8.2206E+03 1.8862E-021737 3402
 8.2247E+03 2.0372E-02 8.2288E+03 2.2061E-02 8.2328E+03 2.3956E-021737 3402
 8.2369E+03 2.6088E-02 8.2409E+03 2.8494E-02 8.2450E+03 3.1219E-021737 3402
 8.2490E+03 3.4313E-02 8.2531E+03 3.7838E-02 8.2572E+03 4.1861E-021737 3402
 8.2612E+03 4.6462E-02 8.2653E+03 5.1728E-02 8.2693E+03 5.7749E-021737 3402
 8.2734E+03 6.4619E-02 8.2775E+03 7.2413E-02 8.2815E+03 8.1174E-021737 3402
 8.2896E+03 1.0137E-01 8.2978E+03 1.2326E-01 8.3018E+03 1.3331E-011737 3402
 8.3059E+03 1.4155E-01 8.3099E+03 1.4693E-01 8.3140E+03 1.4876E-011737 3402
 8.3179E+03 1.4686E-01 8.3218E+03 1.4163E-01 8.3258E+03 1.3374E-011737 3402
 8.3297E+03 1.2409E-01 8.3375E+03 1.0293E-01 8.3453E+03 8.3105E-021737 3402
 8.3493E+03 7.4406E-02 8.3532E+03 6.6613E-02 8.3571E+03 5.9702E-021737 3402
 8.3610E+03 5.3609E-02 8.3650E+03 4.8255E-02 8.3689E+03 4.3557E-021737 3402
 8.3728E+03 3.9433E-02 8.3767E+03 3.5807E-02 8.3845E+03 2.9796E-021737 3402
 8.3885E+03 2.7302E-02 8.3924E+03 2.5087E-02 8.4002E+03 2.1355E-021737 3402
 8.4080E+03 1.8362E-02 8.4159E+03 1.5933E-02 8.4237E+03 1.3940E-021737 3402
 8.4316E+03 1.2288E-02 8.4394E+03 1.0907E-02 8.4472E+03 9.7398E-031737 3402
 8.4551E+03 8.7467E-03 8.4629E+03 7.8953E-03 8.4708E+03 7.1603E-031737 3402
 8.4786E+03 6.5217E-03 8.4864E+03 5.9634E-03 8.4943E+03 5.4729E-031737 3402
 8.5021E+03 5.0398E-03 8.5178E+03 4.3128E-03 8.5335E+03 3.7309E-031737 3402
 8.5491E+03 3.2583E-03 8.5648E+03 2.8694E-03 8.5805E+03 2.5455E-031737 3402
 8.5962E+03 2.2731E-03 8.6118E+03 2.0419E-03 8.6275E+03 1.8439E-031737 3402
 8.6432E+03 1.6733E-03 8.6589E+03 1.5251E-03 8.6745E+03 1.3956E-031737 3402
 8.6902E+03 1.2819E-03 8.7216E+03 1.0922E-03 8.7529E+03 9.4145E-041737 3402
 8.7843E+03 8.1973E-04 8.8156E+03 7.2006E-04 8.8470E+03 6.3742E-041737 3402
 8.8783E+03 5.6816E-04 8.9097E+03 5.0955E-04 8.9410E+03 4.5951E-041737 3402
 8.9724E+03 4.1646E-04 9.0037E+03 3.7917E-04 9.0351E+03 3.4664E-041737 3402
 9.0664E+03 3.1811E-04 9.1291E+03 2.7065E-04 9.1918E+03 2.3303E-041737 3402
 9.2545E+03 2.0273E-04 9.3173E+03 1.7797E-04 9.3800E+03 1.5747E-041737 3402
 9.4427E+03 1.4032E-04 9.5054E+03 1.2582E-04 9.5681E+03 1.1347E-041737 3402
 9.6308E+03 1.0286E-04 9.6935E+03 9.3674E-05 9.7562E+03 8.5676E-051737 3402
 9.8189E+03 7.8669E-05 9.9443E+03 6.7033E-05 1.0070E+04 5.7831E-051737 3402
 1.0195E+04 5.0436E-05 1.0321E+04 4.4407E-05 1.0446E+04 3.9429E-051737 3402
 1.0571E+04 3.5278E-05 1.0697E+04 3.1776E-05 1.0822E+04 2.8804E-051737 3402
 1.0948E+04 2.6257E-05 1.1073E+04 2.4064E-05 1.1198E+04 2.2162E-051737 3402
 1.1324E+04 2.0504E-05 1.1575E+04 1.7777E-05 1.1825E+04 1.5660E-051737 3402
 1.2076E+04 1.3999E-05 1.2327E+04 1.2693E-05 1.2578E+04 1.1673E-051737 3402
 1.2829E+04 1.0891E-05 1.3079E+04 1.0318E-05 1.3330E+04 9.9421E-061737 3402
 1.3581E+04 9.7643E-06 1.3832E+04 9.8067E-06 1.4083E+04 1.0118E-051737 3402
 1.4334E+04 1.0793E-05 1.4459E+04 1.1317E-05 1.4584E+04 1.2009E-051737 3402
 1.4710E+04 1.2916E-05 1.4835E+04 1.4111E-05 1.4961E+04 1.5698E-051737 3402
 1.5086E+04 1.7839E-05 1.5149E+04 1.9191E-05 1.5211E+04 2.0787E-051737 3402
 1.5274E+04 2.2687E-05 1.5337E+04 2.4968E-05 1.5400E+04 2.7736E-051737 3402
 1.5462E+04 3.1133E-05 1.5525E+04 3.5361E-05 1.5588E+04 4.0708E-051737 3402
 1.5619E+04 4.3927E-05 1.5650E+04 4.7600E-05 1.5682E+04 5.1814E-051737 3402
 1.5713E+04 5.6683E-05 1.5744E+04 6.2346E-05 1.5776E+04 6.8985E-051737 3402
 1.5807E+04 7.6839E-05 1.5838E+04 8.6218E-05 1.5870E+04 9.7544E-051737 3402
 1.5901E+04 1.1139E-04 1.5932E+04 1.2857E-04 1.5964E+04 1.5023E-041737 3402
 1.5980E+04 1.6326E-04 1.5995E+04 1.7808E-04 1.6011E+04 1.9510E-041737 3402
 1.6027E+04 2.1473E-04 1.6042E+04 2.3753E-04 1.6058E+04 2.6427E-041737 3402
 1.6074E+04 2.9585E-04 1.6089E+04 3.3355E-04 1.6105E+04 3.7904E-041737 3402
 1.6121E+04 4.3463E-04 1.6136E+04 5.0354E-04 1.6152E+04 5.9038E-041737 3402
 1.6160E+04 6.4255E-04 1.6168E+04 7.0197E-04 1.6175E+04 7.7008E-041737 3402
 1.6183E+04 8.4865E-04 1.6191E+04 9.3994E-04 1.6199E+04 1.0468E-031737 3402
 1.6207E+04 1.1731E-03 1.6215E+04 1.3237E-03 1.6222E+04 1.5055E-031737 3402
 1.6230E+04 1.7273E-03 1.6238E+04 2.0021E-03 1.6246E+04 2.3481E-031737 3402
 1.6250E+04 2.5557E-03 1.6254E+04 2.7923E-03 1.6258E+04 3.0630E-031737 3402
 1.6262E+04 3.3752E-03 1.6266E+04 3.7374E-03 1.6270E+04 4.1613E-031737 3402
 1.6273E+04 4.6615E-03 1.6277E+04 5.2570E-03 1.6281E+04 5.9742E-031737 3402
 1.6285E+04 6.8481E-03 1.6289E+04 7.9279E-03 1.6293E+04 9.2831E-031737 3402
 1.6295E+04 1.0094E-02 1.6297E+04 1.1016E-02 1.6299E+04 1.2068E-021737 3402
 1.6301E+04 1.3278E-02 1.6303E+04 1.4678E-02 1.6305E+04 1.6308E-021737 3402
 1.6307E+04 1.8223E-02 1.6309E+04 2.0493E-02 1.6311E+04 2.3206E-021737 3402
 1.6313E+04 2.6488E-02 1.6315E+04 3.0505E-02 1.6317E+04 3.5487E-021737 3402
 1.6318E+04 3.8437E-02 1.6318E+04 4.1760E-02 1.6319E+04 4.5522E-021737 3402
 1.6320E+04 4.9798E-02 1.6321E+04 5.4684E-02 1.6322E+04 6.0298E-021737 3402
 1.6323E+04 6.6782E-02 1.6324E+04 7.4317E-02 1.6325E+04 8.3127E-021737 3402
 1.6326E+04 9.3496E-02 1.6327E+04 1.0578E-01 1.6328E+04 1.2043E-011737 3402
 1.6329E+04 1.3802E-01 1.6330E+04 1.5924E-01 1.6331E+04 1.8496E-011737 3402
 1.6332E+04 2.1626E-01 1.6333E+04 2.5416E-01 1.6334E+04 2.9970E-011737 3402
 1.6335E+04 3.5323E-01 1.6336E+04 4.1369E-01 1.6337E+04 4.7720E-011737 3402
 1.6338E+04 5.3594E-01 1.6339E+04 5.6006E-01 1.6339E+04 5.7866E-011737 3402
 1.6340E+04 5.9039E-01 1.6340E+04 5.9439E-01 1.6344E+04 3.8456E-011737 3402
 1.6349E+04 1.8687E-01 1.6351E+04 1.3488E-01 1.6353E+04 1.0065E-011737 3402
 1.6355E+04 7.7438E-02 1.6358E+04 6.1164E-02 1.6362E+04 4.0658E-021737 3402
 1.6364E+04 3.4008E-02 1.6366E+04 2.8843E-02 1.6371E+04 2.1471E-021737 3402
 1.6375E+04 1.6583E-02 1.6384E+04 1.0725E-02 1.6388E+04 8.8936E-031737 3402
 1.6393E+04 7.4927E-03 1.6401E+04 5.5259E-03 1.6410E+04 4.2421E-031737 3402
 1.6428E+04 2.7249E-03 1.6436E+04 2.2551E-03 1.6445E+04 1.8972E-031737 3402
 1.6463E+04 1.3969E-03 1.6480E+04 1.0716E-03 1.6515E+04 6.8849E-041737 3402
 1.6533E+04 5.7012E-04 1.6550E+04 4.8004E-04 1.6585E+04 3.5422E-041737 3402
 1.6620E+04 2.7247E-04 1.6690E+04 1.7623E-04 1.6725E+04 1.4651E-041737 3402
 1.6760E+04 1.2388E-04 1.6830E+04 9.2277E-05 1.6900E+04 7.1733E-051737 3402
 1.7040E+04 4.7526E-05 1.7110E+04 4.0041E-05 1.7180E+04 3.4340E-051737 3402
 1.7320E+04 2.6367E-05 1.7460E+04 2.1181E-05 1.7740E+04 1.5068E-051737 3402
 1.7880E+04 1.3181E-05 1.8020E+04 1.1749E-05 1.8300E+04 9.7643E-061737 3402
 1.8580E+04 8.5052E-06 1.9140E+04 7.1377E-06 1.9700E+04 6.5984E-061737 3402
 2.0260E+04 6.5610E-06 2.0820E+04 6.9453E-06 2.1380E+04 7.8116E-061737 3402
 2.1940E+04 9.3769E-06 2.2220E+04 1.0563E-05 2.2500E+04 1.2156E-051737 3402
 2.2780E+04 1.4340E-05 2.3060E+04 1.7419E-05 2.3340E+04 2.1928E-051737 3402
 2.3620E+04 2.8882E-05 2.3760E+04 3.3863E-05 2.3900E+04 4.0403E-051737 3402
 2.4040E+04 4.9228E-05 2.4180E+04 6.1534E-05 2.4320E+04 7.9432E-051737 3402
 2.4460E+04 1.0689E-04 2.4530E+04 1.2648E-04 2.4600E+04 1.5215E-041737 3402
 2.4670E+04 1.8668E-04 2.4740E+04 2.3463E-04 2.4810E+04 3.0398E-041737 3402
 2.4880E+04 4.0949E-04 2.4915E+04 4.8413E-04 2.4950E+04 5.8107E-041737 3402
 2.4985E+04 7.0999E-04 2.5020E+04 8.8634E-04 2.5055E+04 1.1358E-031737 3402
 2.5090E+04 1.5031E-03 2.5108E+04 1.7544E-03 2.5125E+04 2.0708E-031737 3402
 2.5143E+04 2.4747E-03 2.5160E+04 2.9986E-03 2.5178E+04 3.6881E-031737 3402
 2.5195E+04 4.6066E-03 2.5213E+04 5.8370E-03 2.5230E+04 7.4704E-031737 3402
 2.5265E+04 1.1916E-02 2.5300E+04 1.4847E-02 2.5339E+04 1.1308E-021737 3402
 2.5359E+04 8.7191E-03 2.5378E+04 6.6036E-03 2.5398E+04 5.0335E-031737 3402
 2.5417E+04 3.9001E-03 2.5437E+04 3.0803E-03 2.5457E+04 2.4790E-031737 3402
 2.5496E+04 1.6880E-03 2.5515E+04 1.4232E-03 2.5535E+04 1.2145E-031737 3402
 2.5574E+04 9.1213E-04 2.5613E+04 7.0861E-04 2.5691E+04 4.6167E-041737 3402
 2.5731E+04 3.8376E-04 2.5770E+04 3.2397E-04 2.5848E+04 2.3973E-041737 3402
 2.5926E+04 1.8460E-04 2.6083E+04 1.1938E-04 2.6161E+04 9.9209E-051737 3402
 2.6239E+04 8.3878E-05 2.6396E+04 6.2580E-05 2.6553E+04 4.8960E-051737 3402
 2.6709E+04 3.9937E-05 2.6866E+04 3.3976E-05 2.7022E+04 3.0414E-051737 3402
 2.7179E+04 2.9359E-05 2.7257E+04 3.0157E-05 2.7335E+04 3.2433E-051737 3402
 2.7414E+04 3.7296E-05 2.7492E+04 4.7445E-05 2.7531E+04 5.6518E-051737 3402
 2.7570E+04 7.0807E-05 2.7590E+04 8.1164E-05 2.7609E+04 9.4862E-051737 3402
 2.7629E+04 1.1346E-04 2.7648E+04 1.3957E-04 2.7668E+04 1.7775E-041737 3402
 2.7688E+04 2.3670E-04 2.7697E+04 2.7898E-04 2.7707E+04 3.3461E-041737 3402
 2.7717E+04 4.0981E-04 2.7727E+04 5.1499E-04 2.7737E+04 6.6835E-041737 3402
 2.7746E+04 9.0458E-04 2.7751E+04 1.0737E-03 2.7756E+04 1.2961E-031737 3402
 2.7761E+04 1.5963E-03 2.7766E+04 2.0156E-03 2.7771E+04 2.6263E-031737 3402
 2.7776E+04 3.5648E-03 2.7778E+04 4.2354E-03 2.7781E+04 5.1151E-031737 3402
 2.7783E+04 6.3000E-03 2.7785E+04 7.9491E-03 2.7788E+04 1.0338E-021737 3402
 2.7790E+04 1.3983E-02 2.7792E+04 1.6569E-02 2.7793E+04 1.9935E-021737 3402
 2.7794E+04 2.4426E-02 2.7795E+04 3.0592E-02 2.7796E+04 3.9361E-021737 3402
 2.7798E+04 5.2375E-02 2.7798E+04 6.1347E-02 2.7799E+04 7.2722E-021737 3402
 2.7800E+04 8.7381E-02 2.7800E+04 1.0661E-01 2.7801E+04 1.3230E-011737 3402
 2.7801E+04 1.6723E-01 2.7802E+04 2.1532E-01 2.7803E+04 2.8158E-011737 3402
 2.7804E+04 4.7752E-01 2.7805E+04 6.2168E-01 2.7806E+04 4.9106E-011737 3402
 2.7807E+04 3.0125E-01 2.7808E+04 2.3354E-01 2.7808E+04 1.8321E-011737 3402
 2.7809E+04 1.4603E-01 2.7810E+04 1.1831E-01 2.7811E+04 8.1300E-021737 3402
 2.7811E+04 6.8753E-02 2.7812E+04 5.8813E-02 2.7813E+04 4.4326E-021737 3402
 2.7814E+04 3.4518E-02 2.7817E+04 2.2547E-02 2.7818E+04 1.8755E-021737 3402
 2.7819E+04 1.5838E-02 2.7821E+04 1.1718E-02 2.7823E+04 9.0151E-031737 3402
 2.7828E+04 5.8048E-03 2.7830E+04 4.8074E-03 2.7833E+04 4.0467E-031737 3402
 2.7837E+04 2.9817E-03 2.7842E+04 2.2885E-03 2.7851E+04 1.4711E-031737 3402
 2.7856E+04 1.2185E-03 2.7860E+04 1.0262E-03 2.7869E+04 7.5755E-041737 3402
 2.7879E+04 5.8303E-04 2.7897E+04 3.7756E-04 2.7906E+04 3.1411E-041737 3402
 2.7915E+04 2.6582E-04 2.7934E+04 1.9835E-04 2.7952E+04 1.5451E-041737 3402
 2.7989E+04 1.0281E-04 2.8007E+04 8.6803E-05 2.8025E+04 7.4599E-051737 3402
 2.8062E+04 5.7490E-05 2.8099E+04 4.6304E-05 2.8172E+04 3.2968E-051737 3402
 2.8246E+04 2.5545E-05 2.8319E+04 2.0929E-05 2.8393E+04 1.7821E-051737 3402
 2.8540E+04 1.3937E-05 2.8687E+04 1.1610E-05 2.8833E+04 1.0051E-051737 3402
 2.8980E+04 8.9223E-06 2.9568E+04 6.3528E-06 2.9862E+04 5.6172E-061737 3402
 3.0156E+04 5.0626E-06 3.1331E+04 3.7848E-06 3.2506E+04 3.2218E-061737 3402
 3.3682E+04 2.9916E-06 3.4857E+04 2.9690E-06 3.6032E+04 3.1166E-061737 3402
 3.7208E+04 3.4445E-06 3.8383E+04 4.0090E-06 3.9558E+04 4.9397E-061737 3402
 4.0146E+04 5.6204E-06 4.0733E+04 6.5203E-06 4.1321E+04 7.7379E-061737 3402
 4.1909E+04 9.4364E-06 4.2496E+04 1.1903E-05 4.3084E+04 1.5680E-051737 3402
 4.3378E+04 1.8372E-05 4.3672E+04 2.1896E-05 4.3966E+04 2.6639E-051737 3402
 4.4259E+04 3.3236E-05 4.4553E+04 4.2803E-05 4.4847E+04 5.7435E-051737 3402
 4.4994E+04 6.7847E-05 4.5141E+04 8.1462E-05 4.5288E+04 9.9727E-051737 3402
 4.5435E+04 1.2502E-04 4.5582E+04 1.6143E-04 4.5729E+04 2.1648E-041737 3402
 4.5802E+04 2.5515E-04 4.5875E+04 3.0509E-04 4.5949E+04 3.7098E-041737 3402
 4.6022E+04 4.6016E-04 4.6096E+04 5.8446E-04 4.6169E+04 7.6368E-041737 3402
 4.6206E+04 8.8375E-04 4.6243E+04 1.0321E-03 4.6279E+04 1.2170E-031737 3402
 4.6316E+04 1.4497E-03 4.6353E+04 1.7443E-03 4.6390E+04 2.1173E-031737 3402
 4.6426E+04 2.5853E-03 4.6463E+04 3.1564E-03 4.6537E+04 4.4731E-031737 3402
 4.6610E+04 5.1886E-03 4.6736E+04 3.4926E-03 4.6800E+04 2.4826E-031737 3402
 4.6863E+04 1.7674E-03 4.6926E+04 1.2898E-03 4.6989E+04 9.6966E-041737 3402
 4.7052E+04 7.4981E-04 4.7116E+04 5.9441E-04 4.7242E+04 3.9713E-041737 3402
 4.7305E+04 3.3282E-04 4.7368E+04 2.8274E-04 4.7495E+04 2.1114E-041737 3402
 4.7621E+04 1.6356E-04 4.7874E+04 1.0654E-04 4.8001E+04 8.8731E-051737 3402
 4.8127E+04 7.5126E-05 4.8380E+04 5.6085E-05 4.8633E+04 4.3738E-051737 3402
 4.9138E+04 2.9377E-05 4.9391E+04 2.5061E-05 4.9644E+04 2.1875E-051737 3402
 5.0149E+04 1.7747E-05 5.0655E+04 1.5594E-05 5.1161E+04 1.4861E-051737 3402
 5.1666E+04 1.5458E-05 5.2172E+04 1.7760E-05 5.2678E+04 2.2974E-051737 3402
 5.2930E+04 2.7600E-05 5.3183E+04 3.4712E-05 5.3310E+04 3.9743E-051737 3402
 5.3436E+04 4.6260E-05 5.3562E+04 5.4902E-05 5.3689E+04 6.6699E-051737 3402
 5.3815E+04 8.3416E-05 5.3942E+04 1.0829E-04 5.4005E+04 1.2561E-041737 3402
 5.4068E+04 1.4788E-04 5.4131E+04 1.7726E-04 5.4194E+04 2.1726E-041737 3402
 5.4258E+04 2.7390E-04 5.4321E+04 3.5834E-04 5.4352E+04 4.1727E-041737 3402
 5.4384E+04 4.9314E-04 5.4416E+04 5.9334E-04 5.4447E+04 7.2972E-041737 3402
 5.4479E+04 9.2226E-04 5.4510E+04 1.2066E-03 5.4526E+04 1.4024E-031737 3402
 5.4542E+04 1.6508E-03 5.4558E+04 1.9720E-03 5.4574E+04 2.3955E-031737 3402
 5.4589E+04 2.9662E-03 5.4605E+04 3.7525E-03 5.4621E+04 4.8576E-031737 3402
 5.4637E+04 6.4261E-03 5.4668E+04 1.1415E-02 5.4700E+04 1.5477E-021737 3402
 5.4728E+04 1.2111E-02 5.4742E+04 9.5493E-03 5.4756E+04 7.4028E-031737 3402
 5.4770E+04 5.7820E-03 5.4784E+04 4.6014E-03 5.4798E+04 3.7468E-031737 3402
 5.4813E+04 3.1248E-03 5.4841E+04 2.3316E-03 5.4869E+04 1.9023E-031737 3402
 5.4897E+04 1.6905E-03 5.4925E+04 1.6323E-03 5.4953E+04 1.7106E-031737 3402
 5.4967E+04 1.8052E-03 5.4981E+04 1.9440E-03 5.4995E+04 2.1364E-031737 3402
 5.5009E+04 2.3967E-03 5.5023E+04 2.7452E-03 5.5038E+04 3.2116E-031737 3402
 5.5045E+04 3.5017E-03 5.5052E+04 3.8385E-03 5.5059E+04 4.2299E-031737 3402
 5.5066E+04 4.6855E-03 5.5073E+04 5.2149E-03 5.5080E+04 5.8300E-031737 3402
 5.5087E+04 6.5411E-03 5.5094E+04 7.3571E-03 5.5122E+04 1.1525E-021737 3402
 5.5150E+04 1.4273E-02 5.5161E+04 1.3736E-02 5.5172E+04 1.2364E-021737 3402
 5.5183E+04 1.0609E-02 5.5195E+04 8.8564E-03 5.5217E+04 6.0342E-031737 3402
 5.5239E+04 4.1906E-03 5.5261E+04 3.0223E-03 5.5284E+04 2.2643E-031737 3402
 5.5306E+04 1.7539E-03 5.5328E+04 1.3971E-03 5.5373E+04 9.4758E-041737 3402
 5.5395E+04 8.0117E-04 5.5417E+04 6.8692E-04 5.5462E+04 5.2261E-041737 3402
 5.5506E+04 4.1232E-04 5.5595E+04 2.7754E-04 5.5640E+04 2.3445E-041737 3402
 5.5684E+04 2.0101E-04 5.5773E+04 1.5311E-04 5.5863E+04 1.2100E-041737 3402
 5.6041E+04 8.1701E-05 5.6130E+04 6.9101E-05 5.6219E+04 5.9314E-051737 3402
 5.6397E+04 4.5271E-05 5.6575E+04 3.5851E-05 5.6931E+04 2.4337E-051737 3402
 5.7109E+04 2.0654E-05 5.7288E+04 1.7798E-05 5.7644E+04 1.3716E-051737 3402
 5.8000E+04 1.0989E-05 5.8713E+04 7.6789E-06 5.9069E+04 6.6298E-061737 3402
 5.9425E+04 5.8230E-06 6.0138E+04 4.6914E-06 6.0850E+04 3.9740E-061737 3402
 6.1563E+04 3.5280E-06 6.2275E+04 3.2954E-06 6.2988E+04 3.2823E-061737 3402
 6.3700E+04 3.5891E-06 6.4056E+04 3.9522E-06 6.4413E+04 4.5729E-061737 3402
 6.4769E+04 5.6610E-06 6.5125E+04 7.7131E-06 6.5303E+04 9.4636E-061737 3402
 6.5481E+04 1.2148E-05 6.5570E+04 1.4058E-05 6.5659E+04 1.6552E-051737 3402
 6.5748E+04 1.9894E-05 6.5838E+04 2.4515E-05 6.5927E+04 3.1162E-051737 3402
 6.6016E+04 4.1229E-05 6.6060E+04 4.8335E-05 6.6105E+04 5.7563E-051737 3402
 6.6149E+04 6.9866E-05 6.6194E+04 8.6794E-05 6.6238E+04 1.1104E-041737 3402
 6.6283E+04 1.4759E-04 6.6305E+04 1.7333E-04 6.6327E+04 2.0669E-041737 3402
 6.6350E+04 2.5107E-04 6.6372E+04 3.1205E-04 6.6394E+04 3.9914E-041737 3402
 6.6416E+04 5.3001E-04 6.6428E+04 6.2172E-04 6.6439E+04 7.4008E-041737 3402
 6.6450E+04 8.9646E-04 6.6461E+04 1.1090E-03 6.6472E+04 1.4076E-031737 3402
 6.6483E+04 1.8441E-03 6.6494E+04 2.5139E-03 6.6506E+04 3.5996E-031737 3402
 6.6511E+04 4.4004E-03 6.6517E+04 5.4601E-03 6.6522E+04 6.8694E-031737 3402
 6.6528E+04 8.7220E-03 6.6539E+04 1.3673E-02 6.6550E+04 1.6894E-021737 3402
 6.6569E+04 1.0225E-02 6.6588E+04 4.8441E-03 6.6597E+04 3.5817E-031737 3402
 6.6606E+04 2.8082E-03 6.6616E+04 2.3359E-03 6.6625E+04 2.0637E-031737 3402
 6.6634E+04 1.9404E-03 6.6644E+04 1.9454E-03 6.6653E+04 2.0792E-031737 3402
 6.6663E+04 2.3570E-03 6.6681E+04 3.3614E-03 6.6700E+04 4.1105E-031737 3402
 6.6726E+04 2.6574E-03 6.6752E+04 1.3540E-03 6.6764E+04 1.0095E-031737 3402
 6.6777E+04 7.7963E-04 6.6790E+04 6.2077E-04 6.6803E+04 5.0704E-041737 3402
 6.6829E+04 3.5896E-04 6.6855E+04 2.6945E-04 6.6880E+04 2.1089E-041737 3402
 6.6906E+04 1.7029E-04 6.6957E+04 1.1870E-04 6.7009E+04 8.8093E-051737 3402
 6.7060E+04 6.8302E-05 6.7112E+04 5.4704E-05 6.7215E+04 3.7645E-051737 3402
 6.7266E+04 3.2069E-05 6.7318E+04 2.7698E-05 6.7421E+04 2.1371E-051737 3402
 6.7524E+04 1.7088E-05 6.7730E+04 1.1817E-05 6.7833E+04 1.0123E-051737 3402
 6.7936E+04 8.8087E-06 6.8142E+04 6.9269E-06 6.8348E+04 5.6693E-061737 3402
 6.8759E+04 4.1401E-06 6.9171E+04 3.2767E-06 6.9583E+04 2.7390E-061737 3402
 6.9995E+04 2.3802E-06 7.0819E+04 1.9443E-06 7.1643E+04 1.7001E-061737 3402
 7.2466E+04 1.5528E-06 7.3290E+04 1.4615E-06 7.4938E+04 1.3777E-061737 3402
 7.6585E+04 1.3800E-06 7.8233E+04 1.4509E-06 7.9880E+04 1.5966E-061737 3402
 8.1528E+04 1.8428E-06 8.3175E+04 2.2474E-06 8.3999E+04 2.5438E-061737 3402
 8.4823E+04 2.9365E-06 8.5646E+04 3.4686E-06 8.6470E+04 4.2126E-061737 3402
 8.7294E+04 5.2944E-06 8.8118E+04 6.9512E-06 8.8529E+04 8.1304E-061737 3402
 8.8941E+04 9.6717E-06 8.9353E+04 1.1738E-05 8.9765E+04 1.4598E-051737 3402
 9.0177E+04 1.8708E-05 9.0589E+04 2.4907E-05 9.0795E+04 2.9254E-051737 3402
 9.1001E+04 3.4857E-05 9.1207E+04 4.2227E-05 9.1413E+04 5.2170E-051737 3402
 9.1618E+04 6.5961E-05 9.1824E+04 8.5713E-05 9.2030E+04 1.1500E-041737 3402
 9.2236E+04 1.5991E-04 9.2339E+04 1.9108E-04 9.2442E+04 2.2999E-041737 3402
 9.2545E+04 2.7795E-04 9.2648E+04 3.3517E-04 9.2854E+04 4.6187E-041737 3402
 9.3060E+04 5.2746E-04 9.3559E+04 2.8298E-04 9.3809E+04 1.7954E-041737 3402
 9.3933E+04 1.4511E-04 9.4058E+04 1.1884E-04 9.4308E+04 8.2903E-051737 3402
 9.4557E+04 6.0588E-05 9.4807E+04 4.6017E-05 9.5056E+04 3.6063E-051737 3402
 9.5555E+04 2.3828E-05 9.5805E+04 1.9932E-05 9.6054E+04 1.6931E-051737 3402
 9.6553E+04 1.2688E-05 9.7053E+04 9.9019E-06 9.8051E+04 6.6016E-061737 3402
 9.8550E+04 5.5814E-06 9.9049E+04 4.8070E-06 1.0005E+05 3.7331E-061737 3402
 1.0105E+05 3.0475E-06 1.0304E+05 2.2754E-06 1.0504E+05 1.9053E-061737 3402
 1.0703E+05 1.7397E-06 1.0903E+05 1.7017E-06 1.1103E+05 1.7643E-061737 3402
 1.1302E+05 1.9285E-06 1.1502E+05 2.2233E-06 1.1702E+05 2.7264E-061737 3402
 1.1801E+05 3.1106E-06 1.1901E+05 3.6453E-06 1.2001E+05 4.4327E-061737 3402
 1.2101E+05 5.6976E-06 1.2151E+05 6.6650E-06 1.2201E+05 8.0431E-061737 3402
 1.2251E+05 1.0151E-05 1.2300E+05 1.3726E-05 1.2325E+05 1.6596E-051737 3402
 1.2350E+05 2.0844E-05 1.2363E+05 2.3802E-05 1.2375E+05 2.7614E-051737 3402
 1.2388E+05 3.2662E-05 1.2400E+05 3.9571E-05 1.2413E+05 4.9407E-051737 3402
 1.2425E+05 6.4142E-05 1.2431E+05 7.4439E-05 1.2438E+05 8.7687E-051737 3402
 1.2444E+05 1.0512E-04 1.2450E+05 1.2866E-04 1.2456E+05 1.6141E-041737 3402
 1.2463E+05 2.0858E-04 1.2466E+05 2.4017E-04 1.2469E+05 2.7920E-041737 3402
 1.2472E+05 3.2791E-04 1.2475E+05 3.8922E-04 1.2478E+05 4.6692E-041737 3402
 1.2481E+05 5.6550E-04 1.2484E+05 6.8951E-04 1.2488E+05 8.4134E-041737 3402
 1.2494E+05 1.1940E-03 1.2500E+05 1.3886E-03 1.2504E+05 1.2944E-031737 3402
 1.2508E+05 1.0763E-03 1.2513E+05 8.4160E-04 1.2517E+05 6.4616E-041737 3402
 1.2521E+05 4.9903E-04 1.2525E+05 3.9176E-04 1.2529E+05 3.1367E-041737 3402
 1.2533E+05 2.5618E-04 1.2542E+05 1.8045E-04 1.2550E+05 1.3530E-041737 3402
 1.2558E+05 1.0682E-04 1.2567E+05 8.8074E-05 1.2583E+05 6.6668E-051737 3402
 1.2600E+05 5.6793E-05 1.2616E+05 5.3387E-05 1.2633E+05 5.4698E-051737 3402
 1.2650E+05 6.0653E-05 1.2666E+05 7.2665E-05 1.2675E+05 8.1973E-051737 3402
 1.2683E+05 9.4506E-05 1.2691E+05 1.1158E-04 1.2700E+05 1.3532E-041737 3402
 1.2708E+05 1.6927E-04 1.2716E+05 2.1961E-04 1.2720E+05 2.5421E-041737 3402
 1.2724E+05 2.9785E-04 1.2729E+05 3.5370E-04 1.2733E+05 4.2627E-041737 3402
 1.2737E+05 5.2196E-04 1.2741E+05 6.4974E-04 1.2745E+05 8.2144E-041737 3402
 1.2749E+05 1.0502E-03 1.2758E+05 1.6776E-03 1.2766E+05 2.0964E-031737 3402
 1.2778E+05 1.4177E-03 1.2783E+05 1.0112E-03 1.2789E+05 7.2292E-041737 3402
 1.2795E+05 5.3030E-04 1.2800E+05 4.0110E-04 1.2806E+05 3.1236E-041737 3402
 1.2812E+05 2.4958E-04 1.2823E+05 1.6988E-04 1.2829E+05 1.4388E-041737 3402
 1.2835E+05 1.2364E-04 1.2846E+05 9.4704E-05 1.2858E+05 7.5496E-051737 3402
 1.2881E+05 5.2538E-05 1.2892E+05 4.5415E-05 1.2904E+05 4.0011E-051737 3402
 1.2927E+05 3.2566E-05 1.2950E+05 2.7911E-05 1.2995E+05 2.3029E-051737 3402
 1.3041E+05 2.1301E-05 1.3087E+05 2.1406E-05 1.3133E+05 2.2939E-051737 3402
 1.3179E+05 2.5937E-05 1.3225E+05 3.0824E-05 1.3271E+05 3.8583E-051737 3402
 1.3317E+05 5.1401E-05 1.3339E+05 6.1166E-05 1.3362E+05 7.4824E-051737 3402
 1.3385E+05 9.5050E-05 1.3408E+05 1.2774E-04 1.3420E+05 1.5285E-041737 3402
 1.3431E+05 1.8863E-04 1.3443E+05 2.4324E-04 1.3454E+05 3.3480E-041737 3402
 1.3460E+05 4.0679E-04 1.3466E+05 5.1024E-04 1.3471E+05 6.6659E-041737 3402
 1.3477E+05 9.1698E-04 1.3480E+05 1.1003E-03 1.3483E+05 1.3421E-031737 3402
 1.3486E+05 1.6624E-03 1.3489E+05 2.0822E-03 1.3494E+05 3.2002E-031737 3402
 1.3500E+05 3.9274E-03 1.3508E+05 2.8396E-03 1.3515E+05 1.6222E-031737 3402
 1.3519E+05 1.2700E-03 1.3523E+05 1.0334E-03 1.3527E+05 8.7388E-041737 3402
 1.3531E+05 7.6549E-04 1.3538E+05 6.4290E-04 1.3546E+05 5.9404E-041737 3402
 1.3553E+05 5.8880E-04 1.3561E+05 6.1396E-04 1.3576E+05 7.3508E-041737 3402
 1.3592E+05 9.3417E-04 1.3607E+05 1.1653E-03 1.3622E+05 1.3086E-031737 3402
 1.3626E+05 1.3137E-03 1.3630E+05 1.3029E-03 1.3657E+05 9.4117E-041737 3402
 1.3684E+05 5.5530E-04 1.3698E+05 4.2876E-04 1.3712E+05 3.3689E-041737 3402
 1.3725E+05 2.6987E-04 1.3739E+05 2.2024E-04 1.3766E+05 1.5410E-041737 3402
 1.3793E+05 1.1389E-04 1.3820E+05 8.7922E-05 1.3848E+05 7.0330E-051737 3402
 1.3902E+05 4.8997E-05 1.3929E+05 4.2377E-05 1.3956E+05 3.7424E-051737 3402
 1.4011E+05 3.0934E-05 1.4065E+05 2.7566E-05 1.4119E+05 2.6531E-051737 3402
 1.4174E+05 2.7742E-05 1.4228E+05 3.1782E-05 1.4283E+05 4.0300E-051737 3402
 1.4310E+05 4.7306E-05 1.4337E+05 5.7161E-05 1.4364E+05 7.1081E-051737 3402
 1.4391E+05 9.0649E-05 1.4418E+05 1.1728E-04 1.4446E+05 1.5005E-041737 3402
 1.4473E+05 1.8102E-04 1.4500E+05 1.9409E-04 1.4588E+05 1.0768E-041737 3402
 1.4631E+05 7.0149E-05 1.4653E+05 5.7481E-05 1.4675E+05 4.7744E-051737 3402
 1.4719E+05 3.4298E-05 1.4763E+05 2.5849E-05 1.4806E+05 2.0271E-051737 3402
 1.4850E+05 1.6421E-05 1.4938E+05 1.1626E-05 1.5025E+05 8.8894E-061737 3402
 1.5113E+05 7.2149E-06 1.5200E+05 6.1648E-06 1.5288E+05 5.5396E-061737 3402
 1.5375E+05 5.2684E-06 1.5463E+05 5.3900E-06 1.5550E+05 6.1266E-061737 3402
 1.5594E+05 6.9141E-06 1.5638E+05 8.2264E-06 1.5659E+05 9.2009E-061737 3402
 1.5681E+05 1.0504E-05 1.5703E+05 1.2286E-05 1.5725E+05 1.4797E-051737 3402
 1.5747E+05 1.8474E-05 1.5769E+05 2.4143E-05 1.5780E+05 2.8194E-051737 3402
 1.5791E+05 3.3503E-05 1.5802E+05 4.0642E-05 1.5813E+05 5.0544E-051737 3402
 1.5823E+05 6.4821E-05 1.5834E+05 8.6428E-05 1.5840E+05 1.0162E-041737 3402
 1.5845E+05 1.2124E-04 1.5851E+05 1.4714E-04 1.5856E+05 1.8220E-041737 3402
 1.5862E+05 2.3106E-04 1.5867E+05 3.0150E-04 1.5870E+05 3.4869E-041737 3402
 1.5873E+05 4.0695E-04 1.5875E+05 4.7959E-04 1.5878E+05 5.7092E-041737 3402
 1.5881E+05 6.8643E-04 1.5884E+05 8.3263E-04 1.5886E+05 1.0159E-031737 3402
 1.5889E+05 1.2394E-03 1.5895E+05 1.7537E-03 1.5900E+05 2.0351E-031737 3402
 1.5904E+05 1.8655E-03 1.5908E+05 1.4932E-03 1.5912E+05 1.1208E-031737 3402
 1.5916E+05 8.3102E-04 1.5921E+05 6.2391E-04 1.5925E+05 4.7843E-041737 3402
 1.5929E+05 3.7524E-04 1.5933E+05 3.0060E-04 1.5941E+05 2.0376E-041737 3402
 1.5945E+05 1.7165E-04 1.5949E+05 1.4648E-04 1.5957E+05 1.1017E-041737 3402
 1.5966E+05 8.5845E-05 1.5982E+05 5.6437E-05 1.5990E+05 4.7183E-051737 3402
 1.5998E+05 4.0083E-05 1.6015E+05 3.0086E-05 1.6031E+05 2.3539E-051737 3402
 1.6064E+05 1.5774E-05 1.6081E+05 1.3363E-05 1.6097E+05 1.1521E-051737 3402
 1.6130E+05 8.9391E-06 1.6163E+05 7.2535E-06 1.6228E+05 5.2559E-061737 3402
 1.6294E+05 4.1603E-06 1.6359E+05 3.4965E-06 1.6425E+05 3.0675E-061737 3402
 1.6556E+05 2.5824E-06 1.6688E+05 2.3647E-06 1.6819E+05 2.3064E-061737 3402
 1.6950E+05 2.3765E-06 1.7081E+05 2.5857E-06 1.7213E+05 2.9875E-061737 3402
 1.7344E+05 3.7126E-06 1.7475E+05 5.0800E-06 1.7541E+05 6.2379E-061737 3402
 1.7606E+05 7.9980E-06 1.7639E+05 9.2395E-06 1.7672E+05 1.0847E-051737 3402
 1.7705E+05 1.2976E-05 1.7738E+05 1.5871E-05 1.7770E+05 1.9936E-051737 3402
 1.7803E+05 2.5858E-05 1.7836E+05 3.4869E-05 1.7869E+05 4.9251E-051737 3402
 1.7885E+05 5.9667E-05 1.7902E+05 7.3201E-05 1.7918E+05 9.0753E-051737 3402
 1.7934E+05 1.1308E-04 1.7967E+05 1.6875E-04 1.8000E+05 2.0177E-041737 3402
 1.8020E+05 1.8722E-04 1.8041E+05 1.5434E-04 1.8061E+05 1.1958E-041737 3402
 1.8081E+05 9.1079E-05 1.8102E+05 6.9871E-05 1.8122E+05 5.4540E-051737 3402
 1.8142E+05 4.3439E-05 1.8163E+05 3.5296E-05 1.8203E+05 2.4599E-051737 3402
 1.8244E+05 1.8218E-05 1.8284E+05 1.4175E-05 1.8325E+05 1.1487E-051737 3402
 1.8406E+05 8.3276E-06 1.8447E+05 7.3908E-06 1.8488E+05 6.7187E-061737 3402
 1.8569E+05 5.9268E-06 1.8650E+05 5.6625E-06 1.8731E+05 5.8372E-061737 3402
 1.8813E+05 6.5037E-06 1.8894E+05 7.8995E-06 1.8975E+05 1.0670E-051737 3402
 1.9016E+05 1.3058E-05 1.9056E+05 1.6719E-05 1.9077E+05 1.9317E-051737 3402
 1.9097E+05 2.2699E-05 1.9117E+05 2.7209E-05 1.9138E+05 3.3394E-051737 3402
 1.9158E+05 4.2181E-05 1.9178E+05 5.5204E-05 1.9188E+05 6.4173E-051737 3402
 1.9198E+05 7.5538E-05 1.9209E+05 9.0176E-05 1.9219E+05 1.0936E-041737 3402
 1.9229E+05 1.3498E-04 1.9239E+05 1.6978E-04 1.9249E+05 2.1767E-041737 3402
 1.9259E+05 2.8360E-04 1.9280E+05 4.7802E-04 1.9300E+05 6.2021E-041737 3402
 1.9314E+05 5.4195E-04 1.9328E+05 3.9394E-04 1.9342E+05 2.7133E-041737 3402
 1.9356E+05 1.8959E-04 1.9370E+05 1.3719E-04 1.9384E+05 1.0302E-041737 3402
 1.9398E+05 8.0001E-05 1.9413E+05 6.3961E-05 1.9441E+05 4.3916E-051737 3402
 1.9455E+05 3.7481E-05 1.9469E+05 3.2522E-05 1.9497E+05 2.5550E-051737 3402
 1.9525E+05 2.1059E-05 1.9581E+05 1.6067E-05 1.9638E+05 1.3892E-051737 3402
 1.9694E+05 1.3302E-05 1.9750E+05 1.3897E-05 1.9806E+05 1.5694E-051737 3402
 1.9863E+05 1.9069E-05 1.9891E+05 2.1606E-05 1.9919E+05 2.4953E-051737 3402
 1.9947E+05 2.9411E-05 1.9975E+05 3.5432E-05 2.0003E+05 4.3713E-051737 3402
 2.0031E+05 5.5355E-05 2.0045E+05 6.2939E-05 2.0059E+05 7.2067E-051737 3402
 2.0073E+05 8.3089E-05 2.0088E+05 9.6400E-05 2.0102E+05 1.1241E-041737 3402
 2.0116E+05 1.3147E-04 2.0130E+05 1.5361E-04 2.0144E+05 1.7827E-041737 3402
 2.0172E+05 2.2698E-04 2.0200E+05 2.4943E-04 2.0219E+05 2.3819E-041737 3402
 2.0238E+05 2.1042E-04 2.0257E+05 1.7632E-04 2.0275E+05 1.4381E-041737 3402
 2.0313E+05 9.4354E-05 2.0332E+05 7.7193E-05 2.0351E+05 6.3848E-051737 3402
 2.0388E+05 4.5218E-05 2.0426E+05 3.3420E-05 2.0464E+05 2.5611E-051737 3402
 2.0501E+05 2.0222E-05 2.0577E+05 1.3524E-05 2.0614E+05 1.1370E-051737 3402
 2.0652E+05 9.7004E-06 2.0727E+05 7.3200E-06 2.0803E+05 5.7391E-061737 3402
 2.0953E+05 3.8329E-06 2.1029E+05 3.2311E-06 2.1104E+05 2.7674E-061737 3402
 2.1255E+05 2.1086E-06 2.1280E+05 1.2420E-06 2.1280E+05 6.7827E-061737 3402
 2.1500E+05 1.1013E-05 3.0000E+05 9.0058E-06 4.6500E+05 7.0384E-061737 3402
 7.0000E+05 6.2025E-06 1.0000E+06 6.6328E-06 1.5000E+06 7.3501E-061737 3402
 2.1500E+06 8.2826E-06 3.0000E+06 1.7104E-05 4.6500E+06 1.4243E-051737 3402
 7.0000E+06 2.4385E-05 1.0000E+07 5.4724E-05 1.2000E+07 1.0758E-041737 3402
 1.3000E+07 1.5740E-04 1.4000E+07 2.1743E-04 1.5000E+07 2.7786E-041737 3402
 1.6000E+07 3.2656E-04 1.7000E+07 3.6096E-04 1.8000E+07 3.7846E-041737 3402
 1.9000E+07 3.8298E-04 2.0000E+07 3.7957E-04                      1737 3402
                                                                  1737 3  0
