CM-246N,G    1.0000+00* JEF-2.2                                   9646 3102
                                                                  9646 3102
 9.62460+04 2.4395E+02          0         99          0          09646 3102
 3.0000E+02 5.1580E+06          0          0          1       21699646 3102
       2169          2                                            9646 3102
 1.0000E-05 6.4573E+01 1.2050E-05 5.8825E+01 1.4099E-05 5.4382E+019646 3102
 1.6149E-05 5.0813E+01 1.8199E-05 4.7866E+01 2.2298E-05 4.3243E+019646 3102
 2.6397E-05 3.9744E+01 3.0497E-05 3.6977E+01 3.4596E-05 3.4717E+019646 3102
 4.2795E-05 3.1215E+01 5.0994E-05 2.8596E+01 5.9192E-05 2.6542E+019646 3102
 6.7391E-05 2.4875E+01 7.5590E-05 2.3487E+01 9.1987E-05 2.1291E+019646 3102
 1.0838E-04 1.9615E+01 1.2478E-04 1.8281E+01 1.4118E-04 1.7187E+019646 3102
 1.7397E-04 1.5482E+01 2.0677E-04 1.4202E+01 2.3956E-04 1.3194E+019646 3102
 2.7236E-04 1.2374E+01 3.3795E-04 1.1109E+01 4.0354E-04 1.0167E+019646 3102
 4.6913E-04 9.4294E+00 5.3472E-04 8.8324E+00 6.6590E-04 7.9152E+009646 3102
 7.9708E-04 7.2350E+00 9.2826E-04 6.7047E+00 1.0594E-03 6.2762E+009646 3102
 1.3218E-03 5.6195E+00 1.5842E-03 5.1337E+00 1.8465E-03 4.7555E+009646 3102
 2.1089E-03 4.4504E+00 2.6336E-03 3.9833E+00 3.1583E-03 3.6381E+009646 3102
 3.6830E-03 3.3697E+00 4.2077E-03 3.1533E+00 5.2572E-03 2.8223E+009646 3102
 6.3066E-03 2.5779E+00 7.3561E-03 2.3880E+00 8.4055E-03 2.2349E+009646 3102
 1.0504E-02 2.0009E+00 1.2603E-02 1.8282E+00 1.4702E-02 1.6942E+009646 3102
 1.6801E-02 1.5862E+00 2.0999E-02 1.4212E+00 2.5196E-02 1.2997E+009646 3102
 2.9394E-02 1.2054E+00 3.3592E-02 1.1295E+00 4.1987E-02 1.0138E+009646 3102
 5.0383E-02 9.2867E-01 5.8778E-02 8.6277E-01 6.7174E-02 8.0987E-019646 3102
 8.3965E-02 7.2944E-01 1.0076E-01 6.7057E-01 1.1755E-01 6.2522E-019646 3102
 1.3434E-01 5.8899E-01 1.6792E-01 5.3436E-01 2.0150E-01 4.9487E-019646 3102
 2.3508E-01 4.6486E-01 2.6867E-01 4.4126E-01 3.3583E-01 4.0659E-019646 3102
 4.0299E-01 3.8260E-01 4.7016E-01 3.6536E-01 5.3732E-01 3.5273E-019646 3102
 6.7165E-01 3.3675E-01 8.0598E-01 3.2905E-01 9.4031E-01 3.2710E-019646 3102
 1.0746E+00 3.2961E-01 1.3433E+00 3.4593E-01 1.6119E+00 3.7691E-019646 3102
 1.8806E+00 4.2515E-01 2.1493E+00 4.9694E-01 2.3507E+00 5.7320E-019646 3102
 2.5522E+00 6.7815E-01 2.6866E+00 7.7105E-01 2.8209E+00 8.9007E-019646 3102
 2.9552E+00 1.0458E+00 3.0896E+00 1.2547E+00 3.2239E+00 1.5440E+009646 3102
 3.2910E+00 1.7325E+00 3.3582E+00 1.9614E+00 3.4254E+00 2.2432E+009646 3102
 3.4925E+00 2.5956E+00 3.5597E+00 3.0447E+00 3.6269E+00 3.6295E+009646 3102
 3.6940E+00 4.4113E+00 3.7612E+00 5.4903E+00 3.7948E+00 6.1910E+009646 3102
 3.8284E+00 7.0400E+00 3.8619E+00 8.0825E+00 3.8955E+00 9.3822E+009646 3102
 3.9291E+00 1.1032E+01 3.9627E+00 1.3170E+01 3.9963E+00 1.6012E+019646 3102
 4.0298E+00 1.9903E+01 4.0466E+00 2.2413E+01 4.0634E+00 2.5436E+019646 3102
 4.0802E+00 2.9123E+01 4.0970E+00 3.3683E+01 4.1138E+00 3.9416E+019646 3102
 4.1306E+00 4.6762E+01 4.1474E+00 5.6387E+01 4.1642E+00 6.9339E+019646 3102
 4.1726E+00 7.7562E+01 4.1810E+00 8.7343E+01 4.1894E+00 9.9100E+019646 3102
 4.1978E+00 1.1340E+02 4.2062E+00 1.3102E+02 4.2145E+00 1.5308E+029646 3102
 4.2229E+00 1.8118E+02 4.2313E+00 2.1772E+02 4.2397E+00 2.6638E+029646 3102
 4.2481E+00 3.3305E+02 4.2523E+00 3.7598E+02 4.2565E+00 4.2756E+029646 3102
 4.2607E+00 4.9020E+02 4.2649E+00 5.6713E+02 4.2670E+00 6.1232E+029646 3102
 4.2691E+00 6.6290E+02 4.2712E+00 7.1971E+02 4.2733E+00 7.8375E+029646 3102
 4.2754E+00 8.5623E+02 4.2775E+00 9.3857E+02 4.2796E+00 1.0325E+039646 3102
 4.2817E+00 1.1400E+03 4.2838E+00 1.2636E+03 4.2859E+00 1.4061E+039646 3102
 4.2880E+00 1.5710E+03 4.2901E+00 1.7624E+03 4.2922E+00 1.9847E+039646 3102
 4.2943E+00 2.2427E+03 4.2964E+00 2.5413E+03 4.2985E+00 2.8843E+039646 3102
 4.3006E+00 3.2664E+03 4.3026E+00 3.6903E+03 4.3047E+00 4.1454E+039646 3102
 4.3067E+00 4.6105E+03 4.3109E+00 5.4214E+03 4.3129E+00 5.6702E+039646 3102
 4.3150E+00 5.7574E+03 4.3171E+00 5.6674E+03 4.3191E+00 5.4159E+039646 3102
 4.3212E+00 5.0439E+03 4.3233E+00 4.6014E+03 4.3274E+00 3.6794E+039646 3102
 4.3315E+00 2.8732E+03 4.3342E+00 2.4429E+03 4.3369E+00 2.0840E+039646 3102
 4.3395E+00 1.7869E+03 4.3422E+00 1.5418E+03 4.3449E+00 1.3389E+039646 3102
 4.3476E+00 1.1705E+03 4.3503E+00 1.0297E+03 4.3530E+00 9.1136E+029646 3102
 4.3583E+00 7.2604E+02 4.3637E+00 5.9012E+02 4.3690E+00 4.8800E+029646 3102
 4.3744E+00 4.0965E+02 4.3798E+00 3.4837E+02 4.3851E+00 2.9964E+029646 3102
 4.3905E+00 2.6030E+02 4.3959E+00 2.2811E+02 4.4012E+00 2.0147E+029646 3102
 4.4066E+00 1.7918E+02 4.4173E+00 1.4431E+02 4.4280E+00 1.1863E+029646 3102
 4.4388E+00 9.9182E+01 4.4495E+00 8.4120E+01 4.4602E+00 7.2221E+019646 3102
 4.4709E+00 6.2661E+01 4.4817E+00 5.4868E+01 4.4924E+00 4.8433E+019646 3102
 4.5031E+00 4.3060E+01 4.5246E+00 3.4669E+01 4.5460E+00 2.8497E+019646 3102
 4.5675E+00 2.3827E+01 4.5889E+00 2.0210E+01 4.6104E+00 1.7352E+019646 3102
 4.6318E+00 1.5056E+01 4.6533E+00 1.3183E+01 4.6747E+00 1.1636E+019646 3102
 4.7176E+00 9.2544E+00 4.7605E+00 7.5299E+00 4.8034E+00 6.2421E+009646 3102
 4.8463E+00 5.2555E+00 4.8892E+00 4.4834E+00 4.9321E+00 3.8681E+009646 3102
 4.9750E+00 3.3699E+00 5.0179E+00 2.9611E+00 5.0608E+00 2.6216E+009646 3102
 5.1037E+00 2.3367E+00 5.1895E+00 1.8890E+00 5.2753E+00 1.5575E+009646 3102
 5.3611E+00 1.3055E+00 5.4469E+00 1.1095E+00 5.5327E+00 9.5425E-019646 3102
 5.6185E+00 8.2925E-01 5.7043E+00 7.2721E-01 5.7901E+00 6.4288E-019646 3102
 5.8759E+00 5.7242E-01 6.0475E+00 4.6244E-01 6.2191E+00 3.8168E-019646 3102
 6.3907E+00 3.2077E-01 6.5623E+00 2.7379E-01 6.7339E+00 2.3689E-019646 3102
 6.9055E+00 2.0743E-01 7.0771E+00 1.8360E-01 7.2487E+00 1.6410E-019646 3102
 7.4203E+00 1.4800E-01 7.7635E+00 1.2334E-01 8.1067E+00 1.0583E-019646 3102
 8.4499E+00 9.3229E-02 8.7931E+00 8.4162E-02 9.1363E+00 7.7752E-029646 3102
 9.4795E+00 7.3448E-02 9.8227E+00 7.0912E-02 1.0166E+01 6.9966E-029646 3102
 1.0509E+01 7.0560E-02 1.0852E+01 7.2772E-02 1.1196E+01 7.6824E-029646 3102
 1.1539E+01 8.3127E-02 1.1882E+01 9.2376E-02 1.2225E+01 1.0572E-019646 3102
 1.2568E+01 1.2513E-01 1.2740E+01 1.3809E-01 1.2912E+01 1.5405E-019646 3102
 1.3083E+01 1.7394E-01 1.3255E+01 1.9908E-01 1.3426E+01 2.3142E-019646 3102
 1.3598E+01 2.7392E-01 1.3770E+01 3.3123E-01 1.3941E+01 4.1106E-019646 3102
 1.4027E+01 4.6327E-01 1.4113E+01 5.2688E-01 1.4199E+01 6.0543E-019646 3102
 1.4284E+01 7.0402E-01 1.4370E+01 8.3008E-01 1.4456E+01 9.9489E-019646 3102
 1.4542E+01 1.2161E+00 1.4628E+01 1.5229E+00 1.4670E+01 1.7229E+009646 3102
 1.4713E+01 1.9658E+00 1.4756E+01 2.2651E+00 1.4799E+01 2.6394E+009646 3102
 1.4842E+01 3.1163E+00 1.4885E+01 3.7371E+00 1.4928E+01 4.5660E+009646 3102
 1.4971E+01 5.7078E+00 1.4992E+01 6.4477E+00 1.5014E+01 7.3424E+009646 3102
 1.5035E+01 8.4382E+00 1.5057E+01 9.8003E+00 1.5078E+01 1.1522E+019646 3102
 1.5099E+01 1.3743E+01 1.5121E+01 1.6676E+01 1.5142E+01 2.0661E+019646 3102
 1.5153E+01 2.3212E+01 1.5164E+01 2.6265E+01 1.5175E+01 2.9964E+019646 3102
 1.5185E+01 3.4498E+01 1.5196E+01 4.0148E+01 1.5207E+01 4.7295E+019646 3102
 1.5217E+01 5.6534E+01 1.5228E+01 6.8737E+01 1.5239E+01 8.5339E+019646 3102
 1.5244E+01 9.5955E+01 1.5250E+01 1.0866E+02 1.5255E+01 1.2405E+029646 3102
 1.5260E+01 1.4286E+02 1.5266E+01 1.6620E+02 1.5271E+01 1.9560E+029646 3102
 1.5276E+01 2.3330E+02 1.5282E+01 2.8259E+02 1.5284E+01 3.1317E+029646 3102
 1.5287E+01 3.4860E+02 1.5290E+01 3.9006E+02 1.5293E+01 4.3890E+029646 3102
 1.5295E+01 4.9683E+02 1.5297E+01 5.2984E+02 1.5298E+01 5.6597E+029646 3102
 1.5299E+01 6.0558E+02 1.5301E+01 6.4908E+02 1.5302E+01 6.9690E+029646 3102
 1.5303E+01 7.4956E+02 1.5305E+01 8.0808E+02 1.5306E+01 8.7217E+029646 3102
 1.5307E+01 9.4289E+02 1.5309E+01 1.0209E+03 1.5310E+01 1.1070E+039646 3102
 1.5311E+01 1.2018E+03 1.5313E+01 1.3058E+03 1.5314E+01 1.4196E+039646 3102
 1.5316E+01 1.6078E+03 1.5318E+01 1.8165E+03 1.5320E+01 2.0406E+039646 3102
 1.5322E+01 2.2698E+03 1.5326E+01 2.6707E+03 1.5328E+01 2.7936E+039646 3102
 1.5330E+01 2.8369E+03 1.5332E+01 2.7927E+03 1.5334E+01 2.6692E+039646 3102
 1.5336E+01 2.4862E+03 1.5338E+01 2.2686E+03 1.5342E+01 1.8150E+039646 3102
 1.5346E+01 1.4181E+03 1.5350E+01 1.0915E+03 1.5354E+01 8.5000E+029646 3102
 1.5359E+01 6.7294E+02 1.5363E+01 5.4229E+02 1.5367E+01 4.4401E+029646 3102
 1.5371E+01 3.6905E+02 1.5376E+01 3.1089E+02 1.5380E+01 2.6515E+029646 3102
 1.5384E+01 2.2847E+02 1.5388E+01 1.9873E+02 1.5393E+01 1.7433E+029646 3102
 1.5397E+01 1.5412E+02 1.5405E+01 1.2281E+02 1.5414E+01 1.0006E+029646 3102
 1.5422E+01 8.3034E+01 1.5431E+01 6.9976E+01 1.5439E+01 5.9742E+019646 3102
 1.5447E+01 5.1594E+01 1.5456E+01 4.4996E+01 1.5464E+01 3.9576E+019646 3102
 1.5473E+01 3.5079E+01 1.5481E+01 3.1304E+01 1.5498E+01 2.5368E+019646 3102
 1.5515E+01 2.0970E+01 1.5532E+01 1.7621E+01 1.5549E+01 1.5011E+019646 3102
 1.5566E+01 1.2939E+01 1.5583E+01 1.1269E+01 1.5600E+01 9.9003E+009646 3102
 1.5616E+01 8.7669E+00 1.5650E+01 7.0131E+00 1.5684E+01 5.7365E+009646 3102
 1.5718E+01 4.7786E+00 1.5752E+01 4.0417E+00 1.5786E+01 3.4628E+009646 3102
 1.5819E+01 2.9997E+00 1.5853E+01 2.6236E+00 1.5887E+01 2.3139E+009646 3102
 1.5955E+01 1.8388E+00 1.6022E+01 1.4963E+00 1.6090E+01 1.2413E+009646 3102
 1.6157E+01 1.0464E+00 1.6225E+01 8.9409E-01 1.6293E+01 7.7286E-019646 3102
 1.6360E+01 6.7480E-01 1.6428E+01 5.9436E-01 1.6496E+01 5.2757E-019646 3102
 1.6563E+01 4.7151E-01 1.6698E+01 3.8340E-01 1.6834E+01 3.1809E-019646 3102
 1.6969E+01 2.6835E-01 1.7104E+01 2.2961E-01 1.7239E+01 1.9885E-019646 3102
 1.7375E+01 1.7402E-01 1.7510E+01 1.5370E-01 1.7780E+01 1.2274E-019646 3102
 1.8051E+01 1.0060E-01 1.8321E+01 8.4220E-02 1.8592E+01 7.1764E-029646 3102
 1.8862E+01 6.2074E-02 1.9133E+01 5.4386E-02 1.9403E+01 4.8185E-029646 3102
 1.9674E+01 4.3111E-02 2.0215E+01 3.5381E-02 2.0756E+01 2.9852E-029646 3102
 2.1297E+01 2.5761E-02 2.1838E+01 2.2649E-02 2.2379E+01 2.0228E-029646 3102
 2.2920E+01 1.8308E-02 2.4002E+01 1.5499E-02 2.5084E+01 1.3586E-029646 3102
 2.6166E+01 1.2235E-02 2.7247E+01 1.1254E-02 2.8329E+01 1.0531E-029646 3102
 3.0493E+01 9.5923E-03 3.2657E+01 9.0850E-03 3.5903E+01 8.8106E-039646 3102
 3.6985E+01 8.8116E-03 4.1313E+01 9.1650E-03 4.5641E+01 1.0022E-029646 3102
 4.9968E+01 1.1436E-02 5.4296E+01 1.3613E-02 5.6460E+01 1.5110E-029646 3102
 5.8624E+01 1.6990E-02 6.0788E+01 1.9385E-02 6.2952E+01 2.2494E-029646 3102
 6.5116E+01 2.6625E-02 6.7280E+01 3.2286E-02 6.8362E+01 3.5941E-029646 3102
 6.9444E+01 4.0352E-02 7.0525E+01 4.5748E-02 7.1607E+01 5.2454E-029646 3102
 7.2689E+01 6.0942E-02 7.3771E+01 7.1928E-02 7.4853E+01 8.6529E-029646 3102
 7.5935E+01 1.0659E-01 7.6476E+01 1.1958E-01 7.7017E+01 1.3530E-019646 3102
 7.7558E+01 1.5461E-01 7.8099E+01 1.7870E-01 7.8640E+01 2.0935E-019646 3102
 7.9181E+01 2.4924E-01 7.9722E+01 3.0259E-01 8.0263E+01 3.7639E-019646 3102
 8.0534E+01 4.2447E-01 8.0804E+01 4.8288E-01 8.1075E+01 5.5490E-019646 3102
 8.1345E+01 6.4513E-01 8.1615E+01 7.6041E-01 8.1886E+01 9.1105E-019646 3102
 8.2156E+01 1.1133E+00 8.2427E+01 1.3941E+00 8.2562E+01 1.5774E+009646 3102
 8.2697E+01 1.8004E+00 8.2833E+01 2.0756E+00 8.2968E+01 2.4207E+009646 3102
 8.3103E+01 2.8616E+00 8.3238E+01 3.4375E+00 8.3374E+01 4.2101E+009646 3102
 8.3509E+01 5.2804E+00 8.3577E+01 5.9777E+00 8.3644E+01 6.8243E+009646 3102
 8.3678E+01 7.3174E+00 8.3712E+01 7.8663E+00 8.3729E+01 8.1646E+009646 3102
 8.3746E+01 8.4800E+00 8.3762E+01 8.8143E+00 8.3779E+01 9.1688E+009646 3102
 8.3796E+01 9.5453E+00 8.3813E+01 9.9460E+00 8.3830E+01 1.0372E+019646 3102
 8.3839E+01 1.0596E+01 8.3847E+01 1.0827E+01 8.3864E+01 1.1312E+019646 3102
 8.3881E+01 1.1831E+01 8.3898E+01 1.2387E+01 8.3915E+01 1.2982E+019646 3102
 8.3932E+01 1.3622E+01 8.3948E+01 1.4311E+01 8.3965E+01 1.5054E+019646 3102
 8.3982E+01 1.5857E+01 8.3999E+01 1.6725E+01 8.4016E+01 1.7668E+019646 3102
 8.4033E+01 1.8692E+01 8.4050E+01 1.9808E+01 8.4067E+01 2.1028E+019646 3102
 8.4084E+01 2.2365E+01 8.4101E+01 2.3834E+01 8.4117E+01 2.5452E+019646 3102
 8.4134E+01 2.7242E+01 8.4151E+01 2.9228E+01 8.4168E+01 3.1439E+019646 3102
 8.4185E+01 3.3911E+01 8.4202E+01 3.6688E+01 8.4219E+01 3.9819E+019646 3102
 8.4236E+01 4.3371E+01 8.4253E+01 4.7417E+01 8.4270E+01 5.2062E+019646 3102
 8.4287E+01 5.7419E+01 8.4303E+01 6.3650E+01 8.4320E+01 7.0947E+019646 3102
 8.4337E+01 7.9573E+01 8.4354E+01 8.9878E+01 8.4371E+01 1.0231E+029646 3102
 8.4388E+01 1.1749E+02 8.4405E+01 1.3630E+02 8.4422E+01 1.6001E+029646 3102
 8.4439E+01 1.9042E+02 8.4456E+01 2.3028E+02 8.4464E+01 2.5503E+029646 3102
 8.4472E+01 2.8394E+02 8.4481E+01 3.1798E+02 8.4489E+01 3.5842E+029646 3102
 8.4498E+01 4.0694E+02 8.4506E+01 4.6578E+02 8.4515E+01 5.3800E+029646 3102
 8.4523E+01 6.2784E+02 8.4532E+01 7.4130E+02 8.4540E+01 8.8695E+029646 3102
 8.4549E+01 1.0774E+03 8.4557E+01 1.3313E+03 8.4561E+01 1.4904E+039646 3102
 8.4565E+01 1.6769E+03 8.4570E+01 1.8965E+03 8.4574E+01 2.1561E+039646 3102
 8.4578E+01 2.4638E+03 8.4582E+01 2.8286E+03 8.4587E+01 3.2601E+039646 3102
 8.4591E+01 3.7653E+03 8.4598E+01 4.8188E+03 8.4605E+01 6.0240E+039646 3102
 8.4613E+01 7.0871E+03 8.4616E+01 7.4141E+03 8.4620E+01 7.5290E+039646 3102
 8.4624E+01 7.4130E+03 8.4627E+01 7.0860E+03 8.4635E+01 6.0222E+039646 3102
 8.4642E+01 4.8168E+03 8.4649E+01 3.7634E+03 8.4656E+01 2.9586E+039646 3102
 8.4663E+01 2.3496E+03 8.4670E+01 1.8904E+03 8.4677E+01 1.5436E+039646 3102
 8.4685E+01 1.2783E+03 8.4692E+01 1.0726E+03 8.4699E+01 9.1069E+029646 3102
 8.4706E+01 7.8159E+02 8.4713E+01 6.7741E+02 8.4720E+01 5.9213E+029646 3102
 8.4727E+01 5.2165E+02 8.4734E+01 4.6284E+02 8.4748E+01 3.7110E+029646 3102
 8.4762E+01 3.0387E+02 8.4776E+01 2.5318E+02 8.4791E+01 2.1411E+029646 3102
 8.4805E+01 1.8335E+02 8.4819E+01 1.5874E+02 8.4833E+01 1.3875E+029646 3102
 8.4847E+01 1.2227E+02 8.4861E+01 1.0856E+02 8.4875E+01 9.7025E+019646 3102
 8.4904E+01 7.8839E+01 8.4932E+01 6.5318E+01 8.4960E+01 5.4991E+019646 3102
 8.4988E+01 4.6932E+01 8.5017E+01 4.0520E+01 8.5045E+01 3.5338E+019646 3102
 8.5073E+01 3.1089E+01 8.5102E+01 2.7565E+01 8.5158E+01 2.2102E+019646 3102
 8.5215E+01 1.8119E+01 8.5271E+01 1.5125E+01 8.5328E+01 1.2819E+019646 3102
 8.5384E+01 1.1005E+01 8.5441E+01 9.5527E+00 8.5497E+01 8.3722E+009646 3102
 8.5554E+01 7.3998E+00 8.5667E+01 5.9070E+00 8.5780E+01 4.8301E+009646 3102
 8.5893E+01 4.0283E+00 8.6006E+01 3.4158E+00 8.6119E+01 2.9377E+009646 3102
 8.6232E+01 2.5579E+00 8.6345E+01 2.2514E+00 8.6459E+01 2.0008E+009646 3102
 8.6572E+01 1.7937E+00 8.6685E+01 1.6209E+00 8.6911E+01 1.3525E+009646 3102
 8.7137E+01 1.1581E+00 8.7363E+01 1.0152E+00 8.7589E+01 9.0990E-019646 3102
 8.7816E+01 8.3312E-01 8.8042E+01 7.7915E-01 8.8268E+01 7.4443E-019646 3102
 8.8494E+01 7.2704E-01 8.8720E+01 7.2640E-01 8.8946E+01 7.4327E-019646 3102
 8.9173E+01 7.7995E-01 8.9399E+01 8.4073E-01 8.9625E+01 9.3290E-019646 3102
 8.9851E+01 1.0686E+00 9.0077E+01 1.2684E+00 9.0190E+01 1.4028E+009646 3102
 9.0303E+01 1.5688E+00 9.0416E+01 1.7763E+00 9.0530E+01 2.0390E+009646 3102
 9.0643E+01 2.3774E+00 9.0756E+01 2.8223E+00 9.0869E+01 3.4222E+009646 3102
 9.0982E+01 4.2565E+00 9.1038E+01 4.8014E+00 9.1095E+01 5.4639E+009646 3102
 9.1151E+01 6.2804E+00 9.1208E+01 7.3023E+00 9.1265E+01 8.6047E+009646 3102
 9.1321E+01 1.0299E+01 9.1378E+01 1.2561E+01 9.1406E+01 1.3987E+019646 3102
 9.1434E+01 1.5674E+01 9.1448E+01 1.6637E+01 9.1462E+01 1.7690E+019646 3102
 9.1477E+01 1.8849E+01 9.1484E+01 1.9470E+01 9.1491E+01 2.0125E+019646 3102
 9.1498E+01 2.0814E+01 9.1505E+01 2.1538E+01 9.1512E+01 2.2300E+019646 3102
 9.1519E+01 2.3104E+01 9.1526E+01 2.3953E+01 9.1533E+01 2.4850E+019646 3102
 9.1540E+01 2.5799E+01 9.1547E+01 2.6804E+01 9.1554E+01 2.7871E+019646 3102
 9.1561E+01 2.9001E+01 9.1568E+01 3.0201E+01 9.1576E+01 3.1477E+019646 3102
 9.1583E+01 3.2836E+01 9.1590E+01 3.4285E+01 9.1597E+01 3.5832E+019646 3102
 9.1604E+01 3.7487E+01 9.1611E+01 3.9263E+01 9.1618E+01 4.1163E+019646 3102
 9.1625E+01 4.3205E+01 9.1632E+01 4.5407E+01 9.1639E+01 4.7782E+019646 3102
 9.1646E+01 5.0346E+01 9.1653E+01 5.3122E+01 9.1660E+01 5.6134E+019646 3102
 9.1667E+01 5.9413E+01 9.1674E+01 6.2985E+01 9.1682E+01 6.6896E+019646 3102
 9.1689E+01 7.1169E+01 9.1696E+01 7.5875E+01 9.1703E+01 8.1056E+019646 3102
 9.1710E+01 8.6786E+01 9.1717E+01 9.3143E+01 9.1724E+01 1.0023E+029646 3102
 9.1731E+01 1.0816E+02 9.1738E+01 1.1704E+02 9.1745E+01 1.2707E+029646 3102
 9.1752E+01 1.3843E+02 9.1759E+01 1.5139E+02 9.1766E+01 1.6621E+029646 3102
 9.1773E+01 1.8334E+02 9.1780E+01 2.0323E+02 9.1788E+01 2.2647E+029646 3102
 9.1795E+01 2.5388E+02 9.1802E+01 2.8650E+02 9.1809E+01 3.2576E+029646 3102
 9.1816E+01 3.7344E+02 9.1823E+01 4.3227E+02 9.1830E+01 5.0547E+029646 3102
 9.1837E+01 5.9856E+02 9.1844E+01 7.1854E+02 9.1851E+01 8.7615E+029646 3102
 9.1855E+01 9.7389E+02 9.1858E+01 1.0877E+03 9.1862E+01 1.2214E+039646 3102
 9.1865E+01 1.3781E+03 9.1869E+01 1.5638E+03 9.1872E+01 1.7847E+039646 3102
 9.1876E+01 2.0486E+03 9.1879E+01 2.3623E+03 9.1883E+01 2.7363E+039646 3102
 9.1886E+01 3.1778E+03 9.1892E+01 4.0661E+03 9.1898E+01 5.0838E+039646 3102
 9.1904E+01 5.9805E+03 9.1907E+01 6.2561E+03 9.1910E+01 6.3539E+039646 3102
 9.1913E+01 6.2557E+03 9.1916E+01 5.9789E+03 9.1922E+01 5.0815E+039646 3102
 9.1928E+01 4.0637E+03 9.1934E+01 3.1767E+03 9.1938E+01 2.6745E+039646 3102
 9.1942E+01 2.2590E+03 9.1946E+01 1.9202E+03 9.1950E+01 1.6439E+039646 3102
 9.1954E+01 1.4178E+03 9.1958E+01 1.2323E+03 9.1962E+01 1.0781E+039646 3102
 9.1966E+01 9.4978E+02 9.1974E+01 7.5087E+02 9.1982E+01 6.0675E+029646 3102
 9.1991E+01 4.9938E+02 9.1999E+01 4.1767E+02 9.2007E+01 3.5410E+029646 3102
 9.2015E+01 3.0380E+02 9.2023E+01 2.6334E+02 9.2031E+01 2.3042E+029646 3102
 9.2039E+01 2.0323E+02 9.2048E+01 1.8056E+02 9.2064E+01 1.4519E+029646 3102
 9.2080E+01 1.1922E+02 9.2096E+01 9.9612E+01 9.2113E+01 8.4463E+019646 3102
 9.2129E+01 7.2515E+01 9.2145E+01 6.2924E+01 9.2162E+01 5.5118E+019646 3102
 9.2178E+01 4.8675E+01 9.2194E+01 4.3300E+01 9.2227E+01 3.4911E+019646 3102
 9.2259E+01 2.8744E+01 9.2292E+01 2.4079E+01 9.2325E+01 2.0466E+019646 3102
 9.2357E+01 1.7610E+01 9.2390E+01 1.5315E+01 9.2422E+01 1.3442E+019646 3102
 9.2455E+01 1.1894E+01 9.2520E+01 9.5079E+00 9.2585E+01 7.7773E+009646 3102
 9.2650E+01 6.4825E+00 9.2716E+01 5.4886E+00 9.2781E+01 4.7090E+009646 3102
 9.2846E+01 4.0862E+00 9.2911E+01 3.5807E+00 9.2976E+01 3.1649E+009646 3102
 9.3107E+01 2.5273E+00 9.3237E+01 2.0676E+00 9.3367E+01 1.7251E+009646 3102
 9.3498E+01 1.4631E+00 9.3628E+01 1.2580E+00 9.3758E+01 1.0945E+009646 3102
 9.3889E+01 9.6193E-01 9.4019E+01 8.5291E-01 9.4280E+01 6.8574E-019646 3102
 9.4540E+01 5.6507E-01 9.4801E+01 4.7498E-01 9.5062E+01 4.0584E-019646 3102
 9.5322E+01 3.5152E-01 9.5583E+01 3.0802E-01 9.5844E+01 2.7259E-019646 3102
 9.6104E+01 2.4331E-01 9.6626E+01 1.9808E-01 9.7147E+01 1.6508E-019646 3102
 9.7668E+01 1.4017E-01 9.8190E+01 1.2086E-01 9.8711E+01 1.0553E-019646 3102
 9.9233E+01 9.3139E-02 9.9754E+01 8.2959E-02 1.0028E+02 7.4478E-029646 3102
 1.0132E+02 6.1237E-02 1.0236E+02 5.1464E-02 1.0340E+02 4.4024E-029646 3102
 1.0445E+02 3.8218E-02 1.0549E+02 3.3597E-02 1.0653E+02 2.9857E-029646 3102
 1.0862E+02 2.4242E-02 1.1070E+02 2.0309E-02 1.1279E+02 1.7472E-029646 3102
 1.1487E+02 1.5390E-02 1.1696E+02 1.3851E-02 1.1904E+02 1.2723E-029646 3102
 1.2113E+02 1.1920E-02 1.2321E+02 1.1385E-02 1.2530E+02 1.1089E-029646 3102
 1.2739E+02 1.1016E-02 1.2947E+02 1.1170E-02 1.3156E+02 1.1570E-029646 3102
 1.3364E+02 1.2258E-02 1.3573E+02 1.3306E-02 1.3781E+02 1.4831E-029646 3102
 1.3990E+02 1.7025E-02 1.4198E+02 2.0214E-02 1.4303E+02 2.2347E-029646 3102
 1.4407E+02 2.4977E-02 1.4511E+02 2.8259E-02 1.4615E+02 3.2414E-029646 3102
 1.4720E+02 3.7770E-02 1.4824E+02 4.4824E-02 1.4928E+02 5.4364E-029646 3102
 1.5033E+02 6.7694E-02 1.5085E+02 7.6437E-02 1.5137E+02 8.7109E-029646 3102
 1.5189E+02 1.0032E-01 1.5241E+02 1.1695E-01 1.5293E+02 1.3828E-019646 3102
 1.5345E+02 1.6626E-01 1.5397E+02 2.0399E-01 1.5424E+02 2.2799E-019646 3102
 1.5450E+02 2.5658E-01 1.5476E+02 2.9101E-01 1.5502E+02 3.3300E-019646 3102
 1.5528E+02 3.8493E-01 1.5554E+02 4.5018E-01 1.5580E+02 5.3379E-019646 3102
 1.5606E+02 6.4333E-01 1.5632E+02 7.9068E-01 1.5645E+02 8.8434E-019646 3102
 1.5658E+02 9.9569E-01 1.5671E+02 1.1296E+00 1.5684E+02 1.2927E+009646 3102
 1.5697E+02 1.4941E+00 1.5710E+02 1.7465E+00 1.5723E+02 2.0693E+009646 3102
 1.5736E+02 2.4905E+00 1.5749E+02 3.0558E+00 1.5762E+02 3.8377E+009646 3102
 1.5769E+02 4.3462E+00 1.5775E+02 4.9640E+00 1.5782E+02 5.7238E+009646 3102
 1.5788E+02 6.6725E+00 1.5795E+02 7.8785E+00 1.5798E+02 8.6078E+009646 3102
 1.5802E+02 9.4438E+00 1.5803E+02 9.9079E+00 1.5805E+02 1.0407E+019646 3102
 1.5806E+02 1.0945E+01 1.5808E+02 1.1527E+01 1.5810E+02 1.2155E+019646 3102
 1.5811E+02 1.2836E+01 1.5813E+02 1.3576E+01 1.5815E+02 1.4377E+019646 3102
 1.5816E+02 1.5257E+01 1.5818E+02 1.6219E+01 1.5819E+02 1.7277E+019646 3102
 1.5821E+02 1.8440E+01 1.5823E+02 1.9725E+01 1.5824E+02 2.1148E+019646 3102
 1.5826E+02 2.2733E+01 1.5828E+02 2.4501E+01 1.5829E+02 2.6483E+019646 3102
 1.5831E+02 2.8715E+01 1.5832E+02 3.1244E+01 1.5834E+02 3.4118E+019646 3102
 1.5836E+02 3.7407E+01 1.5837E+02 4.1194E+01 1.5839E+02 4.5557E+019646 3102
 1.5841E+02 5.0680E+01 1.5842E+02 5.6715E+01 1.5844E+02 6.3897E+019646 3102
 1.5845E+02 7.2516E+01 1.5847E+02 8.2992E+01 1.5849E+02 9.5892E+019646 3102
 1.5850E+02 1.1204E+02 1.5852E+02 1.3255E+02 1.5853E+02 1.4489E+029646 3102
 1.5854E+02 1.5901E+02 1.5854E+02 1.7546E+02 1.5855E+02 1.9432E+029646 3102
 1.5856E+02 2.1660E+02 1.5857E+02 2.4254E+02 1.5858E+02 2.7330E+029646 3102
 1.5859E+02 3.1059E+02 1.5859E+02 3.5522E+02 1.5860E+02 4.1048E+029646 3102
 1.5861E+02 4.7920E+02 1.5862E+02 5.6440E+02 1.5863E+02 6.7415E+029646 3102
 1.5863E+02 8.1438E+02 1.5864E+02 9.9788E+02 1.5865E+02 1.2439E+039646 3102
 1.5865E+02 1.3967E+03 1.5866E+02 1.5682E+03 1.5867E+02 1.9956E+039646 3102
 1.5868E+02 2.5517E+03 1.5868E+02 3.1868E+03 1.5869E+02 3.7529E+039646 3102
 1.5870E+02 3.9233E+03 1.5870E+02 3.9854E+03 1.5870E+02 3.9231E+039646 3102
 1.5871E+02 3.7469E+03 1.5872E+02 3.1850E+03 1.5873E+02 2.5499E+039646 3102
 1.5873E+02 1.9941E+03 1.5874E+02 1.6823E+03 1.5874E+02 1.4283E+039646 3102
 1.5875E+02 1.2195E+03 1.5876E+02 1.0481E+03 1.5876E+02 9.0720E+029646 3102
 1.5877E+02 7.9071E+02 1.5877E+02 6.9385E+02 1.5878E+02 6.1276E+029646 3102
 1.5879E+02 4.8538E+02 1.5880E+02 3.9348E+02 1.5881E+02 3.2475E+029646 3102
 1.5882E+02 2.7219E+02 1.5883E+02 2.3091E+02 1.5885E+02 1.9845E+029646 3102
 1.5886E+02 1.7229E+02 1.5887E+02 1.5092E+02 1.5888E+02 1.3310E+029646 3102
 1.5889E+02 1.1835E+02 1.5891E+02 9.5319E+01 1.5894E+02 7.8370E+019646 3102
 1.5896E+02 6.5503E+01 1.5898E+02 5.5544E+01 1.5900E+02 4.7719E+019646 3102
 1.5903E+02 4.1407E+01 1.5905E+02 3.6287E+01 1.5907E+02 3.2043E+019646 3102
 1.5909E+02 2.8514E+01 1.5914E+02 2.2989E+01 1.5918E+02 1.8926E+019646 3102
 1.5923E+02 1.5849E+01 1.5927E+02 1.3466E+01 1.5932E+02 1.1581E+019646 3102
 1.5936E+02 1.0067E+01 1.5941E+02 8.8298E+00 1.5945E+02 7.8075E+009646 3102
 1.5954E+02 6.2313E+00 1.5963E+02 5.0881E+00 1.5972E+02 4.2326E+009646 3102
 1.5981E+02 3.5760E+00 1.5990E+02 3.0610E+00 1.5999E+02 2.6500E+009646 3102
 1.6008E+02 2.3162E+00 1.6017E+02 2.0418E+00 1.6026E+02 1.8133E+009646 3102
 1.6035E+02 1.6211E+00 1.6053E+02 1.3182E+00 1.6071E+02 1.0929E+009646 3102
 1.6089E+02 9.2082E-01 1.6107E+02 7.8636E-01 1.6125E+02 6.7935E-019646 3102
 1.6143E+02 5.9283E-01 1.6161E+02 5.2183E-01 1.6179E+02 4.6287E-019646 3102
 1.6197E+02 4.1338E-01 1.6232E+02 3.3560E-01 1.6268E+02 2.7790E-019646 3102
 1.6304E+02 2.3394E-01 1.6340E+02 1.9968E-01 1.6376E+02 1.7247E-019646 3102
 1.6412E+02 1.5049E-01 1.6448E+02 1.3249E-01 1.6484E+02 1.1756E-019646 3102
 1.6520E+02 1.0504E-01 1.6592E+02 8.5399E-02 1.6663E+02 7.0858E-029646 3102
 1.6735E+02 5.9795E-02 1.6807E+02 5.1184E-02 1.6879E+02 4.4352E-029646 3102
 1.6951E+02 3.8841E-02 1.7023E+02 3.4332E-02 1.7166E+02 2.7467E-029646 3102
 1.7310E+02 2.2560E-02 1.7454E+02 1.8935E-02 1.7597E+02 1.6181E-029646 3102
 1.7741E+02 1.4043E-02 1.7885E+02 1.2351E-02 1.8028E+02 1.0989E-029646 3102
 1.8172E+02 9.8798E-03 1.8459E+02 8.2026E-03 1.8747E+02 7.0209E-039646 3102
 1.9034E+02 6.1660E-03 1.9321E+02 5.5372E-03 1.9609E+02 5.0714E-039646 3102
 1.9896E+02 4.7280E-03 2.0470E+02 4.3109E-03 2.1045E+02 4.1668E-039646 3102
 2.1620E+02 4.2606E-03 2.2194E+02 4.6268E-03 2.2482E+02 4.9499E-039646 3102
 2.2769E+02 5.4107E-03 2.3056E+02 6.0747E-03 2.3344E+02 7.0655E-039646 3102
 2.3487E+02 7.7539E-03 2.3631E+02 8.6381E-03 2.3775E+02 9.8043E-039646 3102
 2.3918E+02 1.1396E-02 2.4062E+02 1.3663E-02 2.4134E+02 1.5183E-029646 3102
 2.4206E+02 1.7080E-02 2.4278E+02 1.9492E-02 2.4349E+02 2.2633E-029646 3102
 2.4421E+02 2.6842E-02 2.4493E+02 3.2677E-02 2.4529E+02 3.6487E-029646 3102
 2.4565E+02 4.1124E-02 2.4601E+02 4.6852E-02 2.4637E+02 5.4043E-029646 3102
 2.4673E+02 6.3254E-02 2.4709E+02 7.5317E-02 2.4744E+02 9.1566E-029646 3102
 2.4780E+02 1.1419E-01 2.4798E+02 1.2899E-01 2.4816E+02 1.4704E-019646 3102
 2.4834E+02 1.6935E-01 2.4852E+02 1.9739E-01 2.4870E+02 2.3331E-019646 3102
 2.4888E+02 2.8036E-01 2.4906E+02 3.4368E-01 2.4924E+02 4.3169E-019646 3102
 2.4933E+02 4.8923E-01 2.4942E+02 5.5928E-01 2.4951E+02 6.4575E-019646 3102
 2.4960E+02 7.5421E-01 2.4969E+02 8.9263E-01 2.4978E+02 1.0736E+009646 3102
 2.4987E+02 1.3162E+00 2.4996E+02 1.6520E+00 2.5000E+02 1.8705E+009646 3102
 2.5005E+02 2.1356E+00 2.5009E+02 2.4617E+00 2.5014E+02 2.8686E+009646 3102
 2.5018E+02 3.3858E+00 2.5023E+02 4.0571E+00 2.5027E+02 4.9496E+009646 3102
 2.5032E+02 6.1734E+00 2.5034E+02 6.9644E+00 2.5036E+02 7.9135E+009646 3102
 2.5038E+02 9.0767E+00 2.5041E+02 1.0509E+01 2.5043E+02 1.2307E+019646 3102
 2.5045E+02 1.4620E+01 2.5047E+02 1.7653E+01 2.5050E+02 2.1709E+019646 3102
 2.5051E+02 2.4307E+01 2.5052E+02 2.7367E+01 2.5053E+02 2.9116E+019646 3102
 2.5053E+02 3.1038E+01 2.5054E+02 3.3156E+01 2.5054E+02 3.5496E+019646 3102
 2.5055E+02 3.8135E+01 2.5055E+02 4.1028E+01 2.5056E+02 4.4260E+019646 3102
 2.5056E+02 4.7885E+01 2.5057E+02 5.1970E+01 2.5058E+02 5.6593E+019646 3102
 2.5058E+02 6.1854E+01 2.5058E+02 6.4768E+01 2.5059E+02 6.7873E+019646 3102
 2.5059E+02 7.1335E+01 2.5059E+02 7.4942E+01 2.5060E+02 7.8803E+019646 3102
 2.5060E+02 8.2989E+01 2.5060E+02 9.2378E+01 2.5061E+02 1.0342E+029646 3102
 2.5061E+02 1.1650E+02 2.5062E+02 1.3216E+02 2.5063E+02 1.5108E+029646 3102
 2.5063E+02 1.7419E+02 2.5064E+02 2.0277E+02 2.5064E+02 2.1959E+029646 3102
 2.5064E+02 2.3856E+02 2.5065E+02 2.5983E+02 2.5065E+02 2.8399E+029646 3102
 2.5065E+02 3.1126E+02 2.5065E+02 3.4248E+02 2.5066E+02 3.7793E+029646 3102
 2.5066E+02 4.1878E+02 2.5066E+02 4.6544E+02 2.5067E+02 5.1943E+029646 3102
 2.5067E+02 5.8127E+02 2.5067E+02 6.5283E+02 2.5067E+02 7.3448E+029646 3102
 2.5068E+02 8.2805E+02 2.5068E+02 9.3714E+02 2.5068E+02 1.0581E+039646 3102
 2.5069E+02 1.3255E+03 2.5069E+02 1.5620E+03 2.5070E+02 1.6331E+039646 3102
 2.5070E+02 1.6582E+03 2.5070E+02 1.6312E+03 2.5071E+02 1.5586E+039646 3102
 2.5071E+02 1.3255E+03 2.5072E+02 1.0574E+03 2.5072E+02 8.2742E+029646 3102
 2.5073E+02 7.1560E+02 2.5073E+02 6.2315E+02 2.5073E+02 5.4231E+029646 3102
 2.5074E+02 4.7449E+02 2.5074E+02 4.1704E+02 2.5074E+02 3.6850E+029646 3102
 2.5075E+02 2.9322E+02 2.5076E+02 2.3698E+02 2.5076E+02 1.9545E+029646 3102
 2.5077E+02 1.6361E+02 2.5078E+02 1.3875E+02 2.5078E+02 1.1875E+029646 3102
 2.5079E+02 1.0292E+02 2.5080E+02 9.0006E+01 2.5080E+02 7.9342E+019646 3102
 2.5081E+02 7.0312E+01 2.5082E+02 6.2831E+01 2.5083E+02 5.1021E+019646 3102
 2.5084E+02 4.2168E+01 2.5086E+02 3.5467E+01 2.5087E+02 3.0199E+019646 3102
 2.5088E+02 2.6048E+01 2.5090E+02 2.2670E+01 2.5091E+02 1.9927E+019646 3102
 2.5093E+02 1.7637E+01 2.5094E+02 1.5729E+01 2.5097E+02 1.2719E+019646 3102
 2.5099E+02 1.0503E+01 2.5102E+02 8.8183E+00 2.5105E+02 7.5084E+009646 3102
 2.5107E+02 6.4699E+00 2.5110E+02 5.6327E+00 2.5113E+02 4.9481E+009646 3102
 2.5115E+02 4.3811E+00 2.5121E+02 3.5035E+00 2.5126E+02 2.8665E+009646 3102
 2.5132E+02 2.3888E+00 2.5137E+02 2.0215E+00 2.5142E+02 1.7330E+009646 3102
 2.5148E+02 1.5022E+00 2.5153E+02 1.3148E+00 2.5158E+02 1.1605E+009646 3102
 2.5169E+02 9.2355E-01 2.5180E+02 7.5286E-01 2.5191E+02 6.2564E-019646 3102
 2.5202E+02 5.2846E-01 2.5212E+02 4.5243E-01 2.5223E+02 3.9194E-019646 3102
 2.5234E+02 3.4297E-01 2.5245E+02 3.0279E-01 2.5266E+02 2.4136E-019646 3102
 2.5288E+02 1.9726E-01 2.5309E+02 1.6456E-01 2.5331E+02 1.3965E-019646 3102
 2.5352E+02 1.2024E-01 2.5374E+02 1.0483E-01 2.5395E+02 9.2386E-029646 3102
 2.5417E+02 8.2212E-02 2.5460E+02 6.6727E-02 2.5503E+02 5.5686E-029646 3102
 2.5546E+02 4.7556E-02 2.5589E+02 4.1417E-02 2.5632E+02 3.6685E-029646 3102
 2.5675E+02 3.2976E-02 2.5761E+02 2.7667E-02 2.5847E+02 2.4202E-029646 3102
 2.5933E+02 2.1906E-02 2.6020E+02 2.0397E-02 2.6106E+02 1.9451E-029646 3102
 2.6278E+02 1.8754E-02 2.6450E+02 1.9251E-02 2.6622E+02 2.0807E-029646 3102
 2.6708E+02 2.2018E-02 2.6794E+02 2.3576E-02 2.6881E+02 2.5556E-029646 3102
 2.6967E+02 2.8076E-02 2.7053E+02 3.1322E-02 2.7139E+02 3.5593E-029646 3102
 2.7225E+02 4.1400E-02 2.7268E+02 4.5148E-02 2.7311E+02 4.9687E-029646 3102
 2.7354E+02 5.5291E-02 2.7397E+02 6.2369E-02 2.7440E+02 7.1567E-029646 3102
 2.7483E+02 8.3936E-02 2.7505E+02 9.1841E-02 2.7526E+02 1.0133E-019646 3102
 2.7548E+02 1.1289E-01 2.7569E+02 1.2721E-01 2.7591E+02 1.4533E-019646 3102
 2.7612E+02 1.6879E-01 2.7634E+02 2.0005E-01 2.7656E+02 2.4313E-019646 3102
 2.7666E+02 2.7112E-01 2.7677E+02 3.0509E-01 2.7688E+02 3.4696E-019646 3102
 2.7699E+02 3.9929E-01 2.7709E+02 4.6612E-01 2.7720E+02 5.5319E-019646 3102
 2.7731E+02 6.6999E-01 2.7742E+02 8.3153E-01 2.7747E+02 9.3697E-019646 3102
 2.7752E+02 1.0646E+00 2.7758E+02 1.2218E+00 2.7763E+02 1.4183E+009646 3102
 2.7769E+02 1.6684E+00 2.7774E+02 1.9935E+00 2.7779E+02 2.4272E+009646 3102
 2.7785E+02 3.0236E+00 2.7787E+02 3.4092E+00 2.7790E+02 3.8774E+009646 3102
 2.7793E+02 4.4483E+00 2.7795E+02 5.1560E+00 2.7798E+02 6.0503E+009646 3102
 2.7801E+02 7.1999E+00 2.7804E+02 8.7136E+00 2.7806E+02 1.0765E+019646 3102
 2.7808E+02 1.2078E+01 2.7809E+02 1.3636E+01 2.7810E+02 1.5515E+019646 3102
 2.7812E+02 1.7834E+01 2.7813E+02 2.0706E+01 2.7814E+02 2.4301E+019646 3102
 2.7816E+02 2.8962E+01 2.7816E+02 3.1774E+01 2.7817E+02 3.5028E+019646 3102
 2.7818E+02 3.8861E+01 2.7818E+02 4.1004E+01 2.7818E+02 4.3263E+019646 3102
 2.7819E+02 4.5806E+01 2.7819E+02 4.8473E+01 2.7819E+02 5.1462E+019646 3102
 2.7820E+02 5.4638E+01 2.7820E+02 5.8249E+01 2.7820E+02 6.2185E+019646 3102
 2.7821E+02 6.6527E+01 2.7821E+02 7.1239E+01 2.7821E+02 7.6558E+019646 3102
 2.7822E+02 8.2313E+01 2.7822E+02 8.8975E+01 2.7822E+02 9.6173E+019646 3102
 2.7823E+02 1.0449E+02 2.7823E+02 1.1389E+02 2.7823E+02 1.2437E+029646 3102
 2.7824E+02 1.3652E+02 2.7824E+02 1.5046E+02 2.7824E+02 1.6622E+029646 3102
 2.7825E+02 1.8478E+02 2.7825E+02 2.0577E+02 2.7825E+02 2.3122E+029646 3102
 2.7826E+02 2.6007E+02 2.7826E+02 2.9507E+02 2.7826E+02 3.3665E+029646 3102
 2.7827E+02 3.8523E+02 2.7827E+02 4.4414E+02 2.7827E+02 5.1420E+029646 3102
 2.7828E+02 5.9524E+02 2.7828E+02 6.7624E+02 2.7828E+02 7.6233E+029646 3102
 2.7829E+02 9.5440E+02 2.7829E+02 1.1211E+03 2.7830E+02 1.1723E+039646 3102
 2.7830E+02 1.1915E+03 2.7830E+02 1.1723E+03 2.7831E+02 1.1204E+039646 3102
 2.7831E+02 9.5333E+02 2.7832E+02 7.6227E+02 2.7832E+02 5.9679E+029646 3102
 2.7833E+02 4.8366E+02 2.7833E+02 3.9405E+02 2.7834E+02 3.2465E+029646 3102
 2.7834E+02 2.7043E+02 2.7835E+02 2.2777E+02 2.7835E+02 1.9368E+029646 3102
 2.7836E+02 1.6649E+02 2.7836E+02 1.4442E+02 2.7837E+02 1.2620E+029646 3102
 2.7837E+02 1.1121E+02 2.7838E+02 8.8076E+01 2.7839E+02 7.1308E+019646 3102
 2.7840E+02 5.8842E+01 2.7841E+02 4.9370E+01 2.7842E+02 4.1970E+019646 3102
 2.7843E+02 3.6121E+01 2.7844E+02 3.1393E+01 2.7845E+02 2.7542E+019646 3102
 2.7846E+02 2.4345E+01 2.7848E+02 1.9423E+01 2.7850E+02 1.5853E+019646 3102
 2.7851E+02 1.3183E+01 2.7853E+02 1.1133E+01 2.7855E+02 9.5287E+009646 3102
 2.7857E+02 8.2490E+00 2.7859E+02 7.2118E+00 2.7861E+02 6.3596E+009646 3102
 2.7863E+02 5.6510E+00 2.7867E+02 4.5493E+00 2.7871E+02 3.7443E+009646 3102
 2.7875E+02 3.1379E+00 2.7878E+02 2.6699E+00 2.7882E+02 2.3020E+009646 3102
 2.7886E+02 2.0060E+00 2.7890E+02 1.7654E+00 2.7894E+02 1.5669E+009646 3102
 2.7901E+02 1.2618E+00 2.7909E+02 1.0415E+00 2.7917E+02 8.7735E-019646 3102
 2.7924E+02 7.5198E-01 2.7932E+02 6.5390E-01 2.7940E+02 5.7592E-019646 3102
 2.7947E+02 5.1300E-01 2.7955E+02 4.6153E-01 2.7970E+02 3.8341E-019646 3102
 2.7986E+02 3.2805E-01 2.8001E+02 2.8774E-01 2.8017E+02 2.5779E-019646 3102
 2.8032E+02 2.3522E-01 2.8047E+02 2.1807E-01 2.8063E+02 2.0503E-019646 3102
 2.8078E+02 1.9519E-01 2.8109E+02 1.8263E-01 2.8139E+02 1.7702E-019646 3102
 2.8170E+02 1.7658E-01 2.8201E+02 1.8036E-01 2.8232E+02 1.8794E-019646 3102
 2.8262E+02 1.9923E-01 2.8293E+02 2.1448E-01 2.8324E+02 2.3418E-019646 3102
 2.8354E+02 2.5920E-01 2.8385E+02 2.9075E-01 2.8416E+02 3.3070E-019646 3102
 2.8447E+02 3.8168E-01 2.8477E+02 4.4766E-01 2.8508E+02 5.3471E-019646 3102
 2.8539E+02 6.5237E-01 2.8569E+02 8.1634E-01 2.8585E+02 9.2362E-019646 3102
 2.8600E+02 1.0542E+00 2.8616E+02 1.2155E+00 2.8631E+02 1.4175E+009646 3102
 2.8646E+02 1.6754E+00 2.8662E+02 2.0121E+00 2.8677E+02 2.4629E+009646 3102
 2.8692E+02 3.0856E+00 2.8700E+02 3.4900E+00 2.8708E+02 3.9802E+009646 3102
 2.8711E+02 4.2651E+00 2.8715E+02 4.5820E+00 2.8719E+02 4.9354E+009646 3102
 2.8723E+02 5.3315E+00 2.8727E+02 5.7773E+00 2.8729E+02 6.0220E+009646 3102
 2.8731E+02 6.2821E+00 2.8732E+02 6.4184E+00 2.8733E+02 6.5595E+009646 3102
 2.8735E+02 6.8557E+00 2.8738E+02 7.5118E+00 2.8742E+02 8.2649E+009646 3102
 2.8744E+02 8.6865E+00 2.8746E+02 9.1403E+00 2.8748E+02 9.6308E+009646 3102
 2.8750E+02 1.0162E+01 2.8752E+02 1.0738E+01 2.8754E+02 1.1365E+019646 3102
 2.8756E+02 1.2048E+01 2.8758E+02 1.2795E+01 2.8759E+02 1.3614E+019646 3102
 2.8761E+02 1.4513E+01 2.8763E+02 1.5504E+01 2.8765E+02 1.6600E+019646 3102
 2.8767E+02 1.7817E+01 2.8769E+02 1.9172E+01 2.8771E+02 2.0690E+019646 3102
 2.8773E+02 2.2392E+01 2.8775E+02 2.4312E+01 2.8777E+02 2.6490E+019646 3102
 2.8779E+02 2.8973E+01 2.8781E+02 3.1820E+01 2.8783E+02 3.5107E+019646 3102
 2.8784E+02 3.8933E+01 2.8786E+02 4.3409E+01 2.8788E+02 4.8698E+019646 3102
 2.8790E+02 5.5006E+01 2.8792E+02 6.2610E+01 2.8794E+02 7.1888E+019646 3102
 2.8796E+02 8.3362E+01 2.8798E+02 9.7794E+01 2.8800E+02 1.1621E+029646 3102
 2.8802E+02 1.4022E+02 2.8803E+02 1.5501E+02 2.8804E+02 1.7226E+029646 3102
 2.8805E+02 1.9246E+02 2.8806E+02 2.1619E+02 2.8807E+02 2.4450E+029646 3102
 2.8807E+02 2.7832E+02 2.8808E+02 3.1937E+02 2.8809E+02 3.6934E+029646 3102
 2.8810E+02 4.3115E+02 2.8811E+02 5.0810E+02 2.8812E+02 6.0435E+029646 3102
 2.8813E+02 7.2618E+02 2.8814E+02 8.7944E+02 2.8815E+02 1.0696E+039646 3102
 2.8816E+02 1.3689E+03 2.8818E+02 1.7120E+03 2.8819E+02 2.0142E+039646 3102
 2.8819E+02 2.1080E+03 2.8820E+02 2.1405E+03 2.8821E+02 2.1072E+039646 3102
 2.8821E+02 2.0146E+03 2.8822E+02 1.7117E+03 2.8824E+02 1.3694E+039646 3102
 2.8825E+02 1.0693E+03 2.8826E+02 8.3109E+02 2.8827E+02 6.5438E+029646 3102
 2.8829E+02 5.2179E+02 2.8830E+02 4.2279E+02 2.8831E+02 3.4773E+029646 3102
 2.8832E+02 2.9023E+02 2.8833E+02 2.4535E+02 2.8835E+02 2.1011E+029646 3102
 2.8836E+02 1.8149E+02 2.8837E+02 1.5821E+02 2.8838E+02 1.3899E+029646 3102
 2.8840E+02 1.2320E+02 2.8842E+02 9.8491E+01 2.8844E+02 8.0454E+019646 3102
 2.8847E+02 6.6909E+01 2.8849E+02 5.6492E+01 2.8852E+02 4.8323E+019646 3102
 2.8854E+02 4.1767E+01 2.8857E+02 3.6447E+01 2.8859E+02 3.2103E+019646 3102
 2.8862E+02 2.8484E+01 2.8864E+02 2.5442E+01 2.8869E+02 2.0646E+019646 3102
 2.8874E+02 1.7091E+01 2.8879E+02 1.4376E+01 2.8884E+02 1.2259E+019646 3102
 2.8889E+02 1.0576E+01 2.8894E+02 9.2195E+00 2.8898E+02 8.1080E+009646 3102
 2.8903E+02 7.1850E+00 2.8913E+02 5.7560E+00 2.8923E+02 4.7146E+009646 3102
 2.8933E+02 3.9319E+00 2.8943E+02 3.3296E+00 2.8952E+02 2.8561E+009646 3102
 2.8962E+02 2.4766E+00 2.8972E+02 2.1684E+00 2.8982E+02 1.9146E+009646 3102
 2.9001E+02 1.5247E+00 2.9021E+02 1.2430E+00 2.9041E+02 1.0331E+009646 3102
 2.9060E+02 8.7253E-01 2.9080E+02 7.4687E-01 2.9100E+02 6.4679E-019646 3102
 2.9119E+02 5.6572E-01 2.9139E+02 4.9918E-01 2.9178E+02 3.9741E-019646 3102
 2.9217E+02 3.2432E-01 2.9257E+02 2.7006E-01 2.9296E+02 2.2870E-019646 3102
 2.9335E+02 1.9647E-01 2.9374E+02 1.7088E-01 2.9414E+02 1.5024E-019646 3102
 2.9453E+02 1.3335E-01 2.9531E+02 1.0772E-01 2.9610E+02 8.9524E-029646 3102
 2.9688E+02 7.6248E-02 2.9767E+02 6.6372E-02 2.9845E+02 5.8949E-029646 3102
 2.9924E+02 5.3366E-02 3.0002E+02 4.9224E-02 3.0081E+02 4.6265E-029646 3102
 3.0159E+02 4.4334E-02 3.0238E+02 4.3357E-02 3.0316E+02 4.3332E-029646 3102
 3.0395E+02 4.4339E-02 3.0473E+02 4.6556E-02 3.0552E+02 5.0307E-029646 3102
 3.0630E+02 5.6147E-02 3.0709E+02 6.5030E-02 3.0748E+02 7.1102E-029646 3102
 3.0787E+02 7.8669E-02 3.0827E+02 8.8193E-02 3.0866E+02 1.0033E-019646 3102
 3.0905E+02 1.1606E-01 3.0944E+02 1.3685E-01 3.0984E+02 1.6504E-019646 3102
 3.1023E+02 2.0450E-01 3.1042E+02 2.3040E-01 3.1062E+02 2.6200E-019646 3102
 3.1082E+02 3.0111E-01 3.1101E+02 3.5033E-01 3.1121E+02 4.1339E-019646 3102
 3.1141E+02 4.9597E-01 3.1160E+02 6.0715E-01 3.1180E+02 7.6157E-019646 3102
 3.1190E+02 8.6253E-01 3.1199E+02 9.8521E-01 3.1209E+02 1.1366E+009646 3102
 3.1219E+02 1.3261E+00 3.1229E+02 1.5681E+00 3.1239E+02 1.8840E+009646 3102
 3.1249E+02 2.3063E+00 3.1258E+02 2.8896E+00 3.1263E+02 3.2685E+009646 3102
 3.1268E+02 3.7278E+00 3.1273E+02 4.2915E+00 3.1278E+02 4.9924E+009646 3102
 3.1283E+02 5.8804E+00 3.1288E+02 7.0304E+00 3.1293E+02 8.5553E+009646 3102
 3.1295E+02 9.5090E+00 3.1298E+02 1.0631E+01 3.1299E+02 1.1271E+019646 3102
 3.1300E+02 1.1970E+01 3.1301E+02 1.2737E+01 3.1302E+02 1.3572E+019646 3102
 3.1304E+02 1.4500E+01 3.1305E+02 1.5518E+01 3.1306E+02 1.6656E+019646 3102
 3.1307E+02 1.7913E+01 3.1309E+02 1.9329E+01 3.1310E+02 2.0903E+019646 3102
 3.1311E+02 2.2695E+01 3.1312E+02 2.4727E+01 3.1314E+02 2.7049E+019646 3102
 3.1315E+02 2.9707E+01 3.1315E+02 3.1195E+01 3.1316E+02 3.2773E+019646 3102
 3.1317E+02 3.4464E+01 3.1317E+02 3.6299E+01 3.1318E+02 3.8324E+019646 3102
 3.1318E+02 4.0466E+01 3.1320E+02 4.5389E+01 3.1321E+02 5.1274E+019646 3102
 3.1322E+02 5.8274E+01 3.1323E+02 6.6886E+01 3.1324E+02 7.1878E+019646 3102
 3.1325E+02 7.7441E+01 3.1325E+02 8.3765E+01 3.1326E+02 9.0771E+019646 3102
 3.1326E+02 9.8677E+01 3.1327E+02 1.0764E+02 3.1328E+02 1.1802E+029646 3102
 3.1328E+02 1.2975E+02 3.1329E+02 1.4326E+02 3.1329E+02 1.5894E+029646 3102
 3.1330E+02 1.7753E+02 3.1331E+02 1.9910E+02 3.1331E+02 2.2466E+029646 3102
 3.1332E+02 2.5520E+02 3.1333E+02 2.9262E+02 3.1333E+02 3.3751E+029646 3102
 3.1334E+02 3.9353E+02 3.1334E+02 4.6196E+02 3.1335E+02 5.4734E+029646 3102
 3.1336E+02 6.5378E+02 3.1336E+02 7.9085E+02 3.1337E+02 9.5716E+029646 3102
 3.1338E+02 1.2295E+03 3.1338E+02 1.5351E+03 3.1339E+02 1.8055E+039646 3102
 3.1340E+02 1.8894E+03 3.1340E+02 1.9181E+03 3.1340E+02 1.8880E+039646 3102
 3.1341E+02 1.8054E+03 3.1342E+02 1.5350E+03 3.1342E+02 1.2283E+039646 3102
 3.1343E+02 9.5979E+02 3.1344E+02 7.4292E+02 3.1345E+02 5.7939E+029646 3102
 3.1346E+02 4.5921E+02 3.1346E+02 3.7106E+02 3.1347E+02 3.0401E+029646 3102
 3.1348E+02 2.5330E+02 3.1349E+02 2.1396E+02 3.1350E+02 1.8243E+029646 3102
 3.1351E+02 1.5720E+02 3.1351E+02 1.3695E+02 3.1352E+02 1.2013E+029646 3102
 3.1353E+02 1.0632E+02 3.1355E+02 8.4823E+01 3.1356E+02 6.9154E+019646 3102
 3.1358E+02 5.7419E+01 3.1360E+02 4.8430E+01 3.1361E+02 4.1372E+019646 3102
 3.1363E+02 3.5744E+01 3.1365E+02 3.1193E+01 3.1366E+02 2.7449E+019646 3102
 3.1368E+02 2.4338E+01 3.1370E+02 2.1730E+01 3.1373E+02 1.7622E+019646 3102
 3.1376E+02 1.4577E+01 3.1379E+02 1.2258E+01 3.1383E+02 1.0449E+019646 3102
 3.1386E+02 9.0131E+00 3.1389E+02 7.8542E+00 3.1393E+02 6.9044E+009646 3102
 3.1396E+02 6.1156E+00 3.1403E+02 4.8979E+00 3.1409E+02 4.0109E+009646 3102
 3.1416E+02 3.3449E+00 3.1422E+02 2.8325E+00 3.1429E+02 2.4294E+009646 3102
 3.1436E+02 2.1068E+00 3.1442E+02 1.8447E+00 3.1449E+02 1.6287E+009646 3102
 3.1462E+02 1.2972E+00 3.1475E+02 1.0578E+00 3.1488E+02 8.7940E-019646 3102
 3.1502E+02 7.4291E-01 3.1515E+02 6.3611E-01 3.1528E+02 5.5098E-019646 3102
 3.1541E+02 4.8207E-01 3.1554E+02 4.2550E-01 3.1568E+02 3.7847E-019646 3102
 3.1581E+02 3.3894E-01 3.1607E+02 2.7674E-01 3.1634E+02 2.3054E-019646 3102
 3.1660E+02 1.9528E-01 3.1686E+02 1.6775E-01 3.1713E+02 1.4585E-019646 3102
 3.1739E+02 1.2814E-01 3.1766E+02 1.1361E-01 3.1818E+02 9.1395E-029646 3102
 3.1871E+02 7.5442E-02 3.1924E+02 6.3589E-02 3.1977E+02 5.4536E-029646 3102
 3.2030E+02 4.7462E-02 3.2082E+02 4.1827E-02 3.2135E+02 3.7263E-029646 3102
 3.2188E+02 3.3513E-02 3.2294E+02 2.7768E-02 3.2399E+02 2.3630E-029646 3102
 3.2505E+02 2.0550E-02 3.2610E+02 1.8198E-02 3.2716E+02 1.6364E-029646 3102
 3.2822E+02 1.4910E-02 3.3033E+02 1.2798E-02 3.3244E+02 1.1397E-029646 3102
 3.3455E+02 1.0466E-02 3.3667E+02 9.8666E-03 3.3878E+02 9.5210E-039646 3102
 3.4089E+02 9.3845E-03 3.4300E+02 9.4341E-03 3.4511E+02 9.6628E-039646 3102
 3.4723E+02 1.0077E-02 3.4934E+02 1.0697E-02 3.5145E+02 1.1558E-029646 3102
 3.5356E+02 1.2717E-02 3.5568E+02 1.4257E-02 3.5779E+02 1.6310E-029646 3102
 3.5990E+02 1.9074E-02 3.6201E+02 2.2870E-02 3.6412E+02 2.8229E-029646 3102
 3.6518E+02 3.1762E-02 3.6624E+02 3.6086E-02 3.6729E+02 4.1452E-029646 3102
 3.6835E+02 4.8217E-02 3.6940E+02 5.6905E-02 3.7046E+02 6.8315E-029646 3102
 3.7152E+02 8.3709E-02 3.7205E+02 9.3504E-02 3.7257E+02 1.0517E-019646 3102
 3.7310E+02 1.1923E-01 3.7363E+02 1.3637E-01 3.7416E+02 1.5756E-019646 3102
 3.7469E+02 1.8420E-01 3.7521E+02 2.1830E-01 3.7574E+02 2.6298E-019646 3102
 3.7627E+02 3.2308E-01 3.7653E+02 3.6123E-01 3.7680E+02 4.0660E-019646 3102
 3.7706E+02 4.6117E-01 3.7733E+02 5.2754E-01 3.7759E+02 6.0942E-019646 3102
 3.7785E+02 7.1206E-01 3.7812E+02 8.4310E-01 3.7838E+02 1.0141E+009646 3102
 3.7865E+02 1.2431E+00 3.7891E+02 1.5596E+00 3.7904E+02 1.7653E+009646 3102
 3.7917E+02 2.0148E+00 3.7931E+02 2.3211E+00 3.7937E+02 2.5010E+009646 3102
 3.7944E+02 2.7029E+00 3.7950E+02 2.9302E+00 3.7957E+02 3.1873E+009646 3102
 3.7960E+02 3.3288E+00 3.7962E+02 3.4030E+00 3.7964E+02 3.4799E+009646 3102
 3.7965E+02 3.5594E+00 3.7967E+02 3.6416E+00 3.7970E+02 3.8148E+009646 3102
 3.7977E+02 4.2004E+00 3.7983E+02 4.6474E+00 3.7987E+02 4.8983E+009646 3102
 3.7990E+02 5.1699E+00 3.7993E+02 5.4647E+00 3.7997E+02 5.7857E+009646 3102
 3.8000E+02 6.1355E+00 3.8003E+02 6.5179E+00 3.8006E+02 6.9377E+009646 3102
 3.8010E+02 7.3988E+00 3.8013E+02 7.9073E+00 3.8016E+02 8.4707E+009646 3102
 3.8020E+02 9.0957E+00 3.8023E+02 9.7924E+00 3.8026E+02 1.0573E+019646 3102
 3.8030E+02 1.1449E+01 3.8033E+02 1.2439E+01 3.8036E+02 1.3564E+019646 3102
 3.8039E+02 1.4846E+01 3.8043E+02 1.6319E+01 3.8046E+02 1.8022E+019646 3102
 3.8049E+02 2.0010E+01 3.8053E+02 2.2338E+01 3.8056E+02 2.5092E+019646 3102
 3.8059E+02 2.8385E+01 3.8063E+02 3.2368E+01 3.8066E+02 3.7237E+019646 3102
 3.8069E+02 4.3280E+01 3.8073E+02 5.0905E+01 3.8076E+02 6.0688E+019646 3102
 3.8079E+02 7.3517E+01 3.8081E+02 8.1482E+01 3.8082E+02 9.0778E+019646 3102
 3.8084E+02 1.0171E+02 3.8086E+02 1.1464E+02 3.8087E+02 1.3012E+029646 3102
 3.8089E+02 1.4881E+02 3.8091E+02 1.7154E+02 3.8092E+02 1.9958E+029646 3102
 3.8094E+02 2.3451E+02 3.8096E+02 2.7839E+02 3.8097E+02 3.3425E+029646 3102
 3.8099E+02 4.0578E+02 3.8101E+02 4.9732E+02 3.8102E+02 6.1377E+029646 3102
 3.8104E+02 7.8570E+02 3.8106E+02 9.8225E+02 3.8108E+02 1.1557E+039646 3102
 3.8109E+02 1.2092E+03 3.8110E+02 1.2279E+03 3.8111E+02 1.2088E+039646 3102
 3.8112E+02 1.1555E+03 3.8114E+02 9.8202E+02 3.8116E+02 7.8547E+029646 3102
 3.8118E+02 6.1355E+02 3.8119E+02 5.0678E+02 3.8121E+02 4.2120E+029646 3102
 3.8122E+02 3.5267E+02 3.8124E+02 2.9772E+02 3.8125E+02 2.5390E+029646 3102
 3.8127E+02 2.1838E+02 3.8128E+02 1.8930E+02 3.8130E+02 1.6553E+029646 3102
 3.8131E+02 1.4575E+02 3.8133E+02 1.2913E+02 3.8136E+02 1.0329E+029646 3102
 3.8139E+02 8.4310E+01 3.8142E+02 7.0052E+01 3.8145E+02 5.9085E+019646 3102
 3.8148E+02 5.0442E+01 3.8151E+02 4.3563E+01 3.8154E+02 3.7978E+019646 3102
 3.8157E+02 3.3389E+01 3.8160E+02 2.9588E+01 3.8166E+02 2.3680E+019646 3102
 3.8172E+02 1.9375E+01 3.8178E+02 1.6139E+01 3.8183E+02 1.3651E+019646 3102
 3.8189E+02 1.1694E+01 3.8195E+02 1.0130E+01 3.8201E+02 8.8585E+009646 3102
 3.8207E+02 7.8120E+00 3.8213E+02 6.9398E+00 3.8225E+02 5.5816E+009646 3102
 3.8237E+02 4.5863E+00 3.8249E+02 3.8345E+00 3.8261E+02 3.2538E+009646 3102
 3.8273E+02 2.7955E+00 3.8285E+02 2.4273E+00 3.8297E+02 2.1275E+009646 3102
 3.8309E+02 1.8799E+00 3.8333E+02 1.4986E+00 3.8357E+02 1.2225E+009646 3102
 3.8381E+02 1.0162E+00 3.8404E+02 8.5799E-01 3.8428E+02 7.3404E-019646 3102
 3.8452E+02 6.3516E-01 3.8476E+02 5.5498E-01 3.8500E+02 4.8906E-019646 3102
 3.8500E+02 3.9404E+00 3.8500E+02 3.9404E+00 4.4250E+02 3.5788E+009646 3102
 5.0000E+02 3.2171E+00 6.0000E+02 2.8464E+00 7.0000E+02 2.4757E+009646 3102
 8.5000E+02 2.1763E+00 1.0000E+03 1.8769E+00 1.2500E+03 1.6858E+009646 3102
 1.5000E+03 1.4948E+00 1.7500E+03 1.3037E+00 2.0000E+03 1.1126E+009646 3102
 2.3750E+03 1.0497E+00 2.7500E+03 9.8677E-01 3.1250E+03 9.2385E-019646 3102
 3.5000E+03 8.6093E-01 4.2500E+03 7.3510E-01 5.0000E+03 6.0926E-019646 3102
 6.0000E+03 5.5967E-01 7.0000E+03 5.1008E-01 8.5000E+03 4.7254E-019646 3102
 9.6250E+03 4.4439E-01 1.0000E+04 4.3500E-01 1.0000E+04 4.3500E-019646 3102
 1.2080E+04 4.0170E-01 1.4429E+04 3.7271E-01 1.7064E+04 3.4728E-019646 3102
 2.0000E+04 3.2480E-01 2.4530E+04 2.9373E-01 2.9705E+04 2.6730E-019646 3102
 3.0000E+04 2.6600E-01 3.5572E+04 2.4387E-01 4.2172E+04 2.2359E-019646 3102
 4.3000E+04 2.2139E-01 4.5000E+04 2.1632E-01 5.0000E+04 2.0500E-019646 3102
 5.9403E+04 1.8904E-01 7.0000E+04 1.7500E-01 8.4047E+04 1.6170E-019646 3102
 1.0000E+05 1.5000E-01 1.1992E+05 1.3569E-01 1.4258E+05 1.2332E-019646 3102
 1.4258E+05 1.2332E-01 1.6951E+05 1.1208E-01 2.0000E+05 1.0230E-019646 3102
 2.2250E+05 9.8941E-02 2.4448E+05 9.6065E-02 2.7063E+05 9.3054E-029646 3102
 2.9621E+05 9.0460E-02 2.9621E+05 9.0460E-02 3.0000E+05 9.0100E-029646 3102
 3.2163E+05 9.0018E-02 3.4428E+05 8.9938E-02 3.9360E+05 8.9781E-029646 3102
 4.0000E+05 8.9762E-02 4.1431E+05 8.9720E-02 4.3574E+05 8.9661E-029646 3102
 4.8079E+05 8.9546E-02 5.0000E+05 8.9500E-02 5.0000E+05 8.9500E-029646 3102
 5.3138E+05 8.8987E-02 5.8729E+05 8.8150E-02 6.0546E+05 8.7897E-029646 3102
 6.2182E+05 8.7675E-02 6.3649E+05 8.7483E-02 6.4961E+05 8.7314E-029646 3102
 6.6132E+05 8.7167E-02 6.6271E+05 8.7150E-02 6.6271E+05 8.7150E-029646 3102
 6.7173E+05 8.7038E-02 6.8098E+05 8.6926E-02 6.8918E+05 8.6828E-029646 3102
 7.0000E+05 8.6700E-02 7.0287E+05 8.6277E-02 7.0287E+05 8.6277E-029646 3102
 7.0376E+05 8.6147E-02 7.1490E+05 8.4545E-02 7.2337E+05 8.3362E-029646 3102
 7.3626E+05 8.1620E-02 7.4938E+05 7.9914E-02 7.5000E+05 7.9835E-029646 3102
 7.6504E+05 7.7962E-02 7.7902E+05 7.6293E-02 8.0328E+05 7.3546E-029646 3102
 8.0328E+05 7.3546E-02 8.2997E+05 7.0728E-02 8.4322E+05 6.9401E-029646 3102
 8.4646E+05 6.9083E-02 8.6349E+05 6.7457E-02 8.8060E+05 6.5894E-029646 3102
 8.8425E+05 6.5568E-02 8.9900E+05 6.4284E-02 9.1212E+05 6.3180E-029646 3102
 9.3552E+05 6.1295E-02 9.7177E+05 5.8571E-02 1.0000E+06 5.6600E-029646 3102
 1.0094E+06 5.6055E-02 1.0576E+06 5.3424E-02 1.0826E+06 5.2155E-029646 3102
 1.0844E+06 5.2062E-02 1.1081E+06 5.0916E-02 1.1105E+06 5.0801E-029646 3102
 1.1105E+06 5.0801E-02 1.1330E+06 4.9764E-02 1.1336E+06 4.9734E-029646 3102
 1.1778E+06 4.7811E-02 1.2000E+06 4.6900E-02 1.2315E+06 4.6161E-029646 3102
 1.2851E+06 4.4969E-02 1.3269E+06 4.4095E-02 1.3591E+06 4.3451E-029646 3102
 1.3838E+06 4.2974E-02 1.4217E+06 4.2268E-02 1.4606E+06 4.1574E-029646 3102
 1.5000E+06 4.0900E-02 1.5007E+06 4.0876E-02 1.5368E+06 3.9711E-029646 3102
 1.6019E+06 3.7751E-02 1.7048E+06 3.4991E-02 1.7587E+06 3.3687E-029646 3102
 1.7863E+06 3.3054E-02 1.8144E+06 3.2432E-02 1.8448E+06 3.1781E-029646 3102
 1.8992E+06 3.0674E-02 2.0000E+06 2.8800E-02 2.0725E+06 2.5669E-029646 3102
 2.1264E+06 2.3625E-02 2.2241E+06 2.0432E-02 2.3791E+06 1.6434E-029646 3102
 2.4606E+06 1.4738E-02 2.5000E+06 1.4000E-02 2.5449E+06 1.3085E-029646 3102
 2.6148E+06 1.1803E-02 2.7512E+06 9.7289E-03 2.8763E+06 8.2154E-039646 3102
 2.9904E+06 7.0855E-03 3.0000E+06 7.0000E-03 3.0588E+06 6.4872E-039646 3102
 3.1167E+06 6.0048E-03 3.1737E+06 5.5513E-03 3.2167E+06 4.5333E-039646 3102
 3.2800E+06 4.1301E-03 3.3117E+06 3.9410E-03 3.3433E+06 3.7667E-039646 3102
 3.3644E+06 3.6609E-03 3.4014E+06 3.4953E-03 3.4291E+06 3.3861E-039646 3102
 3.4707E+06 3.2434E-03 3.5122E+06 3.1222E-03 3.5492E+06 3.0297E-039646 3102
 3.5838E+06 2.9548E-03 3.6163E+06 2.8942E-03 3.6467E+06 2.8453E-039646 3102
 3.7038E+06 2.7727E-03 3.7537E+06 2.7271E-03 3.7974E+06 2.6992E-039646 3102
 3.8357E+06 2.6827E-03 3.9026E+06 2.6686E-03 3.9133E+06 2.6611E-039646 3102
 3.9269E+06 2.6583E-03 4.0000E+06 2.6433E-03 4.2153E+06 2.5990E-039646 3102
 4.4453E+06 2.5517E-03 4.5889E+06 2.5222E-03 4.6522E+06 2.5167E-039646 3102
 4.8141E+06 2.4965E-03 5.0000E+06 2.4735E-03 5.2136E+06 2.4469E-039646 3102
 5.4526E+06 2.4172E-03 5.6390E+06 2.3940E-03 5.9306E+06 2.3578E-039646 3102
 6.0000E+06 2.3492E-03 6.0821E+06 2.3390E-03 6.1722E+06 2.3278E-039646 3102
 6.2374E+06 2.3203E-03 6.3650E+06 2.3055E-03 6.3650E+06 2.3055E-039646 3102
 6.3652E+06 2.3055E-03 6.4978E+06 2.2902E-03 6.5000E+06 2.2899E-039646 3102
 6.7537E+06 2.2606E-03 6.9533E+06 2.2376E-03 7.0000E+06 2.2327E-039646 3102
 7.0111E+06 2.2315E-03 7.0276E+06 2.2298E-03 7.0827E+06 2.2240E-039646 3102
 7.1317E+06 2.2188E-03 7.1551E+06 2.2164E-03 7.1687E+06 2.2149E-039646 3102
 7.2184E+06 2.2097E-03 7.2221E+06 2.2093E-03 7.2738E+06 2.2039E-039646 3102
 7.2899E+06 2.2022E-03 7.3127E+06 2.1998E-03 7.3223E+06 2.1988E-039646 3102
 7.3647E+06 2.1944E-03 7.3916E+06 2.1915E-03 7.4390E+06 2.1866E-039646 3102
 7.4933E+06 2.1809E-03 7.4946E+06 2.1807E-03 7.4947E+06 2.1807E-039646 3102
 7.5000E+06 2.1802E-03 7.5364E+06 2.1763E-03 7.5677E+06 2.1731E-039646 3102
 7.5750E+06 2.1723E-03 7.6147E+06 2.1681E-03 7.6516E+06 2.1643E-039646 3102
 7.6576E+06 2.1636E-03 7.6617E+06 2.1632E-03 7.6954E+06 2.1597E-039646 3102
 7.7270E+06 2.1563E-03 7.7344E+06 2.1556E-03 7.7567E+06 2.1536E-039646 3102
 7.7951E+06 2.1501E-03 7.8031E+06 2.1494E-03 7.8122E+06 2.1486E-039646 3102
 7.8609E+06 2.1442E-03 7.9034E+06 2.1404E-03 7.9207E+06 2.1388E-039646 3102
 8.0000E+06 2.1317E-03 8.0306E+06 2.1289E-03 8.0644E+06 2.1259E-039646 3102
 8.1271E+06 2.1202E-03 8.1580E+06 2.1175E-03 8.2230E+06 2.1116E-039646 3102
 8.2462E+06 2.1095E-03 8.2661E+06 2.1077E-03 8.3579E+06 2.0995E-039646 3102
 8.3672E+06 2.0986E-03 8.4626E+06 2.0900E-03 8.4972E+06 2.0869E-039646 3102
 8.5472E+06 2.0824E-03 8.5781E+06 2.0802E-03 8.5836E+06 2.0797E-039646 3102
 8.6590E+06 2.0742E-03 8.8000E+06 2.0637E-03 8.8308E+06 2.0615E-039646 3102
 8.9019E+06 2.0562E-03 8.9217E+06 2.0547E-03 8.9400E+06 2.0534E-039646 3102
 8.9536E+06 2.0524E-03 8.9811E+06 2.0507E-03 9.0000E+06 2.0496E-039646 3102
 9.0800E+06 2.0447E-03 9.1126E+06 2.0428E-03 9.2362E+06 2.0353E-039646 3102
 9.2431E+06 2.0349E-03 9.2855E+06 2.0323E-03 9.3017E+06 2.0313E-039646 3102
 9.3428E+06 2.0288E-03 9.3600E+06 2.0278E-03 9.5154E+06 2.0207E-039646 3102
 9.6160E+06 2.0162E-03 9.6342E+06 2.0153E-03 9.7614E+06 2.0096E-039646 3102
 9.7744E+06 2.0090E-03 9.8004E+06 2.0078E-03 9.8313E+06 2.0064E-039646 3102
 9.9667E+06 2.0003E-03 9.9722E+06 2.0000E-03 9.9889E+06 2.0000E-039646 3102
 1.0000E+07 2.0000E-03 1.0033E+07 1.9967E-03 1.0104E+07 1.9896E-039646 3102
 1.0138E+07 1.9862E-03 1.0266E+07 1.9734E-03 1.0303E+07 1.9697E-039646 3102
 1.0317E+07 1.9683E-03 1.0362E+07 1.9638E-03 1.0377E+07 1.9623E-039646 3102
 1.0396E+07 1.9604E-03 1.0507E+07 1.9493E-03 1.0577E+07 1.9423E-039646 3102
 1.0581E+07 1.9419E-03 1.0651E+07 1.9349E-03 1.0664E+07 1.9336E-039646 3102
 1.0668E+07 1.9332E-03 1.0682E+07 1.9318E-03 1.0760E+07 1.9240E-039646 3102
 1.0771E+07 1.9229E-03 1.0818E+07 1.9182E-03 1.0849E+07 1.9151E-039646 3102
 1.0872E+07 1.9128E-03 1.0951E+07 1.9049E-03 1.0988E+07 1.9012E-039646 3102
 1.1000E+07 1.9000E-03 1.1025E+07 1.8975E-03 1.1094E+07 1.8907E-039646 3102
 1.1139E+07 1.8861E-03 1.1173E+07 1.8827E-03 1.1238E+07 1.8762E-039646 3102
 1.1294E+07 1.8706E-03 1.1308E+07 1.8692E-03 1.1311E+07 1.8689E-039646 3102
 1.1354E+07 1.8646E-03 1.1415E+07 1.8585E-03 1.1483E+07 1.8517E-039646 3102
 1.1522E+07 1.8478E-03 1.1523E+07 1.8477E-03 1.1540E+07 1.8460E-039646 3102
 1.1554E+07 1.8446E-03 1.1634E+07 1.8366E-03 1.1642E+07 1.8358E-039646 3102
 1.1647E+07 1.8353E-03 1.1740E+07 1.8260E-03 1.1777E+07 1.8223E-039646 3102
 1.1790E+07 1.8210E-03 1.1810E+07 1.8190E-03 1.1863E+07 1.8138E-039646 3102
 1.1879E+07 1.8121E-03 1.1921E+07 1.8079E-03 1.1941E+07 1.8059E-039646 3102
 1.2019E+07 1.7981E-03 1.2020E+07 1.7980E-03 1.2074E+07 1.7926E-039646 3102
 1.2102E+07 1.7898E-03 1.2117E+07 1.7883E-03 1.2129E+07 1.7871E-039646 3102
 1.2145E+07 1.7855E-03 1.2150E+07 1.7850E-03 1.2168E+07 1.7832E-039646 3102
 1.2226E+07 1.7774E-03 1.2284E+07 1.7716E-03 1.2300E+07 1.7700E-039646 3102
 1.2331E+07 1.7669E-03 1.2366E+07 1.7634E-03 1.2392E+07 1.7608E-039646 3102
 1.2419E+07 1.7581E-03 1.2471E+07 1.7529E-03 1.2500E+07 1.7500E-039646 3102
 1.2535E+07 1.7465E-03 1.2591E+07 1.7409E-03 1.2641E+07 1.7359E-039646 3102
 1.2667E+07 1.7333E-03 1.2684E+07 1.7317E-03 1.2721E+07 1.7279E-039646 3102
 1.2763E+07 1.7238E-03 1.2787E+07 1.7213E-03 1.2836E+07 1.7164E-039646 3102
 1.2906E+07 1.7094E-03 1.2910E+07 1.7090E-03 1.2978E+07 1.7022E-039646 3102
 1.2984E+07 1.7016E-03 1.3000E+07 1.7000E-03 1.3050E+07 1.6950E-039646 3102
 1.3065E+07 1.6935E-03 1.3141E+07 1.6859E-03 1.3171E+07 1.6829E-039646 3102
 1.3223E+07 1.6777E-03 1.3238E+07 1.6762E-03 1.3262E+07 1.6738E-039646 3102
 1.3301E+07 1.6699E-03 1.3357E+07 1.6643E-03 1.3373E+07 1.6627E-039646 3102
 1.3397E+07 1.6603E-03 1.3441E+07 1.6559E-03 1.3476E+07 1.6524E-039646 3102
 1.3500E+07 1.6500E-03 1.3533E+07 1.6467E-03 1.3569E+07 1.6431E-039646 3102
 1.3606E+07 1.6394E-03 1.3681E+07 1.6319E-03 1.3719E+07 1.6281E-039646 3102
 1.3778E+07 1.6222E-03 1.3864E+07 1.6136E-03 1.3881E+07 1.6119E-039646 3102
 1.4000E+07 1.6000E-03 1.4014E+07 1.5987E-03 1.4023E+07 1.5977E-039646 3102
 1.4147E+07 1.5853E-03 1.4238E+07 1.5762E-03 1.4276E+07 1.5724E-039646 3102
 1.4365E+07 1.5635E-03 1.4462E+07 1.5538E-03 1.4691E+07 1.5309E-039646 3102
 1.4827E+07 1.5173E-03 1.4859E+07 1.5141E-03 1.5000E+07 1.5000E-039646 3102
 1.5017E+07 1.4983E-03 1.5378E+07 1.4622E-03 1.5454E+07 1.4546E-039646 3102
 1.5600E+07 1.4400E-03 1.5629E+07 1.4371E-03 1.5642E+07 1.4358E-039646 3102
 1.5751E+07 1.4249E-03 1.5817E+07 1.4183E-03 1.5959E+07 1.4041E-039646 3102
 1.6049E+07 1.3951E-03 1.6170E+07 1.3830E-03 1.6276E+07 1.3724E-039646 3102
 1.6294E+07 1.3706E-03 1.6382E+07 1.3618E-03 1.6524E+07 1.3476E-039646 3102
 1.6579E+07 1.3421E-03 1.6739E+07 1.3261E-03 1.6862E+07 1.3138E-039646 3102
 1.6941E+07 1.3059E-03 1.6982E+07 1.3018E-03 1.7072E+07 1.2928E-039646 3102
 1.7207E+07 1.2793E-03 1.7275E+07 1.2725E-03 1.7319E+07 1.2681E-039646 3102
 1.7342E+07 1.2658E-03 1.7467E+07 1.2533E-03 1.7500E+07 1.2500E-039646 3102
 1.7517E+07 1.2483E-03 1.7560E+07 1.2440E-03 1.7651E+07 1.2349E-039646 3102
 1.7700E+07 1.2300E-03 1.7840E+07 1.2160E-03 1.7940E+07 1.2060E-039646 3102
 1.8000E+07 1.2000E-03 1.8447E+07 1.1553E-03 1.8500E+07 1.1500E-039646 3102
 1.8729E+07 1.1271E-03 1.8820E+07 1.1180E-03 1.8828E+07 1.1172E-039646 3102
 1.8837E+07 1.1163E-03 1.8840E+07 1.1160E-03 1.8979E+07 1.1021E-039646 3102
 1.9000E+07 1.1000E-03 1.9099E+07 1.0901E-03 1.9105E+07 1.0895E-039646 3102
 1.9278E+07 1.0722E-03 1.9458E+07 1.0542E-03 2.0000E+07 1.0000E-039646 3102
                                                                  9646 3  0
