CS-135N,G*   1.1000-01* JEF-2.2; RN - ---/SYS                     5535 3402
                                                                  5535 3402
 5.51350+04 1.3375E+02          0          1          0          05535 3402
 3.0000E+02 6.8342E+06          0          0          1       28015535 3402
       2801          2                                            5535 3402
 1.0000E-05 7.2496E+00 1.0558E-05 7.0557E+00 1.1115E-05 6.8765E+005535 3402
 1.1487E-05 6.7643E+00 1.2602E-05 6.4581E+00 1.4089E-05 6.1080E+005535 3402
 1.5204E-05 5.8797E+00 1.5948E-05 5.7411E+00 1.7435E-05 5.4909E+005535 3402
 1.8921E-05 5.2709E+00 2.0408E-05 5.0752E+00 2.1895E-05 4.9000E+005535 3402
 2.4126E-05 4.6682E+00 2.4869E-05 4.5978E+00 2.7843E-05 4.3454E+005535 3402
 3.0817E-05 4.1306E+00 3.3790E-05 3.9448E+00 3.6764E-05 3.7819E+005535 3402
 3.9738E-05 3.6378E+00 4.1968E-05 3.5398E+00 4.4199E-05 3.4494E+005535 3402
 4.5686E-05 3.3930E+00 5.0146E-05 3.2389E+00 5.1633E-05 3.1917E+005535 3402
 5.7581E-05 3.0226E+00 6.3529E-05 2.8778E+00 6.9476E-05 2.7518E+005535 3402
 7.5424E-05 2.6413E+00 8.1371E-05 2.5430E+00 8.5832E-05 2.4762E+005535 3402
 9.0293E-05 2.4142E+00 9.3267E-05 2.3755E+00 1.0219E-04 2.2696E+005535 3402
 1.0516E-04 2.2373E+00 1.1408E-04 2.1482E+00 1.2300E-04 2.0690E+005535 3402
 1.2895E-04 2.0208E+00 1.4085E-04 1.9336E+00 1.5274E-04 1.8570E+005535 3402
 1.6464E-04 1.7888E+00 1.7653E-04 1.7275E+00 1.9438E-04 1.6464E+005535 3402
 2.1817E-04 1.5542E+00 2.3601E-04 1.4944E+00 2.4790E-04 1.4581E+005535 3402
 2.7169E-04 1.3929E+00 2.9549E-04 1.3358E+00 3.1928E-04 1.2851E+005535 3402
 3.4307E-04 1.2398E+00 3.7875E-04 1.1800E+00 3.9065E-04 1.1619E+005535 3402
 4.2633E-04 1.1123E+00 4.6202E-04 1.0685E+00 4.8581E-04 1.0420E+005535 3402
 5.3339E-04 9.9451E-01 5.8097E-04 9.5296E-01 6.2855E-04 9.1621E-015535 3402
 6.7613E-04 8.8339E-01 7.4750E-04 8.4019E-01 7.7129E-04 8.2715E-015535 3402
 8.4267E-04 7.9134E-01 9.1404E-04 7.5982E-01 9.6162E-04 7.4078E-015535 3402
 1.0568E-03 7.0666E-01 1.1519E-03 6.7682E-01 1.2471E-03 6.5046E-015535 3402
 1.3423E-03 6.2698E-01 1.4850E-03 5.9608E-01 1.5326E-03 5.8675E-015535 3402
 1.6753E-03 5.6118E-01 1.8181E-03 5.3870E-01 1.9132E-03 5.2514E-015535 3402
 2.1036E-03 5.0080E-01 2.2939E-03 4.7958E-01 2.4842E-03 4.6083E-015535 3402
 2.6745E-03 4.4413E-01 2.9600E-03 4.2216E-01 3.0552E-03 4.1554E-015535 3402
 3.3407E-03 3.9738E-01 3.6261E-03 3.8139E-01 3.8165E-03 3.7176E-015535 3402
 4.1971E-03 3.5450E-01 4.5778E-03 3.3942E-01 4.9584E-03 3.2613E-015535 3402
 5.3391E-03 3.1427E-01 5.9100E-03 2.9869E-01 6.1004E-03 2.9400E-015535 3402
 6.6713E-03 2.8112E-01 7.2423E-03 2.6979E-01 7.6229E-03 2.6294E-015535 3402
 8.3842E-03 2.5074E-01 9.1455E-03 2.4005E-01 9.9068E-03 2.3064E-015535 3402
 1.0668E-02 2.2224E-01 1.1810E-02 2.1120E-01 1.2191E-02 2.0787E-015535 3402
 1.3333E-02 1.9875E-01 1.4475E-02 1.9074E-01 1.5236E-02 1.8589E-015535 3402
 1.6758E-02 1.7723E-01 1.8281E-02 1.6966E-01 1.9804E-02 1.6299E-015535 3402
 2.1326E-02 1.5705E-01 2.3610E-02 1.4923E-01 2.4371E-02 1.4688E-015535 3402
 2.6655E-02 1.4041E-01 2.8939E-02 1.3473E-01 3.0462E-02 1.3131E-015535 3402
 3.3507E-02 1.2517E-01 3.6552E-02 1.1982E-01 3.9597E-02 1.1509E-015535 3402
 4.2642E-02 1.1088E-01 4.7210E-02 1.0534E-01 4.8733E-02 1.0367E-015535 3402
 5.3301E-02 9.9086E-02 5.7868E-02 9.5061E-02 6.0914E-02 9.2634E-025535 3402
 6.7004E-02 8.8285E-02 7.3094E-02 8.4483E-02 7.9185E-02 8.1130E-025535 3402
 8.5275E-02 7.8146E-02 9.4410E-02 7.4214E-02 9.7456E-02 7.3027E-025535 3402
 1.0659E-01 6.9776E-02 1.1573E-01 6.6912E-02 1.2182E-01 6.5190E-025535 3402
 1.3400E-01 6.2104E-02 1.4618E-01 5.9398E-02 1.5836E-01 5.7011E-025535 3402
 1.7054E-01 5.4891E-02 1.8881E-01 5.2091E-02 1.9490E-01 5.1245E-025535 3402
 2.1317E-01 4.8931E-02 2.3144E-01 4.6888E-02 2.4362E-01 4.5661E-025535 3402
 2.6799E-01 4.3459E-02 2.9235E-01 4.1526E-02 3.1671E-01 3.9821E-025535 3402
 3.4107E-01 3.8304E-02 3.7761E-01 3.6298E-02 3.8979E-01 3.5691E-025535 3402
 4.2633E-01 3.4035E-02 4.6288E-01 3.2570E-02 4.8724E-01 3.1686E-025535 3402
 5.3596E-01 3.0106E-02 5.8468E-01 2.8715E-02 6.3341E-01 2.7486E-025535 3402
 6.8213E-01 2.6392E-02 7.5521E-01 2.4944E-02 7.7957E-01 2.4506E-025535 3402
 8.5266E-01 2.3309E-02 9.2574E-01 2.2248E-02 9.7447E-01 2.1608E-025535 3402
 1.0719E+00 2.0459E-02 1.1694E+00 1.9451E-02 1.2668E+00 1.8558E-025535 3402
 1.3642E+00 1.7760E-02 1.4617E+00 1.7040E-02 1.5591E+00 1.6389E-025535 3402
 1.7053E+00 1.5516E-02 1.8515E+00 1.4743E-02 1.9489E+00 1.4275E-025535 3402
 2.0464E+00 1.3843E-02 2.2413E+00 1.3060E-02 2.3387E+00 1.2704E-025535 3402
 2.5336E+00 1.2056E-02 2.7285E+00 1.1477E-02 2.9234E+00 1.0956E-025535 3402
 3.1183E+00 1.0486E-02 3.4106E+00 9.8562E-03 3.7029E+00 9.3022E-035535 3402
 3.8978E+00 8.9685E-03 4.0927E+00 8.6600E-03 4.2876E+00 8.3734E-035535 3402
 4.4825E+00 8.1066E-03 4.6774E+00 7.8578E-03 5.0672E+00 7.4058E-035535 3402
 5.4570E+00 7.0056E-03 5.8467E+00 6.6496E-03 6.2365E+00 6.3309E-035535 3402
 6.6263E+00 6.0442E-03 7.0161E+00 5.7851E-03 7.6008E+00 5.4402E-035535 3402
 8.1854E+00 5.1402E-03 8.5752E+00 4.9613E-03 8.9650E+00 4.7971E-035535 3402
 9.3548E+00 4.6464E-03 9.7446E+00 4.5078E-03 1.0134E+01 4.3798E-035535 3402
 1.0524E+01 4.2618E-03 1.0914E+01 4.1531E-03 1.1693E+01 3.9597E-035535 3402
 1.2473E+01 3.7944E-03 1.3253E+01 3.6534E-03 1.4032E+01 3.5339E-035535 3402
 1.4812E+01 3.4333E-03 1.5591E+01 3.3494E-03 1.6371E+01 3.2810E-035535 3402
 1.7150E+01 3.2266E-03 1.7930E+01 3.1854E-03 1.8710E+01 3.1565E-035535 3402
 1.9489E+01 3.1394E-03 2.0269E+01 3.1339E-03 2.1048E+01 3.1397E-035535 3402
 2.1828E+01 3.1566E-03 2.2607E+01 3.1853E-03 2.3387E+01 3.2256E-035535 3402
 2.4166E+01 3.2782E-03 2.4946E+01 3.3438E-03 2.5726E+01 3.4232E-035535 3402
 2.6505E+01 3.5176E-03 2.7285E+01 3.6283E-03 2.8064E+01 3.7571E-035535 3402
 2.8844E+01 3.9061E-03 2.9623E+01 4.0779E-03 3.0403E+01 4.2755E-035535 3402
 3.1183E+01 4.5022E-03 3.1572E+01 4.6280E-03 3.1962E+01 4.7635E-035535 3402
 3.2352E+01 4.9088E-03 3.2742E+01 5.0651E-03 3.3131E+01 5.2336E-035535 3402
 3.3521E+01 5.4149E-03 3.3911E+01 5.6101E-03 3.4301E+01 5.8208E-035535 3402
 3.4691E+01 6.0486E-03 3.5080E+01 6.2952E-03 3.5470E+01 6.5626E-035535 3402
 3.5860E+01 6.8528E-03 3.6250E+01 7.1686E-03 3.6640E+01 7.5130E-035535 3402
 3.7029E+01 7.8893E-03 3.7419E+01 8.3014E-03 3.7809E+01 8.7541E-035535 3402
 3.8199E+01 9.2525E-03 3.8588E+01 9.8027E-03 3.8978E+01 1.0413E-025535 3402
 3.9368E+01 1.1091E-02 3.9758E+01 1.1847E-02 4.0148E+01 1.2692E-025535 3402
 4.0342E+01 1.3152E-02 4.0537E+01 1.3642E-02 4.0732E+01 1.4164E-025535 3402
 4.0927E+01 1.4720E-02 4.1122E+01 1.5313E-02 4.1317E+01 1.5945E-025535 3402
 4.1512E+01 1.6622E-02 4.1707E+01 1.7346E-02 4.1902E+01 1.8123E-025535 3402
 4.2096E+01 1.8957E-02 4.2291E+01 1.9856E-02 4.2486E+01 2.0824E-025535 3402
 4.2681E+01 2.1870E-02 4.2876E+01 2.3003E-02 4.3071E+01 2.4232E-025535 3402
 4.3266E+01 2.5568E-02 4.3461E+01 2.7024E-02 4.3656E+01 2.8618E-025535 3402
 4.3850E+01 3.0362E-02 4.4045E+01 3.2280E-02 4.4240E+01 3.4395E-025535 3402
 4.4435E+01 3.6734E-02 4.4630E+01 3.9330E-02 4.4825E+01 4.2214E-025535 3402
 4.4922E+01 4.3781E-02 4.5020E+01 4.5442E-02 4.5117E+01 4.7205E-025535 3402
 4.5215E+01 4.9078E-02 4.5312E+01 5.1069E-02 4.5410E+01 5.3189E-025535 3402
 4.5507E+01 5.5445E-02 4.5605E+01 5.7851E-02 4.5702E+01 6.0426E-025535 3402
 4.5799E+01 6.3179E-02 4.5897E+01 6.6131E-02 4.5994E+01 6.9301E-025535 3402
 4.6092E+01 7.2709E-02 4.6189E+01 7.6382E-02 4.6287E+01 8.0349E-025535 3402
 4.6384E+01 8.4638E-02 4.6482E+01 8.9291E-02 4.6579E+01 9.4346E-025535 3402
 4.6676E+01 9.9853E-02 4.6774E+01 1.0587E-01 4.6871E+01 1.1245E-015535 3402
 4.6969E+01 1.1968E-01 4.7066E+01 1.2763E-01 4.7164E+01 1.3642E-015535 3402
 4.7212E+01 1.4116E-01 4.7261E+01 1.4616E-01 4.7310E+01 1.5144E-015535 3402
 4.7359E+01 1.5701E-01 4.7407E+01 1.6291E-01 4.7456E+01 1.6915E-015535 3402
 4.7505E+01 1.7576E-01 4.7553E+01 1.8277E-01 4.7602E+01 1.9022E-015535 3402
 4.7651E+01 1.9814E-01 4.7700E+01 2.0658E-01 4.7748E+01 2.1557E-015535 3402
 4.7797E+01 2.2517E-01 4.7846E+01 2.3542E-01 4.7894E+01 2.4642E-015535 3402
 4.7943E+01 2.5821E-01 4.7992E+01 2.7090E-01 4.8041E+01 2.8453E-015535 3402
 4.8089E+01 2.9925E-01 4.8138E+01 3.1515E-01 4.8187E+01 3.3237E-015535 3402
 4.8236E+01 3.5106E-01 4.8284E+01 3.7139E-01 4.8333E+01 3.9357E-015535 3402
 4.8382E+01 4.1781E-01 4.8406E+01 4.3078E-01 4.8430E+01 4.4438E-015535 3402
 4.8455E+01 4.5866E-01 4.8479E+01 4.7363E-01 4.8504E+01 4.8938E-015535 3402
 4.8528E+01 5.0592E-01 4.8552E+01 5.2334E-01 4.8577E+01 5.4168E-015535 3402
 4.8601E+01 5.6102E-01 4.8625E+01 5.8144E-01 4.8650E+01 6.0301E-015535 3402
 4.8674E+01 6.2581E-01 4.8698E+01 6.4997E-01 4.8723E+01 6.7557E-015535 3402
 4.8747E+01 7.0274E-01 4.8771E+01 7.3162E-01 4.8796E+01 7.6234E-015535 3402
 4.8820E+01 7.9507E-01 4.8845E+01 8.3000E-01 4.8869E+01 8.6733E-015535 3402
 4.8893E+01 9.0728E-01 4.8918E+01 9.5011E-01 4.8942E+01 9.9614E-015535 3402
 4.8966E+01 1.0456E+00 4.8991E+01 1.0990E+00 4.9015E+01 1.1567E+005535 3402
 4.9039E+01 1.2192E+00 4.9064E+01 1.2869E+00 4.9088E+01 1.3607E+005535 3402
 4.9113E+01 1.4412E+00 4.9137E+01 1.5293E+00 4.9161E+01 1.6259E+005535 3402
 4.9186E+01 1.7323E+00 4.9198E+01 1.7898E+00 4.9210E+01 1.8501E+005535 3402
 4.9222E+01 1.9136E+00 4.9234E+01 1.9806E+00 4.9247E+01 2.0515E+005535 3402
 4.9259E+01 2.1262E+00 4.9271E+01 2.2054E+00 4.9283E+01 2.2893E+005535 3402
 4.9295E+01 2.3782E+00 4.9307E+01 2.4728E+00 4.9320E+01 2.5736E+005535 3402
 4.9332E+01 2.6808E+00 4.9344E+01 2.7952E+00 4.9356E+01 2.9176E+005535 3402
 4.9368E+01 3.0485E+00 4.9381E+01 3.1890E+00 4.9393E+01 3.3400E+005535 3402
 4.9405E+01 3.5026E+00 4.9417E+01 3.6778E+00 4.9429E+01 3.8672E+005535 3402
 4.9441E+01 4.0722E+00 4.9454E+01 4.2944E+00 4.9466E+01 4.5358E+005535 3402
 4.9478E+01 4.7984E+00 4.9490E+01 5.0846E+00 4.9502E+01 5.3970E+005535 3402
 4.9515E+01 5.7386E+00 4.9527E+01 6.1118E+00 4.9539E+01 6.5203E+005535 3402
 4.9551E+01 6.9677E+00 4.9563E+01 7.4578E+00 4.9575E+01 7.9947E+005535 3402
 4.9588E+01 8.5827E+00 4.9600E+01 9.2259E+00 4.9612E+01 9.9291E+005535 3402
 4.9624E+01 1.0697E+01 4.9636E+01 1.1534E+01 4.9648E+01 1.2443E+015535 3402
 4.9661E+01 1.3430E+01 4.9673E+01 1.4497E+01 4.9685E+01 1.5648E+015535 3402
 4.9697E+01 1.6883E+01 4.9703E+01 1.7534E+01 4.9715E+01 1.8901E+015535 3402
 4.9722E+01 1.9614E+01 4.9734E+01 2.1107E+01 4.9746E+01 2.2682E+015535 3402
 4.9764E+01 2.5186E+01 4.9782E+01 2.7838E+01 4.9801E+01 3.0606E+015535 3402
 4.9849E+01 3.8189E+01 4.9868E+01 4.0941E+01 4.9880E+01 4.2693E+015535 3402
 4.9899E+01 4.5229E+01 4.9919E+01 4.7608E+01 4.9933E+01 4.8962E+015535 3402
 4.9943E+01 4.9838E+01 4.9953E+01 5.0586E+01 4.9960E+01 5.1008E+015535 3402
 4.9966E+01 5.1368E+01 4.9980E+01 5.1893E+01 4.9987E+01 5.2054E+015535 3402
 5.0000E+01 5.2178E+01 5.0013E+01 5.2027E+01 5.0020E+01 5.1851E+015535 3402
 5.0034E+01 5.1299E+01 5.0040E+01 5.0926E+01 5.0054E+01 4.9997E+015535 3402
 5.0067E+01 4.8835E+01 5.0081E+01 4.7462E+01 5.0088E+01 4.6704E+015535 3402
 5.0101E+01 4.5061E+01 5.0118E+01 4.2819E+01 5.0133E+01 4.0666E+015535 3402
 5.0148E+01 3.8413E+01 5.0203E+01 2.9893E+01 5.0218E+01 2.7643E+015535 3402
 5.0228E+01 2.6184E+01 5.0248E+01 2.3395E+01 5.0258E+01 2.2072E+015535 3402
 5.0268E+01 2.0803E+01 5.0278E+01 1.9589E+01 5.0288E+01 1.8432E+015535 3402
 5.0298E+01 1.7331E+01 5.0308E+01 1.6288E+01 5.0318E+01 1.5302E+015535 3402
 5.0328E+01 1.4374E+01 5.0337E+01 1.3501E+01 5.0347E+01 1.2682E+015535 3402
 5.0357E+01 1.1915E+01 5.0367E+01 1.1198E+01 5.0377E+01 1.0529E+015535 3402
 5.0387E+01 9.9061E+00 5.0397E+01 9.3258E+00 5.0407E+01 8.7861E+005535 3402
 5.0417E+01 8.2846E+00 5.0427E+01 7.8189E+00 5.0437E+01 7.3861E+005535 3402
 5.0447E+01 6.9846E+00 5.0457E+01 6.6122E+00 5.0467E+01 6.2664E+005535 3402
 5.0477E+01 5.9450E+00 5.0487E+01 5.6467E+00 5.0497E+01 5.3694E+005535 3402
 5.0507E+01 5.1115E+00 5.0517E+01 4.8714E+00 5.0527E+01 4.6477E+005535 3402
 5.0537E+01 4.4392E+00 5.0547E+01 4.2445E+00 5.0557E+01 4.0626E+005535 3402
 5.0567E+01 3.8922E+00 5.0577E+01 3.7330E+00 5.0587E+01 3.5835E+005535 3402
 5.0597E+01 3.4427E+00 5.0607E+01 3.3107E+00 5.0617E+01 3.1866E+005535 3402
 5.0627E+01 3.0694E+00 5.0637E+01 2.9587E+00 5.0647E+01 2.8544E+005535 3402
 5.0667E+01 2.6622E+00 5.0687E+01 2.4896E+00 5.0707E+01 2.3338E+005535 3402
 5.0727E+01 2.1928E+00 5.0747E+01 2.0645E+00 5.0767E+01 1.9477E+005535 3402
 5.0787E+01 1.8408E+00 5.0807E+01 1.7426E+00 5.0827E+01 1.6523E+005535 3402
 5.0847E+01 1.5691E+00 5.0867E+01 1.4921E+00 5.0886E+01 1.4208E+005535 3402
 5.0906E+01 1.3547E+00 5.0926E+01 1.2931E+00 5.0946E+01 1.2356E+005535 3402
 5.0966E+01 1.1820E+00 5.0986E+01 1.1319E+00 5.1006E+01 1.0850E+005535 3402
 5.1026E+01 1.0409E+00 5.1046E+01 9.9957E-01 5.1066E+01 9.6064E-015535 3402
 5.1086E+01 9.2397E-01 5.1106E+01 8.8939E-01 5.1126E+01 8.5674E-015535 3402
 5.1146E+01 8.2587E-01 5.1186E+01 7.6898E-01 5.1226E+01 7.1782E-015535 3402
 5.1266E+01 6.7162E-01 5.1306E+01 6.2978E-01 5.1346E+01 5.9173E-015535 3402
 5.1386E+01 5.5706E-01 5.1426E+01 5.2534E-01 5.1465E+01 4.9629E-015535 3402
 5.1505E+01 4.6957E-01 5.1545E+01 4.4498E-01 5.1585E+01 4.2226E-015535 3402
 5.1625E+01 4.0125E-01 5.1665E+01 3.8176E-01 5.1705E+01 3.6368E-015535 3402
 5.1745E+01 3.4685E-01 5.1785E+01 3.3115E-01 5.1825E+01 3.1651E-015535 3402
 5.1865E+01 3.0282E-01 5.1905E+01 2.8998E-01 5.1945E+01 2.7795E-015535 3402
 5.1985E+01 2.6667E-01 5.2024E+01 2.5605E-01 5.2064E+01 2.4606E-015535 3402
 5.2104E+01 2.3664E-01 5.2144E+01 2.2776E-01 5.2184E+01 2.1936E-015535 3402
 5.2264E+01 2.0392E-01 5.2344E+01 1.9003E-01 5.2424E+01 1.7750E-015535 3402
 5.2504E+01 1.6618E-01 5.2583E+01 1.5590E-01 5.2663E+01 1.4654E-015535 3402
 5.2743E+01 1.3799E-01 5.2823E+01 1.3017E-01 5.2903E+01 1.2300E-015535 3402
 5.2983E+01 1.1640E-01 5.3063E+01 1.1031E-01 5.3142E+01 1.0469E-015535 3402
 5.3222E+01 9.9488E-02 5.3302E+01 9.4662E-02 5.3382E+01 9.0178E-025535 3402
 5.3462E+01 8.6005E-02 5.3542E+01 8.2112E-02 5.3622E+01 7.8477E-025535 3402
 5.3701E+01 7.5077E-02 5.3781E+01 7.1893E-02 5.3861E+01 6.8906E-025535 3402
 5.3941E+01 6.6101E-02 5.4021E+01 6.3464E-02 5.4101E+01 6.0981E-025535 3402
 5.4181E+01 5.8640E-02 5.4260E+01 5.6432E-02 5.4340E+01 5.4349E-025535 3402
 5.4420E+01 5.2379E-02 5.4580E+01 4.8747E-02 5.4740E+01 4.5474E-025535 3402
 5.4899E+01 4.2515E-02 5.5059E+01 3.9835E-02 5.5219E+01 3.7400E-025535 3402
 5.5378E+01 3.5182E-02 5.5538E+01 3.3154E-02 5.5698E+01 3.1296E-025535 3402
 5.5858E+01 2.9590E-02 5.6017E+01 2.8021E-02 5.6177E+01 2.6571E-025535 3402
 5.6337E+01 2.5232E-02 5.6496E+01 2.3992E-02 5.6656E+01 2.2840E-025535 3402
 5.6816E+01 2.1770E-02 5.6975E+01 2.0773E-02 5.7135E+01 1.9843E-025535 3402
 5.7295E+01 1.8974E-02 5.7455E+01 1.8162E-02 5.7614E+01 1.7400E-025535 3402
 5.7774E+01 1.6686E-02 5.7934E+01 1.6014E-02 5.8093E+01 1.5384E-025535 3402
 5.8253E+01 1.4789E-02 5.8413E+01 1.4229E-02 5.8573E+01 1.3701E-025535 3402
 5.8732E+01 1.3204E-02 5.9052E+01 1.2286E-02 5.9371E+01 1.1459E-025535 3402
 5.9691E+01 1.0714E-02 6.0010E+01 1.0040E-02 6.0329E+01 9.4291E-035535 3402
 6.0649E+01 8.8730E-03 6.0968E+01 8.3656E-03 6.1288E+01 7.9014E-035535 3402
 6.1607E+01 7.4758E-03 6.1927E+01 7.0846E-03 6.2246E+01 6.7242E-035535 3402
 6.2565E+01 6.3917E-03 6.2885E+01 6.0842E-03 6.3204E+01 5.7990E-035535 3402
 6.3524E+01 5.5344E-03 6.3843E+01 5.2883E-03 6.4162E+01 5.0592E-035535 3402
 6.4482E+01 4.8453E-03 6.4801E+01 4.6454E-03 6.5121E+01 4.4586E-035535 3402
 6.5440E+01 4.2835E-03 6.5760E+01 4.1194E-03 6.6079E+01 3.9651E-035535 3402
 6.6398E+01 3.8202E-03 6.6718E+01 3.6837E-03 6.7037E+01 3.5552E-035535 3402
 6.7357E+01 3.4342E-03 6.7996E+01 3.2120E-03 6.8634E+01 3.0126E-035535 3402
 6.9273E+01 2.8334E-03 6.9912E+01 2.6722E-03 7.0551E+01 2.5264E-035535 3402
 7.1190E+01 2.3946E-03 7.1829E+01 2.2747E-03 7.2467E+01 2.1656E-035535 3402
 7.3106E+01 2.0662E-03 7.3745E+01 1.9755E-03 7.4384E+01 1.8925E-035535 3402
 7.5023E+01 1.8163E-03 7.5662E+01 1.7466E-03 7.6300E+01 1.6824E-035535 3402
 7.6939E+01 1.6235E-03 7.7578E+01 1.5693E-03 7.8217E+01 1.5194E-035535 3402
 7.8856E+01 1.4734E-03 7.9495E+01 1.4312E-03 8.0134E+01 1.3922E-035535 3402
 8.0772E+01 1.3564E-03 8.1411E+01 1.3235E-03 8.2050E+01 1.2934E-035535 3402
 8.3328E+01 1.2404E-03 8.4605E+01 1.1961E-03 8.5883E+01 1.1598E-035535 3402
 8.7161E+01 1.1306E-03 8.8438E+01 1.1081E-03 8.9716E+01 1.0917E-035535 3402
 9.0994E+01 1.0812E-03 9.2272E+01 1.0764E-03 9.3549E+01 1.0772E-035535 3402
 9.4827E+01 1.0836E-03 9.6105E+01 1.0959E-03 9.7382E+01 1.1143E-035535 3402
 9.8660E+01 1.1392E-03 9.9938E+01 1.1712E-03 1.0122E+02 1.2110E-035535 3402
 1.0249E+02 1.2594E-03 1.0313E+02 1.2871E-03 1.0377E+02 1.3177E-035535 3402
 1.0441E+02 1.3512E-03 1.0505E+02 1.3878E-03 1.0569E+02 1.4278E-035535 3402
 1.0633E+02 1.4715E-03 1.0697E+02 1.5192E-03 1.0760E+02 1.5713E-035535 3402
 1.0824E+02 1.6283E-03 1.0888E+02 1.6907E-03 1.0952E+02 1.7590E-035535 3402
 1.1016E+02 1.8339E-03 1.1080E+02 1.9163E-03 1.1144E+02 2.0069E-035535 3402
 1.1208E+02 2.1069E-03 1.1271E+02 2.2174E-03 1.1335E+02 2.3400E-035535 3402
 1.1399E+02 2.4763E-03 1.1463E+02 2.6282E-03 1.1527E+02 2.7984E-035535 3402
 1.1591E+02 2.9888E-03 1.1623E+02 3.0926E-03 1.1655E+02 3.2037E-035535 3402
 1.1687E+02 3.3219E-03 1.1719E+02 3.4478E-03 1.1751E+02 3.5824E-035535 3402
 1.1783E+02 3.7261E-03 1.1814E+02 3.8798E-03 1.1846E+02 4.0448E-035535 3402
 1.1878E+02 4.2218E-03 1.1910E+02 4.4122E-03 1.1942E+02 4.6174E-035535 3402
 1.1974E+02 4.8387E-03 1.2006E+02 5.0781E-03 1.2038E+02 5.3376E-035535 3402
 1.2070E+02 5.6194E-03 1.2102E+02 5.9259E-03 1.2134E+02 6.2606E-035535 3402
 1.2166E+02 6.6267E-03 1.2198E+02 7.0285E-03 1.2230E+02 7.4704E-035535 3402
 1.2262E+02 7.9582E-03 1.2294E+02 8.4984E-03 1.2326E+02 9.0989E-035535 3402
 1.2357E+02 9.7664E-03 1.2373E+02 1.0129E-02 1.2389E+02 1.0515E-025535 3402
 1.2405E+02 1.0924E-02 1.2421E+02 1.1358E-02 1.2437E+02 1.1821E-025535 3402
 1.2453E+02 1.2313E-02 1.2469E+02 1.2838E-02 1.2485E+02 1.3399E-025535 3402
 1.2501E+02 1.3998E-02 1.2517E+02 1.4640E-02 1.2533E+02 1.5329E-025535 3402
 1.2549E+02 1.6069E-02 1.2565E+02 1.6867E-02 1.2581E+02 1.7726E-025535 3402
 1.2597E+02 1.8654E-02 1.2613E+02 1.9661E-02 1.2629E+02 2.0752E-025535 3402
 1.2645E+02 2.1939E-02 1.2661E+02 2.3234E-02 1.2677E+02 2.4650E-025535 3402
 1.2693E+02 2.6203E-02 1.2709E+02 2.7910E-02 1.2725E+02 2.9794E-025535 3402
 1.2741E+02 3.1877E-02 1.2757E+02 3.4187E-02 1.2765E+02 3.5442E-025535 3402
 1.2773E+02 3.6763E-02 1.2781E+02 3.8165E-02 1.2789E+02 3.9648E-025535 3402
 1.2797E+02 4.1222E-02 1.2805E+02 4.2894E-02 1.2813E+02 4.4672E-025535 3402
 1.2821E+02 4.6566E-02 1.2829E+02 4.8587E-02 1.2837E+02 5.0739E-025535 3402
 1.2845E+02 5.3045E-02 1.2853E+02 5.5509E-02 1.2861E+02 5.8155E-025535 3402
 1.2869E+02 6.0995E-02 1.2877E+02 6.4054E-02 1.2885E+02 6.7350E-025535 3402
 1.2893E+02 7.0914E-02 1.2901E+02 7.4768E-02 1.2909E+02 7.8955E-025535 3402
 1.2916E+02 8.3502E-02 1.2924E+02 8.8467E-02 1.2932E+02 9.3885E-025535 3402
 1.2940E+02 9.9832E-02 1.2948E+02 1.0637E-01 1.2956E+02 1.1358E-015535 3402
 1.2960E+02 1.1746E-01 1.2964E+02 1.2155E-01 1.2968E+02 1.2587E-015535 3402
 1.2972E+02 1.3041E-01 1.2976E+02 1.3522E-01 1.2980E+02 1.4029E-015535 3402
 1.2984E+02 1.4568E-01 1.2988E+02 1.5137E-01 1.2992E+02 1.5742E-015535 3402
 1.2996E+02 1.6384E-01 1.3000E+02 1.7067E-01 1.3004E+02 1.7795E-015535 3402
 1.3008E+02 1.8570E-01 1.3012E+02 1.9398E-01 1.3016E+02 2.0288E-015535 3402
 1.3020E+02 2.1238E-01 1.3024E+02 2.2258E-01 1.3028E+02 2.3354E-015535 3402
 1.3032E+02 2.4539E-01 1.3036E+02 2.5816E-01 1.3040E+02 2.7197E-015535 3402
 1.3044E+02 2.8696E-01 1.3048E+02 3.0331E-01 1.3052E+02 3.2109E-015535 3402
 1.3056E+02 3.4053E-01 1.3058E+02 3.5098E-01 1.3060E+02 3.6187E-015535 3402
 1.3062E+02 3.7336E-01 1.3064E+02 3.8542E-01 1.3066E+02 3.9810E-015535 3402
 1.3068E+02 4.1138E-01 1.3070E+02 4.2544E-01 1.3072E+02 4.4019E-015535 3402
 1.3074E+02 4.5584E-01 1.3076E+02 4.7230E-01 1.3078E+02 4.8982E-015535 3402
 1.3080E+02 5.0838E-01 1.3082E+02 5.2808E-01 1.3084E+02 5.4893E-015535 3402
 1.3086E+02 5.7123E-01 1.3088E+02 5.9491E-01 1.3090E+02 6.2034E-015535 3402
 1.3092E+02 6.4741E-01 1.3094E+02 6.7662E-01 1.3096E+02 7.0803E-015535 3402
 1.3098E+02 7.4189E-01 1.3100E+02 7.7829E-01 1.3102E+02 8.1792E-015535 3402
 1.3104E+02 8.6074E-01 1.3106E+02 9.0760E-01 1.3108E+02 9.5853E-015535 3402
 1.3110E+02 1.0146E+00 1.3112E+02 1.0762E+00 1.3114E+02 1.1440E+005535 3402
 1.3115E+02 1.1805E+00 1.3116E+02 1.2185E+00 1.3117E+02 1.2589E+005535 3402
 1.3118E+02 1.3015E+00 1.3119E+02 1.3463E+00 1.3120E+02 1.3930E+005535 3402
 1.3121E+02 1.4428E+00 1.3122E+02 1.4954E+00 1.3123E+02 1.5509E+005535 3402
 1.3124E+02 1.6088E+00 1.3125E+02 1.6707E+00 1.3126E+02 1.7362E+005535 3402
 1.3127E+02 1.8053E+00 1.3128E+02 1.8782E+00 1.3129E+02 1.9555E+005535 3402
 1.3130E+02 2.0371E+00 1.3131E+02 2.1235E+00 1.3132E+02 2.2139E+005535 3402
 1.3133E+02 2.3106E+00 1.3134E+02 2.4126E+00 1.3135E+02 2.5205E+005535 3402
 1.3136E+02 2.6333E+00 1.3137E+02 2.7536E+00 1.3138E+02 2.8808E+005535 3402
 1.3139E+02 3.0149E+00 1.3140E+02 3.1550E+00 1.3141E+02 3.3042E+005535 3402
 1.3142E+02 3.4613E+00 1.3143E+02 3.6267E+00 1.3144E+02 3.8008E+005535 3402
 1.3145E+02 3.9837E+00 1.3146E+02 4.1758E+00 1.3147E+02 4.3776E+005535 3402
 1.3148E+02 4.5869E+00 1.3149E+02 4.8082E+00 1.3150E+02 5.0397E+005535 3402
 1.3151E+02 5.2816E+00 1.3152E+02 5.5315E+00 1.3153E+02 5.7946E+005535 3402
 1.3154E+02 6.0682E+00 1.3155E+02 6.3530E+00 1.3157E+02 6.9515E+005535 3402
 1.3159E+02 7.5958E+00 1.3160E+02 7.9334E+00 1.3162E+02 8.6387E+005535 3402
 1.3163E+02 9.0058E+00 1.3165E+02 9.7621E+00 1.3168E+02 1.0955E+015535 3402
 1.3170E+02 1.1781E+01 1.3179E+02 1.5559E+01 1.3182E+02 1.6734E+015535 3402
 1.3185E+02 1.7811E+01 1.3188E+02 1.8752E+01 1.3190E+02 1.9352E+015535 3402
 1.3191E+02 1.9528E+01 1.3192E+02 1.9840E+01 1.3195E+02 2.0211E+015535 3402
 1.3197E+02 2.0453E+01 1.3199E+02 2.0541E+01 1.3200E+02 2.0568E+015535 3402
 1.3201E+02 2.0560E+01 1.3202E+02 2.0496E+01 1.3205E+02 2.0291E+015535 3402
 1.3205E+02 2.0194E+01 1.3208E+02 1.9818E+01 1.3209E+02 1.9499E+015535 3402
 1.3211E+02 1.9133E+01 1.3212E+02 1.8720E+01 1.3215E+02 1.7771E+015535 3402
 1.3218E+02 1.6688E+01 1.3221E+02 1.5509E+01 1.3226E+02 1.3423E+015535 3402
 1.3229E+02 1.2158E+01 1.3232E+02 1.0914E+01 1.3234E+02 1.0112E+015535 3402
 1.3237E+02 8.9680E+00 1.3238E+02 8.6026E+00 1.3240E+02 7.9035E+005535 3402
 1.3241E+02 7.5672E+00 1.3243E+02 6.9256E+00 1.3245E+02 6.3296E+005535 3402
 1.3246E+02 6.0462E+00 1.3248E+02 5.5117E+00 1.3249E+02 5.2605E+005535 3402
 1.3250E+02 5.0198E+00 1.3251E+02 4.7893E+00 1.3252E+02 4.5712E+005535 3402
 1.3253E+02 4.3608E+00 1.3254E+02 4.1600E+00 1.3255E+02 3.9685E+005535 3402
 1.3256E+02 3.7883E+00 1.3257E+02 3.6149E+00 1.3258E+02 3.4501E+005535 3402
 1.3259E+02 3.2936E+00 1.3260E+02 3.1466E+00 1.3261E+02 3.0054E+005535 3402
 1.3262E+02 2.8717E+00 1.3263E+02 2.7450E+00 1.3264E+02 2.6262E+005535 3402
 1.3265E+02 2.5125E+00 1.3266E+02 2.4050E+00 1.3267E+02 2.3032E+005535 3402
 1.3268E+02 2.2078E+00 1.3269E+02 2.1166E+00 1.3270E+02 2.0306E+005535 3402
 1.3271E+02 1.9490E+00 1.3272E+02 1.8725E+00 1.3273E+02 1.7997E+005535 3402
 1.3274E+02 1.7307E+00 1.3275E+02 1.6654E+00 1.3276E+02 1.6042E+005535 3402
 1.3277E+02 1.5457E+00 1.3278E+02 1.4903E+00 1.3280E+02 1.3880E+005535 3402
 1.3282E+02 1.2961E+00 1.3284E+02 1.2136E+00 1.3286E+02 1.1388E+005535 3402
 1.3288E+02 1.0714E+00 1.3290E+02 1.0098E+00 1.3292E+02 9.5411E-015535 3402
 1.3294E+02 9.0296E-01 1.3296E+02 8.5637E-01 1.3298E+02 8.1338E-015535 3402
 1.3300E+02 7.7398E-01 1.3302E+02 7.3746E-01 1.3304E+02 7.0381E-015535 3402
 1.3306E+02 6.7245E-01 1.3308E+02 6.4342E-01 1.3310E+02 6.1626E-015535 3402
 1.3312E+02 5.9088E-01 1.3314E+02 5.6714E-01 1.3316E+02 5.4499E-015535 3402
 1.3318E+02 5.2410E-01 1.3320E+02 5.0454E-01 1.3322E+02 4.8603E-015535 3402
 1.3324E+02 4.6866E-01 1.3328E+02 4.3662E-01 1.3332E+02 4.0790E-015535 3402
 1.3336E+02 3.8202E-01 1.3340E+02 3.5859E-01 1.3344E+02 3.3728E-015535 3402
 1.3348E+02 3.1790E-01 1.3352E+02 3.0019E-01 1.3356E+02 2.8395E-015535 3402
 1.3360E+02 2.6902E-01 1.3364E+02 2.5528E-01 1.3368E+02 2.4256E-015535 3402
 1.3372E+02 2.3080E-01 1.3376E+02 2.1986E-01 1.3380E+02 2.0971E-015535 3402
 1.3384E+02 2.0027E-01 1.3388E+02 1.9146E-01 1.3392E+02 1.8322E-015535 3402
 1.3396E+02 1.7552E-01 1.3400E+02 1.6829E-01 1.3404E+02 1.6150E-015535 3402
 1.3408E+02 1.5512E-01 1.3412E+02 1.4912E-01 1.3416E+02 1.4346E-015535 3402
 1.3420E+02 1.3813E-01 1.3424E+02 1.3309E-01 1.3428E+02 1.2832E-015535 3402
 1.3436E+02 1.1953E-01 1.3444E+02 1.1161E-01 1.3452E+02 1.0447E-015535 3402
 1.3459E+02 9.7990E-02 1.3467E+02 9.2099E-02 1.3475E+02 8.6722E-025535 3402
 1.3483E+02 8.1808E-02 1.3491E+02 7.7298E-02 1.3499E+02 7.3158E-025535 3402
 1.3507E+02 6.9339E-02 1.3515E+02 6.5816E-02 1.3523E+02 6.2557E-025535 3402
 1.3531E+02 5.9536E-02 1.3539E+02 5.6725E-02 1.3547E+02 5.4112E-025535 3402
 1.3555E+02 5.1678E-02 1.3563E+02 4.9405E-02 1.3571E+02 4.7275E-025535 3402
 1.3579E+02 4.5285E-02 1.3587E+02 4.3418E-02 1.3595E+02 4.1664E-025535 3402
 1.3603E+02 4.0013E-02 1.3611E+02 3.8461E-02 1.3619E+02 3.6998E-025535 3402
 1.3627E+02 3.5619E-02 1.3635E+02 3.4315E-02 1.3643E+02 3.3082E-025535 3402
 1.3659E+02 3.0810E-02 1.3675E+02 2.8762E-02 1.3691E+02 2.6914E-025535 3402
 1.3707E+02 2.5238E-02 1.3723E+02 2.3714E-02 1.3739E+02 2.2323E-025535 3402
 1.3755E+02 2.1051E-02 1.3771E+02 1.9890E-02 1.3787E+02 1.8821E-025535 3402
 1.3803E+02 1.7835E-02 1.3819E+02 1.6928E-02 1.3835E+02 1.6086E-025535 3402
 1.3851E+02 1.5309E-02 1.3867E+02 1.4586E-02 1.3883E+02 1.3913E-025535 3402
 1.3899E+02 1.3287E-02 1.3915E+02 1.2703E-02 1.3930E+02 1.2156E-025535 3402
 1.3946E+02 1.1645E-02 1.3962E+02 1.1166E-02 1.3978E+02 1.0716E-025535 3402
 1.3994E+02 1.0293E-02 1.4010E+02 9.8955E-03 1.4026E+02 9.5208E-035535 3402
 1.4042E+02 9.1677E-03 1.4058E+02 8.8346E-03 1.4074E+02 8.5202E-035535 3402
 1.4106E+02 7.9403E-03 1.4138E+02 7.4179E-03 1.4170E+02 6.9462E-035535 3402
 1.4202E+02 6.5195E-03 1.4234E+02 6.1320E-03 1.4266E+02 5.7792E-035535 3402
 1.4298E+02 5.4570E-03 1.4330E+02 5.1619E-03 1.4362E+02 4.8914E-035535 3402
 1.4393E+02 4.6422E-03 1.4425E+02 4.4126E-03 1.4457E+02 4.2006E-035535 3402
 1.4489E+02 4.0043E-03 1.4521E+02 3.8221E-03 1.4553E+02 3.6530E-035535 3402
 1.4585E+02 3.4955E-03 1.4617E+02 3.3488E-03 1.4649E+02 3.2118E-035535 3402
 1.4681E+02 3.0838E-03 1.4713E+02 2.9638E-03 1.4745E+02 2.8515E-035535 3402
 1.4777E+02 2.7459E-03 1.4809E+02 2.6467E-03 1.4841E+02 2.5536E-035535 3402
 1.4872E+02 2.4662E-03 1.4936E+02 2.3056E-03 1.5000E+02 2.1618E-035535 3402
 1.5064E+02 2.0328E-03 1.5128E+02 1.9170E-03 1.5192E+02 1.8125E-035535 3402
 1.5256E+02 1.7179E-03 1.5319E+02 1.6323E-03 1.5383E+02 1.5546E-035535 3402
 1.5447E+02 1.4837E-03 1.5511E+02 1.4191E-03 1.5575E+02 1.3600E-035535 3402
 1.5639E+02 1.3060E-03 1.5703E+02 1.2564E-03 1.5767E+02 1.2109E-035535 3402
 1.5830E+02 1.1692E-03 1.5894E+02 1.1308E-03 1.5958E+02 1.0955E-035535 3402
 1.6022E+02 1.0630E-03 1.6086E+02 1.0331E-03 1.6150E+02 1.0056E-035535 3402
 1.6214E+02 9.8038E-04 1.6277E+02 9.5733E-04 1.6405E+02 9.1666E-045535 3402
 1.6533E+02 8.8256E-04 1.6661E+02 8.5442E-04 1.6788E+02 8.3165E-045535 3402
 1.6916E+02 8.1374E-04 1.7044E+02 8.0040E-04 1.7171E+02 7.9133E-045535 3402
 1.7299E+02 7.8638E-04 1.7427E+02 7.8547E-04 1.7555E+02 7.8859E-045535 3402
 1.7682E+02 7.9581E-04 1.7810E+02 8.0726E-04 1.7938E+02 8.2323E-045535 3402
 1.8066E+02 8.4402E-04 1.8193E+02 8.7011E-04 1.8321E+02 9.0208E-045535 3402
 1.8449E+02 9.4054E-04 1.8513E+02 9.6248E-04 1.8576E+02 9.8659E-045535 3402
 1.8640E+02 1.0129E-03 1.8704E+02 1.0416E-03 1.8768E+02 1.0729E-035535 3402
 1.8832E+02 1.1071E-03 1.8896E+02 1.1443E-03 1.8960E+02 1.1850E-035535 3402
 1.9024E+02 1.2293E-03 1.9087E+02 1.2779E-03 1.9151E+02 1.3310E-035535 3402
 1.9215E+02 1.3893E-03 1.9279E+02 1.4532E-03 1.9343E+02 1.5236E-035535 3402
 1.9407E+02 1.6013E-03 1.9471E+02 1.6870E-03 1.9534E+02 1.7822E-035535 3402
 1.9598E+02 1.8880E-03 1.9662E+02 2.0059E-03 1.9726E+02 2.1379E-035535 3402
 1.9790E+02 2.2858E-03 1.9822E+02 2.3662E-03 1.9854E+02 2.4522E-035535 3402
 1.9886E+02 2.5442E-03 1.9918E+02 2.6419E-03 1.9950E+02 2.7462E-035535 3402
 1.9981E+02 2.8578E-03 2.0013E+02 2.9773E-03 2.0045E+02 3.1053E-035535 3402
 2.0077E+02 3.2427E-03 2.0109E+02 3.3906E-03 2.0141E+02 3.5499E-035535 3402
 2.0173E+02 3.7219E-03 2.0205E+02 3.9078E-03 2.0237E+02 4.1094E-035535 3402
 2.0269E+02 4.3283E-03 2.0301E+02 4.5669E-03 2.0333E+02 4.8269E-035535 3402
 2.0365E+02 5.1114E-03 2.0397E+02 5.4238E-03 2.0428E+02 5.7675E-035535 3402
 2.0460E+02 6.1469E-03 2.0492E+02 6.5670E-03 2.0524E+02 7.0338E-035535 3402
 2.0556E+02 7.5534E-03 2.0572E+02 7.8362E-03 2.0588E+02 8.1358E-035535 3402
 2.0604E+02 8.4542E-03 2.0620E+02 8.7925E-03 2.0636E+02 9.1525E-035535 3402
 2.0652E+02 9.5360E-03 2.0668E+02 9.9450E-03 2.0684E+02 1.0381E-025535 3402
 2.0700E+02 1.0848E-02 2.0716E+02 1.1348E-02 2.0732E+02 1.1885E-025535 3402
 2.0748E+02 1.2462E-02 2.0764E+02 1.3083E-02 2.0780E+02 1.3752E-025535 3402
 2.0796E+02 1.4477E-02 2.0812E+02 1.5260E-02 2.0828E+02 1.6112E-025535 3402
 2.0844E+02 1.7038E-02 2.0860E+02 1.8048E-02 2.0875E+02 1.9152E-025535 3402
 2.0891E+02 2.0365E-02 2.0907E+02 2.1698E-02 2.0923E+02 2.3168E-025535 3402
 2.0939E+02 2.4794E-02 2.0955E+02 2.6602E-02 2.0963E+02 2.7581E-025535 3402
 2.0971E+02 2.8614E-02 2.0979E+02 2.9712E-02 2.0987E+02 3.0872E-025535 3402
 2.0995E+02 3.2104E-02 2.1003E+02 3.3411E-02 2.1011E+02 3.4805E-025535 3402
 2.1019E+02 3.6286E-02 2.1027E+02 3.7867E-02 2.1035E+02 3.9555E-025535 3402
 2.1043E+02 4.1363E-02 2.1051E+02 4.3296E-02 2.1059E+02 4.5371E-025535 3402
 2.1067E+02 4.7602E-02 2.1075E+02 5.0006E-02 2.1083E+02 5.2597E-025535 3402
 2.1091E+02 5.5398E-02 2.1099E+02 5.8434E-02 2.1107E+02 6.1731E-025535 3402
 2.1115E+02 6.5318E-02 2.1123E+02 6.9232E-02 2.1131E+02 7.3514E-025535 3402
 2.1139E+02 7.8221E-02 2.1143E+02 8.0744E-02 2.1147E+02 8.3395E-025535 3402
 2.1151E+02 8.6181E-02 2.1155E+02 8.9110E-02 2.1159E+02 9.2197E-025535 3402
 2.1163E+02 9.5450E-02 2.1167E+02 9.8891E-02 2.1171E+02 1.0252E-015535 3402
 2.1175E+02 1.0635E-01 2.1179E+02 1.1041E-01 2.1183E+02 1.1471E-015535 3402
 2.1187E+02 1.1927E-01 2.1191E+02 1.2412E-01 2.1195E+02 1.2928E-015535 3402
 2.1199E+02 1.3479E-01 2.1203E+02 1.4066E-01 2.1207E+02 1.4693E-015535 3402
 2.1211E+02 1.5364E-01 2.1215E+02 1.6085E-01 2.1219E+02 1.6858E-015535 3402
 2.1223E+02 1.7691E-01 2.1227E+02 1.8592E-01 2.1231E+02 1.9566E-015535 3402
 2.1235E+02 2.0622E-01 2.1239E+02 2.1770E-01 2.1243E+02 2.3021E-015535 3402
 2.1245E+02 2.3691E-01 2.1247E+02 2.4390E-01 2.1249E+02 2.5126E-015535 3402
 2.1251E+02 2.5894E-01 2.1253E+02 2.6704E-01 2.1255E+02 2.7552E-015535 3402
 2.1257E+02 2.8448E-01 2.1259E+02 2.9387E-01 2.1261E+02 3.0384E-015535 3402
 2.1263E+02 3.1437E-01 2.1265E+02 3.2549E-01 2.1267E+02 3.3722E-015535 3402
 2.1269E+02 3.4971E-01 2.1271E+02 3.6294E-01 2.1273E+02 3.7709E-015535 3402
 2.1275E+02 3.9208E-01 2.1277E+02 4.0819E-01 2.1279E+02 4.2533E-015535 3402
 2.1281E+02 4.4379E-01 2.1283E+02 4.6352E-01 2.1285E+02 4.8485E-015535 3402
 2.1287E+02 5.0776E-01 2.1289E+02 5.3262E-01 2.1291E+02 5.5941E-015535 3402
 2.1293E+02 5.8859E-01 2.1295E+02 6.2030E-01 2.1297E+02 6.5482E-015535 3402
 2.1299E+02 6.9226E-01 2.1301E+02 7.3334E-01 2.1303E+02 7.7802E-015535 3402
 2.1305E+02 8.2715E-01 2.1307E+02 8.8069E-01 2.1309E+02 9.3963E-015535 3402
 2.1310E+02 9.7122E-01 2.1311E+02 1.0040E+00 2.1312E+02 1.0386E+005535 3402
 2.1313E+02 1.0749E+00 2.1314E+02 1.1129E+00 2.1315E+02 1.1523E+005535 3402
 2.1316E+02 1.1939E+00 2.1317E+02 1.2375E+00 2.1318E+02 1.2832E+005535 3402
 2.1319E+02 1.3305E+00 2.1320E+02 1.3805E+00 2.1321E+02 1.4328E+005535 3402
 2.1322E+02 1.4875E+00 2.1323E+02 1.5441E+00 2.1324E+02 1.6038E+005535 3402
 2.1325E+02 1.6664E+00 2.1326E+02 1.7317E+00 2.1327E+02 1.7997E+005535 3402
 2.1328E+02 1.8709E+00 2.1329E+02 1.9450E+00 2.1331E+02 2.1019E+005535 3402
 2.1333E+02 2.2730E+00 2.1335E+02 2.4571E+00 2.1337E+02 2.6565E+005535 3402
 2.1338E+02 2.8701E+00 2.1341E+02 3.1002E+00 2.1342E+02 3.3446E+005535 3402
 2.1343E+02 3.4734E+00 2.1345E+02 3.7429E+00 2.1346E+02 3.8822E+005535 3402
 2.1348E+02 4.1754E+00 2.1350E+02 4.4821E+00 2.1353E+02 4.9717E+005535 3402
 2.1356E+02 5.4891E+00 2.1359E+02 6.0336E+00 2.1361E+02 6.4078E+005535 3402
 2.1364E+02 6.9790E+00 2.1370E+02 8.1341E+00 2.1375E+02 9.0658E+005535 3402
 2.1378E+02 9.5885E+00 2.1381E+02 1.0073E+01 2.1383E+02 1.0367E+015535 3402
 2.1386E+02 1.0760E+01 2.1389E+02 1.1045E+01 2.1391E+02 1.1205E+015535 3402
 2.1392E+02 1.1340E+01 2.1394E+02 1.1449E+01 2.1397E+02 1.1563E+015535 3402
 2.1398E+02 1.1604E+01 2.1400E+02 1.1617E+01 2.1401E+02 1.1613E+015535 3402
 2.1403E+02 1.1584E+01 2.1405E+02 1.1488E+01 2.1409E+02 1.1266E+015535 3402
 2.1410E+02 1.1117E+01 2.1412E+02 1.0944E+01 2.1414E+02 1.0747E+015535 3402
 2.1417E+02 1.0350E+01 2.1420E+02 9.8982E+00 2.1423E+02 9.3998E+005535 3402
 2.1425E+02 9.0458E+00 2.1428E+02 8.4938E+00 2.1434E+02 7.3459E+005535 3402
 2.1439E+02 6.3896E+00 2.1442E+02 5.8344E+00 2.1445E+02 5.3010E+005535 3402
 2.1447E+02 4.9603E+00 2.1450E+02 4.4736E+00 2.1452E+02 4.1662E+005535 3402
 2.1453E+02 3.8754E+00 2.1456E+02 3.5987E+00 2.1457E+02 3.3390E+005535 3402
 2.1459E+02 3.0941E+00 2.1461E+02 2.8658E+00 2.1463E+02 2.6518E+005535 3402
 2.1465E+02 2.4538E+00 2.1467E+02 2.2691E+00 2.1469E+02 2.0994E+005535 3402
 2.1471E+02 1.9419E+00 2.1473E+02 1.7976E+00 2.1475E+02 1.6651E+005535 3402
 2.1477E+02 1.5436E+00 2.1479E+02 1.4317E+00 2.1481E+02 1.3300E+005535 3402
 2.1483E+02 1.2365E+00 2.1485E+02 1.1517E+00 2.1487E+02 1.0739E+005535 3402
 2.1489E+02 1.0033E+00 2.1491E+02 9.3866E-01 2.1493E+02 8.7992E-015535 3402
 2.1495E+02 8.2606E-01 2.1497E+02 7.7714E-01 2.1499E+02 7.3219E-015535 3402
 2.1501E+02 6.9128E-01 2.1503E+02 6.5360E-01 2.1505E+02 6.1922E-015535 3402
 2.1507E+02 5.8762E-01 2.1509E+02 5.5851E-01 2.1511E+02 5.3155E-015535 3402
 2.1513E+02 5.0678E-01 2.1515E+02 4.8371E-01 2.1517E+02 4.6243E-015535 3402
 2.1519E+02 4.4258E-01 2.1521E+02 4.2418E-01 2.1523E+02 4.0693E-015535 3402
 2.1525E+02 3.9088E-01 2.1527E+02 3.7579E-01 2.1529E+02 3.6171E-015535 3402
 2.1531E+02 3.4842E-01 2.1533E+02 3.3597E-01 2.1535E+02 3.2416E-015535 3402
 2.1537E+02 3.1309E-01 2.1541E+02 2.9270E-01 2.1545E+02 2.7432E-015535 3402
 2.1549E+02 2.5774E-01 2.1553E+02 2.4270E-01 2.1557E+02 2.2901E-015535 3402
 2.1561E+02 2.1650E-01 2.1565E+02 2.0504E-01 2.1569E+02 1.9450E-015535 3402
 2.1573E+02 1.8480E-01 2.1577E+02 1.7581E-01 2.1581E+02 1.6749E-015535 3402
 2.1585E+02 1.5976E-01 2.1589E+02 1.5257E-01 2.1593E+02 1.4587E-015535 3402
 2.1597E+02 1.3961E-01 2.1601E+02 1.3376E-01 2.1605E+02 1.2829E-015535 3402
 2.1609E+02 1.2314E-01 2.1613E+02 1.1831E-01 2.1617E+02 1.1376E-015535 3402
 2.1621E+02 1.0947E-01 2.1625E+02 1.0542E-01 2.1629E+02 1.0160E-015535 3402
 2.1637E+02 9.4574E-02 2.1645E+02 8.8256E-02 2.1653E+02 8.2557E-025535 3402
 2.1661E+02 7.7400E-02 2.1669E+02 7.2723E-02 2.1677E+02 6.8456E-025535 3402
 2.1685E+02 6.4557E-02 2.1693E+02 6.0986E-02 2.1701E+02 5.7710E-025535 3402
 2.1709E+02 5.4690E-02 2.1717E+02 5.1902E-02 2.1725E+02 4.9326E-025535 3402
 2.1733E+02 4.6941E-02 2.1741E+02 4.4723E-02 2.1749E+02 4.2661E-025535 3402
 2.1757E+02 4.0738E-02 2.1765E+02 3.8946E-02 2.1773E+02 3.7269E-025535 3402
 2.1781E+02 3.5699E-02 2.1789E+02 3.4227E-02 2.1797E+02 3.2846E-025535 3402
 2.1805E+02 3.1547E-02 2.1812E+02 3.0325E-02 2.1820E+02 2.9171E-025535 3402
 2.1828E+02 2.8086E-02 2.1836E+02 2.7059E-02 2.1844E+02 2.6088E-025535 3402
 2.1860E+02 2.4299E-02 2.1876E+02 2.2688E-02 2.1892E+02 2.1234E-025535 3402
 2.1908E+02 1.9915E-02 2.1924E+02 1.8717E-02 2.1940E+02 1.7622E-025535 3402
 2.1956E+02 1.6624E-02 2.1972E+02 1.5709E-02 2.1988E+02 1.4868E-025535 3402
 2.2004E+02 1.4093E-02 2.2020E+02 1.3378E-02 2.2036E+02 1.2717E-025535 3402
 2.2052E+02 1.2105E-02 2.2068E+02 1.1536E-02 2.2084E+02 1.1007E-025535 3402
 2.2100E+02 1.0513E-02 2.2116E+02 1.0054E-02 2.2132E+02 9.6234E-035535 3402
 2.2148E+02 9.2210E-03 2.2163E+02 8.8435E-03 2.2179E+02 8.4894E-035535 3402
 2.2195E+02 8.1565E-03 2.2211E+02 7.8432E-03 2.2227E+02 7.5480E-035535 3402
 2.2243E+02 7.2699E-03 2.2259E+02 7.0074E-03 2.2275E+02 6.7594E-035535 3402
 2.2307E+02 6.3022E-03 2.2339E+02 5.8904E-03 2.2371E+02 5.5186E-035535 3402
 2.2403E+02 5.1819E-03 2.2435E+02 4.8762E-03 2.2467E+02 4.5978E-035535 3402
 2.2499E+02 4.3435E-03 2.2530E+02 4.1106E-03 2.2562E+02 3.8968E-035535 3402
 2.2594E+02 3.7000E-03 2.2626E+02 3.5186E-03 2.2658E+02 3.3510E-035535 3402
 2.2690E+02 3.1958E-03 2.2722E+02 3.0518E-03 2.2754E+02 2.9181E-035535 3402
 2.2786E+02 2.7934E-03 2.2818E+02 2.6774E-03 2.2850E+02 2.5690E-035535 3402
 2.2881E+02 2.4675E-03 2.2913E+02 2.3726E-03 2.2945E+02 2.2835E-035535 3402
 2.2977E+02 2.2000E-03 2.3009E+02 2.1214E-03 2.3041E+02 2.0477E-035535 3402
 2.3073E+02 1.9784E-03 2.3137E+02 1.8510E-03 2.3201E+02 1.7370E-035535 3402
 2.3264E+02 1.6346E-03 2.3328E+02 1.5426E-03 2.3392E+02 1.4597E-035535 3402
 2.3456E+02 1.3847E-03 2.3520E+02 1.3166E-03 2.3583E+02 1.2548E-035535 3402
 2.3647E+02 1.1985E-03 2.3711E+02 1.1472E-03 2.3775E+02 1.1002E-035535 3402
 2.3839E+02 1.0572E-03 2.3903E+02 1.0178E-03 2.3966E+02 9.8162E-045535 3402
 2.4030E+02 9.4840E-04 2.4094E+02 9.1787E-04 2.4158E+02 8.8981E-045535 3402
 2.4222E+02 8.6398E-04 2.4286E+02 8.4026E-04 2.4349E+02 8.1843E-045535 3402
 2.4413E+02 7.9837E-04 2.4477E+02 7.8010E-04 2.4605E+02 7.4789E-045535 3402
 2.4732E+02 7.2091E-04 2.4860E+02 6.9874E-04 2.4988E+02 6.8088E-045535 3402
 2.5115E+02 6.6698E-04 2.5243E+02 6.5675E-04 2.5370E+02 6.5002E-045535 3402
 2.5498E+02 6.4664E-04 2.5626E+02 6.4656E-04 2.5753E+02 6.4979E-045535 3402
 2.5881E+02 6.5642E-04 2.6009E+02 6.6654E-04 2.6136E+02 6.8040E-045535 3402
 2.6264E+02 6.9829E-04 2.6392E+02 7.2059E-04 2.6519E+02 7.4781E-045535 3402
 2.6647E+02 7.8042E-04 2.6711E+02 7.9899E-04 2.6774E+02 8.1941E-045535 3402
 2.6838E+02 8.4166E-04 2.6902E+02 8.6594E-04 2.6966E+02 8.9240E-045535 3402
 2.7030E+02 9.2123E-04 2.7094E+02 9.5269E-04 2.7157E+02 9.8696E-045535 3402
 2.7221E+02 1.0244E-03 2.7285E+02 1.0654E-03 2.7349E+02 1.1102E-035535 3402
 2.7413E+02 1.1593E-03 2.7477E+02 1.2132E-03 2.7540E+02 1.2725E-035535 3402
 2.7604E+02 1.3380E-03 2.7668E+02 1.4103E-03 2.7732E+02 1.4904E-035535 3402
 2.7796E+02 1.5795E-03 2.7859E+02 1.6789E-03 2.7923E+02 1.7901E-035535 3402
 2.7987E+02 1.9144E-03 2.8019E+02 1.9824E-03 2.8051E+02 2.0549E-035535 3402
 2.8083E+02 2.1320E-03 2.8115E+02 2.2144E-03 2.8147E+02 2.3022E-035535 3402
 2.8179E+02 2.3962E-03 2.8210E+02 2.4968E-03 2.8242E+02 2.6045E-035535 3402
 2.8274E+02 2.7202E-03 2.8306E+02 2.8446E-03 2.8338E+02 2.9787E-035535 3402
 2.8370E+02 3.1234E-03 2.8402E+02 3.2798E-03 2.8434E+02 3.4494E-035535 3402
 2.8466E+02 3.6336E-03 2.8498E+02 3.8341E-03 2.8530E+02 4.0528E-035535 3402
 2.8561E+02 4.2920E-03 2.8593E+02 4.5546E-03 2.8625E+02 4.8435E-035535 3402
 2.8657E+02 5.1622E-03 2.8689E+02 5.5154E-03 2.8721E+02 5.9074E-035535 3402
 2.8753E+02 6.3440E-03 2.8769E+02 6.5814E-03 2.8785E+02 6.8331E-035535 3402
 2.8801E+02 7.1005E-03 2.8817E+02 7.3843E-03 2.8833E+02 7.6864E-035535 3402
 2.8849E+02 8.0080E-03 2.8865E+02 8.3510E-03 2.8881E+02 8.7173E-035535 3402
 2.8897E+02 9.1090E-03 2.8912E+02 9.5282E-03 2.8928E+02 9.9782E-035535 3402
 2.8944E+02 1.0462E-02 2.8960E+02 1.0982E-02 2.8976E+02 1.1543E-025535 3402
 2.8992E+02 1.2150E-02 2.9008E+02 1.2807E-02 2.9024E+02 1.3520E-025535 3402
 2.9040E+02 1.4295E-02 2.9056E+02 1.5140E-02 2.9072E+02 1.6064E-025535 3402
 2.9088E+02 1.7078E-02 2.9104E+02 1.8192E-02 2.9120E+02 1.9421E-025535 3402
 2.9136E+02 2.0781E-02 2.9152E+02 2.2291E-02 2.9160E+02 2.3110E-025535 3402
 2.9168E+02 2.3974E-02 2.9176E+02 2.4890E-02 2.9184E+02 2.5859E-025535 3402
 2.9192E+02 2.6890E-02 2.9200E+02 2.7981E-02 2.9208E+02 2.9142E-025535 3402
 2.9216E+02 3.0381E-02 2.9224E+02 3.1701E-02 2.9232E+02 3.3109E-025535 3402
 2.9240E+02 3.4616E-02 2.9248E+02 3.6230E-02 2.9256E+02 3.7963E-025535 3402
 2.9263E+02 3.9822E-02 2.9271E+02 4.1829E-02 2.9279E+02 4.3989E-025535 3402
 2.9287E+02 4.6328E-02 2.9295E+02 4.8858E-02 2.9303E+02 5.1608E-025535 3402
 2.9311E+02 5.4602E-02 2.9319E+02 5.7872E-02 2.9327E+02 6.1445E-025535 3402
 2.9335E+02 6.5371E-02 2.9343E+02 6.9698E-02 2.9351E+02 7.4477E-025535 3402
 2.9355E+02 7.7059E-02 2.9359E+02 7.9774E-02 2.9363E+02 8.2648E-025535 3402
 2.9367E+02 8.5683E-02 2.9371E+02 8.8894E-02 2.9375E+02 9.2296E-025535 3402
 2.9379E+02 9.5902E-02 2.9383E+02 9.9733E-02 2.9387E+02 1.0381E-015535 3402
 2.9391E+02 1.0813E-01 2.9395E+02 1.1276E-01 2.9399E+02 1.1770E-015535 3402
 2.9403E+02 1.2299E-01 2.9407E+02 1.2866E-01 2.9411E+02 1.3476E-015535 3402
 2.9415E+02 1.4132E-01 2.9419E+02 1.4840E-01 2.9423E+02 1.5604E-015535 3402
 2.9427E+02 1.6435E-01 2.9431E+02 1.7339E-01 2.9435E+02 1.8326E-015535 3402
 2.9439E+02 1.9408E-01 2.9443E+02 2.0597E-01 2.9445E+02 2.1238E-015535 3402
 2.9447E+02 2.1910E-01 2.9449E+02 2.2619E-01 2.9451E+02 2.3365E-015535 3402
 2.9453E+02 2.4152E-01 2.9455E+02 2.4982E-01 2.9457E+02 2.5866E-015535 3402
 2.9459E+02 2.6797E-01 2.9461E+02 2.7789E-01 2.9463E+02 2.8838E-015535 3402
 2.9465E+02 2.9960E-01 2.9467E+02 3.1149E-01 2.9469E+02 3.2421E-015535 3402
 2.9471E+02 3.3774E-01 2.9473E+02 3.5227E-01 2.9475E+02 3.6774E-015535 3402
 2.9477E+02 3.8442E-01 2.9479E+02 4.0219E-01 2.9481E+02 4.2139E-015535 3402
 2.9483E+02 4.4192E-01 2.9485E+02 4.6398E-01 2.9487E+02 4.8774E-015535 3402
 2.9489E+02 5.1346E-01 2.9491E+02 5.4104E-01 2.9493E+02 5.7091E-015535 3402
 2.9495E+02 6.0296E-01 2.9497E+02 6.3771E-01 2.9499E+02 6.7499E-015535 3402
 2.9501E+02 7.1541E-01 2.9503E+02 7.5874E-01 2.9505E+02 8.0566E-015535 3402
 2.9507E+02 8.5595E-01 2.9509E+02 9.1030E-01 2.9511E+02 9.6845E-015535 3402
 2.9513E+02 1.0312E+00 2.9515E+02 1.0982E+00 2.9517E+02 1.1699E+005535 3402
 2.9519E+02 1.2466E+00 2.9521E+02 1.3289E+00 2.9523E+02 1.4162E+005535 3402
 2.9525E+02 1.5095E+00 2.9527E+02 1.6082E+00 2.9529E+02 1.7131E+005535 3402
 2.9531E+02 1.8235E+00 2.9533E+02 1.9405E+00 2.9535E+02 2.0630E+005535 3402
 2.9537E+02 2.1922E+00 2.9539E+02 2.3266E+00 2.9541E+02 2.4674E+005535 3402
 2.9543E+02 2.6133E+00 2.9545E+02 2.7651E+00 2.9547E+02 2.9211E+005535 3402
 2.9550E+02 3.1643E+00 2.9553E+02 3.4163E+00 2.9556E+02 3.6749E+005535 3402
 2.9567E+02 4.6408E+00 2.9572E+02 5.0614E+00 2.9575E+02 5.2982E+005535 3402
 2.9578E+02 5.5202E+00 2.9580E+02 5.6570E+00 2.9583E+02 5.8442E+005535 3402
 2.9586E+02 6.0216E+00 2.9588E+02 6.1221E+00 2.9590E+02 6.2072E+005535 3402
 2.9592E+02 6.2762E+00 2.9596E+02 6.3480E+00 2.9598E+02 6.3742E+005535 3402
 2.9600E+02 6.3826E+00 2.9601E+02 6.3802E+00 2.9603E+02 6.3619E+005535 3402
 2.9607E+02 6.3018E+00 2.9611E+02 6.1622E+00 2.9613E+02 6.0685E+005535 3402
 2.9615E+02 5.9600E+00 2.9617E+02 5.8374E+00 2.9620E+02 5.6483E+005535 3402
 2.9623E+02 5.4387E+00 2.9626E+02 5.2114E+00 2.9631E+02 4.8019E+005535 3402
 2.9637E+02 4.2811E+00 2.9645E+02 3.5781E+00 2.9649E+02 3.2389E+005535 3402
 2.9653E+02 2.9130E+00 2.9655E+02 2.7565E+00 2.9657E+02 2.6058E+005535 3402
 2.9659E+02 2.4598E+00 2.9661E+02 2.3198E+00 2.9663E+02 2.1859E+005535 3402
 2.9665E+02 2.0578E+00 2.9667E+02 1.9350E+00 2.9669E+02 1.8190E+005535 3402
 2.9671E+02 1.7083E+00 2.9673E+02 1.6043E+00 2.9675E+02 1.5055E+005535 3402
 2.9677E+02 1.4129E+00 2.9679E+02 1.3259E+00 2.9681E+02 1.2442E+005535 3402
 2.9683E+02 1.1673E+00 2.9685E+02 1.0958E+00 2.9687E+02 1.0287E+005535 3402
 2.9689E+02 9.6640E-01 2.9691E+02 9.0811E-01 2.9693E+02 8.5414E-015535 3402
 2.9695E+02 8.0398E-01 2.9697E+02 7.5738E-01 2.9699E+02 7.1392E-015535 3402
 2.9701E+02 6.7376E-01 2.9703E+02 6.3635E-01 2.9705E+02 6.0182E-015535 3402
 2.9707E+02 5.6965E-01 2.9709E+02 5.3995E-01 2.9711E+02 5.1240E-015535 3402
 2.9713E+02 4.8683E-01 2.9715E+02 4.6298E-01 2.9717E+02 4.4091E-015535 3402
 2.9719E+02 4.2030E-01 2.9721E+02 4.0122E-01 2.9723E+02 3.8336E-015535 3402
 2.9725E+02 3.6678E-01 2.9727E+02 3.5131E-01 2.9729E+02 3.3686E-015535 3402
 2.9731E+02 3.2328E-01 2.9733E+02 3.1061E-01 2.9735E+02 2.9867E-015535 3402
 2.9737E+02 2.8752E-01 2.9739E+02 2.7698E-01 2.9741E+02 2.6710E-015535 3402
 2.9743E+02 2.5779E-01 2.9745E+02 2.4901E-01 2.9749E+02 2.3282E-015535 3402
 2.9753E+02 2.1826E-01 2.9757E+02 2.0514E-01 2.9761E+02 1.9328E-015535 3402
 2.9765E+02 1.8248E-01 2.9769E+02 1.7262E-01 2.9773E+02 1.6358E-015535 3402
 2.9777E+02 1.5530E-01 2.9781E+02 1.4765E-01 2.9785E+02 1.4058E-015535 3402
 2.9789E+02 1.3403E-01 2.9793E+02 1.2796E-01 2.9797E+02 1.2230E-015535 3402
 2.9801E+02 1.1702E-01 2.9805E+02 1.1209E-01 2.9809E+02 1.0749E-015535 3402
 2.9813E+02 1.0316E-01 2.9817E+02 9.9098E-02 2.9821E+02 9.5277E-025535 3402
 2.9825E+02 9.1690E-02 2.9829E+02 8.8296E-02 2.9833E+02 8.5093E-025535 3402
 2.9841E+02 7.9208E-02 2.9849E+02 7.3920E-02 2.9857E+02 6.9158E-025535 3402
 2.9865E+02 6.4846E-02 2.9873E+02 6.0938E-02 2.9881E+02 5.7371E-025535 3402
 2.9889E+02 5.4118E-02 2.9897E+02 5.1134E-02 2.9905E+02 4.8398E-025535 3402
 2.9913E+02 4.5875E-02 2.9920E+02 4.3552E-02 2.9928E+02 4.1397E-025535 3402
 2.9936E+02 3.9403E-02 2.9944E+02 3.7550E-02 2.9952E+02 3.5829E-025535 3402
 2.9960E+02 3.4222E-02 2.9968E+02 3.2725E-02 2.9976E+02 3.1322E-025535 3402
 2.9984E+02 3.0011E-02 2.9992E+02 2.8779E-02 3.0000E+02 2.7626E-025535 3402
 3.0008E+02 2.6539E-02 3.0016E+02 2.5517E-02 3.0024E+02 2.4552E-025535 3402
 3.0032E+02 2.3643E-02 3.0040E+02 2.2784E-02 3.0048E+02 2.1971E-025535 3402
 3.0064E+02 2.0472E-02 3.0080E+02 1.9122E-02 3.0096E+02 1.7902E-025535 3402
 3.0112E+02 1.6797E-02 3.0128E+02 1.5791E-02 3.0144E+02 1.4874E-025535 3402
 3.0160E+02 1.4036E-02 3.0176E+02 1.3267E-02 3.0192E+02 1.2561E-025535 3402
 3.0208E+02 1.1910E-02 3.0224E+02 1.1309E-02 3.0240E+02 1.0753E-025535 3402
 3.0255E+02 1.0238E-02 3.0271E+02 9.7597E-03 3.0287E+02 9.3146E-035535 3402
 3.0303E+02 8.8997E-03 3.0319E+02 8.5123E-03 3.0335E+02 8.1502E-035535 3402
 3.0351E+02 7.8112E-03 3.0367E+02 7.4933E-03 3.0383E+02 7.1947E-035535 3402
 3.0399E+02 6.9142E-03 3.0415E+02 6.6501E-03 3.0431E+02 6.4013E-035535 3402
 3.0447E+02 6.1666E-03 3.0463E+02 5.9451E-03 3.0479E+02 5.7357E-035535 3402
 3.0511E+02 5.3498E-03 3.0543E+02 5.0021E-03 3.0574E+02 4.6880E-035535 3402
 3.0606E+02 4.4034E-03 3.0638E+02 4.1450E-03 3.0670E+02 3.9094E-035535 3402
 3.0702E+02 3.6942E-03 3.0734E+02 3.4971E-03 3.0766E+02 3.3162E-035535 3402
 3.0798E+02 3.1496E-03 3.0830E+02 2.9960E-03 3.0862E+02 2.8539E-035535 3402
 3.0893E+02 2.7224E-03 3.0925E+02 2.6003E-03 3.0957E+02 2.4869E-035535 3402
 3.0989E+02 2.3813E-03 3.1021E+02 2.2827E-03 3.1053E+02 2.1907E-035535 3402
 3.1085E+02 2.1046E-03 3.1117E+02 2.0242E-03 3.1149E+02 1.9485E-035535 3402
 3.1181E+02 1.8774E-03 3.1212E+02 1.8107E-03 3.1244E+02 1.7480E-035535 3402
 3.1276E+02 1.6891E-03 3.1340E+02 1.5809E-03 3.1404E+02 1.4838E-035535 3402
 3.1468E+02 1.3968E-03 3.1531E+02 1.3186E-03 3.1595E+02 1.2480E-035535 3402
 3.1659E+02 1.1841E-03 3.1723E+02 1.1261E-03 3.1787E+02 1.0735E-035535 3402
 3.1850E+02 1.0255E-03 3.1914E+02 9.8168E-04 3.1978E+02 9.4163E-045535 3402
 3.2042E+02 9.0498E-04 3.2106E+02 8.7136E-04 3.2169E+02 8.4051E-045535 3402
 3.2233E+02 8.1218E-04 3.2297E+02 7.8614E-04 3.2361E+02 7.6219E-045535 3402
 3.2425E+02 7.4016E-04 3.2488E+02 7.1990E-04 3.2552E+02 7.0130E-045535 3402
 3.2616E+02 6.8419E-04 3.2680E+02 6.6861E-04 3.2807E+02 6.4115E-045535 3402
 3.2935E+02 6.1819E-04 3.3063E+02 5.9933E-04 3.3190E+02 5.8418E-045535 3402
 3.3318E+02 5.7242E-04 3.3445E+02 5.6384E-04 3.3573E+02 5.5827E-045535 3402
 3.3701E+02 5.5562E-04 3.3828E+02 5.5582E-04 3.3956E+02 5.5891E-045535 3402
 3.4083E+02 5.6494E-04 3.4211E+02 5.7405E-04 3.4339E+02 5.8642E-045535 3402
 3.4466E+02 6.0230E-04 3.4594E+02 6.2208E-04 3.4721E+02 6.4618E-045535 3402
 3.4849E+02 6.7501E-04 3.4977E+02 7.0944E-04 3.5041E+02 7.2912E-045535 3402
 3.5104E+02 7.5058E-04 3.5168E+02 7.7394E-04 3.5232E+02 7.9941E-045535 3402
 3.5296E+02 8.2718E-04 3.5360E+02 8.5749E-04 3.5423E+02 8.9059E-045535 3402
 3.5487E+02 9.2677E-04 3.5551E+02 9.6635E-04 3.5615E+02 1.0098E-035535 3402
 3.5679E+02 1.0574E-03 3.5742E+02 1.1099E-03 3.5806E+02 1.1678E-035535 3402
 3.5870E+02 1.2317E-03 3.5934E+02 1.3026E-03 3.5998E+02 1.3815E-035535 3402
 3.6061E+02 1.4694E-03 3.6125E+02 1.5675E-03 3.6157E+02 1.6208E-035535 3402
 3.6189E+02 1.6776E-03 3.6221E+02 1.7381E-03 3.6253E+02 1.8022E-035535 3402
 3.6285E+02 1.8707E-03 3.6317E+02 1.9437E-03 3.6348E+02 2.0216E-035535 3402
 3.6380E+02 2.1048E-03 3.6412E+02 2.1939E-03 3.6444E+02 2.2896E-035535 3402
 3.6476E+02 2.3922E-03 3.6508E+02 2.5026E-03 3.6540E+02 2.6214E-035535 3402
 3.6572E+02 2.7499E-03 3.6604E+02 2.8888E-03 3.6636E+02 3.0394E-035535 3402
 3.6667E+02 3.2029E-03 3.6699E+02 3.3810E-03 3.6731E+02 3.5754E-035535 3402
 3.6763E+02 3.7880E-03 3.6795E+02 4.0214E-03 3.6827E+02 4.2784E-035535 3402
 3.6859E+02 4.5621E-03 3.6891E+02 4.8762E-03 3.6923E+02 5.2251E-035535 3402
 3.6955E+02 5.6141E-03 3.6970E+02 5.8258E-03 3.6986E+02 6.0501E-035535 3402
 3.7002E+02 6.2883E-03 3.7018E+02 6.5414E-03 3.7034E+02 6.8109E-035535 3402
 3.7050E+02 7.0979E-03 3.7066E+02 7.4040E-03 3.7082E+02 7.7309E-035535 3402
 3.7098E+02 8.0806E-03 3.7114E+02 8.4554E-03 3.7130E+02 8.8574E-035535 3402
 3.7146E+02 9.2898E-03 3.7162E+02 9.7552E-03 3.7178E+02 1.0257E-025535 3402
 3.7194E+02 1.0800E-02 3.7210E+02 1.1389E-02 3.7226E+02 1.2028E-025535 3402
 3.7242E+02 1.2723E-02 3.7258E+02 1.3482E-02 3.7274E+02 1.4312E-025535 3402
 3.7289E+02 1.5223E-02 3.7305E+02 1.6224E-02 3.7321E+02 1.7331E-025535 3402
 3.7337E+02 1.8555E-02 3.7353E+02 1.9918E-02 3.7361E+02 2.0658E-025535 3402
 3.7369E+02 2.1438E-02 3.7377E+02 2.2267E-02 3.7385E+02 2.3144E-025535 3402
 3.7393E+02 2.4075E-02 3.7401E+02 2.5064E-02 3.7409E+02 2.6118E-025535 3402
 3.7417E+02 2.7242E-02 3.7425E+02 2.8440E-02 3.7433E+02 2.9722E-025535 3402
 3.7441E+02 3.1093E-02 3.7449E+02 3.2563E-02 3.7457E+02 3.4144E-025535 3402
 3.7465E+02 3.5843E-02 3.7473E+02 3.7677E-02 3.7481E+02 3.9656E-025535 3402
 3.7489E+02 4.1803E-02 3.7497E+02 4.4128E-02 3.7505E+02 4.6662E-025535 3402
 3.7513E+02 4.9424E-02 3.7521E+02 5.2448E-02 3.7529E+02 5.5762E-025535 3402
 3.7537E+02 5.9414E-02 3.7541E+02 6.1382E-02 3.7545E+02 6.3448E-025535 3402
 3.7549E+02 6.5627E-02 3.7553E+02 6.7925E-02 3.7557E+02 7.0350E-025535 3402
 3.7561E+02 7.2907E-02 3.7565E+02 7.5618E-02 3.7569E+02 7.8490E-025535 3402
 3.7573E+02 8.1536E-02 3.7577E+02 8.4763E-02 3.7581E+02 8.8205E-025535 3402
 3.7585E+02 9.1872E-02 3.7589E+02 9.5786E-02 3.7593E+02 9.9958E-025535 3402
 3.7597E+02 1.0444E-01 3.7601E+02 1.0925E-01 3.7605E+02 1.1443E-015535 3402
 3.7608E+02 1.2000E-01 3.7612E+02 1.2605E-01 3.7616E+02 1.3260E-015535 3402
 3.7620E+02 1.3973E-01 3.7624E+02 1.4750E-01 3.7626E+02 1.5168E-015535 3402
 3.7628E+02 1.5604E-01 3.7630E+02 1.6064E-01 3.7632E+02 1.6544E-015535 3402
 3.7634E+02 1.7051E-01 3.7636E+02 1.7582E-01 3.7638E+02 1.8142E-015535 3402
 3.7640E+02 1.8733E-01 3.7642E+02 1.9360E-01 3.7644E+02 2.0019E-015535 3402
 3.7646E+02 2.0722E-01 3.7648E+02 2.1461E-01 3.7650E+02 2.2251E-015535 3402
 3.7652E+02 2.3086E-01 3.7654E+02 2.3976E-01 3.7656E+02 2.4922E-015535 3402
 3.7658E+02 2.5938E-01 3.7660E+02 2.7014E-01 3.7662E+02 2.8173E-015535 3402
 3.7664E+02 2.9406E-01 3.7666E+02 3.0734E-01 3.7668E+02 3.2149E-015535 3402
 3.7670E+02 3.3669E-01 3.7672E+02 3.5298E-01 3.7674E+02 3.7058E-015535 3402
 3.7676E+02 3.8939E-01 3.7678E+02 4.0973E-01 3.7680E+02 4.3149E-015535 3402
 3.7682E+02 4.5502E-01 3.7684E+02 4.8021E-01 3.7686E+02 5.0730E-015535 3402
 3.7688E+02 5.3642E-01 3.7690E+02 5.6792E-01 3.7692E+02 6.0158E-015535 3402
 3.7694E+02 6.3795E-01 3.7696E+02 6.7678E-01 3.7698E+02 7.1867E-015535 3402
 3.7700E+02 7.6334E-01 3.7702E+02 8.1117E-01 3.7704E+02 8.6232E-015535 3402
 3.7706E+02 9.1726E-01 3.7708E+02 9.7560E-01 3.7710E+02 1.0381E+005535 3402
 3.7712E+02 1.1042E+00 3.7714E+02 1.1748E+00 3.7716E+02 1.2494E+005535 3402
 3.7718E+02 1.3283E+00 3.7720E+02 1.4117E+00 3.7722E+02 1.5000E+005535 3402
 3.7724E+02 1.5926E+00 3.7726E+02 1.6902E+00 3.7728E+02 1.7922E+005535 3402
 3.7730E+02 1.8992E+00 3.7732E+02 2.0106E+00 3.7734E+02 2.1259E+005535 3402
 3.7736E+02 2.2459E+00 3.7738E+02 2.3707E+00 3.7740E+02 2.4989E+005535 3402
 3.7742E+02 2.6314E+00 3.7745E+02 2.8360E+00 3.7748E+02 3.0472E+005535 3402
 3.7751E+02 3.2635E+00 3.7762E+02 4.0736E+00 3.7767E+02 4.4304E+005535 3402
 3.7770E+02 4.6349E+00 3.7773E+02 4.8291E+00 3.7778E+02 5.1240E+005535 3402
 3.7781E+02 5.2795E+00 3.7784E+02 5.4162E+00 3.7786E+02 5.4968E+005535 3402
 3.7789E+02 5.5998E+00 3.7794E+02 5.7184E+00 3.7797E+02 5.7565E+005535 3402
 3.7800E+02 5.7688E+00 3.7801E+02 5.7672E+00 3.7804E+02 5.7453E+005535 3402
 3.7806E+02 5.7165E+00 3.7810E+02 5.6256E+00 3.7814E+02 5.4925E+005535 3402
 3.7817E+02 5.3678E+00 3.7819E+02 5.2736E+00 3.7822E+02 5.1174E+005535 3402
 3.7825E+02 4.9450E+00 3.7828E+02 4.7584E+00 3.7833E+02 4.4230E+005535 3402
 3.7839E+02 3.9928E+00 3.7852E+02 3.0414E+00 3.7856E+02 2.7614E+005535 3402
 3.7858E+02 2.6258E+00 3.7862E+02 2.3662E+00 3.7864E+02 2.2422E+005535 3402
 3.7866E+02 2.1219E+00 3.7868E+02 2.0069E+00 3.7870E+02 1.8958E+005535 3402
 3.7872E+02 1.7894E+00 3.7874E+02 1.6874E+00 3.7876E+02 1.5904E+005535 3402
 3.7878E+02 1.4980E+00 3.7880E+02 1.4102E+00 3.7882E+02 1.3266E+005535 3402
 3.7884E+02 1.2479E+00 3.7886E+02 1.1731E+00 3.7888E+02 1.1030E+005535 3402
 3.7890E+02 1.0366E+00 3.7892E+02 9.7458E-01 3.7894E+02 9.1634E-015535 3402
 3.7896E+02 8.6176E-01 3.7898E+02 8.1042E-01 3.7900E+02 7.6266E-015535 3402
 3.7902E+02 7.1802E-01 3.7904E+02 6.7638E-01 3.7906E+02 6.3739E-015535 3402
 3.7908E+02 6.0123E-01 3.7910E+02 5.6758E-01 3.7912E+02 5.3626E-015535 3402
 3.7914E+02 5.0698E-01 3.7916E+02 4.7989E-01 3.7918E+02 4.5458E-015535 3402
 3.7920E+02 4.3117E-01 3.7922E+02 4.0930E-01 3.7924E+02 3.8906E-015535 3402
 3.7926E+02 3.7022E-01 3.7928E+02 3.5270E-01 3.7930E+02 3.3632E-015535 3402
 3.7932E+02 3.2112E-01 3.7934E+02 3.0696E-01 3.7936E+02 2.9373E-015535 3402
 3.7938E+02 2.8133E-01 3.7940E+02 2.6979E-01 3.7942E+02 2.5899E-015535 3402
 3.7944E+02 2.4890E-01 3.7946E+02 2.3936E-01 3.7948E+02 2.3046E-015535 3402
 3.7950E+02 2.2206E-01 3.7952E+02 2.1419E-01 3.7954E+02 2.0675E-015535 3402
 3.7956E+02 1.9976E-01 3.7960E+02 1.8691E-01 3.7964E+02 1.7538E-015535 3402
 3.7968E+02 1.6501E-01 3.7972E+02 1.5560E-01 3.7976E+02 1.4708E-015535 3402
 3.7980E+02 1.3929E-01 3.7983E+02 1.3216E-01 3.7987E+02 1.2560E-015535 3402
 3.7991E+02 1.1958E-01 3.7995E+02 1.1400E-01 3.7999E+02 1.0883E-015535 3402
 3.8003E+02 1.0402E-01 3.8007E+02 9.9555E-02 3.8011E+02 9.5374E-025535 3402
 3.8015E+02 9.1464E-02 3.8019E+02 8.7802E-02 3.8023E+02 8.4373E-025535 3402
 3.8027E+02 8.1142E-02 3.8031E+02 7.8109E-02 3.8035E+02 7.5240E-025535 3402
 3.8039E+02 7.2539E-02 3.8047E+02 6.7558E-02 3.8055E+02 6.3094E-025535 3402
 3.8063E+02 5.9069E-02 3.8071E+02 5.5427E-02 3.8079E+02 5.2115E-025535 3402
 3.8087E+02 4.9101E-02 3.8095E+02 4.6346E-02 3.8103E+02 4.3821E-025535 3402
 3.8111E+02 4.1498E-02 3.8119E+02 3.9360E-02 3.8127E+02 3.7386E-025535 3402
 3.8135E+02 3.5560E-02 3.8143E+02 3.3864E-02 3.8151E+02 3.2290E-025535 3402
 3.8159E+02 3.0826E-02 3.8167E+02 2.9459E-02 3.8175E+02 2.8182E-025535 3402
 3.8183E+02 2.6989E-02 3.8191E+02 2.5870E-02 3.8199E+02 2.4822E-025535 3402
 3.8207E+02 2.3835E-02 3.8215E+02 2.2909E-02 3.8223E+02 2.2035E-025535 3402
 3.8231E+02 2.1211E-02 3.8239E+02 2.0434E-02 3.8247E+02 1.9698E-025535 3402
 3.8263E+02 1.8344E-02 3.8278E+02 1.7125E-02 3.8294E+02 1.6024E-025535 3402
 3.8310E+02 1.5028E-02 3.8326E+02 1.4123E-02 3.8342E+02 1.3297E-025535 3402
 3.8358E+02 1.2544E-02 3.8374E+02 1.1853E-02 3.8390E+02 1.1218E-025535 3402
 3.8406E+02 1.0634E-02 3.8422E+02 1.0095E-02 3.8438E+02 9.5960E-035535 3402
 3.8454E+02 9.1341E-03 3.8470E+02 8.7050E-03 3.8486E+02 8.3062E-035535 3402
 3.8502E+02 7.9344E-03 3.8518E+02 7.5875E-03 3.8534E+02 7.2632E-035535 3402
 3.8550E+02 6.9598E-03 3.8565E+02 6.6752E-03 3.8581E+02 6.4083E-035535 3402
 3.8597E+02 6.1571E-03 3.8613E+02 5.9211E-03 3.8629E+02 5.6986E-035535 3402
 3.8645E+02 5.4888E-03 3.8661E+02 5.2907E-03 3.8677E+02 5.1037E-035535 3402
 3.8709E+02 4.7586E-03 3.8741E+02 4.4480E-03 3.8773E+02 4.1675E-035535 3402
 3.8805E+02 3.9136E-03 3.8837E+02 3.6829E-03 3.8868E+02 3.4725E-035535 3402
 3.8900E+02 3.2806E-03 3.8932E+02 3.1048E-03 3.8964E+02 2.9432E-035535 3402
 3.8996E+02 2.7946E-03 3.9028E+02 2.6574E-03 3.9060E+02 2.5307E-035535 3402
 3.9092E+02 2.4134E-03 3.9124E+02 2.3045E-03 3.9155E+02 2.2034E-035535 3402
 3.9187E+02 2.1091E-03 3.9219E+02 2.0213E-03 3.9251E+02 1.9392E-035535 3402
 3.9283E+02 1.8624E-03 3.9315E+02 1.7906E-03 3.9347E+02 1.7232E-035535 3402
 3.9379E+02 1.6598E-03 3.9442E+02 1.5444E-03 3.9474E+02 1.4918E-035535 3402
 3.9538E+02 1.3952E-03 3.9602E+02 1.3086E-03 3.9666E+02 1.2310E-035535 3402
 3.9729E+02 1.1611E-03 3.9793E+02 1.0981E-03 3.9857E+02 1.0410E-035535 3402
 3.9921E+02 9.8928E-04 3.9985E+02 9.4221E-04 4.0048E+02 8.9931E-045535 3402
 4.0112E+02 8.6014E-04 4.0176E+02 8.2434E-04 4.0240E+02 7.9152E-045535 3402
 4.0303E+02 7.6142E-04 4.0367E+02 7.3379E-04 4.0431E+02 7.0840E-045535 3402
 4.0495E+02 6.8504E-04 4.0559E+02 6.6355E-04 4.0686E+02 6.2557E-045535 3402
 4.0814E+02 5.9342E-04 4.0877E+02 5.7938E-04 4.1005E+02 5.5461E-045535 3402
 4.1133E+02 5.3379E-04 4.1260E+02 5.1666E-04 4.1388E+02 5.0280E-045535 3402
 4.1515E+02 4.9198E-04 4.1643E+02 4.8398E-04 4.1770E+02 4.7867E-045535 3402
 4.1898E+02 4.7595E-04 4.2025E+02 4.7578E-04 4.2153E+02 4.7818E-045535 3402
 4.2281E+02 4.8320E-04 4.2408E+02 4.9096E-04 4.2536E+02 5.0165E-045535 3402
 4.2663E+02 5.1547E-04 4.2791E+02 5.3277E-04 4.2918E+02 5.5379E-045535 3402
 4.2982E+02 5.6587E-04 4.3110E+02 5.9379E-04 4.3237E+02 6.2717E-045535 3402
 4.3301E+02 6.4616E-04 4.3429E+02 6.8950E-04 4.3492E+02 7.1418E-045535 3402
 4.3556E+02 7.4112E-04 4.3620E+02 7.7058E-04 4.3684E+02 8.0278E-045535 3402
 4.3748E+02 8.3806E-04 4.3811E+02 8.7677E-04 4.3875E+02 9.1931E-045535 3402
 4.3939E+02 9.6613E-04 4.4003E+02 1.0178E-03 4.4066E+02 1.0749E-035535 3402
 4.4130E+02 1.1383E-03 4.4194E+02 1.2088E-03 4.4258E+02 1.2875E-035535 3402
 4.4322E+02 1.3752E-03 4.4353E+02 1.4230E-03 4.4417E+02 1.5279E-035535 3402
 4.4481E+02 1.6467E-03 4.4513E+02 1.7120E-03 4.4545E+02 1.7818E-035535 3402
 4.4577E+02 1.8563E-03 4.4609E+02 1.9362E-03 4.4640E+02 2.0218E-035535 3402
 4.4672E+02 2.1138E-03 4.4704E+02 2.2126E-03 4.4736E+02 2.3190E-035535 3402
 4.4768E+02 2.4341E-03 4.4800E+02 2.5586E-03 4.4832E+02 2.6934E-035535 3402
 4.4864E+02 2.8398E-03 4.4896E+02 2.9994E-03 4.4927E+02 3.1733E-035535 3402
 4.4959E+02 3.3637E-03 4.4991E+02 3.5726E-03 4.5023E+02 3.8026E-035535 3402
 4.5055E+02 4.0563E-03 4.5087E+02 4.3374E-03 4.5119E+02 4.6496E-035535 3402
 4.5135E+02 4.8187E-03 4.5151E+02 4.9974E-03 4.5167E+02 5.1867E-035535 3402
 4.5183E+02 5.3874E-03 4.5199E+02 5.6003E-03 4.5214E+02 5.8266E-035535 3402
 4.5230E+02 6.0674E-03 4.5246E+02 6.3237E-03 4.5262E+02 6.5971E-035535 3402
 4.5278E+02 6.8890E-03 4.5294E+02 7.2014E-03 4.5310E+02 7.5358E-035535 3402
 4.5326E+02 7.8949E-03 4.5342E+02 8.2803E-03 4.5358E+02 8.6957E-035535 3402
 4.5374E+02 9.1435E-03 4.5390E+02 9.6278E-03 4.5406E+02 1.0152E-025535 3402
 4.5422E+02 1.0721E-02 4.5438E+02 1.1341E-02 4.5454E+02 1.2016E-025535 3402
 4.5470E+02 1.2755E-02 4.5486E+02 1.3566E-02 4.5501E+02 1.4457E-025535 3402
 4.5517E+02 1.5441E-02 4.5533E+02 1.6530E-02 4.5549E+02 1.7739E-025535 3402
 4.5557E+02 1.8397E-02 4.5565E+02 1.9090E-02 4.5573E+02 1.9826E-025535 3402
 4.5581E+02 2.0605E-02 4.5589E+02 2.1432E-02 4.5597E+02 2.2310E-025535 3402
 4.5605E+02 2.3245E-02 4.5613E+02 2.4242E-02 4.5621E+02 2.5304E-025535 3402
 4.5629E+02 2.6440E-02 4.5637E+02 2.7656E-02 4.5645E+02 2.8960E-025535 3402
 4.5653E+02 3.0360E-02 4.5661E+02 3.1866E-02 4.5669E+02 3.3491E-025535 3402
 4.5677E+02 3.5245E-02 4.5685E+02 3.7144E-02 4.5693E+02 3.9205E-025535 3402
 4.5701E+02 4.1450E-02 4.5709E+02 4.3896E-02 4.5717E+02 4.6573E-025535 3402
 4.5725E+02 4.9509E-02 4.5733E+02 5.2747E-02 4.5741E+02 5.6322E-025535 3402
 4.5745E+02 5.8254E-02 4.5749E+02 6.0288E-02 4.5753E+02 6.2440E-025535 3402
 4.5757E+02 6.4710E-02 4.5761E+02 6.7118E-02 4.5765E+02 6.9669E-025535 3402
 4.5769E+02 7.2378E-02 4.5773E+02 7.5250E-02 4.5776E+02 7.8314E-025535 3402
 4.5780E+02 8.1573E-02 4.5784E+02 8.5066E-02 4.5788E+02 8.8794E-025535 3402
 4.5792E+02 9.2802E-02 4.5796E+02 9.7114E-02 4.5800E+02 1.0176E-015535 3402
 4.5804E+02 1.0677E-01 4.5808E+02 1.1221E-01 4.5812E+02 1.1810E-015535 3402
 4.5816E+02 1.2455E-01 4.5820E+02 1.3158E-01 4.5824E+02 1.3931E-015535 3402
 4.5828E+02 1.4783E-01 4.5830E+02 1.5243E-01 4.5832E+02 1.5725E-015535 3402
 4.5834E+02 1.6232E-01 4.5836E+02 1.6766E-01 4.5838E+02 1.7333E-015535 3402
 4.5840E+02 1.7930E-01 4.5842E+02 1.8558E-01 4.5844E+02 1.9224E-015535 3402
 4.5846E+02 1.9931E-01 4.5848E+02 2.0678E-01 4.5850E+02 2.1472E-015535 3402
 4.5852E+02 2.2310E-01 4.5854E+02 2.3205E-01 4.5856E+02 2.4152E-015535 3402
 4.5858E+02 2.5163E-01 4.5860E+02 2.6232E-01 4.5862E+02 2.7376E-015535 3402
 4.5864E+02 2.8586E-01 4.5866E+02 2.9874E-01 4.5868E+02 3.1245E-015535 3402
 4.5870E+02 3.2712E-01 4.5872E+02 3.4266E-01 4.5874E+02 3.5918E-015535 3402
 4.5876E+02 3.7678E-01 4.5878E+02 3.9562E-01 4.5880E+02 4.1554E-015535 3402
 4.5882E+02 4.3675E-01 4.5884E+02 4.5925E-01 4.5886E+02 4.8330E-015535 3402
 4.5888E+02 5.0870E-01 4.5890E+02 5.3581E-01 4.5892E+02 5.6440E-015535 3402
 4.5894E+02 5.9485E-01 4.5896E+02 6.2691E-01 4.5898E+02 6.6080E-015535 3402
 4.5900E+02 6.9661E-01 4.5902E+02 7.3458E-01 4.5904E+02 7.7438E-015535 3402
 4.5906E+02 8.1627E-01 4.5908E+02 8.6030E-01 4.5910E+02 9.0675E-015535 3402
 4.5912E+02 9.5520E-01 4.5914E+02 1.0059E+00 4.5916E+02 1.0588E+005535 3402
 4.5918E+02 1.1143E+00 4.5920E+02 1.1718E+00 4.5922E+02 1.2319E+005535 3402
 4.5924E+02 1.2939E+00 4.5928E+02 1.4248E+00 4.5930E+02 1.4932E+005535 3402
 4.5934E+02 1.6362E+00 4.5936E+02 1.7102E+00 4.5940E+02 1.8630E+005535 3402
 4.5946E+02 2.1018E+00 4.5959E+02 2.6310E+00 4.5964E+02 2.8262E+005535 3402
 4.5970E+02 3.0453E+00 4.5975E+02 3.2094E+00 4.5978E+02 3.2971E+005535 3402
 4.5981E+02 3.3829E+00 4.5984E+02 3.4414E+00 4.5986E+02 3.4926E+005535 3402
 4.5989E+02 3.5358E+00 4.5991E+02 3.5706E+00 4.5995E+02 3.6069E+005535 3402
 4.5999E+02 3.6234E+00 4.6001E+02 3.6232E+00 4.6004E+02 3.6139E+005535 3402
 4.6008E+02 3.5835E+00 4.6013E+02 3.5131E+00 4.6015E+02 3.4654E+005535 3402
 4.6018E+02 3.4102E+00 4.6020E+02 3.3480E+00 4.6023E+02 3.2704E+005535 3402
 4.6026E+02 3.1856E+00 4.6029E+02 3.0939E+00 4.6033E+02 2.9283E+005535 3402
 4.6036E+02 2.8229E+00 4.6041E+02 2.6387E+00 4.6050E+02 2.2570E+005535 3402
 4.6056E+02 2.0278E+00 4.6061E+02 1.8061E+00 4.6065E+02 1.6646E+005535 3402
 4.6067E+02 1.5957E+00 4.6071E+02 1.4635E+00 4.6073E+02 1.4001E+005535 3402
 4.6076E+02 1.2784E+00 4.6078E+02 1.2207E+00 4.6082E+02 1.1108E+005535 3402
 4.6086E+02 1.0089E+00 4.6088E+02 9.6114E-01 4.6090E+02 9.1510E-015535 3402
 4.6091E+02 8.7126E-01 4.6093E+02 8.2938E-01 4.6095E+02 7.8936E-015535 3402
 4.6097E+02 7.5101E-01 4.6099E+02 7.1467E-01 4.6101E+02 6.8010E-015535 3402
 4.6103E+02 6.4725E-01 4.6105E+02 6.1587E-01 4.6106E+02 5.8627E-015535 3402
 4.6108E+02 5.5821E-01 4.6110E+02 5.3163E-01 4.6112E+02 5.0634E-015535 3402
 4.6114E+02 4.8254E-01 4.6116E+02 4.5994E-01 4.6118E+02 4.3869E-015535 3402
 4.6120E+02 4.1853E-01 4.6121E+02 3.9958E-01 4.6123E+02 3.8171E-015535 3402
 4.6125E+02 3.6485E-01 4.6127E+02 3.4888E-01 4.6129E+02 3.3389E-015535 3402
 4.6131E+02 3.1974E-01 4.6133E+02 3.0638E-01 4.6135E+02 2.9376E-015535 3402
 4.6136E+02 2.8192E-01 4.6138E+02 2.7072E-01 4.6140E+02 2.6016E-015535 3402
 4.6142E+02 2.5014E-01 4.6144E+02 2.4074E-01 4.6146E+02 2.3181E-015535 3402
 4.6148E+02 2.2341E-01 4.6149E+02 2.1546E-01 4.6151E+02 2.0795E-015535 3402
 4.6155E+02 1.9410E-01 4.6159E+02 1.8165E-01 4.6163E+02 1.7046E-015535 3402
 4.6166E+02 1.6034E-01 4.6170E+02 1.5120E-01 4.6174E+02 1.4287E-015535 3402
 4.6178E+02 1.3528E-01 4.6181E+02 1.2835E-01 4.6185E+02 1.2202E-015535 3402
 4.6189E+02 1.1619E-01 4.6193E+02 1.1084E-01 4.6196E+02 1.0590E-015535 3402
 4.6200E+02 1.0134E-01 4.6204E+02 9.7109E-02 4.6208E+02 9.3192E-025535 3402
 4.6211E+02 8.9560E-02 4.6215E+02 8.6200E-02 4.6219E+02 8.3074E-025535 3402
 4.6223E+02 8.0181E-02 4.6226E+02 7.7491E-02 4.6230E+02 7.5003E-025535 3402
 4.6234E+02 7.2694E-02 4.6238E+02 7.0558E-02 4.6241E+02 6.8587E-025535 3402
 4.6245E+02 6.6776E-02 4.6249E+02 6.5106E-02 4.6252E+02 6.3579E-025535 3402
 4.6260E+02 5.1101E-02 4.6260E+02 5.1272E-02 5.0000E+02 4.8284E-025535 3402
 5.6500E+02 4.4367E-02 6.3000E+02 4.0449E-02 7.1000E+02 3.7277E-025535 3402
 7.9000E+02 3.4105E-02 8.9500E+02 3.1388E-02 1.0000E+03 2.8672E-025535 3402
 1.1500E+03 2.6231E-02 1.3000E+03 2.3790E-02 1.6000E+03 2.0645E-025535 3402
 2.0000E+03 1.7842E-02 2.5000E+03 1.5525E-02 2.8500E+03 1.4468E-025535 3402
 3.2000E+03 1.3410E-02 4.0000E+03 1.1811E-02 5.0000E+03 1.0437E-025535 3402
 5.6500E+03 9.8150E-03 6.3000E+03 9.1923E-03 7.1000E+03 8.6498E-035535 3402
 7.9000E+03 8.1069E-03 8.9500E+03 7.5971E-03 1.0000E+04 7.0868E-035535 3402
 1.1500E+04 6.5752E-03 1.3000E+04 6.0628E-03 1.6000E+04 5.3284E-035535 3402
 2.0000E+04 4.6121E-03 2.5000E+04 3.9713E-03 2.8500E+04 3.6618E-035535 3402
 3.2000E+04 3.3511E-03 4.0000E+04 2.8709E-03 4.8750E+04 2.5150E-035535 3402
 5.0000E+04 2.4640E-03 5.0000E+04 2.4764E-03 5.0000E+04 2.4764E-035535 3402
 5.4152E+04 2.3544E-03 5.7984E+04 2.2549E-03 6.0000E+04 2.2069E-035535 3402
 6.4807E+04 2.1131E-03 7.0000E+04 2.0234E-03 7.7374E+04 1.9262E-035535 3402
 8.0000E+04 1.8950E-03 8.7388E+04 1.8255E-03 9.0000E+04 1.8030E-035535 3402
 1.0000E+05 1.7364E-03 1.0905E+05 1.6757E-03 1.1892E+05 1.6188E-035535 3402
 1.2161E+05 1.6033E-03 1.3322E+05 1.5456E-03 1.4746E+05 1.4846E-035535 3402
 1.5422E+05 1.4600E-03 1.6375E+05 1.4250E-03 1.7587E+05 1.3863E-035535 3402
 1.9161E+05 1.3417E-03 2.0000E+05 1.3203E-03 2.1190E+05 1.2832E-035535 3402
 2.3108E+05 1.2302E-03 2.5157E+05 1.1811E-03 2.5200E+05 1.1800E-035535 3402
 2.7000E+05 1.1300E-03 2.9220E+05 1.0825E-03 3.0000E+05 1.0673E-035535 3402
 3.2237E+05 1.0418E-03 3.5909E+05 1.0057E-03 3.8484E+05 9.8471E-045535 3402
 4.0000E+05 9.7210E-04 4.1125E+05 9.6849E-04 4.1125E+05 9.6849E-045535 3402
 4.1200E+05 9.6825E-04 4.7638E+05 9.4642E-04 5.0000E+05 9.3978E-045535 3402
 6.0000E+05 9.5741E-04 6.1315E+05 9.5964E-04 6.1315E+05 9.5964E-045535 3402
 6.1400E+05 9.5978E-04 6.5559E+05 9.6832E-04 7.0000E+05 9.7728E-045535 3402
 7.6428E+05 9.5039E-04 7.8684E+05 9.4156E-04 8.0000E+05 9.3631E-045535 3402
 8.2092E+05 9.0506E-04 8.5332E+05 8.6030E-04 8.8658E+05 8.1775E-045535 3402
 8.9348E+05 8.0882E-04 9.0000E+05 7.9969E-04 9.2688E+05 7.8797E-045535 3402
 9.2700E+05 7.8793E-04 9.8904E+05 7.5977E-04 1.0000E+06 7.5465E-045535 3402
 1.0703E+06 7.3291E-04 1.0703E+06 7.3289E-04 1.1000E+06 7.2331E-045535 3402
 1.1284E+06 7.1084E-04 1.1290E+06 7.1056E-04 1.1687E+06 6.9269E-045535 3402
 1.1690E+06 6.9253E-04 1.1888E+06 6.8341E-04 1.1888E+06 6.8338E-045535 3402
 1.1890E+06 6.8333E-04 1.2000E+06 6.7818E-04 1.2392E+06 6.5952E-045535 3402
 1.2400E+06 6.5914E-04 1.2795E+06 6.3978E-04 1.2800E+06 6.3952E-045535 3402
 1.2896E+06 6.3473E-04 1.2900E+06 6.3453E-04 1.3000E+06 6.2953E-045535 3402
 1.3299E+06 6.2172E-04 1.3300E+06 6.2169E-04 1.3399E+06 6.1906E-045535 3402
 1.3399E+06 6.1906E-04 1.3400E+06 6.1905E-04 1.3600E+06 6.1370E-045535 3402
 1.3802E+06 6.0818E-04 1.3802E+06 6.0815E-04 1.3903E+06 6.0537E-045535 3402
 1.3903E+06 6.0537E-04 1.3910E+06 6.0518E-04 1.4000E+06 6.0268E-045535 3402
 1.4052E+06 5.9933E-04 1.4105E+06 5.9597E-04 1.4447E+06 5.7381E-045535 3402
 1.5029E+06 5.3962E-04 1.5534E+06 5.1272E-04 1.5934E+06 4.9350E-045535 3402
 1.6117E+06 4.8451E-04 1.6741E+06 4.5718E-04 1.7180E+06 4.3950E-045535 3402
 1.7722E+06 4.1930E-04 1.8000E+06 4.0960E-04 2.0000E+06 4.2694E-045535 3402
 2.1147E+06 4.1123E-04 2.2361E+06 3.9648E-04 2.2400E+06 3.9598E-045535 3402
 2.3296E+06 3.8607E-04 2.4418E+06 3.7473E-04 2.5000E+06 3.6922E-045535 3402
 2.6617E+06 3.5989E-04 2.7386E+06 3.5618E-04 2.8500E+06 3.5035E-045535 3402
 3.0000E+06 3.4362E-04 3.1098E+06 3.2636E-04 3.2092E+06 3.1205E-045535 3402
 3.2988E+06 3.0010E-04 3.3118E+06 2.9854E-04 3.4151E+06 2.8580E-045535 3402
 3.5155E+06 2.7442E-04 3.5428E+06 2.7161E-04 3.6308E+06 2.6233E-045535 3402
 3.7198E+06 2.5366E-04 3.8414E+06 2.4274E-04 3.8574E+06 2.4126E-045535 3402
 4.0000E+06 2.2953E-04 4.0828E+06 2.1765E-04 4.1602E+06 2.0731E-045535 3402
 4.2570E+06 1.9536E-04 4.3434E+06 1.8548E-04 4.4102E+06 1.7852E-045535 3402
 4.4547E+06 1.7378E-04 4.5500E+06 1.6459E-04 4.6364E+06 1.5694E-045535 3402
 4.6370E+06 1.5688E-04 4.6586E+06 1.5493E-04 4.7732E+06 1.4559E-045535 3402
 4.7951E+06 1.4395E-04 4.8530E+06 1.3955E-04 4.9505E+06 1.3265E-045535 3402
 5.0000E+06 1.2933E-04 5.0844E+06 1.2183E-04 5.1631E+06 1.1534E-045535 3402
 5.2609E+06 1.0787E-04 5.3481E+06 1.0174E-04 5.4256E+06 9.6672E-055535 3402
 5.5000E+06 9.2165E-05 5.5246E+06 9.0657E-05 5.6088E+06 8.5915E-055535 3402
 5.7042E+06 8.0928E-05 5.7327E+06 7.9546E-05 5.7767E+06 7.7386E-055535 3402
 5.8873E+06 7.2363E-05 6.0000E+06 6.7663E-05 6.0855E+06 6.3999E-055535 3402
 6.1650E+06 6.0817E-05 6.2637E+06 5.7136E-05 6.3513E+06 5.4101E-055535 3402
 6.4656E+06 5.0445E-05 6.5000E+06 4.9420E-05 6.5301E+06 4.8518E-055535 3402
 6.6445E+06 4.5324E-05 6.7646E+06 4.2253E-05 6.8478E+06 4.0281E-055535 3402
 6.9292E+06 3.8478E-05 6.9301E+06 3.8458E-05 6.9489E+06 3.8037E-055535 3402
 7.0000E+06 3.6973E-05 7.0587E+06 3.5734E-05 7.1649E+06 3.3639E-055535 3402
 7.1700E+06 3.3538E-05 7.2688E+06 3.1729E-05 7.3977E+06 2.9552E-055535 3402
 7.5000E+06 2.7957E-05 7.5025E+06 2.7917E-05 7.5913E+06 2.6620E-055535 3402
 7.6915E+06 2.5248E-05 7.8003E+06 2.3857E-05 7.9329E+06 2.2288E-055535 3402
 8.0000E+06 2.1544E-05 8.1711E+06 2.0407E-05 8.3172E+06 1.9503E-055535 3402
 8.4828E+06 1.8543E-05 8.5000E+06 1.8453E-05 8.6640E+06 1.7570E-055535 3402
 8.6832E+06 1.7476E-05 8.6843E+06 1.7470E-05 8.8304E+06 1.6738E-055535 3402
 9.0000E+06 1.5947E-05 9.1200E+06 1.6319E-05 9.3087E+06 1.6911E-055535 3402
 9.5000E+06 1.7522E-05 9.7479E+06 1.8330E-05 1.0000E+07 1.9170E-055535 3402
 1.0000E+07 1.9170E-05 1.0000E+07 1.9170E-05 1.0115E+07 2.0756E-055535 3402
 1.0273E+07 2.3129E-05 1.0274E+07 2.3149E-05 1.0275E+07 2.3155E-055535 3402
 1.0329E+07 2.4047E-05 1.0424E+07 2.5602E-05 1.0500E+07 2.6958E-055535 3402
 1.0559E+07 2.8018E-05 1.0591E+07 2.8628E-05 1.0685E+07 3.0436E-055535 3402
 1.0841E+07 3.3680E-05 1.0980E+07 3.6804E-05 1.1000E+07 3.7295E-055535 3402
 1.1160E+07 4.1239E-05 1.1307E+07 4.5174E-05 1.1431E+07 4.8754E-055535 3402
 1.1500E+07 5.0890E-05 1.1570E+07 5.3075E-05 1.1722E+07 5.8136E-055535 3402
 1.1907E+07 6.4853E-05 1.2000E+07 6.8495E-05 1.2248E+07 7.1857E-055535 3402
 1.2500E+07 7.5342E-05 1.2748E+07 7.8852E-05 1.3000E+07 8.2488E-055535 3402
 1.3231E+07 8.5886E-05 1.3500E+07 9.0046E-05 1.3748E+07 9.3964E-055535 3402
 1.4000E+07 9.8014E-05 1.4385E+07 1.0437E-04 1.4500E+07 1.0633E-045535 3402
 1.4749E+07 1.1065E-04 1.5000E+07 1.1509E-04 1.5335E+07 1.2504E-045535 3402
 1.5500E+07 1.3005E-04 1.5549E+07 1.3155E-04 1.5645E+07 1.3466E-045535 3402
 1.5922E+07 1.4375E-04 1.6000E+07 1.4636E-04 1.6046E+07 1.4792E-045535 3402
 1.6119E+07 1.5048E-04 1.6284E+07 1.5641E-04 1.6489E+07 1.6386E-045535 3402
 1.6500E+07 1.6425E-04 1.6694E+07 1.7143E-04 1.6854E+07 1.7776E-045535 3402
 1.7000E+07 1.8357E-04 1.7240E+07 1.9331E-04 1.7256E+07 1.9397E-045535 3402
 1.7500E+07 2.0458E-04 1.7508E+07 2.0492E-04 1.7834E+07 2.1945E-045535 3402
 1.7905E+07 2.2264E-04 1.8000E+07 2.2721E-04 1.8344E+07 2.4396E-045535 3402
 1.8500E+07 2.5172E-04 1.8599E+07 2.5668E-04 1.8637E+07 2.5867E-045535 3402
 1.8969E+07 2.7639E-04 1.9000E+07 2.7808E-04 1.9088E+07 2.8284E-045535 3402
 1.9331E+07 2.9676E-04 1.9500E+07 3.0658E-04 1.9663E+07 3.1613E-045535 3402
 1.9691E+07 3.1782E-04 2.0000E+07 3.3690E-04                      5535 3402
                                                                  5535 3  0
