DY-158N,G    1.0000+00* SIGECN-MASGAM                             6658 3102
                                                                  6658 3102
 6.61580+04 1.5657E+02          0         99          0          06658 3102
 3.0000E+02 6.8352E+06          0          0          1        5776658 3102
        577          5                                            6658 3102
 1.0000E-05 2.2121E+03 1.2265E-05 1.9974E+03 1.4530E-05 1.8351E+036658 3102
 1.6795E-05 1.7069E+03 1.9060E-05 1.6023E+03 2.3590E-05 1.4402E+036658 3102
 2.8120E-05 1.3191E+03 3.2650E-05 1.2242E+03 3.7180E-05 1.1472E+036658 3102
 4.1710E-05 1.0831E+03 4.6240E-05 1.0287E+03 5.5299E-05 9.4063E+026658 3102
 6.4359E-05 8.7191E+02 7.3419E-05 8.1633E+02 8.2479E-05 7.7019E+026658 3102
 1.0060E-04 6.9737E+02 1.1872E-04 6.4194E+02 1.3684E-04 5.9792E+026658 3102
 1.5496E-04 5.6187E+02 1.9120E-04 5.0580E+02 2.2744E-04 4.6374E+026658 3102
 2.6368E-04 4.3068E+02 2.9992E-04 4.0381E+02 3.7240E-04 3.6237E+026658 3102
 4.4488E-04 3.3151E+02 5.1736E-04 3.0740E+02 5.8983E-04 2.8787E+026658 3102
 7.3479E-04 2.5788E+02 8.7975E-04 2.3565E+02 1.0247E-03 2.1831E+026658 3102
 1.1697E-03 2.0431E+02 1.4596E-03 1.8285E+02 1.7495E-03 1.6697E+026658 3102
 2.0394E-03 1.5460E+02 2.3293E-03 1.4462E+02 2.9092E-03 1.2934E+026658 3102
 3.4890E-03 1.1804E+02 4.0688E-03 1.0924E+02 4.6487E-03 1.0215E+026658 3102
 5.8083E-03 9.1284E+01 6.9680E-03 8.3251E+01 8.1277E-03 7.7000E+016658 3102
 9.2873E-03 7.1954E+01 1.1607E-02 6.4224E+01 1.3926E-02 5.8505E+016658 3102
 1.6245E-02 5.4050E+01 1.8565E-02 5.0451E+01 2.3203E-02 4.4932E+016658 3102
 2.5300E-02 4.2946E+01 2.7842E-02 4.0842E+01 3.2481E-02 3.7650E+016658 3102
 3.7119E-02 3.5068E+01 4.6397E-02 3.1099E+01 5.5674E-02 2.8149E+016658 3102
 6.4951E-02 2.5841E+01 7.4229E-02 2.3969E+01 9.2783E-02 2.1082E+016658 3102
 1.1134E-01 1.8928E+01 1.2989E-01 1.7239E+01 1.4845E-01 1.5865E+016658 3102
 1.8556E-01 1.3743E+01 2.0411E-01 1.2897E+01 2.2267E-01 1.2157E+016658 3102
 2.5978E-01 1.0913E+01 2.9688E-01 9.9035E+00 3.3399E-01 9.0636E+006658 3102
 3.7110E-01 8.3512E+00 4.0821E-01 7.7376E+00 4.4532E-01 7.2026E+006658 3102
 5.1954E-01 6.3126E+00 5.9376E-01 5.6004E+00 6.6798E-01 5.0168E+006658 3102
 7.4220E-01 4.5297E+00 8.1642E-01 4.1171E+00 8.9063E-01 3.7634E+006658 3102
 1.0391E+00 3.1897E+00 1.1133E+00 2.9545E+00 1.1875E+00 2.7462E+006658 3102
 1.3359E+00 2.3946E+00 1.4844E+00 2.1106E+00 1.6328E+00 1.8775E+006658 3102
 1.7813E+00 1.6835E+00 1.9297E+00 1.5203E+00 2.0781E+00 1.3816E+006658 3102
 2.2266E+00 1.2628E+00 2.3750E+00 1.1601E+00 2.6719E+00 9.9277E-016658 3102
 2.8203E+00 9.2406E-01 2.9688E+00 8.6329E-01 3.2656E+00 7.6113E-016658 3102
 3.5625E+00 6.7918E-01 3.8594E+00 6.1249E-01 4.1563E+00 5.5756E-016658 3102
 4.4531E+00 5.1183E-01 4.7500E+00 4.7340E-01 5.3438E+00 4.1305E-016658 3102
 5.6406E+00 3.8919E-01 5.9375E+00 3.6857E-01 6.5313E+00 3.3508E-016658 3102
 7.1250E+00 3.0946E-01 7.7188E+00 2.8963E-01 8.3125E+00 2.7418E-016658 3102
 8.9063E+00 2.6213E-01 9.5000E+00 2.5275E-01 1.0688E+01 2.4010E-016658 3102
 1.1875E+01 2.3350E-01 1.3063E+01 2.3142E-01 1.4250E+01 2.3300E-016658 3102
 1.5438E+01 2.3780E-01 1.6625E+01 2.4564E-01 1.7813E+01 2.5658E-016658 3102
 1.9000E+01 2.7088E-01 2.0188E+01 2.8901E-01 2.1375E+01 3.1168E-016658 3102
 2.2563E+01 3.3996E-01 2.3750E+01 3.7537E-01 2.4938E+01 4.2017E-016658 3102
 2.6125E+01 4.7774E-01 2.6719E+01 5.1286E-01 2.7313E+01 5.5335E-016658 3102
 2.7906E+01 6.0040E-01 2.8500E+01 6.5555E-01 2.9094E+01 7.2084E-016658 3102
 2.9688E+01 7.9904E-01 3.0281E+01 8.9398E-01 3.0875E+01 1.0111E+006658 3102
 3.1469E+01 1.1583E+00 3.2063E+01 1.3476E+00 3.2359E+01 1.4634E+006658 3102
 3.2656E+01 1.5976E+00 3.2953E+01 1.7544E+00 3.3250E+01 1.9394E+006658 3102
 3.3547E+01 2.1602E+00 3.3844E+01 2.4270E+00 3.4141E+01 2.7542E+006658 3102
 3.4438E+01 3.1624E+00 3.4586E+01 3.4057E+00 3.4734E+01 3.6816E+006658 3102
 3.4883E+01 3.9964E+00 3.5031E+01 4.3578E+00 3.5180E+01 4.7758E+006658 3102
 3.5328E+01 5.2633E+00 3.5477E+01 5.8368E+00 3.5625E+01 6.5184E+006658 3102
 3.5773E+01 7.3376E+00 3.5922E+01 8.3346E+00 3.6070E+01 9.5659E+006658 3102
 3.6219E+01 1.1112E+01 3.6293E+01 1.2039E+01 3.6367E+01 1.3093E+016658 3102
 3.6404E+01 1.3675E+01 3.6441E+01 1.4299E+01 3.6478E+01 1.4968E+016658 3102
 3.6497E+01 1.5322E+01 3.6516E+01 1.5688E+01 3.6534E+01 1.6068E+016658 3102
 3.6553E+01 1.6463E+01 3.6562E+01 1.6666E+01 3.6571E+01 1.6873E+016658 3102
 3.6581E+01 1.7085E+01 3.6590E+01 1.7300E+01 3.6599E+01 1.7519E+016658 3102
 3.6608E+01 1.7743E+01 3.6618E+01 1.7971E+01 3.6622E+01 1.8087E+016658 3102
 3.6627E+01 1.8204E+01 3.6632E+01 1.8322E+01 3.6636E+01 1.8442E+016658 3102
 3.6641E+01 1.8563E+01 3.6646E+01 1.8684E+01 3.6650E+01 1.8808E+016658 3102
 3.6655E+01 1.8932E+01 3.6659E+01 1.9058E+01 3.6664E+01 1.9184E+016658 3102
 3.6669E+01 1.9313E+01 3.6673E+01 1.9442E+01 3.6678E+01 1.9573E+016658 3102
 3.6683E+01 1.9706E+01 3.6687E+01 1.9839E+01 3.6692E+01 1.9975E+016658 3102
 3.6697E+01 2.0111E+01 3.6701E+01 2.0249E+01 3.6706E+01 2.0389E+016658 3102
 3.6710E+01 2.0530E+01 3.6715E+01 2.0672E+01 3.6720E+01 2.0816E+016658 3102
 3.6724E+01 2.0962E+01 3.6729E+01 2.1109E+01 3.6734E+01 2.1258E+016658 3102
 3.6738E+01 2.1408E+01 3.6748E+01 2.1714E+01 3.6757E+01 2.2027E+016658 3102
 3.6766E+01 2.2346E+01 3.6775E+01 2.2673E+01 3.6785E+01 2.3007E+016658 3102
 3.6794E+01 2.3349E+01 3.6803E+01 2.3699E+01 3.6813E+01 2.4057E+016658 3102
 3.6822E+01 2.4424E+01 3.6831E+01 2.4799E+01 3.6840E+01 2.5183E+016658 3102
 3.6850E+01 2.5577E+01 3.6868E+01 2.6392E+01 3.6887E+01 2.7249E+016658 3102
 3.6905E+01 2.8149E+01 3.6924E+01 2.9096E+01 3.6942E+01 3.0092E+016658 3102
 3.6961E+01 3.1142E+01 3.6979E+01 3.2249E+01 3.6998E+01 3.3418E+016658 3102
 3.7017E+01 3.4653E+01 3.7035E+01 3.5959E+01 3.7054E+01 3.7342E+016658 3102
 3.7072E+01 3.8809E+01 3.7091E+01 4.0365E+01 3.7109E+01 4.2019E+016658 3102
 3.7128E+01 4.3778E+01 3.7147E+01 4.5652E+01 3.7165E+01 4.7652E+016658 3102
 3.7184E+01 4.9789E+01 3.7202E+01 5.2074E+01 3.7221E+01 5.4524E+016658 3102
 3.7239E+01 5.7153E+01 3.7258E+01 5.9980E+01 3.7276E+01 6.3024E+016658 3102
 3.7295E+01 6.6311E+01 3.7313E+01 6.9864E+01 3.7332E+01 7.3714E+016658 3102
 3.7351E+01 7.7895E+01 3.7369E+01 8.2446E+01 3.7388E+01 8.7412E+016658 3102
 3.7406E+01 9.2845E+01 3.7425E+01 9.8805E+01 3.7443E+01 1.0536E+026658 3102
 3.7462E+01 1.1260E+02 3.7480E+01 1.2061E+02 3.7499E+01 1.2952E+026658 3102
 3.7518E+01 1.3946E+02 3.7536E+01 1.5058E+02 3.7555E+01 1.6310E+026658 3102
 3.7573E+01 1.7726E+02 3.7592E+01 1.9334E+02 3.7610E+01 2.1171E+026658 3102
 3.7629E+01 2.3283E+02 3.7648E+01 2.5726E+02 3.7666E+01 2.8575E+026658 3102
 3.7685E+01 3.1921E+02 3.7703E+01 3.5887E+02 3.7722E+01 4.0634E+026658 3102
 3.7740E+01 4.6378E+02 3.7749E+01 4.9712E+02 3.7759E+01 5.3414E+026658 3102
 3.7768E+01 5.7539E+02 3.7777E+01 6.2152E+02 3.7787E+01 6.7332E+026658 3102
 3.7796E+01 7.3173E+02 3.7805E+01 7.9790E+02 3.7814E+01 8.7322E+026658 3102
 3.7824E+01 9.5940E+02 3.7833E+01 1.0585E+03 3.7842E+01 1.1733E+036658 3102
 3.7852E+01 1.3069E+03 3.7861E+01 1.4635E+03 3.7870E+01 1.6483E+036658 3102
 3.7879E+01 1.8680E+03 3.7889E+01 2.1311E+03 3.7898E+01 2.4484E+036658 3102
 3.7907E+01 2.8338E+03 3.7917E+01 3.3045E+03 3.7926E+01 3.8815E+036658 3102
 3.7930E+01 4.2172E+03 3.7935E+01 4.5886E+03 3.7940E+01 4.9984E+036658 3102
 3.7944E+01 5.4491E+03 3.7954E+01 6.4770E+03 3.7963E+01 7.6594E+036658 3102
 3.7972E+01 8.9268E+03 3.7981E+01 1.0123E+04 3.7986E+01 1.0621E+046658 3102
 3.7991E+01 1.1008E+04 3.7995E+01 1.1253E+04 3.8000E+01 1.1337E+046658 3102
 3.8030E+01 8.6637E+03 3.8059E+01 5.0759E+03 3.8074E+01 3.8729E+036658 3102
 3.8089E+01 3.0029E+03 3.8104E+01 2.3730E+03 3.8119E+01 1.9105E+036658 3102
 3.8148E+01 1.3016E+03 3.8163E+01 1.0976E+03 3.8178E+01 9.3674E+026658 3102
 3.8208E+01 7.0365E+02 3.8237E+01 5.4672E+02 3.8297E+01 3.5618E+026658 3102
 3.8327E+01 2.9605E+02 3.8356E+01 2.4988E+02 3.8416E+01 1.8481E+026658 3102
 3.8475E+01 1.4219E+02 3.8594E+01 9.1687E+01 3.8653E+01 7.6030E+016658 3102
 3.8713E+01 6.4102E+01 3.8831E+01 4.7431E+01 3.8950E+01 3.6609E+016658 3102
 3.9188E+01 2.3907E+01 3.9306E+01 2.0007E+01 3.9425E+01 1.7055E+016658 3102
 3.9662E+01 1.2975E+01 3.9900E+01 1.0380E+01 4.0375E+01 7.4826E+006658 3102
 4.0612E+01 6.6777E+00 4.0850E+01 6.1354E+00 4.1325E+01 5.6084E+006658 3102
 4.1800E+01 5.6490E+00 4.2275E+01 6.2258E+00 4.2750E+01 7.4896E+006658 3102
 4.2987E+01 8.4977E+00 4.3225E+01 9.8791E+00 4.3463E+01 1.1797E+016658 3102
 4.3700E+01 1.4524E+01 4.3819E+01 1.6328E+01 4.3878E+01 1.7377E+016658 3102
 4.3938E+01 1.8543E+01 4.3967E+01 1.9174E+01 4.3997E+01 1.9841E+016658 3102
 4.4027E+01 2.0548E+01 4.4056E+01 2.1295E+01 4.4071E+01 2.1685E+016658 3102
 4.4086E+01 2.2087E+01 4.4101E+01 2.2501E+01 4.4116E+01 2.2928E+016658 3102
 4.4130E+01 2.3368E+01 4.4145E+01 2.3821E+01 4.4160E+01 2.4288E+016658 3102
 4.4175E+01 2.4771E+01 4.4190E+01 2.5268E+01 4.4205E+01 2.5782E+016658 3102
 4.4219E+01 2.6312E+01 4.4234E+01 2.6860E+01 4.4264E+01 2.8011E+016658 3102
 4.4294E+01 2.9242E+01 4.4323E+01 3.0560E+01 4.4353E+01 3.1973E+016658 3102
 4.4383E+01 3.3491E+01 4.4412E+01 3.5124E+01 4.4472E+01 3.8784E+016658 3102
 4.4531E+01 4.3070E+01 4.4591E+01 4.8132E+01 4.4650E+01 5.4168E+016658 3102
 4.4709E+01 6.1444E+01 4.4769E+01 7.0322E+01 4.4828E+01 8.1310E+016658 3102
 4.4888E+01 9.5128E+01 4.4947E+01 1.1284E+02 4.5006E+01 1.3604E+026658 3102
 4.5066E+01 1.6726E+02 4.5125E+01 2.1062E+02 4.5155E+01 2.3892E+026658 3102
 4.5184E+01 2.7332E+02 4.5214E+01 3.1568E+02 4.5244E+01 3.6865E+026658 3102
 4.5273E+01 4.3603E+02 4.5303E+01 5.2348E+02 4.5333E+01 6.3965E+026658 3102
 4.5362E+01 7.9831E+02 4.5392E+01 1.0222E+03 4.5422E+01 1.3509E+036658 3102
 4.5437E+01 1.5749E+03 4.5452E+01 1.8562E+03 4.5466E+01 2.2139E+036658 3102
 4.5481E+01 2.6755E+03 4.5496E+01 3.2789E+03 4.5511E+01 4.0757E+036658 3102
 4.5526E+01 5.1310E+03 4.5541E+01 6.5105E+03 4.5570E+01 1.0149E+046658 3102
 4.5600E+01 1.2470E+04 4.5639E+01 8.8705E+03 4.5679E+01 4.7553E+036658 3102
 4.5699E+01 3.5276E+03 4.5718E+01 2.6814E+03 4.5738E+01 2.0891E+036658 3102
 4.5758E+01 1.6647E+03 4.5797E+01 1.1190E+03 4.5817E+01 9.3934E+026658 3102
 4.5837E+01 7.9885E+02 4.5876E+01 5.9696E+02 4.5916E+01 4.6217E+026658 3102
 4.5995E+01 2.9972E+02 4.6034E+01 2.4872E+02 4.6073E+01 2.0965E+026658 3102
 4.6152E+01 1.5471E+02 4.6231E+01 1.1880E+02 4.6389E+01 7.6321E+016658 3102
 4.6468E+01 6.3162E+01 4.6547E+01 5.3137E+01 4.6705E+01 3.9122E+016658 3102
 4.6862E+01 3.0013E+01 4.7178E+01 1.9287E+01 4.7336E+01 1.5974E+016658 3102
 4.7494E+01 1.3454E+01 4.7809E+01 9.9330E+00 4.8125E+01 7.6456E+006658 3102
 4.8756E+01 4.9510E+00 4.9072E+01 4.1176E+00 4.9388E+01 3.4827E+006658 3102
 5.0019E+01 2.5941E+00 5.0650E+01 2.0151E+00 5.1912E+01 1.3304E+006658 3102
 5.2544E+01 1.1180E+00 5.3175E+01 9.5611E-01 5.4438E+01 7.2973E-016658 3102
 5.5700E+01 5.8319E-01 5.8225E+01 4.1432E-01 5.9487E+01 3.6496E-016658 3102
 6.0750E+01 3.2988E-01 6.3275E+01 2.8955E-01 6.5800E+01 2.7830E-016658 3102
 6.8325E+01 2.9235E-01 7.0850E+01 3.3630E-01 7.2113E+01 3.7392E-016658 3102
 7.3375E+01 4.2670E-01 7.4637E+01 5.0106E-01 7.5900E+01 6.0773E-016658 3102
 7.7162E+01 7.6577E-01 7.8425E+01 1.0114E+00 7.9056E+01 1.1880E+006658 3102
 7.9688E+01 1.4205E+00 8.0319E+01 1.7348E+00 8.0950E+01 2.1741E+006658 3102
 8.1581E+01 2.8145E+00 8.2213E+01 3.8000E+00 8.2528E+01 4.5054E+006658 3102
 8.2844E+01 5.4321E+00 8.3002E+01 6.0084E+00 8.3159E+01 6.6832E+006658 3102
 8.3317E+01 7.4800E+00 8.3396E+01 7.9337E+00 8.3475E+01 8.4303E+006658 3102
 8.3515E+01 8.6965E+00 8.3554E+01 8.9756E+00 8.3574E+01 9.1203E+006658 3102
 8.3593E+01 9.2686E+00 8.3613E+01 9.4205E+00 8.3633E+01 9.5762E+006658 3102
 8.3643E+01 9.6555E+00 8.3653E+01 9.7358E+00 8.3662E+01 9.8172E+006658 3102
 8.3672E+01 9.8995E+00 8.3682E+01 9.9829E+00 8.3692E+01 1.0067E+016658 3102
 8.3702E+01 1.0153E+01 8.3712E+01 1.0240E+01 8.3731E+01 1.0416E+016658 3102
 8.3751E+01 1.0598E+01 8.3771E+01 1.0784E+01 8.3791E+01 1.0975E+016658 3102
 8.3830E+01 1.1373E+01 8.3869E+01 1.1794E+01 8.3909E+01 1.2238E+016658 3102
 8.3948E+01 1.2708E+01 8.3988E+01 1.3206E+01 8.4027E+01 1.3734E+016658 3102
 8.4067E+01 1.4294E+01 8.4106E+01 1.4890E+01 8.4185E+01 1.6199E+016658 3102
 8.4264E+01 1.7690E+01 8.4343E+01 1.9398E+01 8.4422E+01 2.1368E+016658 3102
 8.4501E+01 2.3654E+01 8.4580E+01 2.6330E+01 8.4659E+01 2.9489E+016658 3102
 8.4738E+01 3.3254E+01 8.4816E+01 3.7791E+01 8.4895E+01 4.3326E+016658 3102
 8.4974E+01 5.0174E+01 8.5053E+01 5.8785E+01 8.5132E+01 6.9820E+016658 3102
 8.5211E+01 8.4276E+01 8.5290E+01 1.0372E+02 8.5369E+01 1.3074E+026658 3102
 8.5408E+01 1.4836E+02 8.5448E+01 1.6979E+02 8.5487E+01 1.9617E+026658 3102
 8.5527E+01 2.2916E+02 8.5566E+01 2.7111E+02 8.5606E+01 3.2556E+026658 3102
 8.5645E+01 3.9787E+02 8.5684E+01 4.9660E+02 8.5724E+01 6.3588E+026658 3102
 8.5763E+01 8.4018E+02 8.5783E+01 9.7939E+02 8.5803E+01 1.1540E+036658 3102
 8.5823E+01 1.3760E+03 8.5842E+01 1.6621E+03 8.5862E+01 2.0357E+036658 3102
 8.5882E+01 2.5282E+03 8.5901E+01 3.1791E+03 8.5921E+01 4.0276E+036658 3102
 8.5961E+01 6.2527E+03 8.6000E+01 7.6623E+03 8.6063E+01 4.8857E+036658 3102
 8.6125E+01 2.3413E+03 8.6156E+01 1.6836E+03 8.6188E+01 1.2532E+036658 3102
 8.6219E+01 9.6240E+02 8.6250E+01 7.5910E+02 8.6313E+01 5.0366E+026658 3102
 8.6344E+01 4.2099E+02 8.6375E+01 3.5683E+02 8.6438E+01 2.6536E+026658 3102
 8.6500E+01 2.0477E+02 8.6625E+01 1.3225E+02 8.6688E+01 1.0959E+026658 3102
 8.6750E+01 9.2270E+01 8.6875E+01 6.7968E+01 8.7000E+01 5.2116E+016658 3102
 8.7250E+01 3.3399E+01 8.7375E+01 2.7609E+01 8.7501E+01 2.3201E+016658 3102
 8.7751E+01 1.7042E+01 8.8001E+01 1.3043E+01 8.8501E+01 8.3382E+006658 3102
 8.8751E+01 6.8871E+00 8.9001E+01 5.7838E+00 8.9501E+01 4.2448E+006658 3102
 9.0001E+01 3.2469E+00 9.1002E+01 2.0749E+00 9.1502E+01 1.7139E+006658 3102
 9.2002E+01 1.4396E+00 9.3002E+01 1.0572E+00 9.4003E+01 8.0941E-016658 3102
 9.6003E+01 5.1859E-01 9.7004E+01 4.2901E-01 9.8004E+01 3.6093E-016658 3102
 1.0001E+02 2.6597E-01 1.0130E+02 2.2623E-01 1.0130E+02 3.4504E+016658 3102
 1.5000E+02 2.6363E+01 2.1500E+02 2.0535E+01 3.0000E+02 1.6225E+016658 3102
 4.6500E+02 1.1832E+01 7.0000E+02 8.7675E+00 1.0000E+03 6.7321E+006658 3102
 1.5000E+03 4.9811E+00 2.1500E+03 3.8198E+00 3.0000E+03 3.0030E+006658 3102
 4.6500E+03 2.2200E+00 7.0000E+03 1.7143E+00 1.0000E+04 1.4030E+006658 3102
 1.5000E+04 1.1524E+00 2.1500E+04 9.9172E-01 2.4500E+04 9.4311E-016658 3102
 3.0000E+04 8.7500E-01 4.6500E+04 7.4851E-01 7.0000E+04 6.4866E-016658 3102
 1.0000E+05 5.7618E-01 1.5000E+05 4.3576E-01 2.1500E+05 3.5972E-016658 3102
 3.0000E+05 3.2216E-01 4.6500E+05 3.0602E-01 7.0000E+05 3.1624E-016658 3102
 1.0000E+06 3.2978E-01 1.5000E+06 3.0336E-01 2.1500E+06 1.9251E-016658 3102
 3.0000E+06 8.5850E-02 4.6500E+06 1.3570E-02 7.0000E+06 1.4900E-036658 3102
 1.0000E+07 1.4600E-03 1.2000E+07 1.3000E-03 1.3000E+07 1.1900E-036658 3102
 1.4000E+07 1.0900E-03 1.5000E+07 9.9000E-04 1.6000E+07 8.9000E-046658 3102
 1.7000E+07 8.1000E-04 1.8000E+07 7.4000E-04 1.9000E+07 6.7000E-046658 3102
 2.0000E+07 6.1000E-04                                            6658 3102
                                                                  6658 3  0
