DY-160N,G    1.0000+00* JEF-2.2                                   6660 3102
                                                                  6660 3102
 6.61600+04 1.5855E+02          0         99          0          06660 3102
 3.0000E+02 6.4515E+06          0          0          1       16516660 3102
       1651          2                                            6660 3102
 1.0000E-05 3.0137E+03 1.0749E-05 2.9068E+03 1.1544E-05 2.8050E+036660 3102
 1.2295E-05 2.7179E+03 1.3087E-05 2.6345E+03 1.3809E-05 2.5648E+036660 3102
 1.4563E-05 2.4975E+03 1.5351E-05 2.4326E+03 1.6174E-05 2.3699E+036660 3102
 1.7662E-05 2.2679E+03 1.9261E-05 2.1718E+03 2.0757E-05 2.0921E+036660 3102
 2.2349E-05 2.0163E+03 2.3851E-05 1.9518E+03 2.5436E-05 1.8901E+036660 3102
 2.6943E-05 1.8365E+03 2.8523E-05 1.7849E+03 3.1484E-05 1.6990E+036660 3102
 3.4697E-05 1.6185E+03 3.7679E-05 1.5532E+03 4.0872E-05 1.4914E+036660 3102
 4.3868E-05 1.4396E+03 4.7046E-05 1.3902E+03 5.0054E-05 1.3478E+036660 3102
 5.3220E-05 1.3072E+03 5.6237E-05 1.2717E+03 5.9395E-05 1.2374E+036660 3102
 6.5326E-05 1.1800E+03 7.1743E-05 1.1261E+03 7.7713E-05 1.0820E+036660 3102
 8.4092E-05 1.0403E+03 9.0090E-05 1.0051E+03 9.6440E-05 9.7152E+026660 3102
 1.0246E-04 9.4260E+02 1.0879E-04 9.1483E+02 1.2061E-04 8.6893E+026660 3102
 1.3349E-04 8.2605E+02 1.4540E-04 7.9157E+02 1.5818E-04 7.5897E+026660 3102
 1.7016E-04 7.3184E+02 1.8288E-04 7.0598E+02 1.9490E-04 6.8391E+026660 3102
 2.0758E-04 6.6275E+02 2.1911E-04 6.4510E+02 2.3118E-04 6.2808E+026660 3102
 2.4379E-04 6.1165E+02 2.5697E-04 5.9579E+02 2.8077E-04 5.7004E+026660 3102
 3.0637E-04 5.4575E+02 3.3030E-04 5.2565E+02 3.5576E-04 5.0652E+026660 3102
 3.7979E-04 4.9026E+02 4.0516E-04 4.7469E+02 4.2819E-04 4.6177E+026660 3102
 4.5231E-04 4.4931E+02 4.7755E-04 4.3730E+02 5.0395E-04 4.2571E+026660 3102
 5.5150E-04 4.0697E+02 6.0273E-04 3.8931E+02 6.5057E-04 3.7475E+026660 3102
 7.0152E-04 3.6090E+02 7.4956E-04 3.4916E+02 8.0031E-04 3.3792E+026660 3102
 8.4635E-04 3.2861E+02 8.9456E-04 3.1964E+02 9.4505E-04 3.1100E+026660 3102
 9.9789E-04 3.0266E+02 1.0930E-03 2.8921E+02 1.1955E-03 2.7655E+026660 3102
 1.2911E-03 2.6613E+02 1.3930E-03 2.5622E+02 1.4891E-03 2.4784E+026660 3102
 1.5906E-03 2.3981E+02 1.6827E-03 2.3318E+02 1.7791E-03 2.2678E+026660 3102
 1.8801E-03 2.2062E+02 1.9858E-03 2.1468E+02 2.1759E-03 2.0512E+026660 3102
 2.3809E-03 1.9611E+02 2.5722E-03 1.8870E+02 2.7761E-03 1.8166E+026660 3102
 2.9682E-03 1.7571E+02 3.1713E-03 1.7001E+02 3.3553E-03 1.6530E+026660 3102
 3.5481E-03 1.6077E+02 3.7501E-03 1.5640E+02 3.9616E-03 1.5219E+026660 3102
 4.3418E-03 1.4541E+02 4.7519E-03 1.3903E+02 5.1344E-03 1.3378E+026660 3102
 5.5422E-03 1.2879E+02 5.9264E-03 1.2458E+02 6.3325E-03 1.2055E+026660 3102
 6.7005E-03 1.1722E+02 7.0862E-03 1.1401E+02 7.4901E-03 1.1093E+026660 3102
 7.9131E-03 1.0795E+02 8.6735E-03 1.0316E+02 9.4938E-03 9.8655E+016660 3102
 1.0259E-02 9.4950E+01 1.1074E-02 9.1431E+01 1.1843E-02 8.8456E+016660 3102
 1.2655E-02 8.5613E+01 1.3391E-02 8.3266E+01 1.4162E-02 8.1008E+016660 3102
 1.4970E-02 7.8834E+01 1.5816E-02 7.6740E+01 1.7337E-02 7.3372E+016660 3102
 1.8978E-02 7.0202E+01 2.0507E-02 6.7597E+01 2.2139E-02 6.5124E+016660 3102
 2.3675E-02 6.3035E+01 2.5300E-02 6.1040E+01 2.7014E-02 5.9136E+016660 3102
 2.8824E-02 5.7316E+01 3.0544E-02 5.5744E+01 3.2349E-02 5.4234E+016660 3102
 3.5729E-02 5.1723E+01 3.9398E-02 4.9371E+01 4.2801E-02 4.7469E+016660 3102
 4.6447E-02 4.5673E+01 4.9867E-02 4.4175E+01 5.3496E-02 4.2751E+016660 3102
 5.6929E-02 4.1534E+01 6.0545E-02 4.0370E+01 6.3988E-02 3.9360E+016660 3102
 6.7593E-02 3.8391E+01 7.4364E-02 3.6772E+01 8.1691E-02 3.5255E+016660 3102
 8.8506E-02 3.4023E+01 9.5789E-02 3.2864E+01 1.0264E-01 3.1896E+016660 3102
 1.0989E-01 3.0978E+01 1.1676E-01 3.0194E+01 1.2398E-01 2.9448E+016660 3102
 1.3088E-01 2.8801E+01 1.3808E-01 2.8185E+01 1.5163E-01 2.7159E+016660 3102
 1.6628E-01 2.6207E+01 1.7992E-01 2.5443E+01 1.9447E-01 2.4734E+016660 3102
 2.0817E-01 2.4150E+01 2.2267E-01 2.3606E+01 2.3642E-01 2.3151E+016660 3102
 2.5087E-01 2.2730E+01 2.7787E-01 2.2065E+01 3.0726E-01 2.1485E+016660 3102
 3.3446E-01 2.1062E+01 3.6365E-01 2.0707E+01 3.9100E-01 2.0453E+016660 3102
 4.2004E-01 2.0256E+01 4.4749E-01 2.0131E+01 4.7643E-01 2.0056E+016660 3102
 5.0278E-01 2.0035E+01 5.3033E-01 2.0058E+01 5.5912E-01 2.0130E+016660 3102
 5.8921E-01 2.0259E+01 6.4355E-01 2.0610E+01 6.7277E-01 2.0864E+016660 3102
 7.0200E-01 2.1169E+01 7.2932E-01 2.1500E+01 7.5664E-01 2.1879E+016660 3102
 7.8571E-01 2.2335E+01 8.1478E-01 2.2849E+01 8.4221E-01 2.3393E+016660 3102
 8.6965E-01 2.3998E+01 8.9860E-01 2.4709E+01 9.2756E-01 2.5501E+016660 3102
 9.5386E-01 2.6298E+01 9.8016E-01 2.7178E+01 1.0077E+00 2.8196E+016660 3102
 1.0352E+00 2.9326E+01 1.0640E+00 3.0644E+01 1.0929E+00 3.2118E+016660 3102
 1.1230E+00 3.3852E+01 1.1531E+00 3.5811E+01 1.1803E+00 3.7802E+016660 3102
 1.2074E+00 4.0043E+01 1.2346E+00 4.2568E+01 1.2481E+00 4.3953E+016660 3102
 1.2617E+00 4.5433E+01 1.2763E+00 4.7143E+01 1.2910E+00 4.8982E+016660 3102
 1.3056E+00 5.0962E+01 1.3202E+00 5.3098E+01 1.3348E+00 5.5406E+016660 3102
 1.3494E+00 5.7906E+01 1.3641E+00 6.0618E+01 1.3787E+00 6.3567E+016660 3102
 1.3923E+00 6.6561E+01 1.4060E+00 6.9813E+01 1.4196E+00 7.3354E+016660 3102
 1.4333E+00 7.7220E+01 1.4470E+00 8.1450E+01 1.4606E+00 8.6093E+016660 3102
 1.4743E+00 9.1204E+01 1.4879E+00 9.6844E+01 1.5025E+00 1.0352E+026660 3102
 1.5097E+00 1.0715E+02 1.5170E+00 1.1099E+02 1.5243E+00 1.1507E+026660 3102
 1.5315E+00 1.1939E+02 1.5388E+00 1.2400E+02 1.5461E+00 1.2890E+026660 3102
 1.5534E+00 1.3412E+02 1.5606E+00 1.3971E+02 1.5679E+00 1.4567E+026660 3102
 1.5752E+00 1.5206E+02 1.5824E+00 1.5891E+02 1.5897E+00 1.6627E+026660 3102
 1.5970E+00 1.7419E+02 1.6043E+00 1.8273E+02 1.6111E+00 1.9140E+026660 3102
 1.6180E+00 2.0075E+02 1.6248E+00 2.1084E+02 1.6317E+00 2.2175E+026660 3102
 1.6385E+00 2.3357E+02 1.6454E+00 2.4641E+02 1.6522E+00 2.6039E+026660 3102
 1.6591E+00 2.7564E+02 1.6660E+00 2.9232E+02 1.6728E+00 3.1062E+026660 3102
 1.6797E+00 3.3074E+02 1.6865E+00 3.5294E+02 1.6900E+00 3.6490E+026660 3102
 1.6934E+00 3.7751E+02 1.6968E+00 3.9078E+02 1.7002E+00 4.0479E+026660 3102
 1.7037E+00 4.1957E+02 1.7071E+00 4.3520E+02 1.7105E+00 4.5172E+026660 3102
 1.7139E+00 4.6920E+02 1.7176E+00 4.8882E+02 1.7194E+00 4.9909E+026660 3102
 1.7212E+00 5.0969E+02 1.7230E+00 5.2063E+02 1.7248E+00 5.3192E+026660 3102
 1.7266E+00 5.4359E+02 1.7284E+00 5.5564E+02 1.7302E+00 5.6810E+026660 3102
 1.7321E+00 5.8098E+02 1.7339E+00 5.9430E+02 1.7357E+00 6.0806E+026660 3102
 1.7375E+00 6.2232E+02 1.7393E+00 6.3706E+02 1.7411E+00 6.5233E+026660 3102
 1.7429E+00 6.6814E+02 1.7447E+00 6.8452E+02 1.7465E+00 7.0148E+026660 3102
 1.7483E+00 7.1907E+02 1.7502E+00 7.3730E+02 1.7520E+00 7.5621E+026660 3102
 1.7538E+00 7.7582E+02 1.7556E+00 7.9617E+02 1.7574E+00 8.1728E+026660 3102
 1.7592E+00 8.3921E+02 1.7610E+00 8.6197E+02 1.7628E+00 8.8561E+026660 3102
 1.7646E+00 9.1016E+02 1.7665E+00 9.3568E+02 1.7683E+00 9.6218E+026660 3102
 1.7701E+00 9.8973E+02 1.7719E+00 1.0184E+03 1.7737E+00 1.0481E+036660 3102
 1.7755E+00 1.0790E+03 1.7773E+00 1.1112E+03 1.7791E+00 1.1446E+036660 3102
 1.7809E+00 1.1794E+03 1.7827E+00 1.2155E+03 1.7846E+00 1.2530E+036660 3102
 1.7864E+00 1.2920E+03 1.7882E+00 1.3326E+03 1.7900E+00 1.3746E+036660 3102
 1.7918E+00 1.4183E+03 1.7936E+00 1.4637E+03 1.7954E+00 1.5107E+036660 3102
 1.7972E+00 1.5595E+03 1.7990E+00 1.6100E+03 1.8009E+00 1.6624E+036660 3102
 1.8027E+00 1.7165E+03 1.8045E+00 1.7725E+03 1.8063E+00 1.8304E+036660 3102
 1.8081E+00 1.8900E+03 1.8099E+00 1.9516E+03 1.8117E+00 2.0149E+036660 3102
 1.8135E+00 2.0801E+03 1.8153E+00 2.1470E+03 1.8171E+00 2.2157E+036660 3102
 1.8190E+00 2.2859E+03 1.8208E+00 2.3578E+03 1.8226E+00 2.4311E+036660 3102
 1.8244E+00 2.5057E+03 1.8262E+00 2.5816E+03 1.8280E+00 2.6586E+036660 3102
 1.8314E+00 2.8045E+03 1.8330E+00 2.8729E+03 1.8361E+00 3.0105E+036660 3102
 1.8408E+00 3.2162E+03 1.8439E+00 3.3509E+03 1.8518E+00 3.6678E+036660 3102
 1.8549E+00 3.7822E+03 1.8580E+00 3.8872E+03 1.8612E+00 3.9811E+036660 3102
 1.8643E+00 4.0625E+03 1.8675E+00 4.1300E+03 1.8706E+00 4.1825E+036660 3102
 1.8737E+00 4.2191E+03 1.8769E+00 4.2392E+03 1.8800E+00 4.2424E+036660 3102
 1.8831E+00 4.2287E+03 1.8863E+00 4.1984E+03 1.8894E+00 4.1519E+036660 3102
 1.8925E+00 4.0900E+03 1.8957E+00 4.0138E+03 1.8988E+00 3.9246E+036660 3102
 1.9020E+00 3.8237E+03 1.9051E+00 3.7127E+03 1.9082E+00 3.5931E+036660 3102
 1.9114E+00 3.4668E+03 1.9145E+00 3.3352E+03 1.9176E+00 3.2000E+036660 3102
 1.9239E+00 2.9245E+03 1.9270E+00 2.7869E+03 1.9342E+00 2.4818E+036660 3102
 1.9382E+00 2.3184E+03 1.9422E+00 2.1623E+03 1.9462E+00 2.0142E+036660 3102
 1.9502E+00 1.8747E+03 1.9542E+00 1.7442E+03 1.9582E+00 1.6227E+036660 3102
 1.9622E+00 1.5099E+03 1.9662E+00 1.4057E+03 1.9702E+00 1.3096E+036660 3102
 1.9742E+00 1.2212E+03 1.9781E+00 1.1400E+03 1.9821E+00 1.0654E+036660 3102
 1.9861E+00 9.9692E+02 1.9901E+00 9.3410E+02 1.9941E+00 8.7644E+026660 3102
 1.9981E+00 8.2346E+02 2.0021E+00 7.7477E+02 2.0061E+00 7.2996E+026660 3102
 2.0101E+00 6.8868E+02 2.0141E+00 6.5061E+02 2.0181E+00 6.1546E+026660 3102
 2.0221E+00 5.8295E+02 2.0261E+00 5.5284E+02 2.0301E+00 5.2491E+026660 3102
 2.0341E+00 4.9899E+02 2.0381E+00 4.7488E+02 2.0421E+00 4.5243E+026660 3102
 2.0461E+00 4.3149E+02 2.0501E+00 4.1194E+02 2.0541E+00 3.9366E+026660 3102
 2.0581E+00 3.7655E+02 2.0623E+00 3.5967E+02 2.0665E+00 3.4387E+026660 3102
 2.0707E+00 3.2909E+02 2.0750E+00 3.1522E+02 2.0792E+00 3.0221E+026660 3102
 2.0834E+00 2.8997E+02 2.0876E+00 2.7846E+02 2.0918E+00 2.6762E+026660 3102
 2.0960E+00 2.5739E+02 2.1003E+00 2.4773E+02 2.1045E+00 2.3861E+026660 3102
 2.1087E+00 2.2998E+02 2.1171E+00 2.1406E+02 2.1255E+00 1.9974E+026660 3102
 2.1340E+00 1.8680E+02 2.1424E+00 1.7508E+02 2.1508E+00 1.6443E+026660 3102
 2.1593E+00 1.5473E+02 2.1677E+00 1.4587E+02 2.1761E+00 1.3775E+026660 3102
 2.1846E+00 1.3030E+02 2.1930E+00 1.2345E+02 2.2010E+00 1.1743E+026660 3102
 2.2090E+00 1.1184E+02 2.2171E+00 1.0665E+02 2.2251E+00 1.0182E+026660 3102
 2.2331E+00 9.7318E+01 2.2411E+00 9.3116E+01 2.2491E+00 8.9186E+016660 3102
 2.2572E+00 8.5508E+01 2.2652E+00 8.2060E+01 2.2732E+00 7.8823E+016660 3102
 2.2812E+00 7.5780E+01 2.2892E+00 7.2918E+01 2.2973E+00 7.0221E+016660 3102
 2.3053E+00 6.7678E+01 2.3133E+00 6.5277E+01 2.3213E+00 6.3007E+016660 3102
 2.3297E+00 6.0759E+01 2.3381E+00 5.8635E+01 2.3549E+00 5.4725E+016660 3102
 2.3718E+00 5.1215E+01 2.3886E+00 4.8051E+01 2.4054E+00 4.5192E+016660 3102
 2.4222E+00 4.2599E+01 2.4390E+00 4.0241E+01 2.4558E+00 3.8092E+016660 3102
 2.4716E+00 3.6244E+01 2.4873E+00 3.4543E+01 2.5031E+00 3.2972E+016660 3102
 2.5189E+00 3.1519E+01 2.5346E+00 3.0173E+01 2.5504E+00 2.8923E+016660 3102
 2.5662E+00 2.7761E+01 2.5819E+00 2.6679E+01 2.5977E+00 2.5670E+016660 3102
 2.6134E+00 2.4727E+01 2.6292E+00 2.3845E+01 2.6450E+00 2.3020E+016660 3102
 2.6607E+00 2.2247E+01 2.6765E+00 2.1521E+01 2.7080E+00 2.0194E+016660 3102
 2.7251E+00 1.9539E+01 2.7422E+00 1.8924E+01 2.7764E+00 1.7803E+016660 3102
 2.8106E+00 1.6808E+01 2.8447E+00 1.5921E+01 2.8789E+00 1.5128E+016660 3102
 2.9131E+00 1.4418E+01 2.9473E+00 1.3779E+01 2.9815E+00 1.3202E+016660 3102
 3.0132E+00 1.2716E+01 3.0449E+00 1.2273E+01 3.0767E+00 1.1868E+016660 3102
 3.1084E+00 1.1496E+01 3.1402E+00 1.1155E+01 3.1719E+00 1.0842E+016660 3102
 3.2036E+00 1.0553E+01 3.2354E+00 1.0287E+01 3.2693E+00 1.0026E+016660 3102
 3.3033E+00 9.7872E+00 3.3712E+00 9.3640E+00 3.4392E+00 9.0029E+006660 3102
 3.5071E+00 8.6955E+00 3.5709E+00 8.4487E+00 3.6347E+00 8.2367E+006660 3102
 3.6985E+00 8.0548E+00 3.7623E+00 7.8992E+00 3.8299E+00 7.7594E+006660 3102
 3.8975E+00 7.6423E+00 3.9651E+00 7.5454E+00 4.0327E+00 7.4676E+006660 3102
 4.1608E+00 7.3619E+00 4.2888E+00 7.3031E+00 4.4236E+00 7.2856E+006660 3102
 4.5584E+00 7.3075E+00 4.6868E+00 7.3613E+00 4.8152E+00 7.4448E+006660 3102
 4.9496E+00 7.5621E+00 5.0840E+00 7.7088E+00 5.2103E+00 7.8732E+006660 3102
 5.3365E+00 8.0636E+00 5.4628E+00 8.2806E+00 5.5891E+00 8.5254E+006660 3102
 5.7256E+00 8.8230E+00 5.8622E+00 9.1571E+00 5.9987E+00 9.5309E+006660 3102
 6.1353E+00 9.9481E+00 6.2623E+00 1.0380E+01 6.3894E+00 1.0858E+016660 3102
 6.5165E+00 1.1388E+01 6.6436E+00 1.1976E+01 6.7793E+00 1.2677E+016660 3102
 6.9151E+00 1.3464E+01 7.0508E+00 1.4348E+01 7.1187E+00 1.4830E+016660 3102
 7.1865E+00 1.5346E+01 7.2504E+00 1.5863E+01 7.3142E+00 1.6411E+016660 3102
 7.3780E+00 1.6995E+01 7.4100E+00 1.7300E+01 7.4419E+00 1.7616E+016660 3102
 7.4738E+00 1.7942E+01 7.5057E+00 1.8279E+01 7.5376E+00 1.8628E+016660 3102
 7.5696E+00 1.8988E+01 7.6015E+00 1.9360E+01 7.6174E+00 1.9551E+016660 3102
 7.6334E+00 1.9746E+01 7.6494E+00 1.9943E+01 7.6653E+00 2.0144E+016660 3102
 7.6813E+00 2.0349E+01 7.6972E+00 2.0557E+01 7.7141E+00 2.0782E+016660 3102
 7.7310E+00 2.1010E+01 7.7479E+00 2.1243E+01 7.7564E+00 2.1361E+016660 3102
 7.7732E+00 2.1601E+01 7.7901E+00 2.1845E+01 7.7986E+00 2.1969E+016660 3102
 7.8155E+00 2.2221E+01 7.8239E+00 2.2349E+01 7.8408E+00 2.2608E+016660 3102
 7.8493E+00 2.2739E+01 7.8662E+00 2.3006E+01 7.8831E+00 2.3278E+016660 3102
 7.8915E+00 2.3416E+01 7.9084E+00 2.3696E+01 7.9168E+00 2.3838E+016660 3102
 7.9337E+00 2.4127E+01 7.9548E+00 2.4497E+01 7.9675E+00 2.4723E+016660 3102
 7.9760E+00 2.4876E+01 7.9886E+00 2.5108E+01 8.0013E+00 2.5344E+016660 3102
 8.0140E+00 2.5583E+01 8.0224E+00 2.5745E+01 8.0351E+00 2.5991E+016660 3102
 8.0478E+00 2.6241E+01 8.0604E+00 2.6495E+01 8.0689E+00 2.6666E+016660 3102
 8.0815E+00 2.6927E+01 8.0942E+00 2.7192E+01 8.1069E+00 2.7461E+016660 3102
 8.1196E+00 2.7735E+01 8.1280E+00 2.7920E+01 8.1449E+00 2.8297E+016660 3102
 8.1533E+00 2.8488E+01 8.1702E+00 2.8877E+01 8.1787E+00 2.9075E+016660 3102
 8.1956E+00 2.9477E+01 8.2125E+00 2.9889E+01 8.2209E+00 3.0099E+016660 3102
 8.2294E+00 3.0310E+01 8.2378E+00 3.0525E+01 8.2458E+00 3.0730E+016660 3102
 8.2618E+00 3.1148E+01 8.2698E+00 3.1360E+01 8.2859E+00 3.1792E+016660 3102
 8.3019E+00 3.2234E+01 8.3179E+00 3.2686E+01 8.3339E+00 3.3148E+016660 3102
 8.3499E+00 3.3621E+01 8.3659E+00 3.4106E+01 8.3819E+00 3.4601E+016660 3102
 8.3980E+00 3.5109E+01 8.4140E+00 3.5628E+01 8.4300E+00 3.6160E+016660 3102
 8.4460E+00 3.6705E+01 8.4620E+00 3.7264E+01 8.4780E+00 3.7836E+016660 3102
 8.4941E+00 3.8423E+01 8.5101E+00 3.9024E+01 8.5261E+00 3.9641E+016660 3102
 8.5421E+00 4.0274E+01 8.5581E+00 4.0923E+01 8.5741E+00 4.1589E+016660 3102
 8.5901E+00 4.2272E+01 8.6062E+00 4.2974E+01 8.6222E+00 4.3695E+016660 3102
 8.6382E+00 4.4435E+01 8.6542E+00 4.5195E+01 8.6702E+00 4.5977E+016660 3102
 8.6862E+00 4.6780E+01 8.7022E+00 4.7606E+01 8.7183E+00 4.8455E+016660 3102
 8.7343E+00 4.9328E+01 8.7503E+00 5.0227E+01 8.7671E+00 5.1201E+016660 3102
 8.7840E+00 5.2205E+01 8.8008E+00 5.3240E+01 8.8176E+00 5.4309E+016660 3102
 8.8345E+00 5.5411E+01 8.8513E+00 5.6550E+01 8.8682E+00 5.7726E+016660 3102
 8.8850E+00 5.8941E+01 8.9018E+00 6.0197E+01 8.9187E+00 6.1495E+016660 3102
 8.9355E+00 6.2839E+01 8.9523E+00 6.4229E+01 8.9692E+00 6.5668E+016660 3102
 8.9860E+00 6.7159E+01 9.0029E+00 6.8703E+01 9.0197E+00 7.0304E+016660 3102
 9.0365E+00 7.1964E+01 9.0534E+00 7.3687E+01 9.0702E+00 7.5475E+016660 3102
 9.0870E+00 7.7331E+01 9.1039E+00 7.9261E+01 9.1207E+00 8.1266E+016660 3102
 9.1375E+00 8.3352E+01 9.1544E+00 8.5523E+01 9.1712E+00 8.7783E+016660 3102
 9.1881E+00 9.0138E+01 9.2049E+00 9.2592E+01 9.2217E+00 9.5152E+016660 3102
 9.2386E+00 9.7824E+01 9.2554E+00 1.0061E+02 9.2722E+00 1.0353E+026660 3102
 9.2891E+00 1.0658E+02 9.3051E+00 1.0962E+02 9.3212E+00 1.1280E+026660 3102
 9.3373E+00 1.1612E+02 9.3533E+00 1.1959E+02 9.3694E+00 1.2323E+026660 3102
 9.3854E+00 1.2705E+02 9.4015E+00 1.3105E+02 9.4176E+00 1.3524E+026660 3102
 9.4336E+00 1.3965E+02 9.4497E+00 1.4429E+02 9.4657E+00 1.4916E+026660 3102
 9.4818E+00 1.5430E+02 9.4979E+00 1.5971E+02 9.5139E+00 1.6542E+026660 3102
 9.5300E+00 1.7145E+02 9.5460E+00 1.7783E+02 9.5621E+00 1.8458E+026660 3102
 9.5781E+00 1.9173E+02 9.5942E+00 1.9931E+02 9.6103E+00 2.0737E+026660 3102
 9.6263E+00 2.1594E+02 9.6424E+00 2.2506E+02 9.6584E+00 2.3479E+026660 3102
 9.6745E+00 2.4518E+02 9.6906E+00 2.5629E+02 9.7066E+00 2.6819E+026660 3102
 9.7227E+00 2.8096E+02 9.7387E+00 2.9469E+02 9.7548E+00 3.0947E+026660 3102
 9.7709E+00 3.2542E+02 9.7869E+00 3.4265E+02 9.8030E+00 3.6133E+026660 3102
 9.8198E+00 3.8257E+02 9.8366E+00 4.0578E+02 9.8450E+00 4.1820E+026660 3102
 9.8534E+00 4.3122E+02 9.8618E+00 4.4486E+02 9.8701E+00 4.5918E+026660 3102
 9.8785E+00 4.7421E+02 9.8869E+00 4.9001E+02 9.8953E+00 5.0663E+026660 3102
 9.9037E+00 5.2413E+02 9.9121E+00 5.4258E+02 9.9205E+00 5.6204E+026660 3102
 9.9289E+00 5.8259E+02 9.9373E+00 6.0431E+02 9.9457E+00 6.2730E+026660 3102
 9.9541E+00 6.5166E+02 9.9625E+00 6.7751E+02 9.9709E+00 7.0495E+026660 3102
 9.9793E+00 7.3415E+02 9.9877E+00 7.6523E+02 9.9961E+00 7.9839E+026660 3102
 1.0004E+01 8.3380E+02 1.0013E+01 8.7170E+02 1.0021E+01 9.1231E+026660 3102
 1.0030E+01 9.5591E+02 1.0038E+01 1.0027E+03 1.0046E+01 1.0532E+036660 3102
 1.0055E+01 1.1077E+03 1.0063E+01 1.1667E+03 1.0072E+01 1.2306E+036660 3102
 1.0080E+01 1.3002E+03 1.0088E+01 1.3760E+03 1.0097E+01 1.4589E+036660 3102
 1.0105E+01 1.5496E+03 1.0114E+01 1.6495E+03 1.0122E+01 1.7596E+036660 3102
 1.0126E+01 1.8190E+03 1.0130E+01 1.8815E+03 1.0135E+01 1.9473E+036660 3102
 1.0139E+01 2.0166E+03 1.0143E+01 2.0899E+03 1.0147E+01 2.1673E+036660 3102
 1.0151E+01 2.2492E+03 1.0156E+01 2.3358E+03 1.0160E+01 2.4276E+036660 3102
 1.0164E+01 2.5249E+03 1.0168E+01 2.6281E+03 1.0172E+01 2.7374E+036660 3102
 1.0177E+01 2.8538E+03 1.0181E+01 2.9775E+03 1.0185E+01 3.1091E+036660 3102
 1.0189E+01 3.2488E+03 1.0193E+01 3.3980E+03 1.0198E+01 3.5568E+036660 3102
 1.0202E+01 3.7261E+03 1.0206E+01 3.9060E+03 1.0210E+01 4.0982E+036660 3102
 1.0214E+01 4.3030E+03 1.0219E+01 4.5212E+03 1.0223E+01 4.7535E+036660 3102
 1.0227E+01 5.0009E+03 1.0231E+01 5.2641E+03 1.0235E+01 5.5438E+036660 3102
 1.0240E+01 5.8402E+03 1.0244E+01 6.1553E+03 1.0248E+01 6.4892E+036660 3102
 1.0252E+01 6.8424E+03 1.0256E+01 7.2146E+03 1.0261E+01 7.6079E+036660 3102
 1.0265E+01 8.0217E+03 1.0269E+01 8.4563E+03 1.0273E+01 8.9104E+036660 3102
 1.0277E+01 9.3861E+03 1.0282E+01 9.8817E+03 1.0286E+01 1.0397E+046660 3102
 1.0294E+01 1.1481E+04 1.0298E+01 1.2048E+04 1.0307E+01 1.3221E+046660 3102
 1.0315E+01 1.4434E+04 1.0328E+01 1.6278E+04 1.0340E+01 1.8071E+046660 3102
 1.0352E+01 1.9539E+04 1.0355E+01 1.9988E+04 1.0363E+01 2.0809E+046660 3102
 1.0368E+01 2.1347E+04 1.0374E+01 2.1810E+04 1.0381E+01 2.2298E+046660 3102
 1.0389E+01 2.2625E+04 1.0393E+01 2.2726E+04 1.0400E+01 2.2798E+046660 3102
 1.0407E+01 2.2696E+04 1.0411E+01 2.2581E+04 1.0419E+01 2.2225E+046660 3102
 1.0422E+01 2.1987E+04 1.0430E+01 2.1401E+04 1.0437E+01 2.0678E+046660 3102
 1.0445E+01 1.9842E+04 1.0448E+01 1.9386E+04 1.0456E+01 1.8414E+046660 3102
 1.0469E+01 1.6614E+04 1.0482E+01 1.4622E+04 1.0496E+01 1.2667E+046660 3102
 1.0505E+01 1.1426E+04 1.0510E+01 1.0833E+04 1.0514E+01 1.0261E+046660 3102
 1.0519E+01 9.7095E+03 1.0523E+01 9.1813E+03 1.0528E+01 8.6767E+036660 3102
 1.0532E+01 8.1969E+03 1.0537E+01 7.7402E+03 1.0542E+01 7.3075E+036660 3102
 1.0546E+01 6.8985E+03 1.0551E+01 6.5127E+03 1.0555E+01 6.1495E+036660 3102
 1.0560E+01 5.8082E+03 1.0564E+01 5.4879E+03 1.0569E+01 5.1883E+036660 3102
 1.0573E+01 4.9073E+03 1.0578E+01 4.6444E+03 1.0582E+01 4.3987E+036660 3102
 1.0587E+01 4.1691E+03 1.0592E+01 3.9548E+03 1.0596E+01 3.7546E+036660 3102
 1.0601E+01 3.5678E+03 1.0605E+01 3.3936E+03 1.0610E+01 3.2307E+036660 3102
 1.0614E+01 3.0784E+03 1.0619E+01 2.9360E+03 1.0623E+01 2.8029E+036660 3102
 1.0628E+01 2.6783E+03 1.0633E+01 2.5616E+03 1.0637E+01 2.4521E+036660 3102
 1.0642E+01 2.3497E+03 1.0646E+01 2.2533E+03 1.0651E+01 2.1627E+036660 3102
 1.0655E+01 2.0774E+03 1.0660E+01 1.9971E+03 1.0664E+01 1.9214E+036660 3102
 1.0669E+01 1.8500E+03 1.0673E+01 1.7825E+03 1.0678E+01 1.7188E+036660 3102
 1.0687E+01 1.6012E+03 1.0696E+01 1.4955E+03 1.0705E+01 1.4000E+036660 3102
 1.0714E+01 1.3137E+03 1.0723E+01 1.2351E+03 1.0733E+01 1.1635E+036660 3102
 1.0742E+01 1.0981E+03 1.0751E+01 1.0381E+03 1.0760E+01 9.8297E+026660 3102
 1.0769E+01 9.3216E+02 1.0778E+01 8.8523E+02 1.0787E+01 8.4185E+026660 3102
 1.0796E+01 8.0158E+02 1.0805E+01 7.6415E+02 1.0814E+01 7.2932E+026660 3102
 1.0824E+01 6.9687E+02 1.0833E+01 6.6652E+02 1.0842E+01 6.3814E+026660 3102
 1.0851E+01 6.1154E+02 1.0860E+01 5.8662E+02 1.0869E+01 5.6317E+026660 3102
 1.0878E+01 5.4111E+02 1.0887E+01 5.2033E+02 1.0896E+01 5.0076E+026660 3102
 1.0905E+01 4.8225E+02 1.0915E+01 4.6476E+02 1.0933E+01 4.3254E+026660 3102
 1.0951E+01 4.0355E+02 1.0969E+01 3.7740E+02 1.0987E+01 3.5371E+026660 3102
 1.1005E+01 3.3219E+02 1.1024E+01 3.1256E+02 1.1042E+01 2.9464E+026660 3102
 1.1061E+01 2.7748E+02 1.1080E+01 2.6179E+02 1.1099E+01 2.4740E+026660 3102
 1.1118E+01 2.3416E+02 1.1137E+01 2.2196E+02 1.1156E+01 2.1068E+026660 3102
 1.1175E+01 2.0025E+02 1.1194E+01 1.9057E+02 1.1213E+01 1.8158E+026660 3102
 1.1232E+01 1.7321E+02 1.1251E+01 1.6540E+02 1.1270E+01 1.5812E+026660 3102
 1.1289E+01 1.5130E+02 1.1308E+01 1.4492E+02 1.1327E+01 1.3893E+026660 3102
 1.1346E+01 1.3331E+02 1.1365E+01 1.2802E+02 1.1384E+01 1.2305E+026660 3102
 1.1403E+01 1.1836E+02 1.1423E+01 1.1393E+02 1.1442E+01 1.0975E+026660 3102
 1.1461E+01 1.0580E+02 1.1499E+01 9.8518E+01 1.1537E+01 9.1959E+016660 3102
 1.1575E+01 8.6036E+01 1.1613E+01 8.0669E+01 1.1651E+01 7.5793E+016660 3102
 1.1691E+01 7.1156E+01 1.1730E+01 6.6936E+01 1.1770E+01 6.3085E+016660 3102
 1.1810E+01 5.9562E+01 1.1850E+01 5.6330E+01 1.1890E+01 5.3358E+016660 3102
 1.1929E+01 5.0621E+01 1.1969E+01 4.8093E+01 1.2009E+01 4.5755E+016660 3102
 1.2049E+01 4.3587E+01 1.2089E+01 4.1575E+01 1.2128E+01 3.9703E+016660 3102
 1.2168E+01 3.7959E+01 1.2208E+01 3.6333E+01 1.2248E+01 3.4813E+016660 3102
 1.2288E+01 3.3391E+01 1.2329E+01 3.2000E+01 1.2371E+01 3.0699E+016660 3102
 1.2412E+01 2.9480E+01 1.2454E+01 2.8337E+01 1.2496E+01 2.7264E+016660 3102
 1.2537E+01 2.6256E+01 1.2579E+01 2.5308E+01 1.2620E+01 2.4417E+016660 3102
 1.2704E+01 2.2781E+01 1.2787E+01 2.1316E+01 1.2870E+01 2.0004E+016660 3102
 1.2953E+01 1.8824E+01 1.3028E+01 1.7860E+01 1.3103E+01 1.6981E+016660 3102
 1.3178E+01 1.6178E+01 1.3253E+01 1.5442E+01 1.3328E+01 1.4768E+016660 3102
 1.3404E+01 1.4149E+01 1.3479E+01 1.3579E+01 1.3554E+01 1.3055E+016660 3102
 1.3629E+01 1.2573E+01 1.3704E+01 1.2128E+01 1.3779E+01 1.1717E+016660 3102
 1.3854E+01 1.1338E+01 1.3929E+01 1.0988E+01 1.4004E+01 1.0665E+016660 3102
 1.4079E+01 1.0367E+01 1.4154E+01 1.0093E+01 1.4235E+01 9.8212E+006660 3102
 1.4316E+01 9.5729E+00 1.4396E+01 9.3464E+00 1.4477E+01 9.1417E+006660 3102
 1.4639E+01 8.7863E+00 1.4800E+01 8.4965E+00 1.4962E+01 8.2680E+006660 3102
 1.5123E+01 8.0961E+00 1.5285E+01 7.9771E+00 1.5447E+01 7.9083E+006660 3102
 1.5598E+01 7.8885E+00 1.5749E+01 7.9116E+00 1.5900E+01 7.9779E+006660 3102
 1.6051E+01 8.0887E+00 1.6202E+01 8.2462E+00 1.6352E+01 8.4533E+006660 3102
 1.6503E+01 8.7144E+00 1.6654E+01 9.0329E+00 1.6735E+01 9.2284E+006660 3102
 1.6815E+01 9.4449E+00 1.6896E+01 9.6832E+00 1.6976E+01 9.9445E+006660 3102
 1.7056E+01 1.0231E+01 1.7137E+01 1.0544E+01 1.7217E+01 1.0886E+016660 3102
 1.7297E+01 1.1260E+01 1.7378E+01 1.1669E+01 1.7458E+01 1.2117E+016660 3102
 1.7538E+01 1.2607E+01 1.7619E+01 1.3143E+01 1.7699E+01 1.3732E+016660 3102
 1.7779E+01 1.4378E+01 1.7860E+01 1.5089E+01 1.7940E+01 1.5873E+016660 3102
 1.8016E+01 1.6687E+01 1.8092E+01 1.7584E+01 1.8167E+01 1.8574E+016660 3102
 1.8243E+01 1.9669E+01 1.8319E+01 2.0883E+01 1.8395E+01 2.2232E+016660 3102
 1.8433E+01 2.2964E+01 1.8471E+01 2.3739E+01 1.8509E+01 2.4559E+016660 3102
 1.8547E+01 2.5429E+01 1.8584E+01 2.6353E+01 1.8603E+01 2.6836E+016660 3102
 1.8622E+01 2.7334E+01 1.8641E+01 2.7848E+01 1.8660E+01 2.8377E+016660 3102
 1.8679E+01 2.8924E+01 1.8698E+01 2.9488E+01 1.8717E+01 3.0071E+016660 3102
 1.8736E+01 3.0673E+01 1.8755E+01 3.1294E+01 1.8774E+01 3.1937E+016660 3102
 1.8783E+01 3.2267E+01 1.8802E+01 3.2943E+01 1.8812E+01 3.3289E+016660 3102
 1.8821E+01 3.3642E+01 1.8831E+01 3.4000E+01 1.8840E+01 3.4365E+016660 3102
 1.8850E+01 3.4736E+01 1.8859E+01 3.5114E+01 1.8873E+01 3.5694E+016660 3102
 1.8888E+01 3.6288E+01 1.8902E+01 3.6900E+01 1.8911E+01 3.7316E+016660 3102
 1.8926E+01 3.7955E+01 1.8940E+01 3.8612E+01 1.8954E+01 3.9288E+016660 3102
 1.8963E+01 3.9748E+01 1.8978E+01 4.0456E+01 1.8992E+01 4.1184E+016660 3102
 1.9006E+01 4.1932E+01 1.9016E+01 4.2444E+01 1.9030E+01 4.3230E+016660 3102
 1.9044E+01 4.4040E+01 1.9058E+01 4.4873E+01 1.9068E+01 4.5443E+016660 3102
 1.9072E+01 4.5732E+01 1.9082E+01 4.6319E+01 1.9087E+01 4.6618E+016660 3102
 1.9096E+01 4.7223E+01 1.9101E+01 4.7530E+01 1.9110E+01 4.8155E+016660 3102
 1.9120E+01 4.8792E+01 1.9125E+01 4.9115E+01 1.9134E+01 4.9773E+016660 3102
 1.9144E+01 5.0444E+01 1.9153E+01 5.1130E+01 1.9163E+01 5.1871E+016660 3102
 1.9173E+01 5.2628E+01 1.9183E+01 5.3403E+01 1.9193E+01 5.4195E+016660 3102
 1.9203E+01 5.5007E+01 1.9213E+01 5.5838E+01 1.9223E+01 5.6689E+016660 3102
 1.9233E+01 5.7559E+01 1.9243E+01 5.8452E+01 1.9253E+01 5.9366E+016660 3102
 1.9263E+01 6.0303E+01 1.9273E+01 6.1262E+01 1.9283E+01 6.2247E+016660 3102
 1.9293E+01 6.3255E+01 1.9303E+01 6.4289E+01 1.9313E+01 6.5350E+016660 3102
 1.9323E+01 6.6439E+01 1.9333E+01 6.7556E+01 1.9343E+01 6.8703E+016660 3102
 1.9353E+01 6.9880E+01 1.9363E+01 7.1089E+01 1.9373E+01 7.2330E+016660 3102
 1.9383E+01 7.3606E+01 1.9393E+01 7.4916E+01 1.9403E+01 7.6265E+016660 3102
 1.9413E+01 7.7650E+01 1.9423E+01 7.9075E+01 1.9433E+01 8.0541E+016660 3102
 1.9443E+01 8.2050E+01 1.9453E+01 8.3602E+01 1.9463E+01 8.5200E+016660 3102
 1.9473E+01 8.6846E+01 1.9483E+01 8.8543E+01 1.9493E+01 9.0291E+016660 3102
 1.9503E+01 9.2094E+01 1.9513E+01 9.3951E+01 1.9523E+01 9.5869E+016660 3102
 1.9533E+01 9.7845E+01 1.9543E+01 9.9888E+01 1.9553E+01 1.0199E+026660 3102
 1.9563E+01 1.0417E+02 1.9573E+01 1.0642E+02 1.9583E+01 1.0875E+026660 3102
 1.9593E+01 1.1115E+02 1.9603E+01 1.1364E+02 1.9613E+01 1.1622E+026660 3102
 1.9623E+01 1.1888E+02 1.9633E+01 1.2164E+02 1.9643E+01 1.2450E+026660 3102
 1.9653E+01 1.2747E+02 1.9663E+01 1.3054E+02 1.9673E+01 1.3373E+026660 3102
 1.9683E+01 1.3705E+02 1.9693E+01 1.4049E+02 1.9703E+01 1.4406E+026660 3102
 1.9713E+01 1.4778E+02 1.9723E+01 1.5165E+02 1.9733E+01 1.5567E+026660 3102
 1.9743E+01 1.5986E+02 1.9753E+01 1.6423E+02 1.9763E+01 1.6878E+026660 3102
 1.9773E+01 1.7353E+02 1.9783E+01 1.7849E+02 1.9793E+01 1.8366E+026660 3102
 1.9803E+01 1.8908E+02 1.9813E+01 1.9474E+02 1.9823E+01 2.0068E+026660 3102
 1.9833E+01 2.0688E+02 1.9843E+01 2.1340E+02 1.9853E+01 2.2023E+026660 3102
 1.9863E+01 2.2741E+02 1.9873E+01 2.3494E+02 1.9883E+01 2.4288E+026660 3102
 1.9893E+01 2.5123E+02 1.9903E+01 2.6004E+02 1.9913E+01 2.6932E+026660 3102
 1.9923E+01 2.7914E+02 1.9933E+01 2.8950E+02 1.9943E+01 3.0048E+026660 3102
 1.9953E+01 3.1211E+02 1.9963E+01 3.2446E+02 1.9973E+01 3.3757E+026660 3102
 1.9983E+01 3.5153E+02 1.9993E+01 3.6640E+02 2.0003E+01 3.8227E+026660 3102
 2.0013E+01 3.9923E+02 2.0023E+01 4.1738E+02 2.0033E+01 4.3684E+026660 3102
 2.0043E+01 4.5779E+02 2.0053E+01 4.8031E+02 2.0063E+01 5.0465E+026660 3102
 2.0073E+01 5.3094E+02 2.0083E+01 5.5947E+02 2.0093E+01 5.9045E+026660 3102
 2.0103E+01 6.2421E+02 2.0113E+01 6.6112E+02 2.0118E+01 6.8091E+026660 3102
 2.0123E+01 7.0162E+02 2.0128E+01 7.2333E+02 2.0133E+01 7.4611E+026660 3102
 2.0138E+01 7.7009E+02 2.0143E+01 7.9526E+02 2.0148E+01 8.2173E+026660 3102
 2.0153E+01 8.4961E+02 2.0158E+01 8.7905E+02 2.0163E+01 9.1004E+026660 3102
 2.0168E+01 9.4276E+02 2.0173E+01 9.7733E+02 2.0178E+01 1.0140E+036660 3102
 2.0183E+01 1.0527E+03 2.0188E+01 1.0936E+03 2.0193E+01 1.1371E+036660 3102
 2.0198E+01 1.1832E+03 2.0203E+01 1.2321E+03 2.0208E+01 1.2840E+036660 3102
 2.0213E+01 1.3391E+03 2.0218E+01 1.3979E+03 2.0223E+01 1.4602E+036660 3102
 2.0228E+01 1.5265E+03 2.0233E+01 1.5970E+03 2.0238E+01 1.6722E+036660 3102
 2.0243E+01 1.7520E+03 2.0248E+01 1.8370E+03 2.0253E+01 1.9274E+036660 3102
 2.0258E+01 2.0235E+03 2.0263E+01 2.1256E+03 2.0268E+01 2.2342E+036660 3102
 2.0273E+01 2.3494E+03 2.0278E+01 2.4719E+03 2.0283E+01 2.6016E+036660 3102
 2.0288E+01 2.7389E+03 2.0293E+01 2.8841E+03 2.0298E+01 3.0378E+036660 3102
 2.0303E+01 3.1997E+03 2.0308E+01 3.3703E+03 2.0313E+01 3.5496E+036660 3102
 2.0318E+01 3.7384E+03 2.0323E+01 3.9358E+03 2.0328E+01 4.1422E+036660 3102
 2.0333E+01 4.3577E+03 2.0338E+01 4.5821E+03 2.0343E+01 4.8152E+036660 3102
 2.0353E+01 5.3065E+03 2.0363E+01 5.8288E+03 2.0368E+01 6.0997E+036660 3102
 2.0378E+01 6.6586E+03 2.0393E+01 7.5230E+03 2.0409E+01 8.3930E+036660 3102
 2.0419E+01 8.9576E+03 2.0433E+01 9.7522E+03 2.0446E+01 1.0339E+046660 3102
 2.0450E+01 1.0515E+04 2.0454E+01 1.0680E+04 2.0463E+01 1.0975E+046660 3102
 2.0471E+01 1.1216E+04 2.0475E+01 1.1316E+04 2.0483E+01 1.1470E+046660 3102
 2.0492E+01 1.1562E+04 2.0500E+01 1.1590E+04 2.0504E+01 1.1580E+046660 3102
 2.0512E+01 1.1511E+04 2.0517E+01 1.1452E+04 2.0525E+01 1.1290E+046660 3102
 2.0529E+01 1.1186E+04 2.0533E+01 1.1069E+04 2.0542E+01 1.0793E+046660 3102
 2.0550E+01 1.0469E+04 2.0558E+01 1.0102E+04 2.0567E+01 9.6979E+036660 3102
 2.0577E+01 9.1220E+03 2.0588E+01 8.5110E+03 2.0599E+01 7.8812E+036660 3102
 2.0618E+01 6.8271E+03 2.0629E+01 6.2128E+03 2.0639E+01 5.6240E+036660 3102
 2.0647E+01 5.2491E+03 2.0658E+01 4.7185E+03 2.0661E+01 4.5504E+036660 3102
 2.0669E+01 4.2285E+03 2.0676E+01 3.9252E+03 2.0683E+01 3.6414E+036660 3102
 2.0691E+01 3.3762E+03 2.0698E+01 3.1298E+03 2.0705E+01 2.9015E+036660 3102
 2.0712E+01 2.6909E+03 2.0720E+01 2.4966E+03 2.0727E+01 2.3183E+036660 3102
 2.0734E+01 2.1545E+03 2.0742E+01 2.0046E+03 2.0749E+01 1.8673E+036660 3102
 2.0756E+01 1.7419E+03 2.0763E+01 1.6272E+03 2.0771E+01 1.5225E+036660 3102
 2.0778E+01 1.4266E+03 2.0785E+01 1.3391E+03 2.0793E+01 1.2590E+036660 3102
 2.0800E+01 1.1857E+03 2.0807E+01 1.1183E+03 2.0815E+01 1.0565E+036660 3102
 2.0822E+01 9.9973E+02 2.0829E+01 9.4749E+02 2.0836E+01 8.9925E+026660 3102
 2.0844E+01 8.5474E+02 2.0851E+01 8.1349E+02 2.0858E+01 7.7529E+026660 3102
 2.0866E+01 7.3977E+02 2.0873E+01 7.0677E+02 2.0880E+01 6.7597E+026660 3102
 2.0888E+01 6.4725E+02 2.0895E+01 6.2036E+02 2.0902E+01 5.9521E+026660 3102
 2.0909E+01 5.7158E+02 2.0917E+01 5.4941E+02 2.0924E+01 5.2853E+026660 3102
 2.0931E+01 5.0889E+02 2.0939E+01 4.9033E+02 2.0946E+01 4.7282E+026660 3102
 2.0960E+01 4.4057E+02 2.0975E+01 4.1160E+02 2.0990E+01 3.8547E+026660 3102
 2.1004E+01 3.6181E+02 2.1019E+01 3.4031E+02 2.1033E+01 3.2070E+026660 3102
 2.1048E+01 3.0277E+02 2.1063E+01 2.8633E+02 2.1077E+01 2.7122E+026660 3102
 2.1092E+01 2.5729E+02 2.1106E+01 2.4442E+02 2.1121E+01 2.3251E+026660 3102
 2.1136E+01 2.2146E+02 2.1150E+01 2.1119E+02 2.1165E+01 2.0162E+026660 3102
 2.1179E+01 1.9270E+02 2.1194E+01 1.8437E+02 2.1209E+01 1.7657E+026660 3102
 2.1223E+01 1.6925E+02 2.1238E+01 1.6239E+02 2.1252E+01 1.5595E+026660 3102
 2.1267E+01 1.4988E+02 2.1281E+01 1.4416E+02 2.1296E+01 1.3876E+026660 3102
 2.1311E+01 1.3367E+02 2.1325E+01 1.2885E+02 2.1354E+01 1.1998E+026660 3102
 2.1384E+01 1.1199E+02 2.1413E+01 1.0477E+02 2.1442E+01 9.8239E+016660 3102
 2.1471E+01 9.2298E+01 2.1500E+01 8.6882E+01 2.1529E+01 8.1930E+016660 3102
 2.1559E+01 7.7392E+01 2.1588E+01 7.3222E+01 2.1617E+01 6.9382E+016660 3102
 2.1646E+01 6.5837E+01 2.1675E+01 6.2558E+01 2.1705E+01 5.9519E+016660 3102
 2.1734E+01 5.6698E+01 2.1763E+01 5.4072E+01 2.1792E+01 5.1626E+016660 3102
 2.1821E+01 4.9343E+01 2.1851E+01 4.7208E+01 2.1880E+01 4.5210E+016660 3102
 2.1909E+01 4.3336E+01 2.1938E+01 4.1578E+01 2.1967E+01 3.9925E+016660 3102
 2.1996E+01 3.8369E+01 2.2026E+01 3.6903E+01 2.2055E+01 3.5521E+016660 3102
 2.2084E+01 3.4216E+01 2.2142E+01 3.1813E+01 2.2201E+01 2.9654E+016660 3102
 2.2259E+01 2.7708E+01 2.2317E+01 2.5947E+01 2.2376E+01 2.4350E+016660 3102
 2.2434E+01 2.2897E+01 2.2497E+01 2.1476E+01 2.2560E+01 2.0185E+016660 3102
 2.2622E+01 1.9007E+01 2.2685E+01 1.7929E+01 2.2748E+01 1.6942E+016660 3102
 2.2810E+01 1.6034E+01 2.2873E+01 1.5198E+01 2.2936E+01 1.4427E+016660 3102
 2.2999E+01 1.3713E+01 2.3061E+01 1.3051E+01 2.3124E+01 1.2436E+016660 3102
 2.3187E+01 1.1864E+01 2.3249E+01 1.1331E+01 2.3312E+01 1.0834E+016660 3102
 2.3375E+01 1.0369E+01 2.3438E+01 9.9333E+00 2.3500E+01 9.5250E+006660 3102
 2.3563E+01 9.1417E+00 2.3626E+01 8.7812E+00 2.3688E+01 8.4419E+006660 3102
 2.3751E+01 8.1222E+00 2.3814E+01 7.8207E+00 2.3877E+01 7.5362E+006660 3102
 2.3939E+01 7.2675E+00 2.4002E+01 7.0134E+00 2.4065E+01 6.7754E+006660 3102
 2.4096E+01 6.6700E+00 2.4112E+01 6.6304E+00 2.4127E+01 6.6072E+006660 3102
 2.4143E+01 6.6122E+00 2.4151E+01 6.6311E+00 2.4159E+01 6.6652E+006660 3102
 2.4167E+01 6.7190E+00 2.4174E+01 6.7979E+00 2.4182E+01 6.9087E+006660 3102
 2.4190E+01 7.0595E+00 2.4198E+01 7.2608E+00 2.4202E+01 7.3842E+006660 3102
 2.4206E+01 7.5248E+00 2.4210E+01 7.6844E+00 2.4214E+01 7.8651E+006660 3102
 2.4218E+01 8.0690E+00 2.4221E+01 8.2983E+00 2.4225E+01 8.5553E+006660 3102
 2.4229E+01 8.8428E+00 2.4233E+01 9.1635E+00 2.4237E+01 9.5202E+006660 3102
 2.4241E+01 9.9160E+00 2.4245E+01 1.0354E+01 2.4249E+01 1.0838E+016660 3102
 2.4253E+01 1.1372E+01 2.4257E+01 1.1958E+01 2.4261E+01 1.2602E+016660 3102
 2.4265E+01 1.3307E+01 2.4269E+01 1.4076E+01 2.4272E+01 1.4916E+016660 3102
 2.4276E+01 1.5829E+01 2.4280E+01 1.6820E+01 2.4284E+01 1.7893E+016660 3102
 2.4288E+01 1.9054E+01 2.4292E+01 2.0307E+01 2.4296E+01 2.1656E+016660 3102
 2.4300E+01 2.3105E+01 2.4304E+01 2.4660E+01 2.4308E+01 2.6324E+016660 3102
 2.4312E+01 2.8101E+01 2.4316E+01 2.9991E+01 2.4319E+01 3.2007E+016660 3102
 2.4323E+01 3.4148E+01 2.4327E+01 3.6417E+01 2.4331E+01 3.8817E+016660 3102
 2.4335E+01 4.1351E+01 2.4339E+01 4.4021E+01 2.4343E+01 4.6828E+016660 3102
 2.4347E+01 4.9774E+01 2.4351E+01 5.2860E+01 2.4355E+01 5.6086E+016660 3102
 2.4359E+01 5.9452E+01 2.4363E+01 6.2956E+01 2.4367E+01 6.6599E+016660 3102
 2.4370E+01 7.0376E+01 2.4378E+01 7.8318E+01 2.4386E+01 8.6772E+016660 3102
 2.4394E+01 9.5692E+01 2.4402E+01 1.0503E+02 2.4410E+01 1.1473E+026660 3102
 2.4425E+01 1.3496E+02 2.4441E+01 5.5449E+00 2.4441E+01 3.0559E+026660 3102
 2.5727E+01 2.9444E+02 2.7074E+01 2.8374E+02 2.8465E+01 2.7361E+026660 3102
 2.9921E+01 2.6389E+02 3.1424E+01 2.5468E+02 3.2995E+01 2.4582E+026660 3102
 3.4615E+01 2.3742E+02 3.6308E+01 2.2934E+02 3.8054E+01 2.2167E+026660 3102
 3.9875E+01 2.1428E+02 4.1751E+01 2.0725E+02 4.3707E+01 2.0048E+026660 3102
 4.5721E+01 1.9404E+02 4.7819E+01 1.8782E+02 4.9978E+01 1.8190E+026660 3102
 5.2225E+01 1.7619E+02 5.4540E+01 1.7074E+02 5.6948E+01 1.6547E+026660 3102
 5.9423E+01 1.6044E+02 6.1995E+01 1.5559E+02 6.4638E+01 1.5095E+026660 3102
 6.7383E+01 1.4646E+02 7.0201E+01 1.4218E+02 7.3126E+01 1.3803E+026660 3102
 7.6129E+01 1.3406E+02 7.9243E+01 1.3022E+02 8.5750E+01 1.2297E+026660 3102
 9.2663E+01 1.1625E+02 1.0000E+02 1.1000E+02 1.0476E+02 1.0635E+026660 3102
 1.0972E+02 1.0284E+02 1.1483E+02 9.9501E+01 1.2016E+02 9.6282E+016660 3102
 1.2565E+02 9.3215E+01 1.3136E+02 9.0259E+01 1.3723E+02 8.7440E+016660 3102
 1.4334E+02 8.4720E+01 1.4963E+02 8.2124E+01 1.5616E+02 7.9618E+016660 3102
 1.6288E+02 7.7224E+01 1.6985E+02 7.4910E+01 1.7702E+02 7.2699E+016660 3102
 1.8446E+02 7.0561E+01 1.9209E+02 6.8515E+01 2.0001E+02 6.6536E+016660 3102
 2.1659E+02 6.2802E+01 2.3422E+02 5.9338E+01 2.5294E+02 5.6120E+016660 3102
 2.7280E+02 5.3127E+01 2.9385E+02 5.0339E+01 3.1613E+02 4.7740E+016660 3102
 3.3971E+02 4.5313E+01 3.6462E+02 4.3046E+01 3.9114E+02 4.0910E+016660 3102
 4.1912E+02 3.8910E+01 4.4850E+02 3.7045E+01 4.7974E+02 3.5279E+016660 3102
 5.1234E+02 3.3637E+01 5.4694E+02 3.2080E+01 5.8300E+02 3.0628E+016660 3102
 6.2121E+02 2.9250E+01 6.6103E+02 2.7961E+01 7.0314E+02 2.6737E+016660 3102
 7.4694E+02 2.5590E+01 7.9320E+02 2.4499E+01 8.4127E+02 2.3476E+016660 3102
 8.9196E+02 2.2500E+01 9.4458E+02 2.1584E+01 1.0000E+03 2.0710E+016660 3102
 1.0391E+03 2.0083E+01 1.0797E+03 1.9477E+01 1.1213E+03 1.8897E+016660 3102
 1.1643E+03 1.8335E+01 1.2540E+03 1.7277E+01 1.3492E+03 1.6295E+016660 3102
 1.4499E+03 1.5382E+01 1.5564E+03 1.4533E+01 1.6690E+03 1.3743E+016660 3102
 1.7879E+03 1.3006E+01 1.9135E+03 1.2318E+01 2.0460E+03 1.1675E+016660 3102
 2.1855E+03 1.1075E+01 2.3325E+03 1.0512E+01 2.4871E+03 9.9858E+006660 3102
 2.6497E+03 9.4921E+00 2.8198E+03 9.0310E+00 3.0000E+03 8.5940E+006660 3102
 3.1298E+03 8.2981E+00 3.2648E+03 8.0131E+00 3.4036E+03 7.7419E+006660 3102
 3.5479E+03 7.4804E+00 3.6961E+03 7.2314E+00 3.8501E+03 6.9913E+006660 3102
 4.0082E+03 6.7623E+00 4.1724E+03 6.5414E+00 4.3409E+03 6.3306E+006660 3102
 4.5158E+03 6.1270E+00 4.6952E+03 5.9327E+00 4.8813E+03 5.7450E+006660 3102
 5.0721E+03 5.5656E+00 5.2699E+03 5.3922E+00 5.4726E+03 5.2264E+006660 3102
 5.6827E+03 5.0660E+00 5.8981E+03 4.9125E+00 6.1213E+03 4.7638E+006660 3102
 6.3498E+03 4.6216E+00 6.5863E+03 4.4838E+00 7.0790E+03 4.2241E+006660 3102
 7.6004E+03 3.9828E+00 8.1520E+03 3.7585E+00 8.7350E+03 3.5498E+006660 3102
 9.3505E+03 3.3553E+00 1.0000E+04 3.1740E+00 1.0472E+04 3.0618E+006660 3102
 1.0965E+04 2.9539E+00 1.1472E+04 2.8514E+00 1.2002E+04 2.7527E+006660 3102
 1.2548E+04 2.6588E+00 1.3117E+04 2.5684E+00 1.3703E+04 2.4823E+006660 3102
 1.4313E+04 2.3993E+00 1.4941E+04 2.3203E+00 1.5594E+04 2.2440E+006660 3102
 1.6267E+04 2.1713E+00 1.6966E+04 2.1011E+00 1.7686E+04 2.0341E+006660 3102
 1.8433E+04 1.9694E+00 1.9202E+04 1.9077E+00 2.0000E+04 1.8480E+006660 3102
 2.1286E+04 1.7775E+00 2.2637E+04 1.7105E+00 2.4057E+04 1.6468E+006660 3102
 2.5547E+04 1.5861E+00 2.7111E+04 1.5284E+00 2.8751E+04 1.4733E+006660 3102
 3.0467E+04 1.4210E+00 3.2271E+04 1.3708E+00 3.4154E+04 1.3232E+006660 3102
 3.6132E+04 1.2775E+00 3.8194E+04 1.2340E+00 4.0357E+04 1.1923E+006660 3102
 4.2609E+04 1.1525E+00 4.4971E+04 1.1144E+00 4.7427E+04 1.0780E+006660 3102
 5.0000E+04 1.0430E+00 5.3792E+04 1.0112E+00 5.7812E+04 9.8079E-016660 3102
 6.2072E+04 9.5169E-01 6.6582E+04 9.2383E-01 7.1353E+04 8.9714E-016660 3102
 7.6396E+04 8.7155E-01 8.1724E+04 8.4701E-01 8.7347E+04 8.2347E-016660 3102
 8.7347E+04 8.2347E-01 9.3497E+04 8.0007E-01 1.0000E+05 7.7760E-016660 3102
 1.1108E+05 7.6244E-01 1.2045E+05 7.5096E-01 1.3045E+05 7.3982E-016660 3102
 1.3936E+05 7.3072E-01 1.4875E+05 7.2184E-01 1.5866E+05 7.1318E-016660 3102
 1.6909E+05 7.0472E-01 1.8401E+05 6.9364E-01 2.0000E+05 6.8290E-016660 3102
 2.1927E+05 6.8889E-01 2.3994E+05 6.9481E-01 2.6209E+05 7.0066E-016660 3102
 2.8579E+05 7.0645E-01 2.8579E+05 7.0645E-01 3.0525E+05 7.1089E-016660 3102
 3.2574E+05 7.1529E-01 3.4731E+05 7.1966E-01 3.7000E+05 7.2400E-016660 3102
 4.1744E+05 7.3644E-01 4.6891E+05 7.4863E-01 5.8466E+05 7.7231E-016660 3102
 7.0000E+05 7.9220E-01 7.0001E+05 7.9220E-01 8.2916E+05 8.2474E-016660 3102
 9.7209E+05 8.5652E-01 9.7209E+05 8.5652E-01 9.7612E+05 8.5736E-016660 3102
 1.0000E+06 8.6230E-01 1.0566E+06 8.6699E-01 1.0566E+06 8.6699E-016660 3102
 1.1673E+06 8.7555E-01 1.1673E+06 8.7555E-01 1.2981E+06 8.8477E-016660 3102
 1.2981E+06 8.8477E-01 1.2981E+06 8.8477E-01 1.3686E+06 8.8940E-016660 3102
 1.3988E+06 8.9131E-01 1.4088E+06 8.9194E-01 1.4088E+06 8.9194E-016660 3102
 1.4491E+06 8.9442E-01 1.4500E+06 8.9448E-01 1.6000E+06 9.0320E-016660 3102
 1.6000E+06 9.0320E-01 2.0000E+06 8.7990E-01 2.2221E+06 8.6160E-016660 3102
 2.4621E+06 8.4414E-01 2.7211E+06 8.2746E-01 3.0000E+06 8.1150E-016660 3102
 3.0999E+06 7.8435E-01 3.2032E+06 7.5809E-01 3.3090E+06 7.3292E-016660 3102
 3.4184E+06 7.0856E-01 3.5305E+06 6.8520E-01 3.6463E+06 6.6260E-016660 3102
 3.7650E+06 6.4092E-01 3.8876E+06 6.1993E-01 4.0132E+06 5.9979E-016660 3102
 4.1429E+06 5.8029E-01 4.2757E+06 5.6157E-01 4.4129E+06 5.4345E-016660 3102
 4.5533E+06 5.2604E-01 4.6983E+06 5.0918E-01 4.8468E+06 4.9299E-016660 3102
 5.0000E+06 4.7730E-01 5.0203E+06 4.5468E-01 5.0410E+06 4.3282E-016660 3102
 5.0620E+06 4.1170E-01 5.0835E+06 3.9130E-01 5.1054E+06 3.7162E-016660 3102
 5.1278E+06 3.5264E-01 5.1507E+06 3.3434E-01 5.1740E+06 3.1671E-016660 3102
 5.1978E+06 2.9974E-01 5.2221E+06 2.8342E-01 5.2470E+06 2.6772E-016660 3102
 5.2724E+06 2.5264E-01 5.2984E+06 2.3816E-01 5.3251E+06 2.2426E-016660 3102
 5.3523E+06 2.1094E-01 5.3802E+06 1.9818E-01 5.4087E+06 1.8602E-016660 3102
 5.4379E+06 1.7439E-01 5.4679E+06 1.6328E-01 5.4986E+06 1.5267E-016660 3102
 5.5301E+06 1.4255E-01 5.5625E+06 1.3290E-01 5.5959E+06 1.2371E-016660 3102
 5.6301E+06 1.1498E-01 5.6654E+06 1.0669E-01 5.7016E+06 9.8829E-026660 3102
 5.7390E+06 9.1378E-02 5.7776E+06 8.4325E-02 5.8174E+06 7.7661E-026660 3102
 5.8585E+06 7.1372E-02 5.8796E+06 6.8365E-02 5.9010E+06 6.5446E-026660 3102
 5.9228E+06 6.2615E-02 5.9450E+06 5.9871E-02 5.9681E+06 5.7149E-026660 3102
 5.9916E+06 5.4515E-02 6.0156E+06 5.1967E-02 6.0400E+06 4.9502E-026660 3102
 6.0649E+06 4.7120E-02 6.0903E+06 4.4818E-02 6.1162E+06 4.2596E-026660 3102
 6.1426E+06 4.0452E-02 6.1695E+06 3.8384E-02 6.1970E+06 3.6391E-026660 3102
 6.2251E+06 3.4471E-02 6.2537E+06 3.2623E-02 6.2830E+06 3.0844E-026660 3102
 6.3130E+06 2.9134E-02 6.3436E+06 2.7491E-02 6.3750E+06 2.5914E-026660 3102
 6.4069E+06 2.4407E-02 6.4396E+06 2.2961E-02 6.4731E+06 2.1576E-026660 3102
 6.5074E+06 2.0251E-02 6.5426E+06 1.8983E-02 6.5787E+06 1.7771E-026660 3102
 6.6157E+06 1.6614E-02 6.6537E+06 1.5510E-02 6.6928E+06 1.4460E-026660 3102
 6.7329E+06 1.3459E-02 6.7742E+06 1.2508E-02 6.8167E+06 1.1605E-026660 3102
 6.8604E+06 1.0748E-02 6.9055E+06 9.9357E-03 6.9520E+06 9.1673E-036660 3102
 7.0000E+06 8.4412E-03 7.0738E+06 8.0917E-03 7.1492E+06 7.7532E-036660 3102
 7.2262E+06 7.4254E-03 7.3049E+06 7.1081E-03 7.3853E+06 6.8011E-036660 3102
 7.4675E+06 6.5041E-03 7.5516E+06 6.2169E-03 7.6376E+06 5.9394E-036660 3102
 7.7256E+06 5.6713E-03 7.8157E+06 5.4124E-03 7.9079E+06 5.1625E-036660 3102
 8.0023E+06 4.9213E-03 8.0989E+06 4.6886E-03 8.1980E+06 4.4643E-036660 3102
 8.2995E+06 4.2482E-03 8.4036E+06 4.0399E-03 8.4883E+06 3.8800E-036660 3102
 8.5746E+06 3.7248E-03 8.6628E+06 3.5743E-03 8.7528E+06 3.4284E-036660 3102
 8.8446E+06 3.2870E-03 8.9385E+06 3.1501E-03 9.0344E+06 3.0175E-036660 3102
 9.1323E+06 2.8891E-03 9.2324E+06 2.7648E-03 9.3347E+06 2.6446E-036660 3102
 9.4394E+06 2.5284E-03 9.5464E+06 2.4160E-03 9.6559E+06 2.3075E-036660 3102
 9.7679E+06 2.2026E-03 9.8826E+06 2.1013E-03 1.0000E+07 2.0036E-036660 3102
 1.0976E+07 2.1591E-03 1.2000E+07 2.3193E-03 1.3466E+07 2.5762E-036660 3102
 1.5000E+07 2.8424E-03 1.5000E+07 2.8424E-03 1.7402E+07 3.3081E-036660 3102
 2.0000E+07 3.8135E-03                                            6660 3102
                                                                  6660 3  0
