ER-166N,G    7.6000-01* JEF-2.2; RN - ---/SYS                     6866 3102
                                                                  6866 3102
 6.81660+04 1.6450E+02          0          0          0          06866 3102
 3.0000E+02 6.4373E+06          0          0          1       12826866 3102
       1282          2                                            6866 3102
 1.0000E-05 0.0000E+00 1.0000E-05 9.2061E+01 1.0500E-04 9.2061E+016866 3102
 1.0500E-04 6.9676E+01 1.1000E-04 6.9676E+01 1.1000E-04 6.8150E+016866 3102
 1.1500E-04 6.8150E+01 1.1500E-04 6.6684E+01 1.2000E-04 6.6684E+016866 3102
 1.2000E-04 6.4973E+01 1.2750E-04 6.4973E+01 1.2750E-04 6.3088E+016866 3102
 1.3500E-04 6.3088E+01 1.3500E-04 6.1368E+01 1.4250E-04 6.1368E+016866 3102
 1.4250E-04 5.9760E+01 1.5000E-04 5.9760E+01 1.5000E-04 5.8059E+016866 3102
 1.6000E-04 5.8059E+01 1.6000E-04 5.6273E+01 1.7000E-04 5.6273E+016866 3102
 1.7000E-04 5.4644E+01 1.8000E-04 5.4644E+01 1.8000E-04 5.3142E+016866 3102
 1.9000E-04 5.3142E+01 1.9000E-04 5.1762E+01 2.0000E-04 5.1762E+016866 3102
 2.0000E-04 5.0490E+01 2.1000E-04 5.0490E+01 2.1000E-04 4.9302E+016866 3102
 2.2000E-04 4.9302E+01 2.2000E-04 4.8199E+01 2.3000E-04 4.8199E+016866 3102
 2.3000E-04 4.7159E+01 2.4000E-04 4.7159E+01 2.4000E-04 4.5955E+016866 3102
 2.5500E-04 4.5955E+01 2.5500E-04 4.4639E+01 2.7000E-04 4.4639E+016866 3102
 2.7000E-04 4.3618E+01 2.8000E-04 4.3618E+01 2.8000E-04 4.2475E+016866 3102
 3.0000E-04 4.2475E+01 3.0000E-04 4.1078E+01 3.2000E-04 4.1078E+016866 3102
 3.2000E-04 3.9813E+01 3.4000E-04 3.9813E+01 3.4000E-04 3.8661E+016866 3102
 3.6000E-04 3.8661E+01 3.6000E-04 3.7603E+01 3.8000E-04 3.7603E+016866 3102
 3.8000E-04 3.6629E+01 4.0000E-04 3.6629E+01 4.0000E-04 3.5612E+016866 3102
 4.2500E-04 3.5612E+01 4.2500E-04 3.4580E+01 4.5000E-04 3.4580E+016866 3102
 4.5000E-04 3.3634E+01 4.7500E-04 3.3634E+01 4.7500E-04 3.2761E+016866 3102
 5.0000E-04 3.2761E+01 5.0000E-04 3.1961E+01 5.2500E-04 3.1961E+016866 3102
 5.2500E-04 3.1214E+01 5.5000E-04 3.1214E+01 5.5000E-04 3.0510E+016866 3102
 5.7500E-04 3.0510E+01 5.7500E-04 2.9858E+01 6.0000E-04 2.9858E+016866 3102
 6.0000E-04 2.9175E+01 6.3000E-04 2.9175E+01 6.3000E-04 2.8487E+016866 3102
 6.6000E-04 2.8487E+01 6.6000E-04 2.7853E+01 6.9000E-04 2.7853E+016866 3102
 6.9000E-04 2.7246E+01 7.2000E-04 2.7246E+01 7.2000E-04 2.6596E+016866 3102
 7.6000E-04 2.6596E+01 7.6000E-04 2.5908E+01 8.0000E-04 2.5908E+016866 3102
 8.0000E-04 2.5265E+01 8.4000E-04 2.5265E+01 8.4000E-04 2.4669E+016866 3102
 8.8000E-04 2.4669E+01 8.8000E-04 2.4115E+01 9.2000E-04 2.4115E+016866 3102
 9.2000E-04 2.3596E+01 9.6000E-04 2.3596E+01 9.6000E-04 2.3109E+016866 3102
 1.0000E-03 2.3109E+01 1.0000E-03 2.2606E+01 1.0500E-03 2.2606E+016866 3102
 1.0500E-03 2.2071E+01 1.1000E-03 2.2071E+01 1.1000E-03 2.1579E+016866 3102
 1.1500E-03 2.1579E+01 1.1500E-03 2.1111E+01 1.2000E-03 2.1111E+016866 3102
 1.2000E-03 2.0571E+01 1.2750E-03 2.0571E+01 1.2750E-03 1.9972E+016866 3102
 1.3500E-03 1.9972E+01 1.3500E-03 1.9423E+01 1.4250E-03 1.9423E+016866 3102
 1.4250E-03 1.8919E+01 1.5000E-03 1.8919E+01 1.5000E-03 1.8377E+016866 3102
 1.6000E-03 1.8377E+01 1.6000E-03 1.7810E+01 1.7000E-03 1.7810E+016866 3102
 1.7000E-03 1.7295E+01 1.8000E-03 1.7295E+01 1.8000E-03 1.6821E+016866 3102
 1.9000E-03 1.6821E+01 1.9000E-03 1.6383E+01 2.0000E-03 1.6383E+016866 3102
 2.0000E-03 1.5986E+01 2.1000E-03 1.5986E+01 2.1000E-03 1.5605E+016866 3102
 2.2000E-03 1.5605E+01 2.2000E-03 1.5260E+01 2.3000E-03 1.5260E+016866 3102
 2.3000E-03 1.4927E+01 2.4000E-03 1.4927E+01 2.4000E-03 1.4547E+016866 3102
 2.5500E-03 1.4547E+01 2.5500E-03 1.4123E+01 2.7000E-03 1.4123E+016866 3102
 2.7000E-03 1.3797E+01 2.8000E-03 1.3797E+01 2.8000E-03 1.3435E+016866 3102
 3.0000E-03 1.3435E+01 3.0000E-03 1.2995E+01 3.2000E-03 1.2995E+016866 3102
 3.2000E-03 1.2594E+01 3.4000E-03 1.2594E+01 3.4000E-03 1.2229E+016866 3102
 3.6000E-03 1.2229E+01 3.6000E-03 1.1894E+01 3.8000E-03 1.1894E+016866 3102
 3.8000E-03 1.1585E+01 4.0000E-03 1.1585E+01 4.0000E-03 1.1270E+016866 3102
 4.2500E-03 1.1270E+01 4.2500E-03 1.0940E+01 4.5000E-03 1.0940E+016866 3102
 4.5000E-03 1.0642E+01 4.7500E-03 1.0642E+01 4.7500E-03 1.0364E+016866 3102
 5.0000E-03 1.0364E+01 5.0000E-03 1.0107E+01 5.2500E-03 1.0107E+016866 3102
 5.2500E-03 9.8710E+00 5.5000E-03 9.8710E+00 5.5000E-03 9.6471E+006866 3102
 5.7500E-03 9.6471E+00 5.7500E-03 9.4392E+00 6.0000E-03 9.4392E+006866 3102
 6.0000E-03 9.2270E+00 6.3000E-03 9.2270E+00 6.3000E-03 9.0087E+006866 3102
 6.6000E-03 9.0087E+00 6.6000E-03 8.8059E+00 6.9000E-03 8.8059E+006866 3102
 6.9000E-03 8.6163E+00 7.2000E-03 8.6163E+00 7.2000E-03 8.4105E+006866 3102
 7.6000E-03 8.4105E+00 7.6000E-03 8.1922E+00 8.0000E-03 8.1922E+006866 3102
 8.0000E-03 7.9941E+00 8.4000E-03 7.9941E+00 8.4000E-03 7.8033E+006866 3102
 8.8000E-03 7.8033E+00 8.8000E-03 7.6306E+00 9.2000E-03 7.6306E+006866 3102
 9.2000E-03 7.4637E+00 9.6000E-03 7.4637E+00 9.6000E-03 7.3109E+006866 3102
 1.0000E-02 7.3109E+00 1.0000E-02 7.1471E+00 1.0500E-02 7.1471E+006866 3102
 1.0500E-02 6.9803E+00 1.1000E-02 6.9803E+00 1.1000E-02 6.8218E+006866 3102
 1.1500E-02 6.8218E+00 1.1500E-02 6.6749E+00 1.2000E-02 6.6749E+006866 3102
 1.2000E-02 6.5045E+00 1.2750E-02 6.5045E+00 1.2750E-02 6.3151E+006866 3102
 1.3500E-02 6.3151E+00 1.3500E-02 6.1422E+00 1.4250E-02 6.1422E+006866 3102
 1.4250E-02 5.9831E+00 1.5000E-02 5.9831E+00 1.5000E-02 5.8120E+006866 3102
 1.6000E-02 5.8120E+00 1.6000E-02 5.6359E+00 1.7000E-02 5.6359E+006866 3102
 1.7000E-02 5.4714E+00 1.8000E-02 5.4714E+00 1.8000E-02 5.3222E+006866 3102
 1.9000E-02 5.3222E+00 1.9000E-02 5.1832E+00 2.0000E-02 5.1832E+006866 3102
 2.0000E-02 5.0541E+00 2.1000E-02 5.0541E+00 2.1000E-02 4.9361E+006866 3102
 2.2000E-02 4.9361E+00 2.2000E-02 4.8241E+00 2.3000E-02 4.8241E+006866 3102
 2.3000E-02 4.7202E+00 2.4000E-02 4.7202E+00 2.4000E-02 4.6000E+006866 3102
 2.5500E-02 4.6000E+00 2.5500E-02 4.4669E+00 2.7000E-02 4.4669E+006866 3102
 2.7000E-02 4.3632E+00 2.8000E-02 4.3632E+00 2.8000E-02 4.2498E+006866 3102
 3.0000E-02 4.2498E+00 3.0000E-02 4.1102E+00 3.2000E-02 4.1102E+006866 3102
 3.2000E-02 3.9839E+00 3.4000E-02 3.9839E+00 3.4000E-02 3.8682E+006866 3102
 3.6000E-02 3.8682E+00 3.6000E-02 3.7638E+00 3.8000E-02 3.7638E+006866 3102
 3.8000E-02 3.6678E+00 4.0000E-02 3.6678E+00 4.0000E-02 3.5650E+006866 3102
 4.2500E-02 3.5650E+00 4.2500E-02 3.4613E+00 4.5000E-02 3.4613E+006866 3102
 4.5000E-02 3.3669E+00 4.7500E-02 3.3669E+00 4.7500E-02 3.2787E+006866 3102
 5.0000E-02 3.2787E+00 5.0000E-02 3.1975E+00 5.2500E-02 3.1975E+006866 3102
 5.2500E-02 3.1228E+00 5.5000E-02 3.1228E+00 5.5000E-02 3.0517E+006866 3102
 5.7500E-02 3.0517E+00 5.7500E-02 2.9860E+00 6.0000E-02 2.9860E+006866 3102
 6.0000E-02 2.9189E+00 6.3000E-02 2.9189E+00 6.3000E-02 2.8501E+006866 3102
 6.6000E-02 2.8501E+00 6.6000E-02 2.7861E+00 6.9000E-02 2.7861E+006866 3102
 6.9000E-02 2.7264E+00 7.2000E-02 2.7264E+00 7.2000E-02 2.6635E+006866 3102
 7.6000E-02 2.6635E+00 7.6000E-02 2.5934E+00 8.0000E-02 2.5934E+006866 3102
 8.0000E-02 2.5302E+00 8.4000E-02 2.5302E+00 8.4000E-02 2.4694E+006866 3102
 8.8000E-02 2.4694E+00 8.8000E-02 2.4145E+00 9.2000E-02 2.4145E+006866 3102
 9.2000E-02 2.3620E+00 9.6000E-02 2.3620E+00 9.6000E-02 2.3138E+006866 3102
 1.0000E-01 2.3138E+00 1.0000E-01 2.2621E+00 1.0500E-01 2.2621E+006866 3102
 1.0500E-01 2.2086E+00 1.1000E-01 2.2086E+00 1.1000E-01 2.1594E+006866 3102
 1.1500E-01 2.1594E+00 1.1500E-01 2.1125E+00 1.2000E-01 2.1125E+006866 3102
 1.2000E-01 2.0593E+00 1.2750E-01 2.0593E+00 1.2750E-01 1.9995E+006866 3102
 1.3500E-01 1.9995E+00 1.3500E-01 1.9446E+00 1.4250E-01 1.9446E+006866 3102
 1.4250E-01 1.8946E+00 1.5000E-01 1.8946E+00 1.5000E-01 1.8423E+006866 3102
 1.6000E-01 1.8423E+00 1.6000E-01 1.7852E+00 1.7000E-01 1.7852E+006866 3102
 1.7000E-01 1.7332E+00 1.8000E-01 1.7332E+00 1.8000E-01 1.6858E+006866 3102
 1.9000E-01 1.6858E+00 1.9000E-01 1.6417E+00 2.0000E-01 1.6417E+006866 3102
 2.0000E-01 1.6010E+00 2.1000E-01 1.6010E+00 2.1000E-01 1.5634E+006866 3102
 2.2000E-01 1.5634E+00 2.2000E-01 1.5280E+00 2.3000E-01 1.5280E+006866 3102
 2.3000E-01 1.4953E+00 2.4000E-01 1.4953E+00 2.4000E-01 1.4582E+006866 3102
 2.5500E-01 1.4582E+00 2.5500E-01 1.4161E+00 2.7000E-01 1.4161E+006866 3102
 2.7000E-01 1.3834E+00 2.8000E-01 1.3834E+00 2.8000E-01 1.3494E+006866 3102
 3.0000E-01 1.3494E+00 3.0000E-01 1.3053E+00 3.2000E-01 1.3053E+006866 3102
 3.2000E-01 1.2645E+00 3.4000E-01 1.2645E+00 3.4000E-01 1.2279E+006866 3102
 3.6000E-01 1.2279E+00 3.6000E-01 1.1943E+00 3.8000E-01 1.1943E+006866 3102
 3.8000E-01 1.1630E+00 4.0000E-01 1.1630E+00 4.0000E-01 1.1309E+006866 3102
 4.2500E-01 1.1309E+00 4.2500E-01 1.0968E+00 4.5000E-01 1.0968E+006866 3102
 4.5000E-01 1.0668E+00 4.7500E-01 1.0668E+00 4.7500E-01 1.0391E+006866 3102
 5.0000E-01 1.0391E+00 5.0000E-01 1.0135E+00 5.2500E-01 1.0135E+006866 3102
 5.2500E-01 9.8970E-01 5.5000E-01 9.8970E-01 5.5000E-01 9.6757E-016866 3102
 5.7500E-01 9.6757E-01 5.7500E-01 9.4690E-01 6.0000E-01 9.4690E-016866 3102
 6.0000E-01 9.2573E-01 6.3000E-01 9.2573E-01 6.3000E-01 9.0449E-016866 3102
 6.6000E-01 9.0449E-01 6.6000E-01 8.8428E-01 6.9000E-01 8.8428E-016866 3102
 6.9000E-01 8.6548E-01 7.2000E-01 8.6548E-01 7.2000E-01 8.4490E-016866 3102
 7.6000E-01 8.4490E-01 7.6000E-01 8.2314E-01 8.0000E-01 8.2314E-016866 3102
 8.0000E-01 8.0284E-01 8.4000E-01 8.0284E-01 8.4000E-01 7.8411E-016866 3102
 8.8000E-01 7.8411E-01 8.8000E-01 7.6670E-01 9.2000E-01 7.6670E-016866 3102
 9.2000E-01 7.5027E-01 9.6000E-01 7.5027E-01 9.6000E-01 7.3497E-016866 3102
 1.0000E+00 7.3497E-01 1.0000E+00 7.1889E-01 1.0500E+00 7.1889E-016866 3102
 1.0500E+00 7.0218E-01 1.1000E+00 7.0218E-01 1.1000E+00 6.8657E-016866 3102
 1.1500E+00 6.8657E-01 1.1500E+00 6.7200E-01 1.2000E+00 6.7200E-016866 3102
 1.2000E+00 6.5531E-01 1.2750E+00 6.5531E-01 1.2750E+00 6.3682E-016866 3102
 1.3500E+00 6.3682E-01 1.3500E+00 6.1964E-01 1.4250E+00 6.1964E-016866 3102
 1.4250E+00 6.0375E-01 1.5000E+00 6.0375E-01 1.5000E+00 5.8690E-016866 3102
 1.6000E+00 5.8690E-01 1.6000E+00 5.6923E-01 1.7000E+00 5.6923E-016866 3102
 1.7000E+00 5.5303E-01 1.8000E+00 5.5303E-01 1.8000E+00 5.3825E-016866 3102
 1.9000E+00 5.3825E-01 1.9000E+00 5.2461E-01 2.0000E+00 5.2461E-016866 3102
 2.0000E+00 5.1206E-01 2.1000E+00 5.1206E-01 2.1000E+00 5.0039E-016866 3102
 2.2000E+00 5.0039E-01 2.2000E+00 4.8957E-01 2.3000E+00 4.8957E-016866 3102
 2.3000E+00 4.7941E-01 2.4000E+00 4.7941E-01 2.4000E+00 4.6784E-016866 3102
 2.5500E+00 4.6784E-01 2.5500E+00 4.5493E-01 2.7000E+00 4.5493E-016866 3102
 2.7000E+00 4.4498E-01 2.8000E+00 4.4498E-01 2.8000E+00 4.3397E-016866 3102
 3.0000E+00 4.3397E-01 3.0000E+00 4.2052E-01 3.2000E+00 4.2052E-016866 3102
 3.2000E+00 4.0844E-01 3.4000E+00 4.0844E-01 3.4000E+00 3.9741E-016866 3102
 3.6000E+00 3.9741E-01 3.6000E+00 3.8739E-01 3.8000E+00 3.8739E-016866 3102
 3.8000E+00 3.7821E-01 4.0000E+00 3.7821E-01 4.0000E+00 3.6882E-016866 3102
 4.2500E+00 3.6882E-01 4.2500E+00 3.5932E-01 4.5000E+00 3.5932E-016866 3102
 4.5000E+00 3.5075E-01 4.7500E+00 3.5075E-01 4.7500E+00 3.4298E-016866 3102
 5.0000E+00 3.4298E-01 5.0000E+00 3.3592E-01 5.2500E+00 3.3592E-016866 3102
 5.2500E+00 3.2963E-01 5.5000E+00 3.2963E-01 5.5000E+00 3.2360E-016866 3102
 5.7500E+00 3.2360E-01 5.7500E+00 3.1832E-01 6.0000E+00 3.1832E-016866 3102
 6.0000E+00 3.1311E-01 6.3000E+00 3.1311E-01 6.3000E+00 3.0789E-016866 3102
 6.6000E+00 3.0789E-01 6.6000E+00 3.0355E-01 6.9000E+00 3.0355E-016866 3102
 6.9000E+00 2.9956E-01 7.2000E+00 2.9956E-01 7.2000E+00 2.9593E-016866 3102
 7.6000E+00 2.9593E-01 7.6000E+00 2.9255E-01 8.0000E+00 2.9255E-016866 3102
 8.0000E+00 2.9046E-01 8.4000E+00 2.9046E-01 8.4000E+00 2.8947E-016866 3102
 8.8000E+00 2.8947E-01 8.8000E+00 2.8966E-01 9.2000E+00 2.8966E-016866 3102
 9.2000E+00 2.9149E-01 9.6000E+00 2.9149E-01 9.6000E+00 2.9522E-016866 3102
 1.0000E+01 2.9522E-01 1.0000E+01 3.0198E-01 1.0500E+01 3.0198E-016866 3102
 1.0500E+01 5.6688E-01 1.1000E+01 5.6688E-01 1.1000E+01 6.0089E-016866 3102
 1.1500E+01 6.0089E-01 1.1500E+01 6.5351E-01 1.2000E+01 6.5351E-016866 3102
 1.2000E+01 7.6738E-01 1.2750E+01 7.6738E-01 1.2750E+01 1.0496E+006866 3102
 1.3500E+01 1.0496E+00 1.3500E+01 1.8419E+00 1.4250E+01 1.8419E+006866 3102
 1.4250E+01 5.9866E+00 1.5000E+01 5.9866E+00 1.5000E+01 2.4373E+026866 3102
 1.6000E+01 2.4373E+02 1.6000E+01 6.6731E+00 1.7000E+01 6.6731E+006866 3102
 1.7000E+01 1.4389E+00 1.8000E+01 1.4389E+00 1.8000E+01 7.7376E-016866 3102
 1.9000E+01 7.7376E-01 1.9000E+01 5.5327E-01 2.0000E+01 5.5327E-016866 3102
 2.0000E+01 4.5085E-01 2.1000E+01 4.5085E-01 2.1000E+01 3.9337E-016866 3102
 2.2000E+01 3.9337E-01 2.2000E+01 3.5685E-01 2.3000E+01 3.5685E-016866 3102
 2.3000E+01 3.3167E-01 2.4000E+01 3.3167E-01 2.4000E+01 3.0933E-016866 3102
 2.5500E+01 3.0933E-01 2.5500E+01 2.8975E-01 2.7000E+01 2.8975E-016866 3102
 2.7000E+01 2.7731E-01 2.8000E+01 2.7731E-01 2.8000E+01 2.6565E-016866 3102
 3.0000E+01 2.6565E-01 3.0000E+01 2.5300E-01 3.2000E+01 2.5300E-016866 3102
 3.2000E+01 2.4296E-01 3.4000E+01 2.4296E-01 3.4000E+01 2.3479E-016866 3102
 3.6000E+01 2.3479E-01 3.6000E+01 2.2791E-01 3.8000E+01 2.2791E-016866 3102
 3.8000E+01 2.2211E-01 4.0000E+01 2.2211E-01 4.0000E+01 2.1681E-016866 3102
 4.2500E+01 2.1681E-01 4.2500E+01 2.1202E-01 4.5000E+01 2.1202E-016866 3102
 4.5000E+01 2.0848E-01 4.7500E+01 2.0848E-01 4.7500E+01 2.0625E-016866 3102
 5.0000E+01 2.0625E-01 5.0000E+01 2.0566E-01 5.2500E+01 2.0566E-016866 3102
 5.2500E+01 2.0716E-01 5.5000E+01 2.0716E-01 5.5000E+01 2.1166E-016866 3102
 5.7500E+01 2.1166E-01 5.7500E+01 2.2105E-01 6.0000E+01 2.2105E-016866 3102
 6.0000E+01 2.4209E-01 6.3000E+01 2.4209E-01 6.3000E+01 2.9417E-016866 3102
 6.6000E+01 2.9417E-01 6.6000E+01 4.4850E-01 6.9000E+01 4.4850E-016866 3102
 6.9000E+01 1.3807E+00 7.2000E+01 1.3807E+00 7.2000E+01 1.1184E+026866 3102
 7.6000E+01 1.1184E+02 7.6000E+01 1.0294E+00 8.0000E+01 1.0294E+006866 3102
 8.0000E+01 2.5044E+01 8.4000E+01 2.5044E+01 8.4000E+01 3.0379E-016866 3102
 8.8000E+01 3.0379E-01 8.8000E+01 1.9163E-01 9.2000E+01 1.9163E-016866 3102
 9.2000E+01 1.6304E-01 9.6000E+01 1.6304E-01 9.6000E+01 1.4904E-016866 3102
 1.0000E+02 1.4904E-01 1.0000E+02 1.3969E-01 1.0500E+02 1.3969E-016866 3102
 1.0500E+02 1.3461E-01 1.1000E+02 1.3461E-01 1.1000E+02 2.3589E-016866 3102
 1.1500E+02 2.3589E-01 1.1500E+02 1.2336E-01 1.2000E+02 1.2336E-016866 3102
 1.2000E+02 1.1916E-01 1.2750E+02 1.1916E-01 1.2750E+02 1.1545E-016866 3102
 1.3500E+02 1.1545E-01 1.3500E+02 1.1345E-01 1.4250E+02 1.1345E-016866 3102
 1.4250E+02 1.2050E-01 1.5000E+02 1.2050E-01 1.5000E+02 4.1517E+006866 3102
 1.6000E+02 4.1517E+00 1.6000E+02 1.0766E-01 1.7000E+02 1.0766E-016866 3102
 1.7000E+02 9.9768E-02 1.8000E+02 9.9768E-02 1.8000E+02 9.6600E-026866 3102
 1.9000E+02 9.6600E-02 1.9000E+02 9.4420E-02 2.0000E+02 9.4420E-026866 3102
 2.0000E+02 9.2894E-02 2.1000E+02 9.2894E-02 2.1000E+02 9.2338E-026866 3102
 2.2000E+02 9.2338E-02 2.2000E+02 9.4197E-02 2.3000E+02 9.4197E-026866 3102
 2.3000E+02 1.2136E-01 2.4000E+02 1.2136E-01 2.4000E+02 5.3827E+006866 3102
 2.5500E+02 5.3827E+00 2.5500E+02 9.8191E-02 2.7000E+02 9.8191E-026866 3102
 2.7000E+02 1.0630E-01 2.8000E+02 1.0630E-01 2.8000E+02 5.6449E-016866 3102
 3.0000E+02 5.6449E-01 3.0000E+02 2.2677E+01 3.2000E+02 2.2677E+016866 3102
 3.2000E+02 2.7206E-01 3.4000E+02 2.7206E-01 3.4000E+02 5.5233E+006866 3102
 3.6000E+02 5.5233E+00 3.6000E+02 1.1078E-01 3.8000E+02 1.1078E-016866 3102
 3.8000E+02 6.7972E+00 4.0000E+02 6.7972E+00 4.0000E+02 7.9165E-026866 3102
 4.2500E+02 7.9165E-02 4.2500E+02 6.5512E-02 4.5000E+02 6.5512E-026866 3102
 4.5000E+02 1.8622E-01 4.7500E+02 1.8622E-01 4.7500E+02 6.4538E-026866 3102
 5.0000E+02 6.4538E-02 5.0000E+02 2.4352E+00 5.2500E+02 2.4352E+006866 3102
 5.2500E+02 2.5274E+00 5.5000E+02 2.5274E+00 5.5000E+02 7.3260E-026866 3102
 5.7500E+02 7.3260E-02 5.7500E+02 4.3970E+00 6.0000E+02 4.3970E+006866 3102
 6.0000E+02 3.4345E-01 6.3000E+02 3.4345E-01 6.3000E+02 1.4462E+006866 3102
 6.6000E+02 1.4462E+00 6.6000E+02 5.2783E-02 6.9000E+02 5.2783E-026866 3102
 6.9000E+02 1.7114E-01 7.2000E+02 1.7114E-01 7.2000E+02 1.3263E+006866 3102
 7.6000E+02 1.3263E+00 7.6000E+02 2.2102E+00 8.0000E+02 2.2102E+006866 3102
 8.0000E+02 8.3377E-02 8.4000E+02 8.3377E-02 8.4000E+02 2.2191E+006866 3102
 8.8000E+02 2.2191E+00 8.8000E+02 1.7987E+00 9.2000E+02 1.7987E+006866 3102
 9.2000E+02 1.1225E-01 9.6000E+02 1.1225E-01 9.6000E+02 1.0617E-016866 3102
 1.0000E+03 1.0617E-01 1.0000E+03 1.2590E+00 1.0500E+03 1.2590E+006866 3102
 1.0500E+03 9.9285E-01 1.1000E+03 9.9285E-01 1.1000E+03 7.0296E-016866 3102
 1.1500E+03 7.0296E-01 1.1500E+03 2.1401E+00 1.2000E+03 2.1401E+006866 3102
 1.2000E+03 5.7120E-01 1.2750E+03 5.7120E-01 1.2750E+03 4.1778E-016866 3102
 1.3500E+03 4.1778E-01 1.3500E+03 7.1162E-01 1.4250E+03 7.1162E-016866 3102
 1.4250E+03 4.5878E-01 1.5000E+03 4.5878E-01 1.5000E+03 4.2545E-016866 3102
 1.6000E+03 4.2545E-01 1.6000E+03 3.8196E-01 1.7000E+03 3.8196E-016866 3102
 1.7000E+03 6.6594E-01 1.8000E+03 6.6594E-01 1.8000E+03 9.0428E-016866 3102
 1.9000E+03 9.0428E-01 1.9000E+03 4.8671E-01 2.0000E+03 4.8671E-016866 3102
 2.0000E+03 6.0370E-01 2.1000E+03 6.0369E-01 2.1000E+03 6.2622E-016866 3102
 2.2000E+03 6.2623E-01 2.2000E+03 6.0130E-01 2.3000E+03 6.0131E-016866 3102
 2.3000E+03 5.7841E-01 2.4000E+03 5.7841E-01 2.4000E+03 5.5248E-016866 3102
 2.5500E+03 5.5249E-01 2.5500E+03 5.2419E-01 2.7000E+03 5.2420E-016866 3102
 2.7000E+03 5.0272E-01 2.8000E+03 5.0273E-01 2.8000E+03 4.7973E-016866 3102
 3.0000E+03 4.7974E-01 3.0000E+03 4.5279E-01 3.2000E+03 4.5281E-016866 3102
 3.2000E+03 4.2978E-01 3.4000E+03 4.2979E-01 3.4000E+03 4.0918E-016866 3102
 3.6000E+03 4.0920E-01 3.6000E+03 3.9065E-01 3.8000E+03 3.9066E-016866 3102
 3.8000E+03 3.7385E-01 4.0000E+03 3.7386E-01 4.0000E+03 3.5684E-016866 3102
 4.2500E+03 3.5686E-01 4.2500E+03 3.3977E-01 4.5000E+03 3.3978E-016866 3102
 4.5000E+03 3.2435E-01 4.7500E+03 3.2437E-01 4.7500E+03 3.1044E-016866 3102
 5.0000E+03 3.1046E-01 5.0000E+03 2.9775E-01 5.2500E+03 2.9776E-016866 3102
 5.2500E+03 2.8614E-01 5.5000E+03 2.8615E-01 5.5000E+03 2.7551E-016866 3102
 5.7500E+03 2.7553E-01 5.7500E+03 2.6571E-01 6.0000E+03 2.6572E-016866 3102
 6.0000E+03 2.5581E-01 6.3000E+03 2.5582E-01 6.3000E+03 2.4582E-016866 3102
 6.6000E+03 2.4583E-01 6.6000E+03 2.3669E-01 6.9000E+03 2.3670E-016866 3102
 6.9000E+03 2.2830E-01 7.2000E+03 2.2831E-01 7.2000E+03 2.1940E-016866 3102
 7.6000E+03 2.1941E-01 7.6000E+03 2.0999E-01 8.0000E+03 2.1000E-016866 3102
 8.0000E+03 2.0137E-01 8.4000E+03 2.0138E-01 8.4000E+03 1.9355E-016866 3102
 8.8000E+03 1.9356E-01 8.8000E+03 1.8639E-01 9.2000E+03 1.8640E-016866 3102
 9.2000E+03 1.7970E-01 9.6000E+03 1.7971E-01 9.6000E+03 1.7361E-016866 3102
 1.0000E+04 1.7362E-01 1.0000E+04 1.6787E-01 1.0500E+04 1.6788E-016866 3102
 1.0500E+04 1.6266E-01 1.1000E+04 1.6267E-01 1.1000E+04 1.5784E-016866 3102
 1.1500E+04 1.5786E-01 1.1500E+04 1.5337E-01 1.2000E+04 1.5338E-016866 3102
 1.2000E+04 1.4823E-01 1.2750E+04 1.4825E-01 1.2750E+04 1.4257E-016866 3102
 1.3500E+04 1.4259E-01 1.3500E+04 1.3742E-01 1.4250E+04 1.3744E-016866 3102
 1.4250E+04 1.3271E-01 1.5000E+04 1.3273E-01 1.5000E+04 1.2776E-016866 3102
 1.6000E+04 1.2778E-01 1.6000E+04 1.2263E-01 1.7000E+04 1.2265E-016866 3102
 1.7000E+04 1.1796E-01 1.8000E+04 1.1798E-01 1.8000E+04 1.1368E-016866 3102
 1.9000E+04 1.1369E-01 1.9000E+04 1.0982E-01 2.0000E+04 1.0983E-016866 3102
 2.0000E+04 1.0696E-01 2.1000E+04 1.0697E-01 2.1000E+04 1.0510E-016866 3102
 2.2000E+04 1.0512E-01 2.2000E+04 1.0336E-01 2.3000E+04 1.0338E-016866 3102
 2.3000E+04 1.0174E-01 2.4000E+04 1.0175E-01 2.4000E+04 9.9827E-026866 3102
 2.5500E+04 9.9850E-02 2.5500E+04 9.7699E-02 2.7000E+04 9.7722E-026866 3102
 2.7000E+04 9.6042E-02 2.8000E+04 9.6057E-02 2.8000E+04 9.4214E-026866 3102
 3.0000E+04 9.4243E-02 3.0000E+04 9.1943E-02 3.2000E+04 9.1971E-026866 3102
 3.2000E+04 8.9898E-02 3.4000E+04 8.9926E-02 3.4000E+04 8.8001E-026866 3102
 3.6000E+04 8.8029E-02 3.6000E+04 8.6224E-02 3.8000E+04 8.6250E-026866 3102
 3.8000E+04 8.4598E-02 4.0000E+04 8.4624E-02 4.0000E+04 8.2880E-026866 3102
 4.2500E+04 8.2911E-02 4.2500E+04 8.1133E-02 4.5000E+04 8.1164E-026866 3102
 4.5000E+04 7.9513E-02 4.7500E+04 7.9543E-02 4.7500E+04 7.8009E-026866 3102
 5.0000E+04 7.8039E-02 5.0000E+04 7.6335E-02 5.2500E+04 7.6364E-026866 3102
 5.2500E+04 7.4521E-02 5.5000E+04 7.4550E-02 5.5000E+04 7.2842E-026866 3102
 5.7500E+04 7.2869E-02 5.7500E+04 7.1279E-02 6.0000E+04 7.1306E-026866 3102
 6.0000E+04 6.9660E-02 6.3000E+04 6.9692E-02 6.3000E+04 6.8015E-026866 3102
 6.6000E+04 6.8046E-02 6.6000E+04 6.6489E-02 6.9000E+04 6.6520E-026866 3102
 6.9000E+04 6.5064E-02 7.2000E+04 6.5094E-02 7.2000E+04 6.3506E-026866 3102
 7.6000E+04 6.3545E-02 7.6000E+04 6.1860E-02 8.0000E+04 6.1898E-026866 3102
 8.0000E+04 6.0337E-02 8.4000E+04 6.0374E-02 8.4000E+04 5.8922E-026866 3102
 8.8000E+04 5.8958E-02 8.8000E+04 5.7607E-02 9.2000E+04 5.7642E-026866 3102
 9.2000E+04 5.6417E-02 9.6000E+04 5.6451E-02 9.6000E+04 5.5249E-026866 3102
 1.0000E+05 5.5282E-02 1.0000E+05 5.4272E-02 1.0500E+05 5.4313E-026866 3102
 1.0500E+05 5.3536E-02 1.1000E+05 5.3577E-02 1.1000E+05 5.2830E-026866 3102
 1.1500E+05 5.2870E-02 1.1500E+05 5.2178E-02 1.2000E+05 5.2217E-026866 3102
 1.2000E+05 5.1393E-02 1.2750E+05 5.1451E-02 1.2750E+05 5.0530E-026866 3102
 1.3500E+05 5.0587E-02 1.3500E+05 4.9735E-02 1.4250E+05 4.9791E-026866 3102
 1.4250E+05 4.8995E-02 1.5000E+05 4.9051E-02 1.5000E+05 4.8184E-026866 3102
 1.6000E+05 4.8257E-02 1.6000E+05 4.7348E-02 1.7000E+05 4.7419E-026866 3102
 1.7000E+05 4.6579E-02 1.8000E+05 4.6649E-02 1.8000E+05 4.5856E-026866 3102
 1.9000E+05 4.5925E-02 1.9000E+05 4.5193E-02 2.0000E+05 4.5261E-026866 3102
 2.0000E+05 4.4816E-02 2.1000E+05 4.4883E-02 2.1000E+05 4.4733E-026866 3102
 2.2000E+05 4.4800E-02 2.2000E+05 4.4659E-02 2.3000E+05 4.4726E-026866 3102
 2.3000E+05 4.4587E-02 2.4000E+05 4.4654E-02 2.4000E+05 4.4493E-026866 3102
 2.5500E+05 4.4592E-02 2.5500E+05 4.4409E-02 2.7000E+05 4.4508E-026866 3102
 2.7000E+05 4.4367E-02 2.8000E+05 4.4432E-02 2.8000E+05 4.4268E-026866 3102
 3.0000E+05 4.4400E-02 3.0000E+05 4.4193E-02 3.2000E+05 4.4324E-026866 3102
 3.2000E+05 4.4127E-02 3.4000E+05 4.4257E-02 3.4000E+05 4.4076E-026866 3102
 3.6000E+05 4.4206E-02 3.6000E+05 4.4030E-02 3.8000E+05 4.4159E-026866 3102
 3.8000E+05 4.3945E-02 4.0000E+05 4.4073E-02 4.0000E+05 4.3824E-026866 3102
 4.2500E+05 4.3984E-02 4.2500E+05 4.3709E-02 4.5000E+05 4.3867E-026866 3102
 4.5000E+05 4.3608E-02 4.7500E+05 4.3766E-02 4.7500E+05 4.3542E-026866 3102
 5.0000E+05 4.3698E-02 5.0000E+05 4.3473E-02 5.2500E+05 4.3629E-026866 3102
 5.2500E+05 4.3403E-02 5.5000E+05 4.3558E-02 5.5000E+05 4.3352E-026866 3102
 5.7500E+05 4.3507E-02 5.7500E+05 4.3318E-02 6.0000E+05 4.3471E-026866 3102
 6.0000E+05 4.3261E-02 6.3000E+05 4.3444E-02 6.3000E+05 4.3236E-026866 3102
 6.6000E+05 4.3418E-02 6.6000E+05 4.3214E-02 6.9000E+05 4.3396E-026866 3102
 6.9000E+05 4.3147E-02 7.2000E+05 4.3327E-02 7.2000E+05 4.2855E-026866 3102
 7.6000E+05 4.3094E-02 7.6000E+05 4.2538E-02 8.0000E+05 4.2773E-026866 3102
 8.0000E+05 4.2262E-02 8.4000E+05 4.2494E-02 8.4000E+05 4.2004E-026866 3102
 8.8000E+05 4.2233E-02 8.8000E+05 4.1772E-02 9.2000E+05 4.1999E-026866 3102
 9.2000E+05 4.1563E-02 9.6000E+05 4.1787E-02 9.6000E+05 4.1367E-026866 3102
 1.0000E+06 4.1590E-02 1.0000E+06 4.1584E-02 1.1000E+06 4.2141E-026866 3102
 1.1000E+06 4.2522E-02 1.2000E+06 4.3083E-02 1.2000E+06 4.3448E-026866 3102
 1.3000E+06 4.4014E-02 1.3000E+06 4.4349E-02 1.4000E+06 4.4919E-026866 3102
 1.4000E+06 4.5253E-02 1.5000E+06 4.5828E-02 1.5000E+06 4.6140E-026866 3102
 1.6000E+06 4.6718E-02 1.6000E+06 4.7032E-02 1.7000E+06 4.7614E-026866 3102
 1.7000E+06 4.7934E-02 1.8000E+06 4.8520E-02 1.8000E+06 4.8823E-026866 3102
 1.9000E+06 4.9413E-02 1.9000E+06 4.9710E-02 2.0000E+06 5.0304E-026866 3102
 2.0000E+06 5.0120E-02 2.1000E+06 5.0711E-02 2.1000E+06 5.0034E-026866 3102
 2.2000E+06 5.0617E-02 2.2000E+06 4.9954E-02 2.3000E+06 5.0530E-026866 3102
 2.3000E+06 4.9922E-02 2.4000E+06 5.0491E-02 2.4000E+06 4.9880E-026866 3102
 2.5000E+06 5.0442E-02 2.5000E+06 4.9883E-02 2.6000E+06 5.0439E-026866 3102
 2.6000E+06 4.9890E-02 2.7000E+06 5.0439E-02 2.7000E+06 4.9901E-026866 3102
 2.8000E+06 5.0445E-02 2.8000E+06 4.9947E-02 2.9000E+06 5.0486E-026866 3102
 2.9000E+06 4.9983E-02 3.0000E+06 5.0516E-02 3.0000E+06 4.9167E-026866 3102
 3.1000E+06 4.9686E-02 3.1000E+06 4.7531E-02 3.2000E+06 4.8028E-026866 3102
 3.2000E+06 4.6008E-02 3.3000E+06 4.6484E-02 3.3000E+06 4.4589E-026866 3102
 3.4000E+06 4.5045E-02 3.4000E+06 4.3263E-02 3.5000E+06 4.3701E-026866 3102
 3.5000E+06 4.2017E-02 3.6000E+06 4.2438E-02 3.6000E+06 4.0850E-026866 3102
 3.7000E+06 4.1256E-02 3.7000E+06 3.9755E-02 3.8000E+06 4.0146E-026866 3102
 3.8000E+06 3.8724E-02 3.9000E+06 3.9100E-02 3.9000E+06 3.7751E-026866 3102
 4.0000E+06 3.8115E-02 4.0000E+06 3.6823E-02 4.1000E+06 3.7175E-026866 3102
 4.1000E+06 3.5950E-02 4.2000E+06 3.6290E-02 4.2000E+06 3.5123E-026866 3102
 4.3000E+06 3.5452E-02 4.3000E+06 3.4342E-02 4.4000E+06 3.4661E-026866 3102
 4.4000E+06 3.3592E-02 4.5000E+06 3.3901E-02 4.5000E+06 3.2881E-026866 3102
 4.6000E+06 3.3181E-02 4.6000E+06 3.2207E-02 4.7000E+06 3.2498E-026866 3102
 4.7000E+06 3.1564E-02 4.8000E+06 3.1846E-02 4.8000E+06 3.0944E-026866 3102
 4.9000E+06 3.1218E-02 4.9000E+06 3.0360E-02 5.0000E+06 3.0627E-026866 3102
 5.0000E+06 2.7970E-02 5.1000E+06 2.8213E-02 5.1000E+06 2.4143E-026866 3102
 5.2000E+06 2.4352E-02 5.2000E+06 2.0890E-02 5.3000E+06 2.1069E-026866 3102
 5.3000E+06 1.8137E-02 5.4000E+06 1.8291E-02 5.4000E+06 1.5793E-026866 3102
 5.5000E+06 1.5926E-02 5.5000E+06 1.3786E-02 5.6000E+06 1.3901E-026866 3102
 5.6000E+06 1.2062E-02 5.7000E+06 1.2162E-02 5.7000E+06 1.0575E-026866 3102
 5.8000E+06 1.0662E-02 5.8000E+06 9.2975E-03 5.9000E+06 9.3733E-036866 3102
 5.9000E+06 8.1944E-03 6.0000E+06 8.2607E-03 6.0000E+06 7.2386E-036866 3102
 6.1000E+06 7.2967E-03 6.1000E+06 6.4050E-03 6.2000E+06 6.4559E-036866 3102
 6.2000E+06 5.6788E-03 6.3000E+06 5.7236E-03 6.3000E+06 5.0436E-036866 3102
 6.4000E+06 5.0831E-03 6.4000E+06 4.4908E-03 6.5000E+06 4.5257E-036866 3102
 6.5000E+06 4.0057E-03 6.6000E+06 4.0366E-03 6.6000E+06 3.5798E-036866 3102
 6.7000E+06 3.6071E-03 6.7000E+06 3.2032E-03 6.8000E+06 3.2275E-036866 3102
 6.8000E+06 2.8714E-03 6.9000E+06 2.8930E-03 6.9000E+06 2.5777E-036866 3102
 7.0000E+06 2.5970E-03 7.0000E+06 2.4083E-03 7.1000E+06 2.4262E-036866 3102
 7.1000E+06 2.3413E-03 7.2000E+06 2.3585E-03 7.2000E+06 2.2782E-036866 3102
 7.3000E+06 2.2949E-03 7.3000E+06 2.2166E-03 7.4000E+06 2.2326E-036866 3102
 7.4000E+06 2.1583E-03 7.5000E+06 2.1738E-03 7.5000E+06 2.1023E-036866 3102
 7.6000E+06 2.1174E-03 7.6000E+06 2.0480E-03 7.7000E+06 2.0626E-036866 3102
 7.7000E+06 1.9968E-03 7.8000E+06 2.0109E-03 7.8000E+06 1.9465E-036866 3102
 7.9000E+06 1.9601E-03 7.9000E+06 1.8993E-03 8.0000E+06 1.9125E-036866 3102
 8.0000E+06 1.8528E-03 8.1000E+06 1.8656E-03 8.1000E+06 1.8090E-036866 3102
 8.2000E+06 1.8214E-03 8.2000E+06 1.7661E-03 8.3000E+06 1.7781E-036866 3102
 8.3000E+06 1.7251E-03 8.4000E+06 1.7368E-03 8.4000E+06 1.6856E-036866 3102
 8.5000E+06 1.6969E-03 8.5000E+06 1.6472E-03 8.6000E+06 1.6582E-036866 3102
 8.6000E+06 1.6108E-03 8.7000E+06 1.6214E-03 8.7000E+06 1.5748E-036866 3102
 8.8000E+06 1.5852E-03 8.8000E+06 1.5410E-03 8.9000E+06 1.5511E-036866 3102
 8.9000E+06 1.5074E-03 9.0000E+06 1.5172E-03 9.0000E+06 1.4759E-036866 3102
 9.1000E+06 1.4855E-03 9.1000E+06 1.4445E-03 9.2000E+06 1.4538E-036866 3102
 9.2000E+06 1.4150E-03 9.3000E+06 1.4240E-03 9.3000E+06 1.3855E-036866 3102
 9.4000E+06 1.3943E-03 9.4000E+06 1.3580E-03 9.5000E+06 1.3665E-036866 3102
 9.5000E+06 1.3304E-03 9.6000E+06 1.3387E-03 9.6000E+06 1.3045E-036866 3102
 9.7000E+06 1.3126E-03 9.7000E+06 1.2787E-03 9.8000E+06 1.2866E-036866 3102
 9.8000E+06 1.2542E-03 9.9000E+06 1.2619E-03 9.9000E+06 1.2302E-036866 3102
 1.0000E+07 1.2377E-03 1.0000E+07 1.2264E-03 1.0100E+07 1.2339E-036866 3102
 1.0100E+07 1.2437E-03 1.0200E+07 1.2512E-03 1.0200E+07 1.2610E-036866 3102
 1.0300E+07 1.2686E-03 1.0300E+07 1.2785E-03 1.0400E+07 1.2861E-036866 3102
 1.0400E+07 1.2961E-03 1.0500E+07 1.3038E-03 1.0500E+07 1.3138E-036866 3102
 1.0600E+07 1.3215E-03 1.0600E+07 1.3315E-03 1.0700E+07 1.3393E-036866 3102
 1.0700E+07 1.3496E-03 1.0800E+07 1.3574E-03 1.0800E+07 1.3676E-036866 3102
 1.0900E+07 1.3755E-03 1.0900E+07 1.3856E-03 1.1000E+07 1.3936E-036866 3102
 1.1000E+07 1.4040E-03 1.1100E+07 1.4120E-03 1.1100E+07 1.4222E-036866 3102
 1.1200E+07 1.4303E-03 1.1200E+07 1.4405E-03 1.1300E+07 1.4486E-036866 3102
 1.1300E+07 1.4590E-03 1.1400E+07 1.4672E-03 1.1400E+07 1.4775E-036866 3102
 1.1500E+07 1.4857E-03 1.1500E+07 1.4962E-03 1.1600E+07 1.5045E-036866 3102
 1.1600E+07 1.5150E-03 1.1700E+07 1.5234E-03 1.1700E+07 1.5339E-036866 3102
 1.1800E+07 1.5423E-03 1.1800E+07 1.5530E-03 1.1900E+07 1.5615E-036866 3102
 1.1900E+07 1.5721E-03 1.2000E+07 1.5806E-03 1.2000E+07 1.5919E-036866 3102
 1.2100E+07 1.6006E-03 1.2100E+07 1.6126E-03 1.2200E+07 1.6213E-036866 3102
 1.2200E+07 1.6333E-03 1.2300E+07 1.6421E-03 1.2300E+07 1.6542E-036866 3102
 1.2400E+07 1.6630E-03 1.2400E+07 1.6752E-03 1.2500E+07 1.6841E-036866 3102
 1.2500E+07 1.6973E-03 1.2600E+07 1.7063E-03 1.2600E+07 1.7186E-036866 3102
 1.2700E+07 1.7276E-03 1.2700E+07 1.7399E-03 1.2800E+07 1.7490E-036866 3102
 1.2800E+07 1.7614E-03 1.2900E+07 1.7705E-03 1.2900E+07 1.7829E-036866 3102
 1.3000E+07 1.7921E-03 1.3000E+07 1.8047E-03 1.3100E+07 1.8140E-036866 3102
 1.3100E+07 1.8266E-03 1.3200E+07 1.8359E-03 1.3200E+07 1.8485E-036866 3102
 1.3300E+07 1.8579E-03 1.3300E+07 1.8706E-03 1.3400E+07 1.8801E-036866 3102
 1.3400E+07 1.8928E-03 1.3500E+07 1.9023E-03 1.3500E+07 1.9152E-036866 3102
 1.3600E+07 1.9248E-03 1.3600E+07 1.9377E-03 1.3700E+07 1.9473E-036866 3102
 1.3700E+07 1.9603E-03 1.3800E+07 1.9700E-03 1.3800E+07 1.9831E-036866 3102
 1.3900E+07 1.9929E-03 1.3900E+07 2.0059E-03 1.4000E+07 2.0158E-036866 3102
 1.4000E+07 2.0290E-03 1.4100E+07 2.0389E-03 1.4100E+07 2.0521E-036866 3102
 1.4200E+07 2.0621E-03 1.4200E+07 2.0753E-03 1.4300E+07 2.0854E-036866 3102
 1.4300E+07 2.0988E-03 1.4400E+07 2.1089E-03 1.4400E+07 2.1222E-036866 3102
 1.4500E+07 2.1324E-03 1.4500E+07 2.1459E-03 1.4600E+07 2.1562E-036866 3102
 1.4600E+07 2.1697E-03 1.4700E+07 2.1800E-03 1.4700E+07 2.1936E-036866 3102
 1.4800E+07 2.2040E-03 1.4800E+07 2.2176E-03 1.4900E+07 2.2281E-036866 3102
 1.4900E+07 2.2418E-03 1.5000E+07 2.2523E-03 1.5000E+07 2.2668E-036866 3102
 1.5100E+07 2.2774E-03 1.5100E+07 2.2928E-03 1.5200E+07 2.3035E-036866 3102
 1.5200E+07 2.3190E-03 1.5300E+07 2.3297E-03 1.5300E+07 2.3453E-036866 3102
 1.5400E+07 2.3560E-03 1.5400E+07 2.3716E-03 1.5500E+07 2.3825E-036866 3102
 1.5500E+07 2.3982E-03 1.5600E+07 2.4091E-03 1.5600E+07 2.4250E-036866 3102
 1.5700E+07 2.4360E-03 1.5700E+07 2.4530E-03 1.5800E+07 2.4641E-036866 3102
 1.5800E+07 2.4801E-03 1.5900E+07 2.4912E-03 1.5900E+07 2.5074E-036866 3102
 1.6000E+07 2.5186E-03 1.6000E+07 2.5347E-03 1.6100E+07 2.5459E-036866 3102
 1.6100E+07 2.5621E-03 1.6200E+07 2.5735E-03 1.6200E+07 2.5898E-036866 3102
 1.6300E+07 2.6013E-03 1.6300E+07 2.6176E-03 1.6400E+07 2.6291E-036866 3102
 1.6400E+07 2.6455E-03 1.6500E+07 2.6571E-03 1.6500E+07 2.6736E-036866 3102
 1.6600E+07 2.6853E-03 1.6600E+07 2.7018E-03 1.6700E+07 2.7135E-036866 3102
 1.6700E+07 2.7302E-03 1.6800E+07 2.7419E-03 1.6800E+07 2.7586E-036866 3102
 1.6900E+07 2.7705E-03 1.6900E+07 2.7873E-03 1.7000E+07 2.7993E-036866 3102
 1.7000E+07 2.8161E-03 1.7100E+07 2.8281E-03 1.7100E+07 2.8450E-036866 3102
 1.7200E+07 2.8571E-03 1.7200E+07 2.8742E-03 1.7300E+07 2.8863E-036866 3102
 1.7300E+07 2.9034E-03 1.7400E+07 2.9156E-03 1.7400E+07 2.9323E-036866 3102
 1.7500E+07 2.9445E-03 1.7500E+07 2.9623E-03 1.7600E+07 2.9746E-036866 3102
 1.7600E+07 2.9920E-03 1.7700E+07 3.0044E-03 1.7700E+07 3.0218E-036866 3102
 1.7800E+07 3.0343E-03 1.7800E+07 3.0518E-03 1.7900E+07 3.0644E-036866 3102
 1.7900E+07 3.0820E-03 1.8000E+07 3.0946E-03 1.8000E+07 3.1123E-036866 3102
 1.8100E+07 3.1250E-03 1.8100E+07 3.1427E-03 1.8200E+07 3.1555E-036866 3102
 1.8200E+07 3.1733E-03 1.8300E+07 3.1862E-03 1.8300E+07 3.2040E-036866 3102
 1.8400E+07 3.2170E-03 1.8400E+07 3.2348E-03 1.8500E+07 3.2478E-036866 3102
 1.8500E+07 3.2658E-03 1.8600E+07 3.2789E-03 1.8600E+07 3.2970E-036866 3102
 1.8700E+07 3.3101E-03 1.8700E+07 3.3283E-03 1.8800E+07 3.3415E-036866 3102
 1.8800E+07 3.3597E-03 1.8900E+07 3.3730E-03 1.8900E+07 3.3913E-036866 3102
 1.9000E+07 3.4047E-03 1.9000E+07 3.4230E-03 1.9100E+07 3.4365E-036866 3102
 1.9100E+07 3.4549E-03 1.9200E+07 3.4684E-03 1.9200E+07 3.4869E-036866 3102
 1.9300E+07 3.5005E-03 1.9300E+07 3.5190E-03 1.9400E+07 3.5327E-036866 3102
 1.9400E+07 3.5513E-03 1.9500E+07 3.5650E-03 1.9500E+07 3.5838E-036866 3102
 1.9600E+07 3.5976E-03 1.9600E+07 3.6165E-03 1.9700E+07 3.6303E-036866 3102
 1.9700E+07 3.6491E-03 1.9800E+07 3.6631E-03 1.9800E+07 3.6820E-036866 3102
 1.9900E+07 3.6960E-03 1.9900E+07 3.7150E-03 2.0000E+07 3.7291E-036866 3102
 2.0000E+07 0.0000E+00                                            6866 3102
                                                                  6866 3  0
