GE- 76N,G*   2.4000-01* JEF-2.2; RN - ---/SYS                     3276 3402
                                                                  3276 3402
 3.20760+04 7.5269E+01          0          1          0          03276 3402
 3.0000E+02 5.9148E+06          0          0          1       18033276 3402
       1803          2                                            3276 3402
 1.0000E-05 4.4618E+00 1.0749E-05 4.3036E+00 1.1544E-05 4.1528E+003276 3402
 1.2295E-05 4.0238E+00 1.3087E-05 3.9002E+00 1.3809E-05 3.7969E+003276 3402
 1.4563E-05 3.6973E+00 1.5351E-05 3.6011E+00 1.6174E-05 3.5082E+003276 3402
 1.7662E-05 3.3573E+00 1.9261E-05 3.2149E+00 2.0757E-05 3.0969E+003276 3402
 2.2349E-05 2.9846E+00 2.3851E-05 2.8891E+00 2.5436E-05 2.7976E+003276 3402
 2.6943E-05 2.7183E+00 2.8523E-05 2.6419E+00 3.1484E-05 2.5146E+003276 3402
 3.4697E-05 2.3954E+00 3.7679E-05 2.2987E+00 4.0872E-05 2.2071E+003276 3402
 4.3868E-05 2.1304E+00 4.7046E-05 2.0572E+00 5.0054E-05 1.9944E+003276 3402
 5.3220E-05 1.9342E+00 5.6237E-05 1.8816E+00 5.9395E-05 1.8309E+003276 3402
 6.5326E-05 1.7459E+00 7.1743E-05 1.6660E+00 7.7713E-05 1.6007E+003276 3402
 8.4092E-05 1.5388E+00 9.0090E-05 1.4868E+00 9.6440E-05 1.4369E+003276 3402
 1.0246E-04 1.3941E+00 1.0879E-04 1.3530E+00 1.2061E-04 1.2850E+003276 3402
 1.3349E-04 1.2215E+00 1.4540E-04 1.1704E+00 1.5818E-04 1.1221E+003276 3402
 1.7016E-04 1.0819E+00 1.8288E-04 1.0437E+00 1.9490E-04 1.0110E+003276 3402
 2.0758E-04 9.7969E-01 2.1911E-04 9.5356E-01 2.3118E-04 9.2838E-013276 3402
 2.4379E-04 9.0406E-01 2.5697E-04 8.8056E-01 2.8077E-04 8.4244E-013276 3402
 3.0637E-04 8.0650E-01 3.3030E-04 7.7675E-01 3.5576E-04 7.4844E-013276 3402
 3.7979E-04 7.2444E-01 4.0516E-04 7.0138E-01 4.2819E-04 6.8225E-013276 3402
 4.5231E-04 6.6381E-01 4.7755E-04 6.4606E-01 5.0395E-04 6.2894E-013276 3402
 5.5150E-04 6.0121E-01 6.0273E-04 5.7510E-01 6.5057E-04 5.5356E-013276 3402
 7.0152E-04 5.3309E-01 7.4956E-04 5.1573E-01 8.0031E-04 4.9912E-013276 3402
 8.4635E-04 4.8536E-01 8.9456E-04 4.7211E-01 9.4505E-04 4.5933E-013276 3402
 9.9789E-04 4.4701E-01 1.0930E-03 4.2714E-01 1.1955E-03 4.0843E-013276 3402
 1.2911E-03 3.9302E-01 1.3930E-03 3.7837E-01 1.4891E-03 3.6596E-013276 3402
 1.5906E-03 3.5409E-01 1.6827E-03 3.4427E-01 1.7791E-03 3.3481E-013276 3402
 1.8801E-03 3.2569E-01 1.9858E-03 3.1691E-01 2.1759E-03 3.0274E-013276 3402
 2.3809E-03 2.8941E-01 2.5722E-03 2.7844E-01 2.7761E-03 2.6802E-013276 3402
 2.9682E-03 2.5920E-01 3.1713E-03 2.5077E-01 3.3553E-03 2.4379E-013276 3402
 3.5481E-03 2.3707E-01 3.7501E-03 2.3061E-01 3.9616E-03 2.2436E-013276 3402
 4.3418E-03 2.1432E-01 4.7519E-03 2.0486E-01 5.1344E-03 1.9708E-013276 3402
 5.5422E-03 1.8969E-01 5.9264E-03 1.8344E-01 6.3325E-03 1.7746E-013276 3402
 6.7005E-03 1.7252E-01 7.0862E-03 1.6776E-01 7.4901E-03 1.6317E-013276 3402
 7.9131E-03 1.5876E-01 8.6735E-03 1.5164E-01 9.4938E-03 1.4494E-013276 3402
 1.0259E-02 1.3942E-01 1.1074E-02 1.3419E-01 1.1843E-02 1.2977E-013276 3402
 1.2655E-02 1.2554E-01 1.3391E-02 1.2204E-01 1.4162E-02 1.1867E-013276 3402
 1.4970E-02 1.1542E-01 1.5816E-02 1.1229E-01 1.7337E-02 1.0726E-013276 3402
 1.8978E-02 1.0252E-01 2.0507E-02 9.8619E-02 2.2139E-02 9.4912E-023276 3402
 2.3675E-02 9.1781E-02 2.5300E-02 8.8787E-02 2.7330E-02 8.5425E-023276 3402
 2.9494E-02 8.2225E-02 3.1533E-02 7.9525E-02 3.3688E-02 7.6938E-023276 3402
 3.5642E-02 7.4800E-02 3.7688E-02 7.2737E-02 3.9832E-02 7.0756E-023276 3402
 4.2077E-02 6.8850E-02 4.6112E-02 6.5769E-02 5.0465E-02 6.2869E-023276 3402
 5.4525E-02 6.0482E-02 5.8854E-02 5.8213E-02 6.2931E-02 5.6294E-023276 3402
 6.7242E-02 5.4460E-02 7.1334E-02 5.2878E-02 7.5630E-02 5.1358E-023276 3402
 8.3669E-02 4.8834E-02 9.2407E-02 4.6467E-02 1.0050E-01 4.4553E-023276 3402
 1.0918E-01 4.2743E-02 1.1732E-01 4.1231E-02 1.2596E-01 3.9791E-023276 3402
 1.3413E-01 3.8559E-02 1.4274E-01 3.7378E-02 1.5093E-01 3.6351E-023276 3402
 1.5951E-01 3.5364E-02 1.7562E-01 3.3708E-02 1.9307E-01 3.2148E-023276 3402
 2.0929E-01 3.0875E-02 2.2662E-01 2.9669E-02 2.4292E-01 2.8656E-023276 3402
 2.6018E-01 2.7688E-02 2.7653E-01 2.6856E-02 2.9373E-01 2.6058E-023276 3402
 3.0944E-01 2.5389E-02 3.2585E-01 2.4746E-02 3.6084E-01 2.3519E-023276 3402
 3.9320E-01 2.2529E-02 4.2794E-01 2.1594E-02 4.6048E-01 2.0816E-023276 3402
 4.9505E-01 2.0076E-02 5.2772E-01 1.9444E-02 5.6216E-01 1.8839E-023276 3402
 5.9349E-01 1.8335E-02 6.2627E-01 1.7849E-02 6.6055E-01 1.7380E-023276 3402
 6.9637E-01 1.6930E-02 7.6102E-01 1.6198E-02 8.3059E-01 1.5504E-023276 3402
 8.9560E-01 1.4931E-02 9.6480E-01 1.4385E-02 1.0301E+00 1.3922E-023276 3402
 1.0990E+00 1.3478E-02 1.1616E+00 1.3110E-02 1.2271E+00 1.2756E-023276 3402
 1.2957E+00 1.2414E-02 1.3674E+00 1.2086E-02 1.4967E+00 1.1555E-023276 3402
 1.6359E+00 1.1052E-02 1.7658E+00 1.0638E-02 1.9043E+00 1.0245E-023276 3402
 2.0348E+00 9.9112E-03 2.1727E+00 9.5919E-03 2.2978E+00 9.3281E-033276 3402
 2.4288E+00 9.0738E-03 2.5660E+00 8.8281E-03 2.7096E+00 8.5925E-033276 3402
 2.9679E+00 8.2125E-03 3.2464E+00 7.8531E-03 3.5063E+00 7.5575E-033276 3402
 3.7833E+00 7.2769E-03 4.0443E+00 7.0387E-03 4.3202E+00 6.8112E-033276 3402
 4.5702E+00 6.6231E-03 4.8322E+00 6.4425E-03 5.1066E+00 6.2681E-033276 3402
 5.3939E+00 6.1002E-03 5.9104E+00 5.8297E-03 6.4676E+00 5.5748E-033276 3402
 6.9873E+00 5.3651E-03 7.5413E+00 5.1660E-03 8.0633E+00 4.9976E-033276 3402
 8.6150E+00 4.8365E-03 9.1150E+00 4.7034E-03 9.6390E+00 4.5753E-033276 3402
 1.0188E+01 4.4519E-03 1.0762E+01 4.3332E-03 1.1796E+01 4.1421E-033276 3402
 1.2910E+01 3.9621E-03 1.3949E+01 3.8142E-03 1.5057E+01 3.6738E-033276 3402
 1.6101E+01 3.5551E-03 1.7205E+01 3.4417E-03 1.8205E+01 3.3481E-033276 3402
 1.9253E+01 3.2580E-03 2.0350E+01 3.1713E-03 2.1500E+01 3.0878E-033276 3402
 2.3566E+01 2.9536E-03 2.5794E+01 2.8275E-03 2.7873E+01 2.7240E-033276 3402
 3.0089E+01 2.6258E-03 3.2177E+01 2.5430E-03 3.4384E+01 2.4640E-033276 3402
 3.6384E+01 2.3988E-03 3.8480E+01 2.3362E-03 4.0675E+01 2.2760E-033276 3402
 4.2974E+01 2.2183E-03 4.7106E+01 2.1255E-03 5.1564E+01 2.0387E-033276 3402
 5.5721E+01 1.9677E-03 6.0153E+01 1.9008E-03 6.4329E+01 1.8446E-033276 3402
 6.8743E+01 1.7911E-03 7.2743E+01 1.7474E-03 7.6934E+01 1.7055E-033276 3402
 8.1325E+01 1.6656E-03 8.5923E+01 1.6275E-03 9.4186E+01 1.5671E-033276 3402
 1.0310E+02 1.5116E-03 1.1142E+02 1.4672E-03 1.2028E+02 1.4264E-033276 3402
 1.2863E+02 1.3931E-03 1.3746E+02 1.3626E-03 1.4546E+02 1.3386E-033276 3402
 1.5384E+02 1.3168E-03 1.6262E+02 1.2973E-03 1.7182E+02 1.2801E-033276 3402
 1.8835E+02 1.2569E-03 2.0618E+02 1.2421E-03 2.2281E+02 1.2374E-033276 3402
 2.4054E+02 1.2419E-03 2.4889E+02 1.2477E-03 2.6607E+02 1.2674E-033276 3402
 2.7490E+02 1.2818E-03 2.9089E+02 1.3169E-03 2.9928E+02 1.3404E-033276 3402
 3.0766E+02 1.3678E-03 3.1644E+02 1.4014E-03 3.2982E+02 1.4634E-033276 3402
 3.4361E+02 1.5441E-03 3.5601E+02 1.6346E-03 3.6841E+02 1.7472E-033276 3402
 3.7667E+02 1.8374E-03 3.8113E+02 1.8920E-03 3.9004E+02 2.0163E-033276 3402
 3.9450E+02 2.0869E-03 4.0342E+02 2.2489E-03 4.0787E+02 2.3420E-033276 3402
 4.1649E+02 2.5495E-03 4.2480E+02 2.7924E-03 4.2896E+02 2.9333E-033276 3402
 4.3312E+02 3.0896E-03 4.3727E+02 3.2636E-03 4.4143E+02 3.4576E-033276 3402
 4.4559E+02 3.6754E-03 4.4780E+02 3.8027E-03 4.5224E+02 4.0836E-033276 3402
 4.5667E+02 4.4053E-03 4.5889E+02 4.5840E-03 4.6332E+02 4.9832E-033276 3402
 4.6554E+02 5.2067E-03 4.6997E+02 5.7104E-03 4.7218E+02 5.9949E-033276 3402
 4.7440E+02 6.3044E-03 4.7662E+02 6.6425E-03 4.7883E+02 7.0125E-033276 3402
 4.8105E+02 7.4187E-03 4.8314E+02 7.8381E-03 4.8523E+02 8.2988E-033276 3402
 4.8731E+02 8.8056E-03 4.8940E+02 9.3662E-03 4.9149E+02 9.9869E-033276 3402
 4.9358E+02 1.0675E-02 4.9462E+02 1.1049E-02 4.9671E+02 1.1863E-023276 3402
 4.9880E+02 1.2780E-02 4.9984E+02 1.3282E-02 5.0193E+02 1.4384E-023276 3402
 5.0297E+02 1.4991E-02 5.0506E+02 1.6334E-02 5.0610E+02 1.7078E-023276 3402
 5.0819E+02 1.8734E-02 5.0923E+02 1.9660E-02 5.1028E+02 2.0659E-023276 3402
 5.1132E+02 2.1739E-02 5.1237E+02 2.2911E-02 5.1341E+02 2.4183E-023276 3402
 5.1445E+02 2.5569E-02 5.1556E+02 2.7174E-02 5.1666E+02 2.8940E-023276 3402
 5.1776E+02 3.0889E-02 5.1887E+02 3.3049E-02 5.1997E+02 3.5441E-023276 3402
 5.2107E+02 3.8113E-02 5.2163E+02 3.9570E-02 5.2273E+02 4.2755E-023276 3402
 5.2328E+02 4.4497E-02 5.2383E+02 4.6350E-02 5.2439E+02 4.8324E-023276 3402
 5.2494E+02 5.0431E-02 5.2549E+02 5.2680E-02 5.2604E+02 5.5087E-023276 3402
 5.2659E+02 5.7666E-02 5.2714E+02 6.0434E-02 5.2770E+02 6.3406E-023276 3402
 5.2825E+02 6.6612E-02 5.2880E+02 7.0075E-02 5.2935E+02 7.3813E-023276 3402
 5.2990E+02 7.7863E-02 5.3046E+02 8.2262E-02 5.3101E+02 8.7056E-023276 3402
 5.3156E+02 9.2281E-02 5.3211E+02 9.8000E-02 5.3266E+02 1.0427E-013276 3402
 5.3321E+02 1.1119E-01 5.3377E+02 1.1881E-01 5.3432E+02 1.2724E-013276 3402
 5.3487E+02 1.3662E-01 5.3515E+02 1.4169E-01 5.3542E+02 1.4707E-013276 3402
 5.3570E+02 1.5277E-01 5.3597E+02 1.5881E-01 5.3625E+02 1.6521E-013276 3402
 5.3652E+02 1.7202E-01 5.3680E+02 1.7927E-01 5.3708E+02 1.8699E-013276 3402
 5.3735E+02 1.9522E-01 5.3763E+02 2.0401E-01 5.3790E+02 2.1342E-013276 3402
 5.3818E+02 2.2350E-01 5.3846E+02 2.3432E-01 5.3873E+02 2.4595E-013276 3402
 5.3901E+02 2.5848E-01 5.3928E+02 2.7199E-01 5.3956E+02 2.8661E-013276 3402
 5.3984E+02 3.0244E-01 5.4011E+02 3.1964E-01 5.4039E+02 3.3835E-013276 3402
 5.4066E+02 3.5876E-01 5.4094E+02 3.8109E-01 5.4108E+02 3.9306E-013276 3402
 5.4135E+02 4.1876E-01 5.4149E+02 4.3257E-01 5.4163E+02 4.4710E-013276 3402
 5.4177E+02 4.6237E-01 5.4190E+02 4.7846E-01 5.4204E+02 4.9539E-013276 3402
 5.4218E+02 5.1327E-01 5.4232E+02 5.3213E-01 5.4246E+02 5.5207E-013276 3402
 5.4259E+02 5.7315E-01 5.4273E+02 5.9550E-01 5.4287E+02 6.1918E-013276 3402
 5.4301E+02 6.4431E-01 5.4318E+02 6.7800E-01 5.4325E+02 6.9225E-013276 3402
 5.4342E+02 7.2981E-01 5.4349E+02 7.4575E-01 5.4356E+02 7.6219E-013276 3402
 5.4370E+02 7.9675E-01 5.4384E+02 8.3381E-01 5.4397E+02 8.7350E-013276 3402
 5.4404E+02 8.9444E-01 5.4411E+02 9.1619E-01 5.4418E+02 9.3869E-013276 3402
 5.4425E+02 9.6206E-01 5.4432E+02 9.8638E-01 5.4439E+02 1.0116E+003276 3402
 5.4446E+02 1.0378E+00 5.4453E+02 1.0651E+00 5.4459E+02 1.0934E+003276 3402
 5.4466E+02 1.1230E+00 5.4473E+02 1.1538E+00 5.4480E+02 1.1859E+003276 3402
 5.4487E+02 1.2193E+00 5.4494E+02 1.2543E+00 5.4501E+02 1.2908E+003276 3402
 5.4508E+02 1.3289E+00 5.4515E+02 1.3688E+00 5.4522E+02 1.4105E+003276 3402
 5.4528E+02 1.4543E+00 5.4535E+02 1.5001E+00 5.4542E+02 1.5482E+003276 3402
 5.4549E+02 1.5987E+00 5.4556E+02 1.6519E+00 5.4563E+02 1.7077E+003276 3402
 5.4570E+02 1.7666E+00 5.4577E+02 1.8286E+00 5.4584E+02 1.8941E+003276 3402
 5.4591E+02 1.9631E+00 5.4597E+02 2.0362E+00 5.4604E+02 2.1137E+003276 3402
 5.4611E+02 2.1958E+00 5.4618E+02 2.2829E+00 5.4625E+02 2.3756E+003276 3402
 5.4632E+02 2.4743E+00 5.4639E+02 2.5796E+00 5.4646E+02 2.6918E+003276 3402
 5.4653E+02 2.8122E+00 5.4659E+02 2.9413E+00 5.4666E+02 3.0801E+003276 3402
 5.4670E+02 3.1534E+00 5.4673E+02 3.2293E+00 5.4677E+02 3.3084E+003276 3402
 5.4680E+02 3.3906E+00 5.4684E+02 3.4763E+00 5.4687E+02 3.5654E+003276 3402
 5.4691E+02 3.6583E+00 5.4694E+02 3.7553E+00 5.4697E+02 3.8564E+003276 3402
 5.4701E+02 3.9618E+00 5.4704E+02 4.0723E+00 5.4708E+02 4.1880E+003276 3402
 5.4711E+02 4.3093E+00 5.4715E+02 4.4365E+00 5.4718E+02 4.5701E+003276 3402
 5.4722E+02 4.7106E+00 5.4725E+02 4.8584E+00 5.4728E+02 5.0139E+003276 3402
 5.4732E+02 5.1784E+00 5.4735E+02 5.3523E+00 5.4739E+02 5.5364E+003276 3402
 5.4742E+02 5.7310E+00 5.4746E+02 5.9381E+00 5.4749E+02 6.1584E+003276 3402
 5.4753E+02 6.3931E+00 5.4756E+02 6.6425E+00 5.4759E+02 6.9094E+003276 3402
 5.4763E+02 7.1956E+00 5.4766E+02 7.5019E+00 5.4770E+02 7.8306E+003276 3402
 5.4773E+02 8.1844E+00 5.4777E+02 8.5650E+00 5.4780E+02 8.9750E+003276 3402
 5.4784E+02 9.4156E+00 5.4787E+02 9.8938E+00 5.4791E+02 1.0411E+013276 3402
 5.4794E+02 1.0970E+01 5.4797E+02 1.1576E+01 5.4801E+02 1.2234E+013276 3402
 5.4804E+02 1.2947E+01 5.4808E+02 1.3721E+01 5.4811E+02 1.4558E+013276 3402
 5.4815E+02 1.5469E+01 5.4818E+02 1.6458E+01 5.4822E+02 1.7532E+013276 3402
 5.4825E+02 1.8696E+01 5.4828E+02 1.9959E+01 5.4832E+02 2.1327E+013276 3402
 5.4835E+02 2.2807E+01 5.4839E+02 2.4404E+01 5.4842E+02 2.6133E+013276 3402
 5.4846E+02 2.7999E+01 5.4849E+02 3.0008E+01 5.4853E+02 3.2170E+013276 3402
 5.4856E+02 3.4491E+01 5.4860E+02 3.6979E+01 5.4863E+02 3.9641E+013276 3402
 5.4866E+02 4.2473E+01 5.4870E+02 4.5499E+01 5.4873E+02 4.8716E+013276 3402
 5.4877E+02 5.2127E+01 5.4880E+02 5.5734E+01 5.4884E+02 5.9539E+013276 3402
 5.4887E+02 6.3544E+01 5.4891E+02 6.7744E+01 5.4894E+02 7.2125E+013276 3402
 5.4897E+02 7.6700E+01 5.4901E+02 8.1463E+01 5.4904E+02 8.6394E+013276 3402
 5.4910E+02 9.4100E+01 5.4913E+02 9.9406E+01 5.4918E+02 1.0759E+023276 3402
 5.4928E+02 1.2450E+02 5.4937E+02 1.3879E+02 5.4947E+02 1.5545E+023276 3402
 5.4956E+02 1.6838E+02 5.4961E+02 1.7547E+02 5.4966E+02 1.8196E+023276 3402
 5.4970E+02 1.8589E+02 5.4975E+02 1.9113E+02 5.4980E+02 1.9509E+023276 3402
 5.4985E+02 1.9899E+02 5.4991E+02 2.0163E+02 5.4994E+02 2.0246E+023276 3402
 5.5000E+02 2.0311E+02 5.5004E+02 2.0271E+02 5.5009E+02 2.0157E+023276 3402
 5.5015E+02 1.9888E+02 5.5020E+02 1.9494E+02 5.5023E+02 1.9253E+023276 3402
 5.5028E+02 1.8823E+02 5.5032E+02 1.8332E+02 5.5037E+02 1.7786E+023276 3402
 5.5044E+02 1.6768E+02 5.5049E+02 1.6106E+02 5.5053E+02 1.5412E+023276 3402
 5.5061E+02 1.4209E+02 5.5080E+02 1.1002E+02 5.5089E+02 9.5850E+013276 3402
 5.5092E+02 9.1312E+01 5.5098E+02 8.2587E+01 5.5104E+02 7.4362E+013276 3402
 5.5107E+02 7.0469E+01 5.5110E+02 6.6706E+01 5.5113E+02 6.3087E+013276 3402
 5.5116E+02 5.9617E+01 5.5119E+02 5.6308E+01 5.5122E+02 5.3137E+013276 3402
 5.5125E+02 5.0115E+01 5.5128E+02 4.7240E+01 5.5131E+02 4.4519E+013276 3402
 5.5134E+02 4.1931E+01 5.5137E+02 3.9483E+01 5.5140E+02 3.7169E+013276 3402
 5.5143E+02 3.4994E+01 5.5146E+02 3.2939E+01 5.5149E+02 3.1006E+013276 3402
 5.5152E+02 2.9189E+01 5.5155E+02 2.7491E+01 5.5158E+02 2.5894E+013276 3402
 5.5161E+02 2.4399E+01 5.5164E+02 2.3001E+01 5.5167E+02 2.1698E+013276 3402
 5.5170E+02 2.0478E+01 5.5173E+02 1.9339E+01 5.5176E+02 1.8277E+013276 3402
 5.5179E+02 1.7291E+01 5.5182E+02 1.6369E+01 5.5185E+02 1.5509E+013276 3402
 5.5188E+02 1.4709E+01 5.5191E+02 1.3966E+01 5.5194E+02 1.3273E+013276 3402
 5.5197E+02 1.2626E+01 5.5200E+02 1.2024E+01 5.5203E+02 1.1463E+013276 3402
 5.5206E+02 1.0941E+01 5.5209E+02 1.0454E+01 5.5212E+02 9.9981E+003276 3402
 5.5215E+02 9.5738E+00 5.5218E+02 9.1756E+00 5.5221E+02 8.8038E+003276 3402
 5.5224E+02 8.4550E+00 5.5227E+02 8.1294E+00 5.5230E+02 7.8225E+003276 3402
 5.5233E+02 7.5350E+00 5.5236E+02 7.2637E+00 5.5239E+02 7.0100E+003276 3402
 5.5242E+02 6.7700E+00 5.5245E+02 6.5431E+00 5.5251E+02 6.1276E+003276 3402
 5.5257E+02 5.7542E+00 5.5263E+02 5.4186E+00 5.5269E+02 5.1145E+003276 3402
 5.5275E+02 4.8386E+00 5.5281E+02 4.5865E+00 5.5287E+02 4.3560E+003276 3402
 5.5293E+02 4.1438E+00 5.5299E+02 3.9485E+00 5.5305E+02 3.7676E+003276 3402
 5.5311E+02 3.6000E+00 5.5317E+02 3.4440E+00 5.5323E+02 3.2988E+003276 3402
 5.5329E+02 3.1629E+00 5.5335E+02 3.0360E+00 5.5341E+02 2.9168E+003276 3402
 5.5347E+02 2.8050E+00 5.5353E+02 2.6996E+00 5.5359E+02 2.6005E+003276 3402
 5.5365E+02 2.5069E+00 5.5371E+02 2.4185E+00 5.5383E+02 2.2556E+003276 3402
 5.5395E+02 2.1091E+00 5.5407E+02 1.9769E+00 5.5419E+02 1.8571E+003276 3402
 5.5431E+02 1.7480E+00 5.5443E+02 1.6484E+00 5.5455E+02 1.5574E+003276 3402
 5.5467E+02 1.4738E+00 5.5479E+02 1.3969E+00 5.5491E+02 1.3259E+003276 3402
 5.5503E+02 1.2603E+00 5.5515E+02 1.1995E+00 5.5527E+02 1.1431E+003276 3402
 5.5539E+02 1.0906E+00 5.5551E+02 1.0417E+00 5.5563E+02 9.9606E-013276 3402
 5.5575E+02 9.5344E-01 5.5587E+02 9.1344E-01 5.5599E+02 8.7600E-013276 3402
 5.5611E+02 8.4087E-01 5.5623E+02 8.0775E-01 5.5635E+02 7.7662E-013276 3402
 5.5647E+02 7.4725E-01 5.5659E+02 7.1956E-01 5.5671E+02 6.9337E-013276 3402
 5.5695E+02 6.4512E-01 5.5719E+02 6.0179E-01 5.5743E+02 5.6268E-013276 3402
 5.5767E+02 5.2727E-01 5.5791E+02 4.9513E-01 5.5815E+02 4.6583E-013276 3402
 5.5839E+02 4.3907E-01 5.5862E+02 4.1456E-01 5.5886E+02 3.9206E-013276 3402
 5.5910E+02 3.7134E-01 5.5934E+02 3.5223E-01 5.5958E+02 3.3456E-013276 3402
 5.5982E+02 3.1820E-01 5.6006E+02 3.0301E-01 5.6030E+02 2.8887E-013276 3402
 5.6054E+02 2.7571E-01 5.6078E+02 2.6343E-01 5.6102E+02 2.5196E-013276 3402
 5.6126E+02 2.4122E-01 5.6150E+02 2.3115E-01 5.6174E+02 2.2171E-013276 3402
 5.6198E+02 2.1283E-01 5.6222E+02 2.0448E-01 5.6246E+02 1.9661E-013276 3402
 5.6270E+02 1.8919E-01 5.6294E+02 1.8218E-01 5.6318E+02 1.7556E-013276 3402
 5.6366E+02 1.6337E-01 5.6414E+02 1.5239E-01 5.6462E+02 1.4248E-013276 3402
 5.6510E+02 1.3350E-01 5.6558E+02 1.2534E-01 5.6606E+02 1.1791E-013276 3402
 5.6654E+02 1.1113E-01 5.6702E+02 1.0491E-01 5.6750E+02 9.9200E-023276 3402
 5.6798E+02 9.3944E-02 5.6846E+02 8.9094E-02 5.6894E+02 8.4613E-023276 3402
 5.6942E+02 8.0462E-02 5.6989E+02 7.6606E-02 5.7037E+02 7.3025E-023276 3402
 5.7085E+02 6.9694E-02 5.7133E+02 6.6581E-02 5.7181E+02 6.3669E-023276 3402
 5.7229E+02 6.0950E-02 5.7277E+02 5.8400E-02 5.7325E+02 5.6008E-023276 3402
 5.7421E+02 5.1644E-02 5.7469E+02 4.9652E-02 5.7565E+02 4.6003E-023276 3402
 5.7613E+02 4.4332E-02 5.7709E+02 4.1252E-02 5.7805E+02 3.8476E-023276 3402
 5.7901E+02 3.5971E-02 5.7997E+02 3.3705E-02 5.8092E+02 3.1648E-023276 3402
 5.8193E+02 2.9692E-02 5.8293E+02 2.7913E-02 5.8393E+02 2.6291E-023276 3402
 5.8494E+02 2.4807E-02 5.8594E+02 2.3446E-02 5.8694E+02 2.2196E-023276 3402
 5.8795E+02 2.1044E-02 5.8895E+02 1.9981E-02 5.9096E+02 1.8084E-023276 3402
 5.9196E+02 1.7237E-02 5.9397E+02 1.5716E-02 5.9497E+02 1.5031E-023276 3402
 5.9698E+02 1.3791E-02 5.9798E+02 1.3228E-02 5.9999E+02 1.2204E-023276 3402
 6.0199E+02 1.1297E-02 6.0500E+02 1.0122E-02 6.0701E+02 9.4419E-033276 3402
 6.0902E+02 8.8275E-03 6.1102E+02 8.2737E-03 6.1303E+02 7.7719E-033276 3402
 6.1513E+02 7.2969E-03 6.1723E+02 6.8662E-03 6.2142E+02 6.1160E-033276 3402
 6.2352E+02 5.7886E-03 6.2772E+02 5.2124E-03 6.2982E+02 4.9580E-033276 3402
 6.3401E+02 4.5058E-03 6.3611E+02 4.3044E-03 6.4031E+02 3.9431E-033276 3402
 6.4450E+02 3.6293E-03 6.5099E+02 3.2199E-03 6.5757E+02 2.8785E-033276 3402
 6.6415E+02 2.5949E-03 6.6853E+02 2.4317E-03 6.7731E+02 2.1554E-033276 3402
 6.8169E+02 2.0373E-03 6.8961E+02 1.8521E-03 7.0148E+02 1.6271E-033276 3402
 7.0939E+02 1.5043E-03 7.2126E+02 1.3513E-03 7.3314E+02 1.2271E-033276 3402
 7.4501E+02 1.1248E-03 7.5353E+02 1.0622E-03 7.6630E+02 9.8169E-043276 3402
 7.7908E+02 9.1413E-04 7.9612E+02 8.3969E-04 8.1315E+02 7.7894E-043276 3402
 8.3703E+02 7.1081E-04 8.6091E+02 6.5719E-04 8.8530E+02 6.1324E-043276 3402
 9.0225E+02 5.8762E-04 9.4461E+02 5.3633E-04 9.9257E+02 4.9354E-043276 3402
 1.0254E+03 4.7051E-04 1.0761E+03 4.4189E-04 1.1534E+03 4.0899E-043276 3402
 1.2519E+03 3.7867E-04 1.3390E+03 3.5843E-04 1.4023E+03 3.4628E-043276 3402
 1.5678E+03 3.2121E-04 1.7631E+03 2.9954E-04 1.8648E+03 2.9046E-043276 3402
 1.9927E+03 2.8061E-04 2.1890E+03 2.6814E-04 2.3786E+03 2.5853E-043276 3402
 2.5833E+03 2.5038E-04 2.8434E+03 2.4311E-04 3.1112E+03 2.3952E-043276 3402
 3.3385E+03 2.4056E-04 3.5357E+03 2.4617E-04 3.7053E+03 2.5683E-043276 3402
 3.8970E+03 2.8098E-04 3.9947E+03 3.0230E-04 4.0960E+03 3.3617E-043276 3402
 4.1804E+03 3.7983E-04 4.2311E+03 4.1699E-04 4.2792E+03 4.6391E-043276 3402
 4.3433E+03 5.5378E-04 4.3914E+03 6.5438E-04 4.4315E+03 7.7425E-043276 3402
 4.4555E+03 8.6994E-04 4.4796E+03 9.9131E-04 4.4960E+03 1.0939E-033276 3402
 4.5213E+03 1.2949E-03 4.5381E+03 1.4681E-03 4.5507E+03 1.6266E-033276 3402
 4.5591E+03 1.7492E-03 4.5718E+03 1.9647E-03 4.5844E+03 2.2284E-033276 3402
 4.5970E+03 2.5556E-03 4.6054E+03 2.8195E-03 4.6181E+03 3.3067E-033276 3402
 4.6223E+03 3.4996E-03 4.6307E+03 3.9434E-03 4.6349E+03 4.1996E-033276 3402
 4.6433E+03 4.7963E-03 4.6475E+03 5.1453E-03 4.6538E+03 5.7503E-033276 3402
 4.6601E+03 6.4737E-03 4.6665E+03 7.3481E-03 4.6707E+03 8.0369E-033276 3402
 4.6728E+03 8.4187E-03 4.6770E+03 9.2725E-03 4.6791E+03 9.7500E-033276 3402
 4.6833E+03 1.0825E-02 4.6854E+03 1.1432E-02 4.6896E+03 1.2814E-023276 3402
 4.6938E+03 1.4479E-02 4.6980E+03 1.6495E-02 4.7022E+03 1.8938E-023276 3402
 4.7043E+03 2.0366E-02 4.7064E+03 2.1976E-02 4.7085E+03 2.3787E-023276 3402
 4.7096E+03 2.4778E-02 4.7107E+03 2.5833E-02 4.7117E+03 2.6959E-023276 3402
 4.7128E+03 2.8162E-02 4.7138E+03 2.9448E-02 4.7149E+03 3.0824E-023276 3402
 4.7159E+03 3.2300E-02 4.7170E+03 3.3884E-02 4.7175E+03 3.4721E-023276 3402
 4.7180E+03 3.5590E-02 4.7183E+03 3.6037E-02 4.7187E+03 3.6724E-023276 3402
 4.7191E+03 3.7550E-02 4.7193E+03 3.7912E-02 4.7195E+03 3.8219E-023276 3402
 4.7200E+03 3.9161E-02 4.7203E+03 3.9678E-02 4.7209E+03 4.1015E-023276 3402
 4.7212E+03 4.1569E-02 4.7217E+03 4.2713E-02 4.7222E+03 4.3904E-023276 3402
 4.7227E+03 4.5146E-02 4.7233E+03 4.6441E-02 4.7238E+03 4.7796E-023276 3402
 4.7243E+03 4.9209E-02 4.7249E+03 5.0686E-02 4.7254E+03 5.2230E-023276 3402
 4.7259E+03 5.3846E-02 4.7264E+03 5.5539E-02 4.7270E+03 5.7314E-023276 3402
 4.7275E+03 5.9175E-02 4.7280E+03 6.1129E-02 4.7285E+03 6.3181E-023276 3402
 4.7291E+03 6.5337E-02 4.7296E+03 6.7612E-02 4.7301E+03 7.0000E-023276 3402
 4.7306E+03 7.2525E-02 4.7312E+03 7.5188E-02 4.7317E+03 7.7994E-023276 3402
 4.7322E+03 8.0969E-02 4.7327E+03 8.4113E-02 4.7333E+03 8.7444E-023276 3402
 4.7338E+03 9.0981E-02 4.7343E+03 9.4738E-02 4.7348E+03 9.8725E-023276 3402
 4.7354E+03 1.0297E-01 4.7356E+03 1.0521E-01 4.7359E+03 1.0751E-013276 3402
 4.7362E+03 1.0989E-01 4.7364E+03 1.1234E-01 4.7367E+03 1.1489E-013276 3402
 4.7370E+03 1.1752E-01 4.7372E+03 1.2024E-01 4.7375E+03 1.2306E-013276 3402
 4.7377E+03 1.2598E-01 4.7380E+03 1.2900E-01 4.7383E+03 1.3214E-013276 3402
 4.7385E+03 1.3539E-01 4.7388E+03 1.3876E-01 4.7391E+03 1.4226E-013276 3402
 4.7393E+03 1.4589E-01 4.7396E+03 1.4967E-01 4.7398E+03 1.5359E-013276 3402
 4.7401E+03 1.5768E-01 4.7404E+03 1.6194E-01 4.7406E+03 1.6636E-013276 3402
 4.7409E+03 1.7096E-01 4.7412E+03 1.7576E-01 4.7414E+03 1.8076E-013276 3402
 4.7417E+03 1.8598E-01 4.7419E+03 1.9144E-01 4.7422E+03 1.9713E-013276 3402
 4.7425E+03 2.0308E-01 4.7427E+03 2.0931E-01 4.7430E+03 2.1583E-013276 3402
 4.7433E+03 2.2265E-01 4.7435E+03 2.2981E-01 4.7438E+03 2.3731E-013276 3402
 4.7441E+03 2.4519E-01 4.7443E+03 2.5346E-01 4.7446E+03 2.6217E-013276 3402
 4.7448E+03 2.7132E-01 4.7451E+03 2.8098E-01 4.7454E+03 2.9114E-013276 3402
 4.7456E+03 3.0188E-01 4.7459E+03 3.1321E-01 4.7462E+03 3.2519E-013276 3402
 4.7464E+03 3.3787E-01 4.7467E+03 3.5131E-01 4.7469E+03 3.6557E-013276 3402
 4.7472E+03 3.8070E-01 4.7475E+03 3.9678E-01 4.7477E+03 4.1391E-013276 3402
 4.7480E+03 4.3215E-01 4.7483E+03 4.5162E-01 4.7485E+03 4.7242E-013276 3402
 4.7488E+03 4.9468E-01 4.7491E+03 5.1853E-01 4.7493E+03 5.4412E-013276 3402
 4.7496E+03 5.7162E-01 4.7498E+03 6.0123E-01 4.7501E+03 6.3312E-013276 3402
 4.7504E+03 6.6756E-01 4.7506E+03 7.0481E-01 4.7509E+03 7.4519E-013276 3402
 4.7512E+03 7.8894E-01 4.7514E+03 8.3650E-01 4.7517E+03 8.8819E-013276 3402
 4.7519E+03 9.4456E-01 4.7522E+03 1.0060E+00 4.7525E+03 1.0731E+003276 3402
 4.7526E+03 1.1091E+00 4.7527E+03 1.1465E+00 4.7529E+03 1.1859E+003276 3402
 4.7530E+03 1.2267E+00 4.7531E+03 1.2698E+00 4.7533E+03 1.3144E+003276 3402
 4.7534E+03 1.3614E+00 4.7535E+03 1.4103E+00 4.7537E+03 1.4617E+003276 3402
 4.7538E+03 1.5151E+00 4.7539E+03 1.5712E+00 4.7540E+03 1.6294E+003276 3402
 4.7542E+03 1.6906E+00 4.7543E+03 1.7539E+00 4.7544E+03 1.8204E+003276 3402
 4.7546E+03 1.8892E+00 4.7548E+03 2.0358E+00 4.7550E+03 2.1136E+003276 3402
 4.7552E+03 2.2776E+00 4.7554E+03 2.3636E+00 4.7556E+03 2.5447E+003276 3402
 4.7558E+03 2.6398E+00 4.7560E+03 2.8371E+00 4.7563E+03 3.0437E+003276 3402
 4.7567E+03 3.3674E+00 4.7571E+03 3.7531E+00 4.7577E+03 4.2339E+003276 3402
 4.7581E+03 4.5346E+00 4.7584E+03 4.7401E+00 4.7587E+03 4.9226E+003276 3402
 4.7589E+03 5.0288E+00 4.7590E+03 5.1213E+00 4.7592E+03 5.1986E+003276 3402
 4.7594E+03 5.2598E+00 4.7596E+03 5.3041E+00 4.7598E+03 5.3309E+003276 3402
 4.7600E+03 5.3397E+00 4.7602E+03 5.3304E+00 4.7604E+03 5.3031E+003276 3402
 4.7606E+03 5.2583E+00 4.7608E+03 5.1965E+00 4.7610E+03 5.1182E+003276 3402
 4.7611E+03 5.0254E+00 4.7613E+03 4.9187E+00 4.7615E+03 4.7996E+003276 3402
 4.7617E+03 4.6689E+00 4.7619E+03 4.5296E+00 4.7623E+03 4.2293E+003276 3402
 4.7627E+03 3.9108E+00 4.7633E+03 3.3644E+00 4.7637E+03 3.0424E+003276 3402
 4.7641E+03 2.7386E+00 4.7644E+03 2.5471E+00 4.7646E+03 2.3671E+003276 3402
 4.7649E+03 2.1983E+00 4.7651E+03 2.0411E+00 4.7654E+03 1.8946E+003276 3402
 4.7657E+03 1.7597E+00 4.7659E+03 1.6356E+00 4.7662E+03 1.5215E+003276 3402
 4.7665E+03 1.4169E+00 4.7667E+03 1.3211E+00 4.7670E+03 1.2333E+003276 3402
 4.7672E+03 1.1531E+00 4.7675E+03 1.0793E+00 4.7678E+03 1.0121E+003276 3402
 4.7680E+03 9.5044E-01 4.7683E+03 8.9394E-01 4.7685E+03 8.4200E-013276 3402
 4.7688E+03 7.9431E-01 4.7691E+03 7.5037E-01 4.7693E+03 7.0981E-013276 3402
 4.7696E+03 6.7225E-01 4.7699E+03 6.3762E-01 4.7701E+03 6.0559E-013276 3402
 4.7704E+03 5.7584E-01 4.7706E+03 5.4819E-01 4.7709E+03 5.2245E-013276 3402
 4.7712E+03 4.9846E-01 4.7714E+03 4.7607E-01 4.7717E+03 4.5507E-013276 3402
 4.7719E+03 4.3549E-01 4.7725E+03 3.9990E-01 4.7727E+03 3.8366E-013276 3402
 4.7732E+03 3.5409E-01 4.7735E+03 3.4057E-01 4.7740E+03 3.1570E-013276 3402
 4.7746E+03 2.9349E-01 4.7751E+03 2.7353E-01 4.7756E+03 2.5554E-013276 3402
 4.7761E+03 2.3923E-01 4.7766E+03 2.2446E-01 4.7772E+03 2.1101E-013276 3402
 4.7777E+03 1.9873E-01 4.7782E+03 1.8748E-01 4.7787E+03 1.7716E-013276 3402
 4.7793E+03 1.6768E-01 4.7798E+03 1.5894E-01 4.7803E+03 1.5085E-013276 3402
 4.7808E+03 1.4338E-01 4.7813E+03 1.3643E-01 4.7819E+03 1.2999E-013276 3402
 4.7829E+03 1.1839E-01 4.7834E+03 1.1317E-01 4.7845E+03 1.0372E-013276 3402
 4.7855E+03 9.5406E-02 4.7860E+03 9.1619E-02 4.7871E+03 8.4694E-023276 3402
 4.7876E+03 8.1525E-02 4.7881E+03 7.8531E-02 4.7892E+03 7.3012E-023276 3402
 4.7902E+03 6.8062E-02 4.7913E+03 6.3594E-02 4.7923E+03 5.9551E-023276 3402
 4.7934E+03 5.5879E-02 4.7944E+03 5.2541E-02 4.7954E+03 4.9491E-023276 3402
 4.7965E+03 4.6701E-02 4.7975E+03 4.4140E-02 4.7986E+03 4.1784E-023276 3402
 4.8007E+03 3.7608E-02 4.8017E+03 3.5751E-02 4.8038E+03 3.2429E-023276 3402
 4.8059E+03 2.9551E-02 4.8069E+03 2.8255E-02 4.8090E+03 2.5906E-023276 3402
 4.8122E+03 2.2898E-02 4.8153E+03 2.0388E-02 4.8174E+03 1.8941E-023276 3402
 4.8195E+03 1.7644E-02 4.8216E+03 1.6475E-02 4.8236E+03 1.5418E-023276 3402
 4.8257E+03 1.4461E-02 4.8299E+03 1.2797E-02 4.8320E+03 1.2072E-023276 3402
 4.8362E+03 1.0797E-02 4.8404E+03 9.7163E-03 4.8466E+03 8.3787E-033276 3402
 4.8529E+03 7.3031E-03 4.8592E+03 6.4256E-03 4.8633E+03 5.9275E-033276 3402
 4.8696E+03 5.2842E-03 4.8759E+03 4.7439E-03 4.8801E+03 4.4300E-033276 3402
 4.8884E+03 3.8899E-03 4.8968E+03 3.4459E-03 4.9093E+03 2.9149E-033276 3402
 4.9218E+03 2.5026E-03 4.9344E+03 2.1762E-03 4.9427E+03 1.9951E-033276 3402
 4.9553E+03 1.7658E-03 4.9678E+03 1.5769E-03 4.9803E+03 1.4193E-033276 3402
 4.9887E+03 1.3286E-03 5.0138E+03 1.1079E-03 5.0392E+03 9.4175E-043276 3402
 5.0654E+03 8.1225E-04 5.0829E+03 7.4294E-04 5.1092E+03 6.5781E-043276 3402
 5.1354E+03 5.8996E-04 5.1616E+03 5.3496E-04 5.2054E+03 4.6396E-043276 3402
 5.2753E+03 3.8566E-04 5.3652E+03 3.2190E-04 5.4749E+03 2.7393E-043276 3402
 5.5664E+03 2.4773E-04 5.6794E+03 2.2519E-04 5.7751E+03 2.1147E-043276 3402
 5.9779E+03 1.9171E-04 6.1503E+03 1.8068E-04 6.3572E+03 1.7131E-043276 3402
 6.5350E+03 1.6532E-04 6.9805E+03 1.5491E-04 7.3323E+03 1.4933E-043276 3402
 8.0529E+03 1.4157E-04 8.7580E+03 1.3686E-04 9.6136E+03 1.3406E-043276 3402
 9.7471E+03 1.3392E-04 1.0440E+04 1.3482E-04 1.0879E+04 1.3728E-043276 3402
 1.1102E+04 1.3933E-04 1.1485E+04 1.4470E-04 1.1707E+04 1.4931E-043276 3402
 1.1914E+04 1.5503E-04 1.2052E+04 1.5985E-04 1.2259E+04 1.6919E-043276 3402
 1.2465E+04 1.8214E-04 1.2569E+04 1.9056E-04 1.2741E+04 2.0889E-043276 3402
 1.2853E+04 2.2482E-04 1.2964E+04 2.4555E-04 1.3038E+04 2.6313E-043276 3402
 1.3131E+04 2.9115E-04 1.3187E+04 3.1243E-04 1.3243E+04 3.3833E-043276 3402
 1.3280E+04 3.5890E-04 1.3336E+04 3.9630E-04 1.3391E+04 4.4441E-043276 3402
 1.3447E+04 5.0810E-04 1.3484E+04 5.6303E-04 1.3521E+04 6.3200E-043276 3402
 1.3549E+04 6.9644E-04 1.3577E+04 7.7537E-04 1.3596E+04 8.3844E-043276 3402
 1.3623E+04 9.5375E-04 1.3633E+04 9.9906E-04 1.3651E+04 1.1027E-033276 3402
 1.3661E+04 1.1623E-03 1.3679E+04 1.3003E-03 1.3688E+04 1.3809E-033276 3402
 1.3698E+04 1.4706E-03 1.3707E+04 1.5710E-03 1.3716E+04 1.6840E-033276 3402
 1.3726E+04 1.8117E-03 1.3735E+04 1.9569E-03 1.3744E+04 2.1227E-033276 3402
 1.3754E+04 2.3137E-03 1.3763E+04 2.5349E-03 1.3772E+04 2.7936E-033276 3402
 1.3781E+04 3.0983E-03 1.3791E+04 3.4613E-03 1.3800E+04 3.8951E-033276 3402
 1.3805E+04 4.1451E-03 1.3809E+04 4.4234E-03 1.3814E+04 4.7330E-033276 3402
 1.3818E+04 5.0784E-03 1.3823E+04 5.4659E-03 1.3828E+04 5.8996E-033276 3402
 1.3830E+04 6.1378E-03 1.3832E+04 6.3906E-03 1.3835E+04 6.6606E-033276 3402
 1.3836E+04 6.8025E-03 1.3837E+04 6.9488E-03 1.3838E+04 7.1019E-033276 3402
 1.3839E+04 7.2587E-03 1.3841E+04 7.4212E-03 1.3842E+04 7.5894E-033276 3402
 1.3843E+04 7.7631E-03 1.3844E+04 7.9438E-03 1.3845E+04 8.1312E-033276 3402
 1.3846E+04 8.3250E-03 1.3849E+04 8.7356E-03 1.3851E+04 9.1775E-033276 3402
 1.3853E+04 9.6550E-03 1.3856E+04 1.0172E-02 1.3858E+04 1.0734E-023276 3402
 1.3860E+04 1.1344E-02 1.3863E+04 1.2007E-02 1.3865E+04 1.2731E-023276 3402
 1.3866E+04 1.3122E-02 1.3867E+04 1.3528E-02 1.3868E+04 1.3954E-023276 3402
 1.3870E+04 1.4400E-02 1.3871E+04 1.4869E-02 1.3872E+04 1.5361E-023276 3402
 1.3873E+04 1.5879E-02 1.3874E+04 1.6424E-02 1.3875E+04 1.7003E-023276 3402
 1.3877E+04 1.7607E-02 1.3878E+04 1.8246E-02 1.3879E+04 1.8919E-023276 3402
 1.3880E+04 1.9632E-02 1.3881E+04 2.0385E-02 1.3882E+04 2.1183E-023276 3402
 1.3884E+04 2.2029E-02 1.3885E+04 2.2928E-02 1.3886E+04 2.3883E-023276 3402
 1.3887E+04 2.4898E-02 1.3888E+04 2.5980E-02 1.3889E+04 2.7134E-023276 3402
 1.3890E+04 2.8367E-02 1.3892E+04 2.9685E-02 1.3893E+04 3.1098E-023276 3402
 1.3893E+04 3.1855E-02 1.3894E+04 3.2626E-02 1.3895E+04 3.3426E-023276 3402
 1.3895E+04 3.4256E-02 1.3896E+04 3.5117E-02 1.3896E+04 3.6011E-023276 3402
 1.3897E+04 3.6939E-02 1.3897E+04 3.7903E-02 1.3898E+04 3.8905E-023276 3402
 1.3899E+04 3.9947E-02 1.3899E+04 4.1031E-02 1.3900E+04 4.2160E-023276 3402
 1.3900E+04 4.3336E-02 1.3901E+04 4.4560E-02 1.3902E+04 4.5837E-023276 3402
 1.3902E+04 4.7168E-02 1.3903E+04 4.8558E-02 1.3903E+04 5.0009E-023276 3402
 1.3904E+04 5.1525E-02 1.3904E+04 5.3110E-02 1.3905E+04 5.4768E-023276 3402
 1.3906E+04 5.6503E-02 1.3906E+04 5.8321E-02 1.3907E+04 6.0225E-023276 3402
 1.3907E+04 6.2222E-02 1.3908E+04 6.4319E-02 1.3908E+04 6.6519E-023276 3402
 1.3909E+04 6.8831E-02 1.3910E+04 7.1262E-02 1.3910E+04 7.3819E-023276 3402
 1.3911E+04 7.6512E-02 1.3911E+04 7.9350E-02 1.3912E+04 8.2400E-023276 3402
 1.3913E+04 8.5562E-02 1.3913E+04 8.8906E-02 1.3914E+04 9.2438E-023276 3402
 1.3914E+04 9.6169E-02 1.3915E+04 1.0013E-01 1.3915E+04 1.0431E-013276 3402
 1.3916E+04 1.0876E-01 1.3917E+04 1.1347E-01 1.3917E+04 1.1848E-013276 3402
 1.3918E+04 1.2380E-01 1.3918E+04 1.2946E-01 1.3919E+04 1.3549E-013276 3402
 1.3920E+04 1.4191E-01 1.3920E+04 1.4874E-01 1.3921E+04 1.5603E-013276 3402
 1.3921E+04 1.6381E-01 1.3922E+04 1.7211E-01 1.3922E+04 1.8097E-013276 3402
 1.3923E+04 1.9044E-01 1.3924E+04 2.0054E-01 1.3924E+04 2.1132E-013276 3402
 1.3925E+04 2.2282E-01 1.3925E+04 2.3509E-01 1.3926E+04 2.4817E-013276 3402
 1.3926E+04 2.6207E-01 1.3927E+04 2.7684E-01 1.3928E+04 2.9249E-013276 3402
 1.3928E+04 3.0904E-01 1.3929E+04 3.2648E-01 1.3929E+04 3.4479E-013276 3402
 1.3930E+04 3.6394E-01 1.3931E+04 3.8560E-01 1.3931E+04 4.0806E-013276 3402
 1.3932E+04 4.3113E-01 1.3932E+04 4.5463E-01 1.3934E+04 5.0182E-013276 3402
 1.3935E+04 5.3592E-01 1.3936E+04 5.6766E-01 1.3936E+04 5.8692E-013276 3402
 1.3937E+04 6.0408E-01 1.3937E+04 6.1872E-01 1.3938E+04 6.3050E-013276 3402
 1.3939E+04 6.3912E-01 1.3939E+04 6.4437E-01 1.3940E+04 6.4606E-013276 3402
 1.3941E+04 6.4425E-01 1.3941E+04 6.3887E-01 1.3942E+04 6.3013E-013276 3402
 1.3943E+04 6.1827E-01 1.3943E+04 6.0353E-01 1.3944E+04 5.8630E-013276 3402
 1.3944E+04 5.6698E-01 1.3945E+04 5.4632E-01 1.3946E+04 5.2409E-013276 3402
 1.3946E+04 5.0101E-01 1.3948E+04 4.5379E-01 1.3949E+04 3.8476E-013276 3402
 1.3951E+04 3.4625E-01 1.3951E+04 3.2972E-01 1.3952E+04 2.9906E-013276 3402
 1.3953E+04 2.8464E-01 1.3954E+04 2.5796E-01 1.3954E+04 2.4590E-013276 3402
 1.3955E+04 2.2326E-01 1.3956E+04 2.0326E-01 1.3957E+04 1.9401E-013276 3402
 1.3958E+04 1.7722E-01 1.3958E+04 1.6960E-01 1.3959E+04 1.5535E-013276 3402
 1.3960E+04 1.4882E-01 1.3961E+04 1.3696E-01 1.3962E+04 1.2635E-013276 3402
 1.3962E+04 1.2152E-01 1.3964E+04 1.1243E-01 1.3965E+04 1.0434E-013276 3402
 1.3966E+04 9.7062E-02 1.3967E+04 9.0481E-02 1.3968E+04 8.4463E-023276 3402
 1.3969E+04 7.9056E-02 1.3970E+04 7.4088E-02 1.3971E+04 6.9606E-023276 3402
 1.3972E+04 6.5469E-02 1.3973E+04 6.1713E-02 1.3974E+04 5.8267E-023276 3402
 1.3975E+04 5.5096E-02 1.3976E+04 5.2145E-02 1.3977E+04 4.9448E-023276 3402
 1.3978E+04 4.6951E-02 1.3979E+04 4.4636E-02 1.3980E+04 4.2467E-023276 3402
 1.3981E+04 4.0469E-02 1.3982E+04 3.8609E-02 1.3983E+04 3.6873E-023276 3402
 1.3984E+04 3.5235E-02 1.3986E+04 3.2284E-02 1.3987E+04 3.0951E-023276 3402
 1.3989E+04 2.8511E-02 1.3990E+04 2.7404E-02 1.3992E+04 2.5367E-023276 3402
 1.3993E+04 2.4438E-02 1.3996E+04 2.2726E-02 1.3998E+04 2.1182E-023276 3402
 1.4000E+04 1.9798E-02 1.4002E+04 1.8539E-02 1.4004E+04 1.7398E-023276 3402
 1.4006E+04 1.6361E-02 1.4008E+04 1.5419E-02 1.4010E+04 1.4554E-023276 3402
 1.4012E+04 1.3765E-02 1.4014E+04 1.3037E-02 1.4016E+04 1.2369E-023276 3402
 1.4018E+04 1.1749E-02 1.4020E+04 1.1177E-02 1.4024E+04 1.0157E-023276 3402
 1.4027E+04 9.6981E-03 1.4031E+04 8.8750E-03 1.4033E+04 8.5050E-033276 3402
 1.4037E+04 7.8306E-03 1.4041E+04 7.2388E-03 1.4043E+04 6.9681E-033276 3402
 1.4047E+04 6.4750E-03 1.4049E+04 6.2500E-03 1.4053E+04 5.8342E-033276 3402
 1.4058E+04 5.4613E-03 1.4062E+04 5.1256E-03 1.4066E+04 4.8225E-033276 3402
 1.4070E+04 4.5473E-03 1.4074E+04 4.2980E-03 1.4078E+04 4.0708E-033276 3402
 1.4082E+04 3.8634E-03 1.4091E+04 3.4986E-03 1.4095E+04 3.3382E-033276 3402
 1.4103E+04 3.0535E-03 1.4107E+04 2.9272E-03 1.4115E+04 2.7015E-033276 3402
 1.4124E+04 2.5061E-03 1.4136E+04 2.2598E-03 1.4148E+04 2.0585E-033276 3402
 1.4157E+04 1.9441E-03 1.4165E+04 1.8426E-03 1.4173E+04 1.7525E-033276 3402
 1.4190E+04 1.6010E-03 1.4198E+04 1.5373E-03 1.4215E+04 1.4292E-033276 3402
 1.4223E+04 1.3834E-03 1.4239E+04 1.3057E-03 1.4264E+04 1.2173E-033276 3402
 1.4281E+04 1.1734E-03 1.4297E+04 1.1395E-03 1.4330E+04 1.0961E-033276 3402
 1.4363E+04 1.0794E-03 1.4396E+04 1.0854E-03 1.4446E+04 1.1328E-033276 3402
 1.4512E+04 1.2698E-03 1.4578E+04 1.5116E-03 1.4611E+04 1.6863E-033276 3402
 1.4628E+04 1.7916E-03 1.4644E+04 1.9111E-03 1.4653E+04 1.9771E-033276 3402
 1.4661E+04 2.0476E-03 1.4669E+04 2.1230E-03 1.4677E+04 2.2036E-033276 3402
 1.4686E+04 2.2901E-03 1.4694E+04 2.3826E-03 1.4702E+04 2.4822E-033276 3402
 1.4710E+04 2.5891E-03 1.4719E+04 2.7042E-03 1.4727E+04 2.8280E-033276 3402
 1.4731E+04 2.8934E-03 1.4735E+04 2.9617E-03 1.4739E+04 3.0327E-033276 3402
 1.4743E+04 3.1066E-03 1.4748E+04 3.1837E-03 1.4752E+04 3.2638E-033276 3402
 1.4756E+04 3.3472E-03 1.4758E+04 3.3903E-03 1.4760E+04 3.4341E-033276 3402
 1.4762E+04 3.4791E-03 1.4764E+04 3.5251E-03 1.4766E+04 3.5721E-033276 3402
 1.4768E+04 3.6198E-03 1.4769E+04 3.6443E-03 1.4770E+04 3.6689E-033276 3402
 1.4772E+04 3.7188E-03 1.4774E+04 3.7700E-03 1.4777E+04 3.8221E-033276 3402
 1.4779E+04 3.8757E-03 1.4781E+04 3.9305E-03 1.4783E+04 3.9866E-033276 3402
 1.4785E+04 4.0438E-03 1.4789E+04 4.1622E-03 1.4793E+04 4.2862E-033276 3402
 1.4797E+04 4.4164E-03 1.4801E+04 4.5527E-03 1.4805E+04 4.6958E-033276 3402
 1.4810E+04 4.8461E-03 1.4814E+04 5.0044E-03 1.4818E+04 5.1705E-033276 3402
 1.4822E+04 5.3453E-03 1.4826E+04 5.5294E-03 1.4828E+04 5.6253E-033276 3402
 1.4830E+04 5.7239E-03 1.4832E+04 5.8252E-03 1.4834E+04 5.9289E-033276 3402
 1.4836E+04 6.0361E-03 1.4839E+04 6.1456E-03 1.4841E+04 6.2588E-033276 3402
 1.4843E+04 6.3750E-03 1.4845E+04 6.4944E-03 1.4847E+04 6.6181E-033276 3402
 1.4849E+04 6.7450E-03 1.4851E+04 6.8750E-03 1.4853E+04 7.0094E-033276 3402
 1.4855E+04 7.1475E-03 1.4857E+04 7.2906E-03 1.4859E+04 7.4369E-033276 3402
 1.4861E+04 7.5888E-03 1.4863E+04 7.7456E-03 1.4865E+04 7.9069E-033276 3402
 1.4867E+04 8.0731E-03 1.4870E+04 8.2450E-03 1.4872E+04 8.4219E-033276 3402
 1.4874E+04 8.6056E-03 1.4876E+04 8.7944E-03 1.4878E+04 8.9906E-033276 3402
 1.4880E+04 9.1931E-03 1.4882E+04 9.4031E-03 1.4884E+04 9.6187E-033276 3402
 1.4886E+04 9.8431E-03 1.4888E+04 1.0074E-02 1.4890E+04 1.0316E-023276 3402
 1.4892E+04 1.0564E-02 1.4894E+04 1.0823E-02 1.4896E+04 1.1091E-023276 3402
 1.4898E+04 1.1369E-02 1.4901E+04 1.1656E-02 1.4903E+04 1.1956E-023276 3402
 1.4905E+04 1.2266E-02 1.4907E+04 1.2589E-02 1.4909E+04 1.2924E-023276 3402
 1.4911E+04 1.3273E-02 1.4913E+04 1.3637E-02 1.4915E+04 1.4016E-023276 3402
 1.4917E+04 1.4409E-02 1.4919E+04 1.4819E-02 1.4921E+04 1.5246E-023276 3402
 1.4923E+04 1.5692E-02 1.4925E+04 1.6157E-02 1.4927E+04 1.6643E-023276 3402
 1.4929E+04 1.7151E-02 1.4932E+04 1.7683E-02 1.4934E+04 1.8235E-023276 3402
 1.4936E+04 1.8816E-02 1.4938E+04 1.9421E-02 1.4940E+04 2.0058E-023276 3402
 1.4942E+04 2.0722E-02 1.4944E+04 2.1423E-02 1.4946E+04 2.2157E-023276 3402
 1.4948E+04 2.2927E-02 1.4950E+04 2.3733E-02 1.4952E+04 2.4584E-023276 3402
 1.4954E+04 2.5474E-02 1.4956E+04 2.6415E-02 1.4958E+04 2.7401E-023276 3402
 1.4960E+04 2.8444E-02 1.4962E+04 2.9545E-02 1.4965E+04 3.0705E-023276 3402
 1.4967E+04 3.1924E-02 1.4969E+04 3.3216E-02 1.4971E+04 3.4575E-023276 3402
 1.4973E+04 3.6018E-02 1.4975E+04 3.7536E-02 1.4977E+04 3.9150E-023276 3402
 1.4979E+04 4.0859E-02 1.4981E+04 4.2667E-02 1.4983E+04 4.4573E-023276 3402
 1.4985E+04 4.6602E-02 1.4987E+04 4.8741E-02 1.4989E+04 5.1018E-023276 3402
 1.4991E+04 5.3418E-02 1.4993E+04 5.5973E-02 1.4996E+04 5.8666E-023276 3402
 1.4998E+04 6.1528E-02 1.5000E+04 6.4544E-02 1.5002E+04 6.7738E-023276 3402
 1.5004E+04 7.1100E-02 1.5006E+04 7.4656E-02 1.5008E+04 7.8381E-023276 3402
 1.5011E+04 8.3400E-02 1.5013E+04 8.8712E-02 1.5016E+04 9.4294E-023276 3402
 1.5018E+04 1.0012E-01 1.5021E+04 1.0614E-01 1.5024E+04 1.1230E-013276 3402
 1.5026E+04 1.1851E-01 1.5032E+04 1.3063E-01 1.5034E+04 1.3631E-013276 3402
 1.5037E+04 1.4149E-01 1.5039E+04 1.4601E-01 1.5042E+04 1.4972E-013276 3402
 1.5045E+04 1.5247E-01 1.5047E+04 1.5416E-01 1.5050E+04 1.5469E-013276 3402
 1.5053E+04 1.5407E-01 1.5055E+04 1.5230E-01 1.5058E+04 1.4948E-013276 3402
 1.5061E+04 1.4570E-01 1.5063E+04 1.4112E-01 1.5066E+04 1.3590E-013276 3402
 1.5068E+04 1.3020E-01 1.5071E+04 1.2421E-01 1.5076E+04 1.1182E-013276 3402
 1.5082E+04 9.9631E-02 1.5084E+04 9.3800E-02 1.5089E+04 8.2925E-023276 3402
 1.5094E+04 7.3825E-02 1.5097E+04 6.9931E-02 1.5101E+04 6.2825E-023276 3402
 1.5104E+04 5.9578E-02 1.5106E+04 5.6527E-02 1.5108E+04 5.3663E-023276 3402
 1.5110E+04 5.0988E-02 1.5115E+04 4.6103E-02 1.5120E+04 4.1814E-023276 3402
 1.5122E+04 3.9861E-02 1.5126E+04 3.6313E-02 1.5129E+04 3.4701E-023276 3402
 1.5133E+04 3.1746E-02 1.5136E+04 3.0397E-02 1.5140E+04 2.7933E-023276 3402
 1.5145E+04 2.5739E-02 1.5147E+04 2.4734E-02 1.5152E+04 2.2877E-023276 3402
 1.5154E+04 2.2023E-02 1.5156E+04 2.1219E-02 1.5161E+04 1.9728E-023276 3402
 1.5165E+04 1.8379E-02 1.5170E+04 1.7157E-02 1.5174E+04 1.6051E-023276 3402
 1.5179E+04 1.5046E-02 1.5184E+04 1.4129E-02 1.5188E+04 1.3291E-023276 3402
 1.5193E+04 1.2525E-02 1.5197E+04 1.1822E-02 1.5202E+04 1.1176E-023276 3402
 1.5206E+04 1.0579E-02 1.5211E+04 1.0029E-02 1.5216E+04 9.5213E-033276 3402
 1.5225E+04 8.6119E-03 1.5234E+04 7.8275E-03 1.5238E+04 7.4744E-033276 3402
 1.5248E+04 6.8356E-03 1.5252E+04 6.5462E-03 1.5261E+04 6.0209E-033276 3402
 1.5266E+04 5.7819E-03 1.5275E+04 5.3449E-03 1.5284E+04 4.9556E-033276 3402
 1.5289E+04 4.7772E-03 1.5302E+04 4.2978E-03 1.5312E+04 4.0169E-033276 3402
 1.5321E+04 3.7628E-03 1.5330E+04 3.5326E-03 1.5339E+04 3.3233E-033276 3402
 1.5348E+04 3.1325E-03 1.5357E+04 2.9580E-03 1.5376E+04 2.6512E-033276 3402
 1.5385E+04 2.5160E-03 1.5403E+04 2.2756E-03 1.5412E+04 2.1686E-033276 3402
 1.5430E+04 1.9769E-03 1.5440E+04 1.8909E-03 1.5458E+04 1.7357E-033276 3402
 1.5476E+04 1.5997E-03 1.5504E+04 1.4253E-03 1.5531E+04 1.2796E-033276 3402
 1.5568E+04 1.1200E-03 1.5604E+04 9.9037E-04 1.5622E+04 9.3456E-043276 3402
 1.5659E+04 8.3750E-04 1.5677E+04 7.9513E-04 1.5714E+04 7.2056E-043276 3402
 1.5769E+04 6.2919E-04 1.5805E+04 5.7887E-04 1.5860E+04 5.1568E-043276 3402
 1.5915E+04 4.6399E-04 1.5970E+04 4.2117E-04 1.6007E+04 3.9656E-043276 3402
 1.6080E+04 3.5493E-04 1.6116E+04 3.3719E-04 1.6190E+04 3.0662E-043276 3402
 1.6302E+04 2.6961E-04 1.6379E+04 2.4912E-04 1.6496E+04 2.2426E-043276 3402
 1.6613E+04 2.0464E-04 1.6730E+04 1.8886E-04 1.6924E+04 1.6864E-043276 3402
 1.7041E+04 1.5915E-04 1.7158E+04 1.5114E-04 1.7274E+04 1.4430E-043276 3402
 1.7352E+04 1.4028E-04 1.7430E+04 1.3662E-04 1.7440E+04 1.3535E-043276 3402
 1.7450E+04 1.3510E-04 1.7489E+04 1.3479E-04 1.7493E+04 1.3491E-043276 3402
 1.7496E+04 1.3838E-04 1.7497E+04 1.4787E-04 1.7498E+04 1.5849E-043276 3402
 1.7498E+04 1.7604E-04 1.7499E+04 2.0513E-04 1.7499E+04 2.5131E-043276 3402
 1.7500E+04 3.2234E-04 1.7501E+04 4.2623E-04 1.7501E+04 5.7859E-043276 3402
 1.7502E+04 7.9237E-04 1.7503E+04 1.0831E-03 1.7503E+04 1.4595E-033276 3402
 1.7504E+04 1.9481E-03 1.7504E+04 2.5541E-03 1.7505E+04 3.2831E-033276 3402
 1.7506E+04 4.1183E-03 1.7506E+04 5.0779E-03 1.7507E+04 6.1305E-033276 3402
 1.7508E+04 1.3328E-04 1.7508E+04 1.6675E-02 1.8717E+04 1.5963E-023276 3402
 2.0000E+04 1.5286E-02 2.1328E+04 1.4790E-02 2.2728E+04 1.4316E-023276 3402
 2.4184E+04 1.3867E-02 2.5717E+04 1.3436E-02 2.7309E+04 1.3028E-023276 3402
 2.8982E+04 1.2637E-02 3.0717E+04 1.2265E-02 3.2538E+04 1.1908E-023276 3402
 3.4425E+04 1.1568E-02 3.6402E+04 1.1241E-02 3.8448E+04 1.0930E-023276 3402
 4.0590E+04 1.0630E-02 4.2803E+04 1.0343E-02 4.5117E+04 1.0068E-023276 3402
 4.7506E+04 9.8037E-03 5.0000E+04 9.5493E-03 5.4929E+04 9.2091E-033276 3402
 6.0237E+04 8.8876E-03 6.5865E+04 8.5861E-03 7.1904E+04 8.3001E-033276 3402
 7.8290E+04 8.0317E-03 8.5119E+04 7.7757E-03 9.2322E+04 7.5353E-033276 3402
 1.0000E+05 7.3055E-03 1.0986E+05 7.0721E-03 1.2045E+05 6.8505E-033276 3402
 1.3171E+05 6.6420E-03 1.4378E+05 6.4433E-03 1.5656E+05 6.2559E-033276 3402
 1.7021E+05 6.0766E-03 1.8464E+05 5.9068E-03 2.0000E+05 5.7444E-033276 3402
 2.3547E+05 5.6407E-03 2.7539E+05 5.5415E-03 3.2012E+05 5.4464E-033276 3402
 3.7000E+05 5.3547E-03 3.8048E+05 5.1514E-03 3.9130E+05 4.9550E-033276 3402
 4.0247E+05 4.7655E-03 4.1400E+05 4.5825E-03 4.2543E+05 4.4125E-033276 3402
 4.3722E+05 4.2482E-03 4.4938E+05 4.0895E-03 4.6191E+05 3.9361E-033276 3402
 4.7435E+05 3.7934E-03 4.8717E+05 3.6554E-03 5.0038E+05 3.5218E-033276 3402
 5.1399E+05 3.3927E-03 5.2750E+05 3.2724E-03 5.4141E+05 3.1559E-033276 3402
 5.5573E+05 3.0433E-03 5.7048E+05 2.9341E-03 5.7101E+05 2.9303E-033276 3402
 5.7154E+05 2.9266E-03 5.7207E+05 2.9228E-03 5.7260E+05 2.9190E-033276 3402
 5.7367E+05 2.9114E-03 5.7474E+05 2.9039E-03 5.7581E+05 2.8964E-033276 3402
 5.7688E+05 2.8889E-03 5.7902E+05 2.8739E-03 5.8118E+05 2.8591E-033276 3402
 5.8334E+05 2.8443E-03 5.8770E+05 2.8150E-03 5.9208E+05 2.7860E-033276 3402
 5.9650E+05 2.7572E-03 6.0543E+05 2.7006E-03 6.1450E+05 2.6451E-033276 3402
 6.2371E+05 2.5908E-03 6.4253E+05 2.4854E-03 6.6189E+05 2.3843E-033276 3402
 6.8605E+05 2.2677E-03 7.0000E+05 2.2047E-03 7.6573E+05 2.1586E-033276 3402
 8.3666E+05 2.1135E-03 8.7514E+05 2.0907E-03 9.1516E+05 2.0682E-033276 3402
 1.0000E+06 2.0236E-03 1.0681E+06 1.9445E-03 1.1400E+06 1.8690E-033276 3402
 1.1450E+06 1.8640E-03 1.1450E+06 1.8640E-03 1.1942E+06 1.8167E-033276 3402
 1.2453E+06 1.7705E-03 1.2984E+06 1.7255E-03 1.3535E+06 1.6817E-033276 3402
 1.4115E+06 1.6384E-03 1.4718E+06 1.5961E-03 1.5346E+06 1.5548E-033276 3402
 1.6000E+06 1.5145E-03 1.6931E+06 1.4998E-03 1.7907E+06 1.4852E-033276 3402
 1.8929E+06 1.4704E-03 2.0000E+06 1.4554E-03 2.0000E+06 1.4554E-033276 3402
 2.2723E+06 1.4099E-03 2.5693E+06 1.3650E-03 2.5699E+06 1.3649E-033276 3402
 3.0000E+06 1.3064E-03 3.2424E+06 1.2547E-03 3.5000E+06 1.2046E-033276 3402
 3.7434E+06 1.1609E-03 4.0000E+06 1.1184E-03 4.2451E+06 1.0805E-033276 3402
 4.5000E+06 1.0436E-03 4.7456E+06 1.0103E-03 5.0000E+06 9.7770E-043276 3402
 5.1192E+06 9.2815E-04 5.2422E+06 8.8063E-04 5.3691E+06 8.3503E-043276 3402
 5.5000E+06 7.9130E-04 5.6197E+06 7.5400E-04 5.7429E+06 7.1808E-043276 3402
 5.8696E+06 6.8354E-04 6.0000E+06 6.5025E-04 6.0669E+06 6.3403E-043276 3402
 6.0684E+06 6.3370E-04 6.2786E+06 5.8617E-04 6.5000E+06 5.4117E-043276 3402
 6.7439E+06 4.9678E-04 7.0000E+06 4.5520E-04 7.2471E+06 4.4458E-043276 3402
 7.5000E+06 4.3405E-04 7.7473E+06 4.2396E-04 8.0000E+06 4.1391E-043276 3402
 8.2475E+06 4.0428E-04 8.5000E+06 3.9467E-04 8.7476E+06 3.8545E-043276 3402
 9.0000E+06 3.7624E-04 9.2477E+06 3.6738E-04 9.5000E+06 3.5852E-043276 3402
 9.8411E+06 3.4679E-04 9.8435E+06 3.4671E-04 1.0000E+07 3.4142E-043276 3402
 1.0248E+07 3.4208E-04 1.0500E+07 3.4246E-04 1.0748E+07 3.4256E-043276 3402
 1.1000E+07 3.4234E-04 1.1248E+07 3.4186E-04 1.1500E+07 3.4111E-043276 3402
 1.1748E+07 3.4006E-04 1.2000E+07 3.3873E-04 1.2224E+07 3.3798E-043276 3402
 1.2227E+07 3.3798E-04 1.2285E+07 3.3774E-04 1.2500E+07 3.3670E-043276 3402
 1.2748E+07 3.3526E-04 1.3000E+07 3.3350E-04 1.3248E+07 3.3149E-043276 3402
 1.3500E+07 3.2912E-04 1.3748E+07 3.2655E-04 1.4000E+07 3.2358E-043276 3402
 1.4249E+07 3.2038E-04 1.4500E+07 3.1690E-04 1.4586E+07 3.1564E-043276 3402
 1.4589E+07 3.1558E-04 1.5000E+07 3.0903E-04 1.5249E+07 3.0520E-043276 3402
 1.5500E+07 3.0104E-04 1.5749E+07 2.9661E-04 1.6000E+07 2.9182E-043276 3402
 1.6249E+07 2.8677E-04 1.6500E+07 2.8135E-04 1.6749E+07 2.7567E-043276 3402
 1.7000E+07 2.6963E-04 1.7238E+07 2.6361E-04 1.7479E+07 2.5721E-043276 3402
 1.7483E+07 2.5710E-04 1.7500E+07 2.5664E-04 1.7749E+07 2.4969E-043276 3402
 1.8000E+07 2.4238E-04 1.8249E+07 2.3481E-04 1.8500E+07 2.2687E-043276 3402
 1.8749E+07 2.1866E-04 1.9000E+07 2.1009E-04 1.9249E+07 2.0125E-043276 3402
 1.9500E+07 1.9203E-04 1.9749E+07 1.8256E-04 2.0000E+07 1.7270E-043276 3402
                                                                  3276 3  0
