HF-176N,G    9.9388-01* JEF-2.2; RN - ---/SYS                     7276 3102
                                                                  7276 3102
 7.21760+04 1.7443E+02          0          0          0          07276 3102
 3.0000E+02 6.3804E+06          0          0          1       12827276 3102
       1282          2                                            7276 3102
 1.0000E-05 0.0000E+00 1.0000E-05 4.6460E+02 1.0500E-04 4.6460E+027276 3102
 1.0500E-04 3.5156E+02 1.1000E-04 3.5156E+02 1.1000E-04 3.4384E+027276 3102
 1.1500E-04 3.4384E+02 1.1500E-04 3.3635E+02 1.2000E-04 3.3635E+027276 3102
 1.2000E-04 3.2782E+02 1.2750E-04 3.2782E+02 1.2750E-04 3.1827E+027276 3102
 1.3500E-04 3.1827E+02 1.3500E-04 3.0972E+02 1.4250E-04 3.0972E+027276 3102
 1.4250E-04 3.0160E+02 1.5000E-04 3.0160E+02 1.5000E-04 2.9300E+027276 3102
 1.6000E-04 2.9300E+02 1.6000E-04 2.8401E+02 1.7000E-04 2.8401E+027276 3102
 1.7000E-04 2.7576E+02 1.8000E-04 2.7576E+02 1.8000E-04 2.6825E+027276 3102
 1.9000E-04 2.6825E+02 1.9000E-04 2.6137E+02 2.0000E-04 2.6137E+027276 3102
 2.0000E-04 2.5492E+02 2.1000E-04 2.5492E+02 2.1000E-04 2.4908E+027276 3102
 2.2000E-04 2.4908E+02 2.2000E-04 2.4329E+02 2.3000E-04 2.4329E+027276 3102
 2.3000E-04 2.3811E+02 2.4000E-04 2.3811E+02 2.4000E-04 2.3194E+027276 3102
 2.5500E-04 2.3194E+02 2.5500E-04 2.2531E+02 2.7000E-04 2.2531E+027276 3102
 2.7000E-04 2.2016E+02 2.8000E-04 2.2016E+02 2.8000E-04 2.1438E+027276 3102
 3.0000E-04 2.1438E+02 3.0000E-04 2.0734E+02 3.2000E-04 2.0734E+027276 3102
 3.2000E-04 2.0095E+02 3.4000E-04 2.0095E+02 3.4000E-04 1.9513E+027276 3102
 3.6000E-04 1.9513E+02 3.6000E-04 1.8989E+02 3.8000E-04 1.8989E+027276 3102
 3.8000E-04 1.8487E+02 4.0000E-04 1.8487E+02 4.0000E-04 1.7977E+027276 3102
 4.2500E-04 1.7977E+02 4.2500E-04 1.7459E+02 4.5000E-04 1.7459E+027276 3102
 4.5000E-04 1.6983E+02 4.7500E-04 1.6983E+02 4.7500E-04 1.6535E+027276 3102
 5.0000E-04 1.6535E+02 5.0000E-04 1.6133E+02 5.2500E-04 1.6133E+027276 3102
 5.2500E-04 1.5757E+02 5.5000E-04 1.5757E+02 5.5000E-04 1.5398E+027276 3102
 5.7500E-04 1.5398E+02 5.7500E-04 1.5069E+02 6.0000E-04 1.5069E+027276 3102
 6.0000E-04 1.4727E+02 6.3000E-04 1.4727E+02 6.3000E-04 1.4380E+027276 3102
 6.6000E-04 1.4380E+02 6.6000E-04 1.4059E+02 6.9000E-04 1.4059E+027276 3102
 6.9000E-04 1.3754E+02 7.2000E-04 1.3754E+02 7.2000E-04 1.3432E+027276 3102
 7.6000E-04 1.3432E+02 7.6000E-04 1.3075E+02 8.0000E-04 1.3075E+027276 3102
 8.0000E-04 1.2757E+02 8.4000E-04 1.2757E+02 8.4000E-04 1.2455E+027276 3102
 8.8000E-04 1.2455E+02 8.8000E-04 1.2177E+02 9.2000E-04 1.2177E+027276 3102
 9.2000E-04 1.1912E+02 9.6000E-04 1.1912E+02 9.6000E-04 1.1666E+027276 3102
 1.0000E-03 1.1666E+02 1.0000E-03 1.1412E+02 1.0500E-03 1.1412E+027276 3102
 1.0500E-03 1.1142E+02 1.1000E-03 1.1142E+02 1.1000E-03 1.0892E+027276 3102
 1.1500E-03 1.0892E+02 1.1500E-03 1.0656E+02 1.2000E-03 1.0656E+027276 3102
 1.2000E-03 1.0384E+02 1.2750E-03 1.0384E+02 1.2750E-03 1.0083E+027276 3102
 1.3500E-03 1.0083E+02 1.3500E-03 9.8059E+01 1.4250E-03 9.8059E+017276 3102
 1.4250E-03 9.5566E+01 1.5000E-03 9.5566E+01 1.5000E-03 9.2768E+017276 3102
 1.6000E-03 9.2768E+01 1.6000E-03 8.9952E+01 1.7000E-03 8.9952E+017276 3102
 1.7000E-03 8.7323E+01 1.8000E-03 8.7323E+01 1.8000E-03 8.4937E+017276 3102
 1.9000E-03 8.4937E+01 1.9000E-03 8.2713E+01 2.0000E-03 8.2713E+017276 3102
 2.0000E-03 8.0715E+01 2.1000E-03 8.0715E+01 2.1000E-03 7.8798E+017276 3102
 2.2000E-03 7.8798E+01 2.2000E-03 7.7039E+01 2.3000E-03 7.7039E+017276 3102
 2.3000E-03 7.5364E+01 2.4000E-03 7.5364E+01 2.4000E-03 7.3450E+017276 3102
 2.5500E-03 7.3450E+01 2.5500E-03 7.1312E+01 2.7000E-03 7.1312E+017276 3102
 2.7000E-03 6.9667E+01 2.8000E-03 6.9667E+01 2.8000E-03 6.7881E+017276 3102
 3.0000E-03 6.7881E+01 3.0000E-03 6.5616E+01 3.2000E-03 6.5616E+017276 3102
 3.2000E-03 6.3630E+01 3.4000E-03 6.3630E+01 3.4000E-03 6.1769E+017276 3102
 3.6000E-03 6.1769E+01 3.6000E-03 6.0082E+01 3.8000E-03 6.0082E+017276 3102
 3.8000E-03 5.8510E+01 4.0000E-03 5.8510E+01 4.0000E-03 5.6926E+017276 3102
 4.2500E-03 5.6926E+01 4.2500E-03 5.5260E+01 4.5000E-03 5.5260E+017276 3102
 4.5000E-03 5.3758E+01 4.7500E-03 5.3758E+01 4.7500E-03 5.2357E+017276 3102
 5.0000E-03 5.2357E+01 5.0000E-03 5.1058E+01 5.2500E-03 5.1058E+017276 3102
 5.2500E-03 4.9867E+01 5.5000E-03 4.9867E+01 5.5000E-03 4.8751E+017276 3102
 5.7500E-03 4.8751E+01 5.7500E-03 4.7725E+01 6.0000E-03 4.7725E+017276 3102
 6.0000E-03 4.6615E+01 6.3000E-03 4.6615E+01 6.3000E-03 4.5532E+017276 3102
 6.6000E-03 4.5532E+01 6.6000E-03 4.4518E+01 6.9000E-03 4.4518E+017276 3102
 6.9000E-03 4.3555E+01 7.2000E-03 4.3555E+01 7.2000E-03 4.2516E+017276 3102
 7.6000E-03 4.2516E+01 7.6000E-03 4.1405E+01 8.0000E-03 4.1405E+017276 3102
 8.0000E-03 4.0409E+01 8.4000E-03 4.0409E+01 8.4000E-03 3.9449E+017276 3102
 8.8000E-03 3.9449E+01 8.8000E-03 3.8571E+01 9.2000E-03 3.8571E+017276 3102
 9.2000E-03 3.7736E+01 9.6000E-03 3.7736E+01 9.6000E-03 3.6967E+017276 3102
 1.0000E-02 3.6967E+01 1.0000E-02 3.6141E+01 1.0500E-02 3.6141E+017276 3102
 1.0500E-02 3.5298E+01 1.1000E-02 3.5298E+01 1.1000E-02 3.4512E+017276 3102
 1.1500E-02 3.4512E+01 1.1500E-02 3.3786E+01 1.2000E-02 3.3786E+017276 3102
 1.2000E-02 3.2902E+01 1.2750E-02 3.2902E+01 1.2750E-02 3.1968E+017276 3102
 1.3500E-02 3.1968E+01 1.3500E-02 3.1086E+01 1.4250E-02 3.1086E+017276 3102
 1.4250E-02 3.0289E+01 1.5000E-02 3.0289E+01 1.5000E-02 2.9417E+017276 3102
 1.6000E-02 2.9417E+01 1.6000E-02 2.8534E+01 1.7000E-02 2.8534E+017276 3102
 1.7000E-02 2.7702E+01 1.8000E-02 2.7702E+01 1.8000E-02 2.6952E+017276 3102
 1.9000E-02 2.6952E+01 1.9000E-02 2.6256E+01 2.0000E-02 2.6256E+017276 3102
 2.0000E-02 2.5609E+01 2.1000E-02 2.5609E+01 2.1000E-02 2.5015E+017276 3102
 2.2000E-02 2.5015E+01 2.2000E-02 2.4458E+01 2.3000E-02 2.4458E+017276 3102
 2.3000E-02 2.3948E+01 2.4000E-02 2.3948E+01 2.4000E-02 2.3325E+017276 3102
 2.5500E-02 2.3325E+01 2.5500E-02 2.2657E+01 2.7000E-02 2.2657E+017276 3102
 2.7000E-02 2.2142E+01 2.8000E-02 2.2142E+01 2.8000E-02 2.1568E+017276 3102
 3.0000E-02 2.1568E+01 3.0000E-02 2.0877E+01 3.2000E-02 2.0877E+017276 3102
 3.2000E-02 2.0233E+01 3.4000E-02 2.0233E+01 3.4000E-02 1.9658E+017276 3102
 3.6000E-02 1.9658E+01 3.6000E-02 1.9127E+01 3.8000E-02 1.9127E+017276 3102
 3.8000E-02 1.8632E+01 4.0000E-02 1.8632E+01 4.0000E-02 1.8131E+017276 3102
 4.2500E-02 1.8131E+01 4.2500E-02 1.7615E+01 4.5000E-02 1.7615E+017276 3102
 4.5000E-02 1.7142E+01 4.7500E-02 1.7142E+01 4.7500E-02 1.6700E+017276 3102
 5.0000E-02 1.6700E+01 5.0000E-02 1.6296E+01 5.2500E-02 1.6296E+017276 3102
 5.2500E-02 1.5922E+01 5.5000E-02 1.5922E+01 5.5000E-02 1.5570E+017276 3102
 5.7500E-02 1.5570E+01 5.7500E-02 1.5250E+01 6.0000E-02 1.5250E+017276 3102
 6.0000E-02 1.4905E+01 6.3000E-02 1.4905E+01 6.3000E-02 1.4565E+017276 3102
 6.6000E-02 1.4565E+01 6.6000E-02 1.4249E+01 6.9000E-02 1.4249E+017276 3102
 6.9000E-02 1.3952E+01 7.2000E-02 1.3952E+01 7.2000E-02 1.3641E+017276 3102
 7.6000E-02 1.3641E+01 7.6000E-02 1.3286E+01 8.0000E-02 1.3286E+017276 3102
 8.0000E-02 1.2970E+01 8.4000E-02 1.2970E+01 8.4000E-02 1.2669E+017276 3102
 8.8000E-02 1.2669E+01 8.8000E-02 1.2397E+01 9.2000E-02 1.2397E+017276 3102
 9.2000E-02 1.2135E+01 9.6000E-02 1.2135E+01 9.6000E-02 1.1897E+017276 3102
 1.0000E-01 1.1897E+01 1.0000E-01 1.1645E+01 1.0500E-01 1.1645E+017276 3102
 1.0500E-01 1.1389E+01 1.1000E-01 1.1389E+01 1.1000E-01 1.1136E+017276 3102
 1.1500E-01 1.1136E+01 1.1500E-01 1.0905E+01 1.2000E-01 1.0905E+017276 3102
 1.2000E-01 1.0648E+01 1.2750E-01 1.0648E+01 1.2750E-01 1.0348E+017276 3102
 1.3500E-01 1.0348E+01 1.3500E-01 1.0084E+01 1.4250E-01 1.0084E+017276 3102
 1.4250E-01 9.8366E+00 1.5000E-01 9.8366E+00 1.5000E-01 9.5824E+007276 3102
 1.6000E-01 9.5824E+00 1.6000E-01 9.2984E+00 1.7000E-01 9.2984E+007276 3102
 1.7000E-01 9.0465E+00 1.8000E-01 9.0465E+00 1.8000E-01 8.8162E+007276 3102
 1.9000E-01 8.8162E+00 1.9000E-01 8.6018E+00 2.0000E-01 8.6018E+007276 3102
 2.0000E-01 8.4070E+00 2.1000E-01 8.4070E+00 2.1000E-01 8.2285E+007276 3102
 2.2000E-01 8.2285E+00 2.2000E-01 8.0600E+00 2.3000E-01 8.0600E+007276 3102
 2.3000E-01 7.8964E+00 2.4000E-01 7.8964E+00 2.4000E-01 7.7232E+007276 3102
 2.5500E-01 7.7232E+00 2.5500E-01 7.5189E+00 2.7000E-01 7.5189E+007276 3102
 2.7000E-01 7.3607E+00 2.8000E-01 7.3607E+00 2.8000E-01 7.2004E+007276 3102
 3.0000E-01 7.2004E+00 3.0000E-01 6.9914E+00 3.2000E-01 6.9914E+007276 3102
 3.2000E-01 6.8025E+00 3.4000E-01 6.8025E+00 3.4000E-01 6.6351E+007276 3102
 3.6000E-01 6.6351E+00 3.6000E-01 6.4785E+00 3.8000E-01 6.4785E+007276 3102
 3.8000E-01 6.3364E+00 4.0000E-01 6.3364E+00 4.0000E-01 6.1934E+007276 3102
 4.2500E-01 6.1934E+00 4.2500E-01 6.0348E+00 4.5000E-01 6.0348E+007276 3102
 4.5000E-01 5.9010E+00 4.7500E-01 5.9010E+00 4.7500E-01 5.7786E+007276 3102
 5.0000E-01 5.7786E+00 5.0000E-01 5.6637E+00 5.2500E-01 5.6637E+007276 3102
 5.2500E-01 5.5629E+00 5.5000E-01 5.5629E+00 5.5000E-01 5.4658E+007276 3102
 5.7500E-01 5.4658E+00 5.7500E-01 5.3781E+00 6.0000E-01 5.3781E+007276 3102
 6.0000E-01 5.2865E+00 6.3000E-01 5.2865E+00 6.3000E-01 5.1971E+007276 3102
 6.6000E-01 5.1971E+00 6.6000E-01 5.1158E+00 6.9000E-01 5.1158E+007276 3102
 6.9000E-01 5.0377E+00 7.2000E-01 5.0377E+00 7.2000E-01 4.9570E+007276 3102
 7.6000E-01 4.9570E+00 7.6000E-01 4.8729E+00 8.0000E-01 4.8729E+007276 3102
 8.0000E-01 4.7963E+00 8.4000E-01 4.7963E+00 8.4000E-01 4.7229E+007276 3102
 8.8000E-01 4.7229E+00 8.8000E-01 4.6607E+00 9.2000E-01 4.6607E+007276 3102
 9.2000E-01 4.6042E+00 9.6000E-01 4.6042E+00 9.6000E-01 4.5500E+007276 3102
 1.0000E+00 4.5500E+00 1.0000E+00 4.4999E+00 1.0500E+00 4.4999E+007276 3102
 1.0500E+00 4.4447E+00 1.1000E+00 4.4447E+00 1.1000E+00 4.3977E+007276 3102
 1.1500E+00 4.3977E+00 1.1500E+00 4.3560E+00 1.2000E+00 4.3560E+007276 3102
 1.2000E+00 4.3095E+00 1.2750E+00 4.3095E+00 1.2750E+00 4.2658E+007276 3102
 1.3500E+00 4.2658E+00 1.3500E+00 4.2260E+00 1.4250E+00 4.2260E+007276 3102
 1.4250E+00 4.1965E+00 1.5000E+00 4.1965E+00 1.5000E+00 4.1727E+007276 3102
 1.6000E+00 4.1727E+00 1.6000E+00 4.1519E+00 1.7000E+00 4.1519E+007276 3102
 1.7000E+00 4.1418E+00 1.8000E+00 4.1418E+00 1.8000E+00 4.1438E+007276 3102
 1.9000E+00 4.1438E+00 1.9000E+00 4.1496E+00 2.0000E+00 4.1496E+007276 3102
 2.0000E+00 4.1688E+00 2.1000E+00 4.1688E+00 2.1000E+00 4.1922E+007276 3102
 2.2000E+00 4.1922E+00 2.2000E+00 4.2256E+00 2.3000E+00 4.2256E+007276 3102
 2.3000E+00 4.2632E+00 2.4000E+00 4.2632E+00 2.4000E+00 4.3226E+007276 3102
 2.5500E+00 4.3226E+00 2.5500E+00 4.4092E+00 2.7000E+00 4.4092E+007276 3102
 2.7000E+00 4.4941E+00 2.8000E+00 4.4941E+00 2.8000E+00 4.6131E+007276 3102
 3.0000E+00 4.6131E+00 3.0000E+00 4.8010E+00 3.2000E+00 4.8010E+007276 3102
 3.2000E+00 5.0256E+00 3.4000E+00 5.0256E+00 3.4000E+00 5.2916E+007276 3102
 3.6000E+00 5.2916E+00 3.6000E+00 5.6069E+00 3.8000E+00 5.6069E+007276 3102
 3.8000E+00 5.9775E+00 4.0000E+00 5.9775E+00 4.0000E+00 6.4770E+007276 3102
 4.2500E+00 6.4770E+00 4.2500E+00 7.1565E+00 4.5000E+00 7.1565E+007276 3102
 4.5000E+00 8.0053E+00 4.7500E+00 8.0053E+00 4.7500E+00 9.0764E+007276 3102
 5.0000E+00 9.0764E+00 5.0000E+00 1.0451E+01 5.2500E+00 1.0451E+017276 3102
 5.2500E+00 1.2264E+01 5.5000E+00 1.2264E+01 5.5000E+00 1.4708E+017276 3102
 5.7500E+00 1.4708E+01 5.7500E+00 1.8113E+01 6.0000E+00 1.8113E+017276 3102
 6.0000E+00 2.3710E+01 6.3000E+00 2.3710E+01 6.3000E+00 3.3779E+017276 3102
 6.6000E+00 3.3779E+01 6.6000E+00 5.2913E+01 6.9000E+00 5.2913E+017276 3102
 6.9000E+00 9.7084E+01 7.2000E+00 9.7084E+01 7.2000E+00 3.3398E+027276 3102
 7.6000E+00 3.3398E+02 7.6000E+00 1.3419E+04 8.0000E+00 1.3419E+047276 3102
 8.0000E+00 1.3648E+03 8.4000E+00 1.3648E+03 8.4000E+00 1.2859E+027276 3102
 8.8000E+00 1.2859E+02 8.8000E+00 4.8813E+01 9.2000E+00 4.8813E+017276 3102
 9.2000E+00 2.5521E+01 9.6000E+00 2.5521E+01 9.6000E+00 1.5644E+017276 3102
 1.0000E+01 1.5644E+01 1.0000E+01 1.0148E+01 1.0500E+01 1.0148E+017276 3102
 1.0500E+01 6.8275E+00 1.1000E+01 6.8275E+00 1.1000E+01 4.9165E+007276 3102
 1.1500E+01 4.9165E+00 1.1500E+01 3.7223E+00 1.2000E+01 3.7223E+007276 3102
 1.2000E+01 2.7874E+00 1.2750E+01 2.7874E+00 1.2750E+01 2.0738E+007276 3102
 1.3500E+01 2.0738E+00 1.3500E+01 1.6228E+00 1.4250E+01 1.6228E+007276 3102
 1.4250E+01 1.3220E+00 1.5000E+01 1.3220E+00 1.5000E+01 1.0869E+007276 3102
 1.6000E+01 1.0869E+00 1.6000E+01 9.0501E-01 1.7000E+01 9.0501E-017276 3102
 1.7000E+01 7.8265E-01 1.8000E+01 7.8265E-01 1.8000E+01 6.9858E-017276 3102
 1.9000E+01 6.9858E-01 1.9000E+01 6.4035E-01 2.0000E+01 6.4035E-017276 3102
 2.0000E+01 6.0065E-01 2.1000E+01 6.0065E-01 2.1000E+01 5.7412E-017276 3102
 2.2000E+01 5.7412E-01 2.2000E+01 5.5807E-01 2.3000E+01 5.5807E-017276 3102
 2.3000E+01 5.5054E-01 2.4000E+01 5.5054E-01 2.4000E+01 5.5190E-017276 3102
 2.5500E+01 5.5190E-01 2.5500E+01 5.6667E-01 2.7000E+01 5.6667E-017276 3102
 2.7000E+01 5.8988E-01 2.8000E+01 5.8988E-01 2.8000E+01 6.3321E-017276 3102
 3.0000E+01 6.3321E-01 3.0000E+01 7.1947E-01 3.2000E+01 7.1947E-017276 3102
 3.2000E+01 8.5175E-01 3.4000E+01 8.5175E-01 3.4000E+01 1.0551E+007276 3102
 3.6000E+01 1.0551E+00 3.6000E+01 1.3826E+00 3.8000E+01 1.3826E+007276 3102
 3.8000E+01 1.9488E+00 4.0000E+01 1.9488E+00 4.0000E+01 3.2889E+007276 3102
 4.2500E+01 3.2889E+00 4.2500E+01 7.9162E+00 4.5000E+01 7.9162E+007276 3102
 4.5000E+01 5.8481E+01 4.7500E+01 5.8481E+01 4.7500E+01 2.0476E+037276 3102
 5.0000E+01 2.0476E+03 5.0000E+01 1.9526E+01 5.2500E+01 1.9526E+017276 3102
 5.2500E+01 6.9853E+01 5.5000E+01 6.9853E+01 5.5000E+01 2.5411E+007276 3102
 5.7500E+01 2.5411E+00 5.7500E+01 1.5578E+00 6.0000E+01 1.5578E+007276 3102
 6.0000E+01 1.4193E+00 6.3000E+01 1.4193E+00 6.3000E+01 4.1570E+007276 3102
 6.6000E+01 4.1570E+00 6.6000E+01 4.8185E+02 6.9000E+01 4.8185E+027276 3102
 6.9000E+01 2.4903E+00 7.2000E+01 2.4903E+00 7.2000E+01 6.4778E-017276 3102
 7.6000E+01 6.4778E-01 7.6000E+01 3.2750E-01 8.0000E+01 3.2750E-017276 3102
 8.0000E+01 2.2245E-01 8.4000E+01 2.2245E-01 8.4000E+01 1.7334E-017276 3102
 8.8000E+01 1.7334E-01 8.8000E+01 1.4765E-01 9.2000E+01 1.4765E-017276 3102
 9.2000E+01 1.3556E-01 9.6000E+01 1.3556E-01 9.6000E+01 1.3409E-017276 3102
 1.0000E+02 1.3409E-01 1.0000E+02 1.4698E-01 1.0500E+02 1.4698E-017276 3102
 1.0500E+02 1.9146E-01 1.1000E+02 1.9146E-01 1.1000E+02 3.2730E-017276 3102
 1.1500E+02 3.2730E-01 1.1500E+02 1.0040E+00 1.2000E+02 1.0040E+007276 3102
 1.2000E+02 2.1830E+02 1.2750E+02 2.1830E+02 1.2750E+02 8.4886E-017276 3102
 1.3500E+02 8.4886E-01 1.3500E+02 1.9625E-01 1.4250E+02 1.9625E-017276 3102
 1.4250E+02 1.1448E-01 1.5000E+02 1.1448E-01 1.5000E+02 1.0270E-017276 3102
 1.6000E+02 1.0270E-01 1.6000E+02 1.7565E-01 1.7000E+02 1.7565E-017276 3102
 1.7000E+02 1.0542E+02 1.8000E+02 1.0542E+02 1.8000E+02 2.5439E+007276 3102
 1.9000E+02 2.5439E+00 1.9000E+02 4.6337E-01 2.0000E+02 4.6337E-017276 3102
 2.0000E+02 8.7550E+01 2.1000E+02 8.7550E+01 2.1000E+02 1.9623E-017276 3102
 2.2000E+02 1.9623E-01 2.2000E+02 1.1008E-01 2.3000E+02 1.1008E-017276 3102
 2.3000E+02 2.2418E-01 2.4000E+02 2.2418E-01 2.4000E+02 2.9399E+017276 3102
 2.5500E+02 2.9399E+01 2.5500E+02 6.1566E+01 2.7000E+02 6.1566E+017276 3102
 2.7000E+02 4.5222E-01 2.8000E+02 4.5222E-01 2.8000E+02 5.6201E+017276 3102
 3.0000E+02 5.6201E+01 3.0000E+02 1.6920E+01 3.2000E+02 1.6920E+017276 3102
 3.2000E+02 1.6158E-01 3.4000E+02 1.6158E-01 3.4000E+02 4.1527E+017276 3102
 3.6000E+02 4.1527E+01 3.6000E+02 1.2333E-01 3.8000E+02 1.2333E-017276 3102
 3.8000E+02 7.0583E+00 4.0000E+02 7.0583E+00 4.0000E+02 9.4934E-027276 3102
 4.2500E+02 9.4934E-02 4.2500E+02 5.1558E+01 4.5000E+02 5.1558E+017276 3102
 4.5000E+02 9.9563E-01 4.7500E+02 9.9563E-01 4.7500E+02 4.7648E+007276 3102
 5.0000E+02 4.7648E+00 5.0000E+02 6.3114E-02 5.2500E+02 6.3114E-027276 3102
 5.2500E+02 4.6698E+00 5.5000E+02 4.6698E+00 5.5000E+02 6.4422E-017276 3102
 5.7500E+02 6.4422E-01 5.7500E+02 2.0815E+01 6.0000E+02 2.0815E+017276 3102
 6.0000E+02 1.9833E+01 6.3000E+02 1.9833E+01 6.3000E+02 1.5026E+017276 3102
 6.6000E+02 1.5026E+01 6.6000E+02 3.5951E-01 6.9000E+02 3.5951E-017276 3102
 6.9000E+02 5.6568E+00 7.2000E+02 5.6568E+00 7.2000E+02 4.1504E+007276 3102
 7.6000E+02 4.1504E+00 7.6000E+02 7.4949E+00 8.0000E+02 7.4949E+007276 3102
 8.0000E+02 3.9153E+00 8.4000E+02 3.9153E+00 8.4000E+02 8.3306E+007276 3102
 8.8000E+02 8.3306E+00 8.8000E+02 4.0283E+00 9.2000E+02 4.0283E+007276 3102
 9.2000E+02 1.4185E+01 9.6000E+02 1.4185E+01 9.6000E+02 7.3010E+007276 3102
 1.0000E+03 7.3010E+00 1.0000E+03 2.6278E+00 1.0500E+03 2.6278E+007276 3102
 1.0500E+03 5.9064E+00 1.1000E+03 5.9064E+00 1.1000E+03 9.7215E+007276 3102
 1.1500E+03 9.7215E+00 1.1500E+03 5.3404E+00 1.2000E+03 5.3404E+007276 3102
 1.2000E+03 8.9497E+00 1.2750E+03 8.9497E+00 1.2750E+03 8.4607E+007276 3102
 1.3500E+03 8.4607E+00 1.3500E+03 8.6116E+00 1.4250E+03 8.6116E+007276 3102
 1.4250E+03 8.1653E+00 1.5000E+03 8.1653E+00 1.5000E+03 7.7824E+007276 3102
 1.6000E+03 7.7824E+00 1.6000E+03 7.4636E+00 1.7000E+03 7.4636E+007276 3102
 1.7000E+03 7.1446E+00 1.8000E+03 7.1446E+00 1.8000E+03 6.8258E+007276 3102
 1.9000E+03 6.8258E+00 1.9000E+03 6.5067E+00 2.0000E+03 6.5067E+007276 3102
 2.0000E+03 6.2624E+00 2.1000E+03 6.2624E+00 2.1000E+03 6.0935E+007276 3102
 2.2000E+03 6.0935E+00 2.2000E+03 5.9246E+00 2.3000E+03 5.9246E+007276 3102
 2.3000E+03 5.7556E+00 2.4000E+03 5.7556E+00 2.4000E+03 5.5452E+007276 3102
 2.5500E+03 5.5452E+00 2.5500E+03 5.2919E+00 2.7000E+03 5.2919E+007276 3102
 2.7000E+03 5.0800E+00 2.8000E+03 5.0800E+00 2.8000E+03 4.8284E+007276 3102
 3.0000E+03 4.8284E+00 3.0000E+03 4.5697E+00 3.2000E+03 4.5697E+007276 3102
 3.2000E+03 4.3922E+00 3.4000E+03 4.3922E+00 3.4000E+03 4.2144E+007276 3102
 3.6000E+03 4.2144E+00 3.6000E+03 4.0369E+00 3.8000E+03 4.0369E+007276 3102
 3.8000E+03 3.8593E+00 4.0000E+03 3.8593E+00 4.0000E+03 3.7020E+007276 3102
 4.2500E+03 3.7020E+00 4.2500E+03 3.5648E+00 4.5000E+03 3.5648E+007276 3102
 4.5000E+03 3.4279E+00 4.7500E+03 3.4279E+00 4.7500E+03 3.2907E+007276 3102
 5.0000E+03 3.2907E+00 5.0000E+03 3.1754E+00 5.2500E+03 3.1754E+007276 3102
 5.2500E+03 3.0822E+00 5.5000E+03 3.0822E+00 5.5000E+03 2.9888E+007276 3102
 5.7500E+03 2.9888E+00 5.7500E+03 2.8956E+00 6.0000E+03 2.8956E+007276 3102
 6.0000E+03 2.8137E+00 6.3000E+03 2.8137E+00 6.3000E+03 2.7426E+007276 3102
 6.6000E+03 2.7426E+00 6.6000E+03 2.6714E+00 6.9000E+03 2.6714E+007276 3102
 6.9000E+03 2.6003E+00 7.2000E+03 2.6003E+00 7.2000E+03 2.5178E+007276 3102
 7.6000E+03 2.5178E+00 7.6000E+03 2.4228E+00 8.0000E+03 2.4228E+007276 3102
 8.0000E+03 2.3464E+00 8.4000E+03 2.3464E+00 8.4000E+03 2.2884E+007276 3102
 8.8000E+03 2.2884E+00 8.8000E+03 2.2306E+00 9.2000E+03 2.2306E+007276 3102
 9.2000E+03 2.1725E+00 9.6000E+03 2.1725E+00 9.6000E+03 2.1147E+007276 3102
 1.0000E+04 2.1147E+00 1.0000E+04 2.0660E+00 1.0500E+04 2.0660E+007276 3102
 1.0500E+04 2.0265E+00 1.1000E+04 2.0265E+00 1.1000E+04 1.9868E+007276 3102
 1.1500E+04 1.9868E+00 1.1500E+04 1.9471E+00 1.2000E+04 1.9471E+007276 3102
 1.2000E+04 1.8979E+00 1.2750E+04 1.8979E+00 1.2750E+04 1.8386E+007276 3102
 1.3500E+04 1.8386E+00 1.3500E+04 1.7791E+00 1.4250E+04 1.7791E+007276 3102
 1.4250E+04 1.7198E+00 1.5000E+04 1.7198E+00 1.5000E+04 1.6692E+007276 3102
 1.6000E+04 1.6692E+00 1.6000E+04 1.6276E+00 1.7000E+04 1.6276E+007276 3102
 1.7000E+04 1.5859E+00 1.8000E+04 1.5859E+00 1.8000E+04 1.5443E+007276 3102
 1.9000E+04 1.5443E+00 1.9000E+04 1.5026E+00 2.0000E+04 1.5026E+007276 3102
 2.0000E+04 1.4702E+00 2.1000E+04 1.4702E+00 2.1000E+04 1.4473E+007276 3102
 2.2000E+04 1.4473E+00 2.2000E+04 1.4244E+00 2.3000E+04 1.4244E+007276 3102
 2.3000E+04 1.4014E+00 2.4000E+04 1.4014E+00 2.4000E+04 1.3728E+007276 3102
 2.5500E+04 1.3728E+00 2.5500E+04 1.3384E+00 2.7000E+04 1.3384E+007276 3102
 2.7000E+04 1.3096E+00 2.8000E+04 1.3096E+00 2.8000E+04 1.2755E+007276 3102
 3.0000E+04 1.2755E+00 3.0000E+04 1.2391E+00 3.2000E+04 1.2391E+007276 3102
 3.2000E+04 1.2126E+00 3.4000E+04 1.2126E+00 3.4000E+04 1.1859E+007276 3102
 3.6000E+04 1.1859E+00 3.6000E+04 1.1594E+00 3.8000E+04 1.1594E+007276 3102
 3.8000E+04 1.1329E+00 4.0000E+04 1.1329E+00 4.0000E+04 1.1083E+007276 3102
 4.2500E+04 1.1083E+00 4.2500E+04 1.0857E+00 4.5000E+04 1.0857E+007276 3102
 4.5000E+04 1.0631E+00 4.7500E+04 1.0631E+00 4.7500E+04 1.0405E+007276 3102
 5.0000E+04 1.0405E+00 5.0000E+04 1.0220E+00 5.2500E+04 1.0220E+007276 3102
 5.2500E+04 1.0087E+00 5.5000E+04 1.0087E+00 5.5000E+04 9.9552E-017276 3102
 5.7500E+04 9.9552E-01 5.7500E+04 9.8297E-01 6.0000E+04 9.8297E-017276 3102
 6.0000E+04 9.7078E-01 6.3000E+04 9.7078E-01 6.3000E+04 9.5743E-017276 3102
 6.6000E+04 9.5743E-01 6.6000E+04 9.4501E-01 6.9000E+04 9.4501E-017276 3102
 6.9000E+04 9.3409E-01 7.2000E+04 9.3408E-01 7.2000E+04 9.2501E-017276 3102
 7.6000E+04 9.2501E-01 7.6000E+04 9.1487E-01 8.0000E+04 9.1487E-017276 3102
 8.0000E+04 9.0470E-01 8.4000E+04 9.0470E-01 8.4000E+04 8.9535E-017276 3102
 8.8000E+04 8.9535E-01 8.8000E+04 8.7681E-01 9.2000E+04 8.7681E-017276 3102
 9.2000E+04 8.3850E-01 9.6000E+04 8.3850E-01 9.6000E+04 8.0297E-017276 3102
 1.0000E+05 8.0296E-01 1.0000E+05 7.7558E-01 1.0500E+05 7.7558E-017276 3102
 1.0500E+05 7.5575E-01 1.1000E+05 7.5575E-01 1.1000E+05 7.3717E-017276 3102
 1.1500E+05 7.3716E-01 1.1500E+05 7.1982E-01 1.2000E+05 7.1982E-017276 3102
 1.2000E+05 7.0013E-01 1.2750E+05 7.0013E-01 1.2750E+05 6.7790E-017276 3102
 1.3500E+05 6.7790E-01 1.3500E+05 6.5766E-01 1.4250E+05 6.5766E-017276 3102
 1.4250E+05 6.3921E-01 1.5000E+05 6.3920E-01 1.5000E+05 6.2307E-017276 3102
 1.6000E+05 6.2307E-01 1.6000E+05 6.0896E-01 1.7000E+05 6.0896E-017276 3102
 1.7000E+05 5.9586E-01 1.8000E+05 5.9586E-01 1.8000E+05 5.8385E-017276 3102
 1.9000E+05 5.8384E-01 1.9000E+05 5.7252E-01 2.0000E+05 5.7252E-017276 3102
 2.0000E+05 5.6460E-01 2.1000E+05 5.6460E-01 2.1000E+05 5.5965E-017276 3102
 2.2000E+05 5.5964E-01 2.2000E+05 5.5464E-01 2.3000E+05 5.5464E-017276 3102
 2.3000E+05 5.4973E-01 2.4000E+05 5.4973E-01 2.4000E+05 5.4443E-017276 3102
 2.5500E+05 5.4443E-01 2.5500E+05 5.3821E-01 2.7000E+05 5.3821E-017276 3102
 2.7000E+05 5.3320E-01 2.8000E+05 5.3320E-01 2.8000E+05 5.2817E-017276 3102
 3.0000E+05 5.2817E-01 3.0000E+05 5.2440E-01 3.2000E+05 5.2440E-017276 3102
 3.2000E+05 5.2214E-01 3.4000E+05 5.2214E-01 3.4000E+05 5.1996E-017276 3102
 3.6000E+05 5.1996E-01 3.6000E+05 5.1817E-01 3.8000E+05 5.1816E-017276 3102
 3.8000E+05 5.1637E-01 4.0000E+05 5.1637E-01 4.0000E+05 5.1591E-017276 3102
 4.2500E+05 5.1591E-01 4.2500E+05 5.1680E-01 4.5000E+05 5.1679E-017276 3102
 4.5000E+05 5.1774E-01 4.7500E+05 5.1773E-01 4.7500E+05 5.1864E-017276 3102
 5.0000E+05 5.1864E-01 5.0000E+05 5.2075E-01 5.2500E+05 5.2074E-017276 3102
 5.2500E+05 5.2405E-01 5.5000E+05 5.2404E-01 5.5000E+05 5.2740E-017276 3102
 5.7500E+05 5.2740E-01 5.7500E+05 5.3076E-01 6.0000E+05 5.3076E-017276 3102
 6.0000E+05 5.3558E-01 6.3000E+05 5.3558E-01 6.3000E+05 5.4218E-017276 3102
 6.6000E+05 5.4218E-01 6.6000E+05 5.4877E-01 6.9000E+05 5.4876E-017276 3102
 6.9000E+05 5.5583E-01 7.2000E+05 5.5582E-01 7.2000E+05 5.6593E-017276 3102
 7.6000E+05 5.6592E-01 7.6000E+05 5.7765E-01 8.0000E+05 5.7764E-017276 3102
 8.0000E+05 5.9152E-01 8.4000E+05 5.9151E-01 8.4000E+05 6.0754E-017276 3102
 8.8000E+05 6.0753E-01 8.8000E+05 6.2355E-01 9.2000E+05 6.2354E-017276 3102
 9.2000E+05 6.3955E-01 9.6000E+05 6.3954E-01 9.6000E+05 6.5516E-017276 3102
 1.0000E+06 6.5515E-01 1.0000E+06 6.8707E-01 1.1000E+06 6.8704E-017276 3102
 1.1000E+06 7.3594E-01 1.2000E+06 7.3591E-01 1.2000E+06 7.6108E-017276 3102
 1.3000E+06 7.6105E-01 1.3000E+06 7.3467E-01 1.4000E+06 7.3464E-017276 3102
 1.4000E+06 6.9192E-01 1.5000E+06 6.9189E-01 1.5000E+06 6.7173E-017276 3102
 1.6000E+06 6.7170E-01 1.6000E+06 6.6369E-01 1.7000E+06 6.6367E-017276 3102
 1.7000E+06 6.4164E-01 1.8000E+06 6.4161E-01 1.8000E+06 6.1523E-017276 3102
 1.9000E+06 6.1520E-01 1.9000E+06 5.9898E-01 2.0000E+06 5.9896E-017276 3102
 2.0000E+06 5.7750E-01 2.1000E+06 5.7748E-01 2.1000E+06 5.5073E-017276 3102
 2.2000E+06 5.5071E-01 2.2000E+06 5.2611E-01 2.3000E+06 5.2609E-017276 3102
 2.3000E+06 5.0369E-01 2.4000E+06 5.0367E-01 2.4000E+06 4.8325E-017276 3102
 2.5000E+06 4.8323E-01 2.5000E+06 4.6416E-01 2.6000E+06 4.6415E-017276 3102
 2.6000E+06 4.4656E-01 2.7000E+06 4.4655E-01 2.7000E+06 4.3022E-017276 3102
 2.8000E+06 4.3021E-01 2.8000E+06 4.1523E-01 2.9000E+06 4.1522E-017276 3102
 2.9000E+06 4.0097E-01 3.0000E+06 4.0096E-01 3.0000E+06 3.7469E-017276 3102
 3.1000E+06 3.7468E-01 3.1000E+06 3.3795E-01 3.2000E+06 3.3793E-017276 3102
 3.2000E+06 3.0568E-01 3.3000E+06 3.0567E-01 3.3000E+06 2.7749E-017276 3102
 3.4000E+06 2.7747E-01 3.4000E+06 2.5250E-01 3.5000E+06 2.5249E-017276 3102
 3.5000E+06 2.3055E-01 3.6000E+06 2.3054E-01 3.6000E+06 2.1091E-017276 3102
 3.7000E+06 2.1090E-01 3.7000E+06 1.9345E-01 3.8000E+06 1.9345E-017276 3102
 3.8000E+06 1.7777E-01 3.9000E+06 1.7776E-01 3.9000E+06 1.6380E-017276 3102
 4.0000E+06 1.6380E-01 4.0000E+06 1.4751E-01 4.1000E+06 1.4751E-017276 3102
 4.1000E+06 1.2962E-01 4.2000E+06 1.2961E-01 4.2000E+06 1.1431E-017276 3102
 4.3000E+06 1.1431E-01 4.3000E+06 1.0108E-01 4.4000E+06 1.0108E-017276 3102
 4.4000E+06 8.9663E-02 4.5000E+06 8.9660E-02 4.5000E+06 7.9742E-027276 3102
 4.6000E+06 7.9739E-02 4.6000E+06 7.1138E-02 4.7000E+06 7.1136E-027276 3102
 4.7000E+06 6.3590E-02 4.8000E+06 6.3588E-02 4.8000E+06 5.7005E-027276 3102
 4.9000E+06 5.7003E-02 4.9000E+06 5.1210E-02 5.0000E+06 5.1208E-027276 3102
 5.0000E+06 4.5722E-02 5.1000E+06 4.5720E-02 5.1000E+06 4.0511E-027276 3102
 5.2000E+06 4.0509E-02 5.2000E+06 3.6006E-02 5.3000E+06 3.6005E-027276 3102
 5.3000E+06 3.2068E-02 5.4000E+06 3.2067E-02 5.4000E+06 2.8647E-027276 3102
 5.5000E+06 2.8646E-02 5.5000E+06 2.5659E-02 5.6000E+06 2.5658E-027276 3102
 5.6000E+06 2.3040E-02 5.7000E+06 2.3039E-02 5.7000E+06 2.0742E-027276 3102
 5.8000E+06 2.0741E-02 5.8000E+06 1.8730E-02 5.9000E+06 1.8729E-027276 3102
 5.9000E+06 1.6953E-02 6.0000E+06 1.6953E-02 6.0000E+06 1.5345E-027276 3102
 6.1000E+06 1.5345E-02 6.1000E+06 1.3899E-02 6.2000E+06 1.3898E-027276 3102
 6.2000E+06 1.2619E-02 6.3000E+06 1.2619E-02 6.3000E+06 1.1495E-027276 3102
 6.4000E+06 1.1495E-02 6.4000E+06 1.0506E-02 6.5000E+06 1.0505E-027276 3102
 6.5000E+06 9.6361E-03 6.6000E+06 9.6357E-03 6.6000E+06 8.8668E-037276 3102
 6.7000E+06 8.8665E-03 6.7000E+06 8.1895E-03 6.8000E+06 8.1892E-037276 3102
 6.8000E+06 7.5926E-03 6.9000E+06 7.5924E-03 6.9000E+06 7.0637E-037276 3102
 7.0000E+06 7.0634E-03 7.0000E+06 6.5974E-03 7.1000E+06 6.5972E-037276 3102
 7.1000E+06 6.1825E-03 7.2000E+06 6.1822E-03 7.2000E+06 5.8157E-037276 3102
 7.3000E+06 5.8155E-03 7.3000E+06 5.4940E-03 7.4000E+06 5.4938E-037276 3102
 7.4000E+06 5.2102E-03 7.5000E+06 5.2100E-03 7.5000E+06 4.9609E-037276 3102
 7.6000E+06 4.9607E-03 7.6000E+06 4.7403E-03 7.7000E+06 4.7401E-037276 3102
 7.7000E+06 4.5461E-03 7.8000E+06 4.5459E-03 7.8000E+06 4.3734E-037276 3102
 7.9000E+06 4.3733E-03 7.9000E+06 4.2227E-03 8.0000E+06 4.2226E-037276 3102
 8.0000E+06 4.0892E-03 8.1000E+06 4.0890E-03 8.1000E+06 3.9469E-037276 3102
 8.2000E+06 3.9468E-03 8.2000E+06 3.8050E-03 8.3000E+06 3.8049E-037276 3102
 8.3000E+06 3.6801E-03 8.4000E+06 3.6800E-03 8.4000E+06 3.5718E-037276 3102
 8.5000E+06 3.5717E-03 8.5000E+06 3.4762E-03 8.6000E+06 3.4760E-037276 3102
 8.6000E+06 3.3914E-03 8.7000E+06 3.3912E-03 8.7000E+06 3.3154E-037276 3102
 8.8000E+06 3.3153E-03 8.8000E+06 3.2485E-03 8.9000E+06 3.2483E-037276 3102
 8.9000E+06 3.1874E-03 9.0000E+06 3.1873E-03 9.0000E+06 3.1325E-037276 3102
 9.1000E+06 3.1324E-03 9.1000E+06 3.0823E-03 9.2000E+06 3.0822E-037276 3102
 9.2000E+06 3.0355E-03 9.3000E+06 3.0354E-03 9.3000E+06 2.9931E-037276 3102
 9.4000E+06 2.9930E-03 9.4000E+06 2.9532E-03 9.5000E+06 2.9531E-037276 3102
 9.5000E+06 2.9129E-03 9.6000E+06 2.9128E-03 9.6000E+06 2.8725E-037276 3102
 9.7000E+06 2.8724E-03 9.7000E+06 2.8343E-03 9.8000E+06 2.8342E-037276 3102
 9.8000E+06 2.7983E-03 9.9000E+06 2.7982E-03 9.9000E+06 2.7649E-037276 3102
 1.0000E+07 2.7648E-03 1.0000E+07 2.7356E-03 1.0100E+07 2.7355E-037276 3102
 1.0100E+07 2.7095E-03 1.0200E+07 2.7094E-03 1.0200E+07 2.6837E-037276 3102
 1.0300E+07 2.6836E-03 1.0300E+07 2.6579E-03 1.0400E+07 2.6578E-037276 3102
 1.0400E+07 2.6327E-03 1.0500E+07 2.6326E-03 1.0500E+07 2.6076E-037276 3102
 1.0600E+07 2.6075E-03 1.0600E+07 2.5823E-03 1.0700E+07 2.5822E-037276 3102
 1.0700E+07 2.5581E-03 1.0800E+07 2.5580E-03 1.0800E+07 2.5335E-037276 3102
 1.0900E+07 2.5334E-03 1.0900E+07 2.5088E-03 1.1000E+07 2.5087E-037276 3102
 1.1000E+07 2.4847E-03 1.1100E+07 2.4846E-03 1.1100E+07 2.4602E-037276 3102
 1.1200E+07 2.4602E-03 1.1200E+07 2.4365E-03 1.1300E+07 2.4364E-037276 3102
 1.1300E+07 2.4125E-03 1.1400E+07 2.4124E-03 1.1400E+07 2.3882E-037276 3102
 1.1500E+07 2.3881E-03 1.1500E+07 2.3651E-03 1.1600E+07 2.3651E-037276 3102
 1.1600E+07 2.3407E-03 1.1700E+07 2.3406E-03 1.1700E+07 2.3176E-037276 3102
 1.1800E+07 2.3175E-03 1.1800E+07 2.2943E-03 1.1900E+07 2.2943E-037276 3102
 1.1900E+07 2.2712E-03 1.2000E+07 2.2711E-03 1.2000E+07 2.2479E-037276 3102
 1.2100E+07 2.2478E-03 1.2100E+07 2.2241E-03 1.2200E+07 2.2241E-037276 3102
 1.2200E+07 2.2007E-03 1.2300E+07 2.2006E-03 1.2300E+07 2.1771E-037276 3102
 1.2400E+07 2.1770E-03 1.2400E+07 2.1543E-03 1.2500E+07 2.1542E-037276 3102
 1.2500E+07 2.1289E-03 1.2600E+07 2.1288E-03 1.2600E+07 2.1075E-037276 3102
 1.2700E+07 2.1074E-03 1.2700E+07 2.0847E-03 1.2800E+07 2.0846E-037276 3102
 1.2800E+07 2.0637E-03 1.2900E+07 2.0637E-03 1.2900E+07 2.0419E-037276 3102
 1.3000E+07 2.0418E-03 1.3000E+07 2.0209E-03 1.3100E+07 2.0208E-037276 3102
 1.3100E+07 2.0000E-03 1.3200E+07 1.9999E-03 1.3200E+07 1.9792E-037276 3102
 1.3300E+07 1.9791E-03 1.3300E+07 1.9584E-03 1.3400E+07 1.9584E-037276 3102
 1.3400E+07 1.9381E-03 1.3500E+07 1.9380E-03 1.3500E+07 1.9185E-037276 3102
 1.3600E+07 1.9184E-03 1.3600E+07 1.8982E-03 1.3700E+07 1.8981E-037276 3102
 1.3700E+07 1.8791E-03 1.3800E+07 1.8790E-03 1.3800E+07 1.8594E-037276 3102
 1.3900E+07 1.8594E-03 1.3900E+07 1.8396E-03 1.4000E+07 1.8395E-037276 3102
 1.4000E+07 1.8211E-03 1.4100E+07 1.8211E-03 1.4100E+07 1.8022E-037276 3102
 1.4200E+07 1.8021E-03 1.4200E+07 1.7835E-03 1.4300E+07 1.7835E-037276 3102
 1.4300E+07 1.7653E-03 1.4400E+07 1.7652E-03 1.4400E+07 1.7471E-037276 3102
 1.4500E+07 1.7470E-03 1.4500E+07 1.7295E-03 1.4600E+07 1.7294E-037276 3102
 1.4600E+07 1.7120E-03 1.4700E+07 1.7119E-03 1.4700E+07 1.6934E-037276 3102
 1.4800E+07 1.6934E-03 1.4800E+07 1.6762E-03 1.4900E+07 1.6761E-037276 3102
 1.4900E+07 1.6593E-03 1.5000E+07 1.6593E-03 1.5000E+07 1.6428E-037276 3102
 1.5100E+07 1.6427E-03 1.5100E+07 1.6258E-03 1.5200E+07 1.6258E-037276 3102
 1.5200E+07 1.6094E-03 1.5300E+07 1.6093E-03 1.5300E+07 1.5930E-037276 3102
 1.5400E+07 1.5929E-03 1.5400E+07 1.5770E-03 1.5500E+07 1.5770E-037276 3102
 1.5500E+07 1.5607E-03 1.5600E+07 1.5606E-03 1.5600E+07 1.5445E-037276 3102
 1.5700E+07 1.5445E-03 1.5700E+07 1.5277E-03 1.5800E+07 1.5276E-037276 3102
 1.5800E+07 1.5124E-03 1.5900E+07 1.5124E-03 1.5900E+07 1.4973E-037276 3102
 1.6000E+07 1.4972E-03 1.6000E+07 1.4822E-03 1.6100E+07 1.4822E-037276 3102
 1.6100E+07 1.4668E-03 1.6200E+07 1.4667E-03 1.6200E+07 1.4522E-037276 3102
 1.6300E+07 1.4522E-03 1.6300E+07 1.4379E-03 1.6400E+07 1.4378E-037276 3102
 1.6400E+07 1.4230E-03 1.6500E+07 1.4229E-03 1.6500E+07 1.4089E-037276 3102
 1.6600E+07 1.4089E-03 1.6600E+07 1.3951E-03 1.6700E+07 1.3950E-037276 3102
 1.6700E+07 1.3809E-03 1.6800E+07 1.3809E-03 1.6800E+07 1.3673E-037276 3102
 1.6900E+07 1.3672E-03 1.6900E+07 1.3539E-03 1.7000E+07 1.3539E-037276 3102
 1.7000E+07 1.3401E-03 1.7100E+07 1.3400E-03 1.7100E+07 1.3267E-037276 3102
 1.7200E+07 1.3267E-03 1.7200E+07 1.3140E-03 1.7300E+07 1.3139E-037276 3102
 1.7300E+07 1.3012E-03 1.7400E+07 1.3011E-03 1.7400E+07 1.2882E-037276 3102
 1.7500E+07 1.2882E-03 1.7500E+07 1.2754E-03 1.7600E+07 1.2753E-037276 3102
 1.7600E+07 1.2633E-03 1.7700E+07 1.2633E-03 1.7700E+07 1.2509E-037276 3102
 1.7800E+07 1.2508E-03 1.7800E+07 1.2387E-03 1.7900E+07 1.2387E-037276 3102
 1.7900E+07 1.2266E-03 1.8000E+07 1.2266E-03 1.8000E+07 1.2150E-037276 3102
 1.8100E+07 1.2149E-03 1.8100E+07 1.2028E-03 1.8200E+07 1.2028E-037276 3102
 1.8200E+07 1.1917E-03 1.8300E+07 1.1916E-03 1.8300E+07 1.1800E-037276 3102
 1.8400E+07 1.1800E-03 1.8400E+07 1.1688E-03 1.8500E+07 1.1687E-037276 3102
 1.8500E+07 1.1576E-03 1.8600E+07 1.1576E-03 1.8600E+07 1.1467E-037276 3102
 1.8700E+07 1.1467E-03 1.8700E+07 1.1354E-03 1.8800E+07 1.1353E-037276 3102
 1.8800E+07 1.1249E-03 1.8900E+07 1.1249E-03 1.8900E+07 1.1145E-037276 3102
 1.9000E+07 1.1144E-03 1.9000E+07 1.1037E-03 1.9100E+07 1.1037E-037276 3102
 1.9100E+07 1.0933E-03 1.9200E+07 1.0933E-03 1.9200E+07 1.0833E-037276 3102
 1.9300E+07 1.0832E-03 1.9300E+07 1.0727E-03 1.9400E+07 1.0727E-037276 3102
 1.9400E+07 1.0632E-03 1.9500E+07 1.0631E-03 1.9500E+07 1.0531E-037276 3102
 1.9600E+07 1.0531E-03 1.9600E+07 1.0431E-03 1.9700E+07 1.0431E-037276 3102
 1.9700E+07 1.0337E-03 1.9800E+07 1.0336E-03 1.9800E+07 1.0241E-037276 3102
 1.9900E+07 1.0241E-03 1.9900E+07 1.0149E-03 2.0000E+07 1.0148E-037276 3102
 2.0000E+07 0.0000E+00                                            7276 3102
                                                                  7276 3  0
