I -127N,G    1.0000+00* JEF-2.2                                   5327 3102
                                                                  5327 3102
 5.31270+04 1.2581E+02          0         99          0          05327 3102
 3.0000E+02 6.8210E+06          0          0          1       12825327 3102
       1282          2                                            5327 3102
 1.0000E-05 0.0000E+00 1.0000E-05 1.2563E+02 1.0500E-04 1.2563E+025327 3102
 1.0500E-04 9.5050E+01 1.1000E-04 9.5050E+01 1.1000E-04 9.2957E+015327 3102
 1.1500E-04 9.2957E+01 1.1500E-04 9.0927E+01 1.2000E-04 9.0927E+015327 3102
 1.2000E-04 8.8614E+01 1.2750E-04 8.8614E+01 1.2750E-04 8.6030E+015327 3102
 1.3500E-04 8.6030E+01 1.3500E-04 8.3673E+01 1.4250E-04 8.3673E+015327 3102
 1.4250E-04 8.1508E+01 1.5000E-04 8.1508E+01 1.5000E-04 7.9213E+015327 3102
 1.6000E-04 7.9213E+01 1.6000E-04 7.6739E+01 1.7000E-04 7.6739E+015327 3102
 1.7000E-04 7.4544E+01 1.8000E-04 7.4544E+01 1.8000E-04 7.2497E+015327 3102
 1.9000E-04 7.2497E+01 1.9000E-04 7.0603E+01 2.0000E-04 7.0603E+015327 3102
 2.0000E-04 6.8864E+01 2.1000E-04 6.8864E+01 2.1000E-04 6.7276E+015327 3102
 2.2000E-04 6.7276E+01 2.2000E-04 6.5739E+01 2.3000E-04 6.5739E+015327 3102
 2.3000E-04 6.4346E+01 2.4000E-04 6.4346E+01 2.4000E-04 6.2687E+015327 3102
 2.5500E-04 6.2687E+01 2.5500E-04 6.0868E+01 2.7000E-04 6.0868E+015327 3102
 2.7000E-04 5.9479E+01 2.8000E-04 5.9479E+01 2.8000E-04 5.7931E+015327 3102
 3.0000E-04 5.7931E+01 3.0000E-04 5.6018E+01 3.2000E-04 5.6018E+015327 3102
 3.2000E-04 5.4306E+01 3.4000E-04 5.4306E+01 3.4000E-04 5.2726E+015327 3102
 3.6000E-04 5.2726E+01 3.6000E-04 5.1286E+01 3.8000E-04 5.1286E+015327 3102
 3.8000E-04 4.9942E+01 4.0000E-04 4.9942E+01 4.0000E-04 4.8586E+015327 3102
 4.2500E-04 4.8586E+01 4.2500E-04 4.7166E+01 4.5000E-04 4.7166E+015327 3102
 4.5000E-04 4.5883E+01 4.7500E-04 4.5883E+01 4.7500E-04 4.4685E+015327 3102
 5.0000E-04 4.4685E+01 5.0000E-04 4.3578E+01 5.2500E-04 4.3578E+015327 3102
 5.2500E-04 4.2560E+01 5.5000E-04 4.2560E+01 5.5000E-04 4.1604E+015327 3102
 5.7500E-04 4.1604E+01 5.7500E-04 4.0728E+01 6.0000E-04 4.0728E+015327 3102
 6.0000E-04 3.9780E+01 6.3000E-04 3.9780E+01 6.3000E-04 3.8855E+015327 3102
 6.6000E-04 3.8855E+01 6.6000E-04 3.7985E+01 6.9000E-04 3.7985E+015327 3102
 6.9000E-04 3.7164E+01 7.2000E-04 3.7164E+01 7.2000E-04 3.6272E+015327 3102
 7.6000E-04 3.6272E+01 7.6000E-04 3.5326E+01 8.0000E-04 3.5326E+015327 3102
 8.0000E-04 3.4473E+01 8.4000E-04 3.4473E+01 8.4000E-04 3.3648E+015327 3102
 8.8000E-04 3.3648E+01 8.8000E-04 3.2902E+01 9.2000E-04 3.2902E+015327 3102
 9.2000E-04 3.2183E+01 9.6000E-04 3.2183E+01 9.6000E-04 3.1528E+015327 3102
 1.0000E-03 3.1528E+01 1.0000E-03 3.0819E+01 1.0500E-03 3.0819E+015327 3102
 1.0500E-03 3.0097E+01 1.1000E-03 3.0097E+01 1.1000E-03 2.9428E+015327 3102
 1.1500E-03 2.9428E+01 1.1500E-03 2.8801E+01 1.2000E-03 2.8801E+015327 3102
 1.2000E-03 2.8044E+01 1.2750E-03 2.8044E+01 1.2750E-03 2.7246E+015327 3102
 1.3500E-03 2.7246E+01 1.3500E-03 2.6491E+01 1.4250E-03 2.6491E+015327 3102
 1.4250E-03 2.5803E+01 1.5000E-03 2.5803E+01 1.5000E-03 2.5060E+015327 3102
 1.6000E-03 2.5060E+01 1.6000E-03 2.4301E+01 1.7000E-03 2.4301E+015327 3102
 1.7000E-03 2.3589E+01 1.8000E-03 2.3589E+01 1.8000E-03 2.2942E+015327 3102
 1.9000E-03 2.2942E+01 1.9000E-03 2.2350E+01 2.0000E-03 2.2350E+015327 3102
 2.0000E-03 2.1792E+01 2.1000E-03 2.1792E+01 2.1000E-03 2.1279E+015327 3102
 2.2000E-03 2.1279E+01 2.2000E-03 2.0809E+01 2.3000E-03 2.0809E+015327 3102
 2.3000E-03 2.0363E+01 2.4000E-03 2.0363E+01 2.4000E-03 1.9830E+015327 3102
 2.5500E-03 1.9830E+01 2.5500E-03 1.9265E+01 2.7000E-03 1.9265E+015327 3102
 2.7000E-03 1.8814E+01 2.8000E-03 1.8814E+01 2.8000E-03 1.8323E+015327 3102
 3.0000E-03 1.8323E+01 3.0000E-03 1.7720E+01 3.2000E-03 1.7720E+015327 3102
 3.2000E-03 1.7183E+01 3.4000E-03 1.7183E+01 3.4000E-03 1.6680E+015327 3102
 3.6000E-03 1.6680E+01 3.6000E-03 1.6222E+01 3.8000E-03 1.6222E+015327 3102
 3.8000E-03 1.5803E+01 4.0000E-03 1.5803E+01 4.0000E-03 1.5362E+015327 3102
 4.2500E-03 1.5362E+01 4.2500E-03 1.4917E+01 4.5000E-03 1.4917E+015327 3102
 4.5000E-03 1.4516E+01 4.7500E-03 1.4516E+01 4.7500E-03 1.4128E+015327 3102
 5.0000E-03 1.4128E+01 5.0000E-03 1.3785E+01 5.2500E-03 1.3785E+015327 3102
 5.2500E-03 1.3458E+01 5.5000E-03 1.3458E+01 5.5000E-03 1.3157E+015327 3102
 5.7500E-03 1.3157E+01 5.7500E-03 1.2870E+01 6.0000E-03 1.2870E+015327 3102
 6.0000E-03 1.2578E+01 6.3000E-03 1.2578E+01 6.3000E-03 1.2289E+015327 3102
 6.6000E-03 1.2289E+01 6.6000E-03 1.2009E+01 6.9000E-03 1.2009E+015327 3102
 6.9000E-03 1.1752E+01 7.2000E-03 1.1752E+01 7.2000E-03 1.1469E+015327 3102
 7.6000E-03 1.1469E+01 7.6000E-03 1.1173E+01 8.0000E-03 1.1173E+015327 3102
 8.0000E-03 1.0894E+01 8.4000E-03 1.0894E+01 8.4000E-03 1.0637E+015327 3102
 8.8000E-03 1.0637E+01 8.8000E-03 1.0403E+01 9.2000E-03 1.0403E+015327 3102
 9.2000E-03 1.0178E+01 9.6000E-03 1.0178E+01 9.6000E-03 9.9613E+005327 3102
 1.0000E-02 9.9613E+00 1.0000E-02 9.7456E+00 1.0500E-02 9.7456E+005327 3102
 1.0500E-02 9.5141E+00 1.1000E-02 9.5141E+00 1.1000E-02 9.3016E+005327 3102
 1.1500E-02 9.3016E+00 1.1500E-02 9.0985E+00 1.2000E-02 9.0985E+005327 3102
 1.2000E-02 8.8660E+00 1.2750E-02 8.8660E+00 1.2750E-02 8.6130E+005327 3102
 1.3500E-02 8.6130E+00 1.3500E-02 8.3736E+00 1.4250E-02 8.3736E+005327 3102
 1.4250E-02 8.1566E+00 1.5000E-02 8.1566E+00 1.5000E-02 7.9231E+005327 3102
 1.6000E-02 7.9231E+00 1.6000E-02 7.6778E+00 1.7000E-02 7.6778E+005327 3102
 1.7000E-02 7.4553E+00 1.8000E-02 7.4553E+00 1.8000E-02 7.2541E+005327 3102
 1.9000E-02 7.2541E+00 1.9000E-02 7.0598E+00 2.0000E-02 7.0598E+005327 3102
 2.0000E-02 6.8885E+00 2.1000E-02 6.8885E+00 2.1000E-02 6.7247E+005327 3102
 2.2000E-02 6.7247E+00 2.2000E-02 6.5744E+00 2.3000E-02 6.5744E+005327 3102
 2.3000E-02 6.4308E+00 2.4000E-02 6.4308E+00 2.4000E-02 6.2664E+005327 3102
 2.5500E-02 6.2664E+00 2.5500E-02 6.0874E+00 2.7000E-02 6.0874E+005327 3102
 2.7000E-02 5.9438E+00 2.8000E-02 5.9438E+00 2.8000E-02 5.7899E+005327 3102
 3.0000E-02 5.7899E+00 3.0000E-02 5.5994E+00 3.2000E-02 5.5994E+005327 3102
 3.2000E-02 5.4258E+00 3.4000E-02 5.4258E+00 3.4000E-02 5.2684E+005327 3102
 3.6000E-02 5.2684E+00 3.6000E-02 5.1261E+00 3.8000E-02 5.1261E+005327 3102
 3.8000E-02 4.9886E+00 4.0000E-02 4.9886E+00 4.0000E-02 4.8529E+005327 3102
 4.2500E-02 4.8529E+00 4.2500E-02 4.7104E+00 4.5000E-02 4.7104E+005327 3102
 4.5000E-02 4.5811E+00 4.7500E-02 4.5811E+00 4.7500E-02 4.4604E+005327 3102
 5.0000E-02 4.4604E+00 5.0000E-02 4.3520E+00 5.2500E-02 4.3520E+005327 3102
 5.2500E-02 4.2485E+00 5.5000E-02 4.2485E+00 5.5000E-02 4.1528E+005327 3102
 5.7500E-02 4.1528E+00 5.7500E-02 4.0624E+00 6.0000E-02 4.0624E+005327 3102
 6.0000E-02 3.9706E+00 6.3000E-02 3.9706E+00 6.3000E-02 3.8758E+005327 3102
 6.6000E-02 3.8758E+00 6.6000E-02 3.7890E+00 6.9000E-02 3.7890E+005327 3102
 6.9000E-02 3.7068E+00 7.2000E-02 3.7068E+00 7.2000E-02 3.6199E+005327 3102
 7.6000E-02 3.6199E+00 7.6000E-02 3.5224E+00 8.0000E-02 3.5224E+005327 3102
 8.0000E-02 3.4364E+00 8.4000E-02 3.4364E+00 8.4000E-02 3.3542E+005327 3102
 8.8000E-02 3.3542E+00 8.8000E-02 3.2788E+00 9.2000E-02 3.2788E+005327 3102
 9.2000E-02 3.2066E+00 9.6000E-02 3.2066E+00 9.6000E-02 3.1397E+005327 3102
 1.0000E-01 3.1397E+00 1.0000E-01 3.0714E+00 1.0500E-01 3.0714E+005327 3102
 1.0500E-01 2.9981E+00 1.1000E-01 2.9981E+00 1.1000E-01 2.9303E+005327 3102
 1.1500E-01 2.9303E+00 1.1500E-01 2.8662E+00 1.2000E-01 2.8662E+005327 3102
 1.2000E-01 2.7934E+00 1.2750E-01 2.7934E+00 1.2750E-01 2.7109E+005327 3102
 1.3500E-01 2.7109E+00 1.3500E-01 2.6360E+00 1.4250E-01 2.6360E+005327 3102
 1.4250E-01 2.5681E+00 1.5000E-01 2.5681E+00 1.5000E-01 2.4930E+005327 3102
 1.6000E-01 2.4930E+00 1.6000E-01 2.4160E+00 1.7000E-01 2.4160E+005327 3102
 1.7000E-01 2.3444E+00 1.8000E-01 2.3444E+00 1.8000E-01 2.2792E+005327 3102
 1.9000E-01 2.2792E+00 1.9000E-01 2.2183E+00 2.0000E-01 2.2183E+005327 3102
 2.0000E-01 2.1637E+00 2.1000E-01 2.1637E+00 2.1000E-01 2.1118E+005327 3102
 2.2000E-01 2.1118E+00 2.2000E-01 2.0635E+00 2.3000E-01 2.0635E+005327 3102
 2.3000E-01 2.0179E+00 2.4000E-01 2.0179E+00 2.4000E-01 1.9669E+005327 3102
 2.5500E-01 1.9669E+00 2.5500E-01 1.9082E+00 2.7000E-01 1.9082E+005327 3102
 2.7000E-01 1.8620E+00 2.8000E-01 1.8620E+00 2.8000E-01 1.8160E+005327 3102
 3.0000E-01 1.8160E+00 3.0000E-01 1.7539E+00 3.2000E-01 1.7539E+005327 3102
 3.2000E-01 1.6989E+00 3.4000E-01 1.6989E+00 3.4000E-01 1.6478E+005327 3102
 3.6000E-01 1.6478E+00 3.6000E-01 1.6014E+00 3.8000E-01 1.6014E+005327 3102
 3.8000E-01 1.5579E+00 4.0000E-01 1.5579E+00 4.0000E-01 1.5144E+005327 3102
 4.2500E-01 1.5144E+00 4.2500E-01 1.4667E+00 4.5000E-01 1.4667E+005327 3102
 4.5000E-01 1.4254E+00 4.7500E-01 1.4254E+00 4.7500E-01 1.3867E+005327 3102
 5.0000E-01 1.3867E+00 5.0000E-01 1.3510E+00 5.2500E-01 1.3510E+005327 3102
 5.2500E-01 1.3182E+00 5.5000E-01 1.3182E+00 5.5000E-01 1.2873E+005327 3102
 5.7500E-01 1.2873E+00 5.7500E-01 1.2591E+00 6.0000E-01 1.2591E+005327 3102
 6.0000E-01 1.2286E+00 6.3000E-01 1.2286E+00 6.3000E-01 1.1983E+005327 3102
 6.6000E-01 1.1983E+00 6.6000E-01 1.1706E+00 6.9000E-01 1.1706E+005327 3102
 6.9000E-01 1.1438E+00 7.2000E-01 1.1438E+00 7.2000E-01 1.1151E+005327 3102
 7.6000E-01 1.1151E+00 7.6000E-01 1.0843E+00 8.0000E-01 1.0843E+005327 3102
 8.0000E-01 1.0566E+00 8.4000E-01 1.0566E+00 8.4000E-01 1.0302E+005327 3102
 8.8000E-01 1.0302E+00 8.8000E-01 1.0057E+00 9.2000E-01 1.0057E+005327 3102
 9.2000E-01 9.8257E-01 9.6000E-01 9.8257E-01 9.6000E-01 9.6106E-015327 3102
 1.0000E+00 9.6106E-01 1.0000E+00 9.3819E-01 1.0500E+00 9.3819E-015327 3102
 1.0500E+00 9.1476E-01 1.1000E+00 9.1476E-01 1.1000E+00 8.9267E-015327 3102
 1.1500E+00 8.9267E-01 1.1500E+00 8.7254E-01 1.2000E+00 8.7254E-015327 3102
 1.2000E+00 8.4797E-01 1.2750E+00 8.4797E-01 1.2750E+00 8.2174E-015327 3102
 1.3500E+00 8.2174E-01 1.3500E+00 7.9725E-01 1.4250E+00 7.9725E-015327 3102
 1.4250E+00 7.7493E-01 1.5000E+00 7.7493E-01 1.5000E+00 7.5055E-015327 3102
 1.6000E+00 7.5055E-01 1.6000E+00 7.2581E-01 1.7000E+00 7.2581E-015327 3102
 1.7000E+00 7.0262E-01 1.8000E+00 7.0262E-01 1.8000E+00 6.8166E-015327 3102
 1.9000E+00 6.8166E-01 1.9000E+00 6.6204E-01 2.0000E+00 6.6204E-015327 3102
 2.0000E+00 6.4399E-01 2.1000E+00 6.4399E-01 2.1000E+00 6.2740E-015327 3102
 2.2000E+00 6.2740E-01 2.2000E+00 6.1178E-01 2.3000E+00 6.1178E-015327 3102
 2.3000E+00 5.9761E-01 2.4000E+00 5.9761E-01 2.4000E+00 5.8034E-015327 3102
 2.5500E+00 5.8034E-01 2.5500E+00 5.6196E-01 2.7000E+00 5.6196E-015327 3102
 2.7000E+00 5.4750E-01 2.8000E+00 5.4750E-01 2.8000E+00 5.3190E-015327 3102
 3.0000E+00 5.3190E-01 3.0000E+00 5.1240E-01 3.2000E+00 5.1240E-015327 3102
 3.2000E+00 4.9508E-01 3.4000E+00 4.9508E-01 3.4000E+00 4.7966E-015327 3102
 3.6000E+00 4.7966E-01 3.6000E+00 4.6505E-01 3.8000E+00 4.6505E-015327 3102
 3.8000E+00 4.5208E-01 4.0000E+00 4.5208E-01 4.0000E+00 4.3869E-015327 3102
 4.2500E+00 4.3869E-01 4.2500E+00 4.2518E-01 4.5000E+00 4.2518E-015327 3102
 4.5000E+00 4.1296E-01 4.7500E+00 4.1296E-01 4.7500E+00 4.0183E-015327 3102
 5.0000E+00 4.0183E-01 5.0000E+00 3.9178E-01 5.2500E+00 3.9178E-015327 3102
 5.2500E+00 3.8280E-01 5.5000E+00 3.8280E-01 5.5000E+00 3.7425E-015327 3102
 5.7500E+00 3.7425E-01 5.7500E+00 3.6671E-01 6.0000E+00 3.6671E-015327 3102
 6.0000E+00 3.5890E-01 6.3000E+00 3.5890E-01 6.3000E+00 3.5136E-015327 3102
 6.6000E+00 3.5136E-01 6.6000E+00 3.4462E-01 6.9000E+00 3.4462E-015327 3102
 6.9000E+00 3.3860E-01 7.2000E+00 3.3860E-01 7.2000E+00 3.3244E-015327 3102
 7.6000E+00 3.3244E-01 7.6000E+00 3.2649E-01 8.0000E+00 3.2649E-015327 3102
 8.0000E+00 3.2136E-01 8.4000E+00 3.2136E-01 8.4000E+00 3.1723E-015327 3102
 8.8000E+00 3.1723E-01 8.8000E+00 3.1375E-01 9.2000E+00 3.1375E-015327 3102
 9.2000E+00 3.1120E-01 9.6000E+00 3.1120E-01 9.6000E+00 3.0944E-015327 3102
 1.0000E+01 3.0944E-01 1.0000E+01 3.0828E-01 1.0500E+01 3.0828E-015327 3102
 1.0500E+01 3.0817E-01 1.1000E+01 3.0817E-01 1.1000E+01 3.0926E-015327 3102
 1.1500E+01 3.0926E-01 1.1500E+01 3.1161E-01 1.2000E+01 3.1161E-015327 3102
 1.2000E+01 3.1640E-01 1.2750E+01 3.1640E-01 1.2750E+01 3.2514E-015327 3102
 1.3500E+01 3.2514E-01 1.3500E+01 3.3832E-01 1.4250E+01 3.3832E-015327 3102
 1.4250E+01 3.5721E-01 1.5000E+01 3.5721E-01 1.5000E+01 3.9045E-015327 3102
 1.6000E+01 3.9045E-01 1.6000E+01 4.5373E-01 1.7000E+01 4.5373E-015327 3102
 1.7000E+01 5.8237E-01 1.8000E+01 5.8237E-01 1.8000E+01 9.4584E-015327 3102
 1.9000E+01 9.4584E-01 1.9000E+01 3.7880E+00 2.0000E+01 3.7880E+005327 3102
 2.0000E+01 1.2849E+02 2.1000E+01 1.2849E+02 2.1000E+01 2.7654E+005327 3102
 2.2000E+01 2.7654E+00 2.2000E+01 1.0066E+00 2.3000E+01 1.0066E+005327 3102
 2.3000E+01 8.2254E-01 2.4000E+01 8.2254E-01 2.4000E+01 8.8812E-015327 3102
 2.5500E+01 8.8812E-01 2.5500E+01 1.2083E+00 2.7000E+01 1.2083E+005327 3102
 2.7000E+01 1.8299E+00 2.8000E+01 1.8299E+00 2.8000E+01 5.0471E+005327 3102
 3.0000E+01 5.0471E+00 3.0000E+01 5.5427E+02 3.2000E+01 5.5427E+025327 3102
 3.2000E+01 1.0295E+01 3.4000E+01 1.0295E+01 3.4000E+01 6.7024E+005327 3102
 3.6000E+01 6.7024E+00 3.6000E+01 6.6274E+02 3.8000E+01 6.6274E+025327 3102
 3.8000E+01 7.9883E+01 4.0000E+01 7.9883E+01 4.0000E+01 3.8477E+005327 3102
 4.2500E+01 3.8477E+00 4.2500E+01 1.1528E+01 4.5000E+01 1.1528E+015327 3102
 4.5000E+01 2.7567E+02 4.7500E+01 2.7567E+02 4.7500E+01 1.3157E+005327 3102
 5.0000E+01 1.3157E+00 5.0000E+01 5.2037E-01 5.2500E+01 5.2037E-015327 3102
 5.2500E+01 8.3922E-01 5.5000E+01 8.3922E-01 5.5000E+01 2.3401E-015327 3102
 5.7500E+01 2.3401E-01 5.7500E+01 1.9295E-01 6.0000E+01 1.9295E-015327 3102
 6.0000E+01 1.9716E-01 6.3000E+01 1.9716E-01 6.3000E+01 1.0328E+015327 3102
 6.6000E+01 1.0328E+01 6.6000E+01 6.1824E+00 6.9000E+01 6.1824E+005327 3102
 6.9000E+01 2.7203E-01 7.2000E+01 2.7203E-01 7.2000E+01 6.7273E-015327 3102
 7.6000E+01 6.7273E-01 7.6000E+01 1.4596E+02 8.0000E+01 1.4596E+025327 3102
 8.0000E+01 1.3247E+00 8.4000E+01 1.3247E+00 8.4000E+01 7.3365E-015327 3102
 8.8000E+01 7.3365E-01 8.8000E+01 9.2794E+01 9.2000E+01 9.2794E+015327 3102
 9.2000E+01 6.4697E-01 9.6000E+01 6.4697E-01 9.6000E+01 1.4586E-015327 3102
 1.0000E+02 1.4586E-01 1.0000E+02 7.9854E-02 1.0500E+02 7.9854E-025327 3102
 1.0500E+02 5.8458E-02 1.1000E+02 5.8458E-02 1.1000E+02 5.2432E-025327 3102
 1.1500E+02 5.2432E-02 1.1500E+02 5.4656E-02 1.2000E+02 5.4656E-025327 3102
 1.2000E+02 7.3428E-02 1.2750E+02 7.3428E-02 1.2750E+02 3.1469E-015327 3102
 1.3500E+02 3.1469E-01 1.3500E+02 6.1381E+01 1.4250E+02 6.1381E+015327 3102
 1.4250E+02 1.3176E+00 1.5000E+02 1.3176E+00 1.5000E+02 4.3177E-015327 3102
 1.6000E+02 4.3177E-01 1.6000E+02 5.4175E+01 1.7000E+02 5.4175E+015327 3102
 1.7000E+02 5.1665E+00 1.8000E+02 5.1665E+00 1.8000E+02 3.2646E-015327 3102
 1.9000E+02 3.2646E-01 1.9000E+02 4.9337E+01 2.0000E+02 4.9337E+015327 3102
 2.0000E+02 2.4948E+01 2.1000E+02 2.4948E+01 2.1000E+02 1.5459E-015327 3102
 2.2000E+02 1.5459E-01 2.2000E+02 8.9747E-02 2.3000E+02 8.9747E-025327 3102
 2.3000E+02 2.6278E+01 2.4000E+02 2.6278E+01 2.4000E+02 5.6588E+005327 3102
 2.5500E+02 5.6588E+00 2.5500E+02 1.4667E+01 2.7000E+02 1.4667E+015327 3102
 2.7000E+02 5.1686E+00 2.8000E+02 5.1686E+00 2.8000E+02 3.7294E+005327 3102
 3.0000E+02 3.7294E+00 3.0000E+02 4.9566E+00 3.2000E+02 4.9566E+005327 3102
 3.2000E+02 1.3540E+00 3.4000E+02 1.3540E+00 3.4000E+02 2.7535E-015327 3102
 3.6000E+02 2.7535E-01 3.6000E+02 1.5864E+01 3.8000E+02 1.5864E+015327 3102
 3.8000E+02 1.2837E+01 4.0000E+02 1.2837E+01 4.0000E+02 3.7339E+005327 3102
 4.2500E+02 3.7339E+00 4.2500E+02 2.0935E+01 4.5000E+02 2.0935E+015327 3102
 4.5000E+02 3.3549E-01 4.7500E+02 3.3549E-01 4.7500E+02 7.1408E+005327 3102
 5.0000E+02 7.1408E+00 5.0000E+02 9.5417E+00 5.2500E+02 9.5417E+005327 3102
 5.2500E+02 7.7585E+00 5.5000E+02 7.7585E+00 5.5000E+02 1.0405E+015327 3102
 5.7500E+02 1.0405E+01 5.7500E+02 5.8334E-01 6.0000E+02 5.8334E-015327 3102
 6.0000E+02 4.3400E+00 6.3000E+02 4.3400E+00 6.3000E+02 4.6462E+005327 3102
 6.6000E+02 4.6462E+00 6.6000E+02 3.7313E+00 6.9000E+02 3.7313E+005327 3102
 6.9000E+02 1.3906E+01 7.2000E+02 1.3906E+01 7.2000E+02 7.1734E+005327 3102
 7.6000E+02 7.1734E+00 7.6000E+02 6.3072E+00 8.0000E+02 6.3072E+005327 3102
 8.0000E+02 6.9782E+00 8.4000E+02 6.9782E+00 8.4000E+02 7.8958E-015327 3102
 8.8000E+02 7.8958E-01 8.8000E+02 3.2958E+00 9.2000E+02 3.2958E+005327 3102
 9.2000E+02 5.8906E+00 9.6000E+02 5.8906E+00 9.6000E+02 1.3688E+005327 3102
 1.0000E+03 1.3688E+00 1.0000E+03 3.2388E+00 1.0500E+03 3.2388E+005327 3102
 1.0500E+03 3.9028E+00 1.1000E+03 3.9028E+00 1.1000E+03 2.4308E+005327 3102
 1.1500E+03 2.4308E+00 1.1500E+03 1.9348E+00 1.2000E+03 1.9348E+005327 3102
 1.2000E+03 4.1425E+00 1.2750E+03 4.1425E+00 1.2750E+03 2.1630E+005327 3102
 1.3500E+03 2.1630E+00 1.3500E+03 5.4177E+00 1.4250E+03 5.4177E+005327 3102
 1.4250E+03 4.1383E-01 1.5000E+03 4.1383E-01 1.5000E+03 3.8947E+005327 3102
 1.6000E+03 3.8947E+00 1.6000E+03 2.5824E+00 1.7000E+03 2.5824E+005327 3102
 1.7000E+03 2.7554E+00 1.8000E+03 2.7554E+00 1.8000E+03 2.1918E+005327 3102
 1.9000E+03 2.1918E+00 1.9000E+03 3.3906E+00 2.0000E+03 3.3906E+005327 3102
 2.0000E+03 3.8590E+00 2.1000E+03 3.8590E+00 2.1000E+03 3.0479E+005327 3102
 2.2000E+03 3.0479E+00 2.2000E+03 2.9753E+00 2.3000E+03 2.9753E+005327 3102
 2.3000E+03 2.9026E+00 2.4000E+03 2.9026E+00 2.4000E+03 2.8121E+005327 3102
 2.5500E+03 2.8121E+00 2.5500E+03 2.7031E+00 2.7000E+03 2.7031E+005327 3102
 2.7000E+03 2.6121E+00 2.8000E+03 2.6121E+00 2.8000E+03 2.5038E+005327 3102
 3.0000E+03 2.5038E+00 3.0000E+03 2.3955E+00 3.2000E+03 2.3955E+005327 3102
 3.2000E+03 2.3249E+00 3.4000E+03 2.3249E+00 3.4000E+03 2.2544E+005327 3102
 3.6000E+03 2.2544E+00 3.6000E+03 2.1839E+00 3.8000E+03 2.1839E+005327 3102
 3.8000E+03 2.1133E+00 4.0000E+03 2.1133E+00 4.0000E+03 2.0423E+005327 3102
 4.2500E+03 2.0423E+00 4.2500E+03 1.9707E+00 4.5000E+03 1.9707E+005327 3102
 4.5000E+03 1.8990E+00 4.7500E+03 1.8990E+00 4.7500E+03 1.8274E+005327 3102
 5.0000E+03 1.8274E+00 5.0000E+03 1.7710E+00 5.2500E+03 1.7710E+005327 3102
 5.2500E+03 1.7301E+00 5.5000E+03 1.7301E+00 5.5000E+03 1.6892E+005327 3102
 5.7500E+03 1.6892E+00 5.7500E+03 1.6483E+00 6.0000E+03 1.6483E+005327 3102
 6.0000E+03 1.6034E+00 6.3000E+03 1.6034E+00 6.3000E+03 1.5544E+005327 3102
 6.6000E+03 1.5544E+00 6.6000E+03 1.5053E+00 6.9000E+03 1.5053E+005327 3102
 6.9000E+03 1.4615E+00 7.2000E+03 1.4615E+00 7.2000E+03 1.4312E+005327 3102
 7.6000E+03 1.4312E+00 7.6000E+03 1.3979E+00 8.0000E+03 1.3979E+005327 3102
 8.0000E+03 1.3647E+00 8.4000E+03 1.3647E+00 8.4000E+03 1.3314E+005327 3102
 8.8000E+03 1.3314E+00 8.8000E+03 1.2981E+00 9.2000E+03 1.2981E+005327 3102
 9.2000E+03 1.2648E+00 9.6000E+03 1.2648E+00 9.6000E+03 1.2316E+005327 3102
 1.0000E+04 1.2316E+00 1.0000E+04 1.2066E+00 1.0500E+04 1.2066E+005327 3102
 1.0500E+04 1.1899E+00 1.1000E+04 1.1899E+00 1.1000E+04 1.1733E+005327 3102
 1.1500E+04 1.1733E+00 1.1500E+04 1.1566E+00 1.2000E+04 1.1566E+005327 3102
 1.2000E+04 1.1359E+00 1.2750E+04 1.1359E+00 1.2750E+04 1.1109E+005327 3102
 1.3500E+04 1.1109E+00 1.3500E+04 1.0859E+00 1.4250E+04 1.0859E+005327 3102
 1.4250E+04 1.0610E+00 1.5000E+04 1.0610E+00 1.5000E+04 1.0319E+005327 3102
 1.6000E+04 1.0319E+00 1.6000E+04 9.9855E-01 1.7000E+04 9.9855E-015327 3102
 1.7000E+04 9.6519E-01 1.8000E+04 9.6519E-01 1.8000E+04 9.3188E-015327 3102
 1.9000E+04 9.3188E-01 1.9000E+04 8.9855E-01 2.0000E+04 8.9855E-015327 3102
 2.0000E+04 8.7388E-01 2.1000E+04 8.7388E-01 2.1000E+04 8.5797E-015327 3102
 2.2000E+04 8.5797E-01 2.2000E+04 8.4211E-01 2.3000E+04 8.4211E-015327 3102
 2.3000E+04 8.2622E-01 2.4000E+04 8.2622E-01 2.4000E+04 8.0644E-015327 3102
 2.5500E+04 8.0644E-01 2.5500E+04 7.8259E-01 2.7000E+04 7.8259E-015327 3102
 2.7000E+04 7.6268E-01 2.8000E+04 7.6268E-01 2.8000E+04 7.3900E-015327 3102
 3.0000E+04 7.3900E-01 3.0000E+04 7.1444E-01 3.2000E+04 7.1444E-015327 3102
 3.2000E+04 6.9725E-01 3.4000E+04 6.9725E-01 3.4000E+04 6.8005E-015327 3102
 3.6000E+04 6.8005E-01 3.6000E+04 6.6287E-01 3.8000E+04 6.6287E-015327 3102
 3.8000E+04 6.4568E-01 4.0000E+04 6.4568E-01 4.0000E+04 6.2773E-015327 3102
 4.2500E+04 6.2773E-01 4.2500E+04 6.0894E-01 4.5000E+04 6.0894E-015327 3102
 4.5000E+04 5.9015E-01 4.7500E+04 5.9015E-01 4.7500E+04 5.7138E-015327 3102
 5.0000E+04 5.7138E-01 5.0000E+04 5.5433E-01 5.2500E+04 5.5433E-015327 3102
 5.2500E+04 5.3906E-01 5.5000E+04 5.3906E-01 5.5000E+04 5.2378E-015327 3102
 5.7500E+04 5.2378E-01 5.7500E+04 5.0848E-01 6.0000E+04 5.0848E-015327 3102
 6.0000E+04 4.8889E-01 6.3000E+04 4.8889E-01 6.3000E+04 4.6482E-015327 3102
 6.6000E+04 4.6482E-01 6.6000E+04 4.4074E-01 6.9000E+04 4.4074E-015327 3102
 6.9000E+04 4.1970E-01 7.2000E+04 4.1970E-01 7.2000E+04 4.0703E-015327 3102
 7.6000E+04 4.0703E-01 7.6000E+04 3.9340E-01 8.0000E+04 3.9340E-015327 3102
 8.0000E+04 3.7977E-01 8.4000E+04 3.7977E-01 8.4000E+04 3.6613E-015327 3102
 8.8000E+04 3.6613E-01 8.8000E+04 3.5251E-01 9.2000E+04 3.5251E-015327 3102
 9.2000E+04 3.3888E-01 9.6000E+04 3.3888E-01 9.6000E+04 3.2525E-015327 3102
 1.0000E+05 3.2525E-01 1.0000E+05 3.1470E-01 1.0500E+05 3.1470E-015327 3102
 1.0500E+05 3.0725E-01 1.1000E+05 3.0725E-01 1.1000E+05 2.9980E-015327 3102
 1.1500E+05 2.9980E-01 1.1500E+05 2.9234E-01 1.2000E+05 2.9234E-015327 3102
 1.2000E+05 2.8306E-01 1.2750E+05 2.8306E-01 1.2750E+05 2.7189E-015327 3102
 1.3500E+05 2.7189E-01 1.3500E+05 2.6071E-01 1.4250E+05 2.6071E-015327 3102
 1.4250E+05 2.4953E-01 1.5000E+05 2.4953E-01 1.5000E+05 2.4044E-015327 3102
 1.6000E+05 2.4044E-01 1.6000E+05 2.3346E-01 1.7000E+05 2.3346E-015327 3102
 1.7000E+05 2.2648E-01 1.8000E+05 2.2648E-01 1.8000E+05 2.1950E-015327 3102
 1.9000E+05 2.1950E-01 1.9000E+05 2.1252E-01 2.0000E+05 2.1252E-015327 3102
 2.0000E+05 2.0648E-01 2.1000E+05 2.0648E-01 2.1000E+05 2.0143E-015327 3102
 2.2000E+05 2.0143E-01 2.2000E+05 1.9636E-01 2.3000E+05 1.9636E-015327 3102
 2.3000E+05 1.9130E-01 2.4000E+05 1.9130E-01 2.4000E+05 1.8500E-015327 3102
 2.5500E+05 1.8500E-01 2.5500E+05 1.7741E-01 2.7000E+05 1.7741E-015327 3102
 2.7000E+05 1.7106E-01 2.8000E+05 1.7106E-01 2.8000E+05 1.6352E-015327 3102
 3.0000E+05 1.6352E-01 3.0000E+05 1.5678E-01 3.2000E+05 1.5678E-015327 3102
 3.2000E+05 1.5352E-01 3.4000E+05 1.5352E-01 3.4000E+05 1.5026E-015327 3102
 3.6000E+05 1.5026E-01 3.6000E+05 1.4699E-01 3.8000E+05 1.4699E-015327 3102
 3.8000E+05 1.4374E-01 4.0000E+05 1.4374E-01 4.0000E+05 1.4065E-015327 3102
 4.2500E+05 1.4065E-01 4.2500E+05 1.3668E-01 4.5000E+05 1.3668E-015327 3102
 4.5000E+05 1.3230E-01 4.7500E+05 1.3230E-01 4.7500E+05 1.2791E-015327 3102
 5.0000E+05 1.2791E-01 5.0000E+05 1.2498E-01 5.2500E+05 1.2498E-015327 3102
 5.2500E+05 1.2353E-01 5.5000E+05 1.2353E-01 5.5000E+05 1.2208E-015327 3102
 5.7500E+05 1.2208E-01 5.7500E+05 1.2063E-01 6.0000E+05 1.2063E-015327 3102
 6.0000E+05 1.1941E-01 6.3000E+05 1.1941E-01 6.3000E+05 1.1591E-015327 3102
 6.6000E+05 1.1591E-01 6.6000E+05 1.0986E-01 6.9000E+05 1.0986E-015327 3102
 6.9000E+05 1.0354E-01 7.2000E+05 1.0354E-01 7.2000E+05 9.6645E-025327 3102
 7.6000E+05 9.6645E-02 7.6000E+05 8.9873E-02 8.0000E+05 8.9873E-025327 3102
 8.0000E+05 8.5798E-02 8.4000E+05 8.5798E-02 8.4000E+05 8.4225E-025327 3102
 8.8000E+05 8.4225E-02 8.8000E+05 8.2652E-02 9.2000E+05 8.2652E-025327 3102
 9.2000E+05 8.1079E-02 9.6000E+05 8.1079E-02 9.6000E+05 7.9527E-025327 3102
 1.0000E+06 7.9527E-02 1.0000E+06 7.8153E-02 1.1000E+06 7.8153E-025327 3102
 1.1000E+06 7.6047E-02 1.2000E+06 7.6047E-02 1.2000E+06 7.3496E-025327 3102
 1.3000E+06 7.3496E-02 1.3000E+06 7.0691E-02 1.4000E+06 7.0691E-025327 3102
 1.4000E+06 6.7887E-02 1.5000E+06 6.7887E-02 1.5000E+06 6.5300E-025327 3102
 1.6000E+06 6.5300E-02 1.6000E+06 6.2936E-02 1.7000E+06 6.2936E-025327 3102
 1.7000E+06 6.0572E-02 1.8000E+06 6.0572E-02 1.8000E+06 5.8381E-025327 3102
 1.9000E+06 5.8381E-02 1.9000E+06 5.6365E-02 2.0000E+06 5.6365E-025327 3102
 2.0000E+06 5.4429E-02 2.1000E+06 5.4429E-02 2.1000E+06 5.2574E-025327 3102
 2.2000E+06 5.2574E-02 2.2000E+06 5.0774E-02 2.3000E+06 5.0774E-025327 3102
 2.3000E+06 4.9029E-02 2.4000E+06 4.9029E-02 2.4000E+06 4.7284E-025327 3102
 2.5000E+06 4.7284E-02 2.5000E+06 4.5539E-02 2.6000E+06 4.5539E-025327 3102
 2.6000E+06 4.3794E-02 2.7000E+06 4.3794E-02 2.7000E+06 4.2049E-025327 3102
 2.8000E+06 4.2049E-02 2.8000E+06 4.0304E-02 2.9000E+06 4.0304E-025327 3102
 2.9000E+06 3.8559E-02 3.0000E+06 3.8559E-02 3.0000E+06 3.6888E-025327 3102
 3.1000E+06 3.6888E-02 3.1000E+06 3.5292E-02 3.2000E+06 3.5292E-025327 3102
 3.2000E+06 3.3696E-02 3.3000E+06 3.3696E-02 3.3000E+06 3.2100E-025327 3102
 3.4000E+06 3.2100E-02 3.4000E+06 3.0505E-02 3.5000E+06 3.0505E-025327 3102
 3.5000E+06 2.8909E-02 3.6000E+06 2.8909E-02 3.6000E+06 2.7313E-025327 3102
 3.7000E+06 2.7313E-02 3.7000E+06 2.5717E-02 3.8000E+06 2.5717E-025327 3102
 3.8000E+06 2.4121E-02 3.9000E+06 2.4121E-02 3.9000E+06 2.2525E-025327 3102
 4.0000E+06 2.2525E-02 4.0000E+06 2.1140E-02 4.1000E+06 2.1140E-025327 3102
 4.1000E+06 1.9970E-02 4.2000E+06 1.9970E-02 4.2000E+06 1.8800E-025327 3102
 4.3000E+06 1.8800E-02 4.3000E+06 1.7629E-02 4.4000E+06 1.7629E-025327 3102
 4.4000E+06 1.6460E-02 4.5000E+06 1.6460E-02 4.5000E+06 1.5290E-025327 3102
 4.6000E+06 1.5290E-02 4.6000E+06 1.4120E-02 4.7000E+06 1.4120E-025327 3102
 4.7000E+06 1.2950E-02 4.8000E+06 1.2950E-02 4.8000E+06 1.1780E-025327 3102
 4.9000E+06 1.1780E-02 4.9000E+06 1.0610E-02 5.0000E+06 1.0610E-025327 3102
 5.0000E+06 9.7779E-03 5.1000E+06 9.7779E-03 5.1000E+06 9.2896E-035327 3102
 5.2000E+06 9.2896E-03 5.2000E+06 8.8013E-03 5.3000E+06 8.8013E-035327 3102
 5.3000E+06 8.3129E-03 5.4000E+06 8.3129E-03 5.4000E+06 7.8246E-035327 3102
 5.5000E+06 7.8246E-03 5.5000E+06 7.3363E-03 5.6000E+06 7.3363E-035327 3102
 5.6000E+06 6.8480E-03 5.7000E+06 6.8480E-03 5.7000E+06 6.3597E-035327 3102
 5.8000E+06 6.3597E-03 5.8000E+06 5.8714E-03 5.9000E+06 5.8714E-035327 3102
 5.9000E+06 5.3831E-03 6.0000E+06 5.3831E-03 6.0000E+06 4.8948E-035327 3102
 6.1000E+06 4.8948E-03 6.1000E+06 4.4065E-03 6.2000E+06 4.4065E-035327 3102
 6.2000E+06 3.9182E-03 6.3000E+06 3.9182E-03 6.3000E+06 3.4299E-035327 3102
 6.4000E+06 3.4299E-03 6.4000E+06 2.9416E-03 6.5000E+06 2.9416E-035327 3102
 6.5000E+06 2.6304E-03 6.6000E+06 2.6304E-03 6.6000E+06 2.5002E-035327 3102
 6.7000E+06 2.5002E-03 6.7000E+06 2.3701E-03 6.8000E+06 2.3701E-035327 3102
 6.8000E+06 2.2399E-03 6.9000E+06 2.2399E-03 6.9000E+06 2.1095E-035327 3102
 7.0000E+06 2.1095E-03 7.0000E+06 1.9795E-03 7.1000E+06 1.9795E-035327 3102
 7.1000E+06 1.8493E-03 7.2000E+06 1.8493E-03 7.2000E+06 1.7191E-035327 3102
 7.3000E+06 1.7191E-03 7.3000E+06 1.5889E-03 7.4000E+06 1.5889E-035327 3102
 7.4000E+06 1.4587E-03 7.5000E+06 1.4587E-03 7.5000E+06 1.3285E-035327 3102
 7.6000E+06 1.3285E-03 7.6000E+06 1.1984E-03 7.7000E+06 1.1984E-035327 3102
 7.7000E+06 1.0682E-03 7.8000E+06 1.0682E-03 7.8000E+06 9.3793E-045327 3102
 7.9000E+06 9.3793E-04 7.9000E+06 8.0777E-04 8.0000E+06 8.0777E-045327 3102
 8.0000E+06 7.2658E-04 8.1000E+06 7.2658E-04 8.1000E+06 6.9550E-045327 3102
 8.2000E+06 6.9550E-04 8.2000E+06 6.6443E-04 8.3000E+06 6.6443E-045327 3102
 8.3000E+06 6.3336E-04 8.4000E+06 6.3336E-04 8.4000E+06 6.0228E-045327 3102
 8.5000E+06 6.0228E-04 8.5000E+06 5.7121E-04 8.6000E+06 5.7121E-045327 3102
 8.6000E+06 5.4014E-04 8.7000E+06 5.4014E-04 8.7000E+06 5.0907E-045327 3102
 8.8000E+06 5.0907E-04 8.8000E+06 4.7799E-04 8.9000E+06 4.7799E-045327 3102
 8.9000E+06 4.4692E-04 9.0000E+06 4.4692E-04 9.0000E+06 4.1585E-045327 3102
 9.1000E+06 4.1585E-04 9.1000E+06 3.8798E-04 9.2000E+06 3.8798E-045327 3102
 9.2000E+06 3.8363E-04 9.3000E+06 3.8363E-04 9.3000E+06 3.8359E-045327 3102
 9.4000E+06 3.8359E-04 9.4000E+06 3.8356E-04 9.5000E+06 3.8356E-045327 3102
 9.5000E+06 3.8352E-04 9.6000E+06 3.8352E-04 9.6000E+06 3.8349E-045327 3102
 9.7000E+06 3.8349E-04 9.7000E+06 3.8345E-04 9.8000E+06 3.8345E-045327 3102
 9.8000E+06 3.8342E-04 9.9000E+06 3.8342E-04 9.9000E+06 3.8338E-045327 3102
 1.0000E+07 3.8338E-04 1.0000E+07 3.9318E-04 1.0100E+07 3.9318E-045327 3102
 1.0100E+07 4.1286E-04 1.0200E+07 4.1286E-04 1.0200E+07 4.3254E-045327 3102
 1.0300E+07 4.3254E-04 1.0300E+07 4.5222E-04 1.0400E+07 4.5222E-045327 3102
 1.0400E+07 4.7189E-04 1.0500E+07 4.7189E-04 1.0500E+07 5.0039E-045327 3102
 1.0600E+07 5.0039E-04 1.0600E+07 5.3773E-04 1.0700E+07 5.3773E-045327 3102
 1.0700E+07 5.7507E-04 1.0800E+07 5.7507E-04 1.0800E+07 6.1241E-045327 3102
 1.0900E+07 6.1241E-04 1.0900E+07 6.4976E-04 1.1000E+07 6.4976E-045327 3102
 1.1000E+07 6.8710E-04 1.1100E+07 6.8710E-04 1.1100E+07 7.2444E-045327 3102
 1.1200E+07 7.2444E-04 1.1200E+07 7.6178E-04 1.1300E+07 7.6178E-045327 3102
 1.1300E+07 7.9912E-04 1.1400E+07 7.9912E-04 1.1400E+07 8.3647E-045327 3102
 1.1500E+07 8.3647E-04 1.1500E+07 8.7381E-04 1.1600E+07 8.7381E-045327 3102
 1.1600E+07 9.1115E-04 1.1700E+07 9.1115E-04 1.1700E+07 9.4849E-045327 3102
 1.1800E+07 9.4849E-04 1.1800E+07 9.8583E-04 1.1900E+07 9.8583E-045327 3102
 1.1900E+07 1.0232E-03 1.2000E+07 1.0232E-03 1.2000E+07 1.0517E-035327 3102
 1.2100E+07 1.0517E-03 1.2100E+07 1.0713E-03 1.2200E+07 1.0713E-035327 3102
 1.2200E+07 1.0909E-03 1.2300E+07 1.0909E-03 1.2300E+07 1.1104E-035327 3102
 1.2400E+07 1.1104E-03 1.2400E+07 1.1300E-03 1.2500E+07 1.1300E-035327 3102
 1.2500E+07 1.1513E-03 1.2600E+07 1.1513E-03 1.2600E+07 1.1709E-035327 3102
 1.2700E+07 1.1709E-03 1.2700E+07 1.1904E-03 1.2800E+07 1.1904E-035327 3102
 1.2800E+07 1.2099E-03 1.2900E+07 1.2099E-03 1.2900E+07 1.2293E-035327 3102
 1.3000E+07 1.2293E-03 1.3000E+07 1.2488E-03 1.3100E+07 1.2488E-035327 3102
 1.3100E+07 1.2683E-03 1.3200E+07 1.2683E-03 1.3200E+07 1.2878E-035327 3102
 1.3300E+07 1.2878E-03 1.3300E+07 1.3072E-03 1.3400E+07 1.3072E-035327 3102
 1.3400E+07 1.3267E-03 1.3500E+07 1.3267E-03 1.3500E+07 1.3462E-035327 3102
 1.3600E+07 1.3462E-03 1.3600E+07 1.3657E-03 1.3700E+07 1.3657E-035327 3102
 1.3700E+07 1.3852E-03 1.3800E+07 1.3852E-03 1.3800E+07 1.4046E-035327 3102
 1.3900E+07 1.4046E-03 1.3900E+07 1.4241E-03 1.4000E+07 1.4241E-035327 3102
 1.4000E+07 1.4333E-03 1.4100E+07 1.4333E-03 1.4100E+07 1.4322E-035327 3102
 1.4200E+07 1.4322E-03 1.4200E+07 1.4309E-03 1.4300E+07 1.4309E-035327 3102
 1.4300E+07 1.4300E-03 1.4400E+07 1.4300E-03 1.4400E+07 1.4289E-035327 3102
 1.4500E+07 1.4289E-03 1.4500E+07 1.4278E-03 1.4600E+07 1.4278E-035327 3102
 1.4600E+07 1.4267E-03 1.4700E+07 1.4267E-03 1.4700E+07 1.4255E-035327 3102
 1.4800E+07 1.4255E-03 1.4800E+07 1.4246E-03 1.4900E+07 1.4246E-035327 3102
 1.4900E+07 1.4235E-03 1.5000E+07 1.4235E-03 1.5000E+07 1.4258E-035327 3102
 1.5100E+07 1.4258E-03 1.5100E+07 1.4331E-03 1.5200E+07 1.4331E-035327 3102
 1.5200E+07 1.4406E-03 1.5300E+07 1.4406E-03 1.5300E+07 1.4480E-035327 3102
 1.5400E+07 1.4480E-03 1.5400E+07 1.4552E-03 1.5500E+07 1.4552E-035327 3102
 1.5500E+07 1.4634E-03 1.5600E+07 1.4634E-03 1.5600E+07 1.4702E-035327 3102
 1.5700E+07 1.4702E-03 1.5700E+07 1.4788E-03 1.5800E+07 1.4788E-035327 3102
 1.5800E+07 1.4861E-03 1.5900E+07 1.4861E-03 1.5900E+07 1.4942E-035327 3102
 1.6000E+07 1.4942E-03 1.6000E+07 1.5010E-03 1.6100E+07 1.5010E-035327 3102
 1.6100E+07 1.5090E-03 1.6200E+07 1.5090E-03 1.6200E+07 1.5166E-035327 3102
 1.6300E+07 1.5166E-03 1.6300E+07 1.5239E-03 1.6400E+07 1.5239E-035327 3102
 1.6400E+07 1.5317E-03 1.6500E+07 1.5317E-03 1.6500E+07 1.5395E-035327 3102
 1.6600E+07 1.5395E-03 1.6600E+07 1.5466E-03 1.6700E+07 1.5466E-035327 3102
 1.6700E+07 1.5544E-03 1.6800E+07 1.5544E-03 1.6800E+07 1.5619E-035327 3102
 1.6900E+07 1.5619E-03 1.6900E+07 1.5694E-03 1.7000E+07 1.5694E-035327 3102
 1.7000E+07 1.5770E-03 1.7100E+07 1.5770E-03 1.7100E+07 1.5848E-035327 3102
 1.7200E+07 1.5848E-03 1.7200E+07 1.5921E-03 1.7300E+07 1.5921E-035327 3102
 1.7300E+07 1.5994E-03 1.7400E+07 1.5994E-03 1.7400E+07 1.6075E-035327 3102
 1.7500E+07 1.6075E-03 1.7500E+07 1.6142E-03 1.7600E+07 1.6142E-035327 3102
 1.7600E+07 1.6230E-03 1.7700E+07 1.6230E-03 1.7700E+07 1.6296E-035327 3102
 1.7800E+07 1.6296E-03 1.7800E+07 1.6375E-03 1.7900E+07 1.6375E-035327 3102
 1.7900E+07 1.6453E-03 1.8000E+07 1.6453E-03 1.8000E+07 1.6535E-035327 3102
 1.8100E+07 1.6535E-03 1.8100E+07 1.6604E-03 1.8200E+07 1.6604E-035327 3102
 1.8200E+07 1.6682E-03 1.8300E+07 1.6682E-03 1.8300E+07 1.6755E-035327 3102
 1.8400E+07 1.6755E-03 1.8400E+07 1.6834E-03 1.8500E+07 1.6834E-035327 3102
 1.8500E+07 1.6907E-03 1.8600E+07 1.6907E-03 1.8600E+07 1.6985E-035327 3102
 1.8700E+07 1.6985E-03 1.8700E+07 1.7058E-03 1.8800E+07 1.7058E-035327 3102
 1.8800E+07 1.7130E-03 1.8900E+07 1.7130E-03 1.8900E+07 1.7212E-035327 3102
 1.9000E+07 1.7212E-03 1.9000E+07 1.7284E-03 1.9100E+07 1.7284E-035327 3102
 1.9100E+07 1.7363E-03 1.9200E+07 1.7363E-03 1.9200E+07 1.7435E-035327 3102
 1.9300E+07 1.7435E-03 1.9300E+07 1.7511E-03 1.9400E+07 1.7511E-035327 3102
 1.9400E+07 1.7583E-03 1.9500E+07 1.7583E-03 1.9500E+07 1.7666E-035327 3102
 1.9600E+07 1.7666E-03 1.9600E+07 1.7741E-03 1.9700E+07 1.7741E-035327 3102
 1.9700E+07 1.7813E-03 1.9800E+07 1.7813E-03 1.9800E+07 1.7889E-035327 3102
 1.9900E+07 1.7889E-03 1.9900E+07 1.7972E-03 2.0000E+07 1.7972E-035327 3102
 2.0000E+07 0.0000E+00                                            5327 3102
                                                                  5327 3  0
