IN-115N,G    3.7000-01* JEF-2.2; RN - ---/SYS                     4915 3102
                                                                  4915 3102
 4.91150+04 1.1392E+02          0          0          0          04915 3102
 3.0000E+02 6.7855E+06          0          0          1       12824915 3102
       1282          2                                            4915 3102
 1.0000E-05 0.0000E+00 1.0000E-05 7.8402E+02 1.0500E-04 7.8402E+024915 3102
 1.0500E-04 5.9307E+02 1.1000E-04 5.9307E+02 1.1000E-04 5.8006E+024915 3102
 1.1500E-04 5.8006E+02 1.1500E-04 5.6743E+02 1.2000E-04 5.6743E+024915 3102
 1.2000E-04 5.5301E+02 1.2750E-04 5.5301E+02 1.2750E-04 5.3687E+024915 3102
 1.3500E-04 5.3687E+02 1.3500E-04 5.2248E+02 1.4250E-04 5.2248E+024915 3102
 1.4250E-04 5.0867E+02 1.5000E-04 5.0867E+02 1.5000E-04 4.9406E+024915 3102
 1.6000E-04 4.9406E+02 1.6000E-04 4.7903E+02 1.7000E-04 4.7903E+024915 3102
 1.7000E-04 4.6513E+02 1.8000E-04 4.6513E+02 1.8000E-04 4.5246E+024915 3102
 1.9000E-04 4.5246E+02 1.9000E-04 4.4085E+02 2.0000E-04 4.4085E+024915 3102
 2.0000E-04 4.2982E+02 2.1000E-04 4.2982E+02 2.1000E-04 4.1970E+024915 3102
 2.2000E-04 4.1970E+02 2.2000E-04 4.1026E+02 2.3000E-04 4.1026E+024915 3102
 2.3000E-04 4.0160E+02 2.4000E-04 4.0160E+02 2.4000E-04 3.9119E+024915 3102
 2.5500E-04 3.9119E+02 2.5500E-04 3.7998E+02 2.7000E-04 3.7998E+024915 3102
 2.7000E-04 3.7131E+02 2.8000E-04 3.7131E+02 2.8000E-04 3.6154E+024915 3102
 3.0000E-04 3.6154E+02 3.0000E-04 3.4968E+02 3.2000E-04 3.4968E+024915 3102
 3.2000E-04 3.3893E+02 3.4000E-04 3.3893E+02 3.4000E-04 3.2911E+024915 3102
 3.6000E-04 3.2911E+02 3.6000E-04 3.2026E+02 3.8000E-04 3.2026E+024915 3102
 3.8000E-04 3.1182E+02 4.0000E-04 3.1182E+02 4.0000E-04 3.0323E+024915 3102
 4.2500E-04 3.0323E+02 4.2500E-04 2.9446E+02 4.5000E-04 2.9446E+024915 3102
 4.5000E-04 2.8644E+02 4.7500E-04 2.8644E+02 4.7500E-04 2.7891E+024915 3102
 5.0000E-04 2.7891E+02 5.0000E-04 2.7212E+02 5.2500E-04 2.7212E+024915 3102
 5.2500E-04 2.6578E+02 5.5000E-04 2.6578E+02 5.5000E-04 2.5974E+024915 3102
 5.7500E-04 2.5974E+02 5.7500E-04 2.5422E+02 6.0000E-04 2.5422E+024915 3102
 6.0000E-04 2.4844E+02 6.3000E-04 2.4844E+02 6.3000E-04 2.4259E+024915 3102
 6.6000E-04 2.4259E+02 6.6000E-04 2.3719E+02 6.9000E-04 2.3719E+024915 3102
 6.9000E-04 2.3208E+02 7.2000E-04 2.3208E+02 7.2000E-04 2.2665E+024915 3102
 7.6000E-04 2.2665E+02 7.6000E-04 2.2063E+02 8.0000E-04 2.2063E+024915 3102
 8.0000E-04 2.1527E+02 8.4000E-04 2.1527E+02 8.4000E-04 2.1020E+024915 3102
 8.8000E-04 2.1020E+02 8.8000E-04 2.0552E+02 9.2000E-04 2.0552E+024915 3102
 9.2000E-04 2.0107E+02 9.6000E-04 2.0107E+02 9.6000E-04 1.9690E+024915 3102
 1.0000E-03 1.9690E+02 1.0000E-03 1.9263E+02 1.0500E-03 1.9263E+024915 3102
 1.0500E-03 1.8809E+02 1.1000E-03 1.8809E+02 1.1000E-03 1.8388E+024915 3102
 1.1500E-03 1.8388E+02 1.1500E-03 1.7991E+02 1.2000E-03 1.7991E+024915 3102
 1.2000E-03 1.7534E+02 1.2750E-03 1.7534E+02 1.2750E-03 1.7024E+024915 3102
 1.3500E-03 1.7024E+02 1.3500E-03 1.6559E+02 1.4250E-03 1.6559E+024915 3102
 1.4250E-03 1.6140E+02 1.5000E-03 1.6140E+02 1.5000E-03 1.5669E+024915 3102
 1.6000E-03 1.5669E+02 1.6000E-03 1.5195E+02 1.7000E-03 1.5195E+024915 3102
 1.7000E-03 1.4752E+02 1.8000E-03 1.4752E+02 1.8000E-03 1.4350E+024915 3102
 1.9000E-03 1.4350E+02 1.9000E-03 1.3977E+02 2.0000E-03 1.3977E+024915 3102
 2.0000E-03 1.3641E+02 2.1000E-03 1.3641E+02 2.1000E-03 1.3318E+024915 3102
 2.2000E-03 1.3318E+02 2.2000E-03 1.3023E+02 2.3000E-03 1.3023E+024915 3102
 2.3000E-03 1.2741E+02 2.4000E-03 1.2741E+02 2.4000E-03 1.2419E+024915 3102
 2.5500E-03 1.2419E+02 2.5500E-03 1.2059E+02 2.7000E-03 1.2059E+024915 3102
 2.7000E-03 1.1783E+02 2.8000E-03 1.1783E+02 2.8000E-03 1.1483E+024915 3102
 3.0000E-03 1.1483E+02 3.0000E-03 1.1103E+02 3.2000E-03 1.1103E+024915 3102
 3.2000E-03 1.0769E+02 3.4000E-03 1.0769E+02 3.4000E-03 1.0457E+024915 3102
 3.6000E-03 1.0457E+02 3.6000E-03 1.0173E+02 3.8000E-03 1.0173E+024915 3102
 3.8000E-03 9.9099E+01 4.0000E-03 9.9099E+01 4.0000E-03 9.6436E+014915 3102
 4.2500E-03 9.6436E+01 4.2500E-03 9.3644E+01 4.5000E-03 9.3644E+014915 3102
 4.5000E-03 9.1119E+01 4.7500E-03 9.1119E+01 4.7500E-03 8.8772E+014915 3102
 5.0000E-03 8.8772E+01 5.0000E-03 8.6600E+01 5.2500E-03 8.6600E+014915 3102
 5.2500E-03 8.4604E+01 5.5000E-03 8.4604E+01 5.5000E-03 8.2733E+014915 3102
 5.7500E-03 8.2733E+01 5.7500E-03 8.1014E+01 6.0000E-03 8.1014E+014915 3102
 6.0000E-03 7.9158E+01 6.3000E-03 7.9158E+01 6.3000E-03 7.7343E+014915 3102
 6.6000E-03 7.7343E+01 6.6000E-03 7.5648E+01 6.9000E-03 7.5648E+014915 3102
 6.9000E-03 7.4036E+01 7.2000E-03 7.4036E+01 7.2000E-03 7.2297E+014915 3102
 7.6000E-03 7.2297E+01 7.6000E-03 7.0446E+01 8.0000E-03 7.0446E+014915 3102
 8.0000E-03 6.8782E+01 8.4000E-03 6.8782E+01 8.4000E-03 6.7178E+014915 3102
 8.8000E-03 6.7178E+01 8.8000E-03 6.5717E+01 9.2000E-03 6.5717E+014915 3102
 9.2000E-03 6.4321E+01 9.6000E-03 6.4321E+01 9.6000E-03 6.3040E+014915 3102
 1.0000E-02 6.3040E+01 1.0000E-02 6.1663E+01 1.0500E-02 6.1663E+014915 3102
 1.0500E-02 6.0263E+01 1.1000E-02 6.0263E+01 1.1000E-02 5.8950E+014915 3102
 1.1500E-02 5.8950E+01 1.1500E-02 5.7747E+01 1.2000E-02 5.7747E+014915 3102
 1.2000E-02 5.6277E+01 1.2750E-02 5.6277E+01 1.2750E-02 5.4729E+014915 3102
 1.3500E-02 5.4729E+01 1.3500E-02 5.3267E+01 1.4250E-02 5.3267E+014915 3102
 1.4250E-02 5.1945E+01 1.5000E-02 5.1945E+01 1.5000E-02 5.0501E+014915 3102
 1.6000E-02 5.0501E+01 1.6000E-02 4.9044E+01 1.7000E-02 4.9044E+014915 3102
 1.7000E-02 4.7671E+01 1.8000E-02 4.7671E+01 1.8000E-02 4.6434E+014915 3102
 1.9000E-02 4.6434E+01 1.9000E-02 4.5287E+01 2.0000E-02 4.5287E+014915 3102
 2.0000E-02 4.4222E+01 2.1000E-02 4.4222E+01 2.1000E-02 4.3248E+014915 3102
 2.2000E-02 4.3248E+01 2.2000E-02 4.2335E+01 2.3000E-02 4.2335E+014915 3102
 2.3000E-02 4.1499E+01 2.4000E-02 4.1499E+01 2.4000E-02 4.0481E+014915 3102
 2.5500E-02 4.0481E+01 2.5500E-02 3.9414E+01 2.7000E-02 3.9414E+014915 3102
 2.7000E-02 3.8562E+01 2.8000E-02 3.8562E+01 2.8000E-02 3.7636E+014915 3102
 3.0000E-02 3.7636E+01 3.0000E-02 3.6495E+01 3.2000E-02 3.6495E+014915 3102
 3.2000E-02 3.5469E+01 3.4000E-02 3.5469E+01 3.4000E-02 3.4541E+014915 3102
 3.6000E-02 3.4541E+01 3.6000E-02 3.3691E+01 3.8000E-02 3.3691E+014915 3102
 3.8000E-02 3.2913E+01 4.0000E-02 3.2913E+01 4.0000E-02 3.2083E+014915 3102
 4.2500E-02 3.2083E+01 4.2500E-02 3.1277E+01 4.5000E-02 3.1277E+014915 3102
 4.5000E-02 3.0509E+01 4.7500E-02 3.0509E+01 4.7500E-02 2.9832E+014915 3102
 5.0000E-02 2.9832E+01 5.0000E-02 2.9190E+01 5.2500E-02 2.9190E+014915 3102
 5.2500E-02 2.8606E+01 5.5000E-02 2.8606E+01 5.5000E-02 2.8053E+014915 3102
 5.7500E-02 2.8053E+01 5.7500E-02 2.7554E+01 6.0000E-02 2.7554E+014915 3102
 6.0000E-02 2.7044E+01 6.3000E-02 2.7044E+01 6.3000E-02 2.6515E+014915 3102
 6.6000E-02 2.6515E+01 6.6000E-02 2.6032E+01 6.9000E-02 2.6032E+014915 3102
 6.9000E-02 2.5588E+01 7.2000E-02 2.5588E+01 7.2000E-02 2.5111E+014915 3102
 7.6000E-02 2.5111E+01 7.6000E-02 2.4578E+01 8.0000E-02 2.4578E+014915 3102
 8.0000E-02 2.4119E+01 8.4000E-02 2.4119E+01 8.4000E-02 2.3683E+014915 3102
 8.8000E-02 2.3683E+01 8.8000E-02 2.3275E+01 9.2000E-02 2.3275E+014915 3102
 9.2000E-02 2.2917E+01 9.6000E-02 2.2917E+01 9.6000E-02 2.2568E+014915 3102
 1.0000E-01 2.2568E+01 1.0000E-01 2.2218E+01 1.0500E-01 2.2218E+014915 3102
 1.0500E-01 2.1848E+01 1.1000E-01 2.1848E+01 1.1000E-01 2.1515E+014915 3102
 1.1500E-01 2.1515E+01 1.1500E-01 2.1218E+01 1.2000E-01 2.1218E+014915 3102
 1.2000E-01 2.0867E+01 1.2750E-01 2.0867E+01 1.2750E-01 2.0489E+014915 3102
 1.3500E-01 2.0489E+01 1.3500E-01 2.0160E+01 1.4250E-01 2.0160E+014915 3102
 1.4250E-01 1.9857E+01 1.5000E-01 1.9857E+01 1.5000E-01 1.9539E+014915 3102
 1.6000E-01 1.9539E+01 1.6000E-01 1.9237E+01 1.7000E-01 1.9237E+014915 3102
 1.7000E-01 1.8957E+01 1.8000E-01 1.8957E+01 1.8000E-01 1.8739E+014915 3102
 1.9000E-01 1.8739E+01 1.9000E-01 1.8536E+01 2.0000E-01 1.8536E+014915 3102
 2.0000E-01 1.8363E+01 2.1000E-01 1.8363E+01 2.1000E-01 1.8218E+014915 3102
 2.2000E-01 1.8218E+01 2.2000E-01 1.8088E+01 2.3000E-01 1.8088E+014915 3102
 2.3000E-01 1.7991E+01 2.4000E-01 1.7991E+01 2.4000E-01 1.7888E+014915 3102
 2.5500E-01 1.7888E+01 2.5500E-01 1.7802E+01 2.7000E-01 1.7802E+014915 3102
 2.7000E-01 1.7759E+01 2.8000E-01 1.7759E+01 2.8000E-01 1.7738E+014915 3102
 3.0000E-01 1.7738E+01 3.0000E-01 1.7756E+01 3.2000E-01 1.7756E+014915 3102
 3.2000E-01 1.7807E+01 3.4000E-01 1.7807E+01 3.4000E-01 1.7922E+014915 3102
 3.6000E-01 1.7922E+01 3.6000E-01 1.8058E+01 3.8000E-01 1.8058E+014915 3102
 3.8000E-01 1.8258E+01 4.0000E-01 1.8258E+01 4.0000E-01 1.8513E+014915 3102
 4.2500E-01 1.8513E+01 4.2500E-01 1.8873E+01 4.5000E-01 1.8873E+014915 3102
 4.5000E-01 1.9279E+01 4.7500E-01 1.9279E+01 4.7500E-01 1.9750E+014915 3102
 5.0000E-01 1.9750E+01 5.0000E-01 2.0289E+01 5.2500E-01 2.0289E+014915 3102
 5.2500E-01 2.0895E+01 5.5000E-01 2.0895E+01 5.5000E-01 2.1576E+014915 3102
 5.7500E-01 2.1576E+01 5.7500E-01 2.2337E+01 6.0000E-01 2.2337E+014915 3102
 6.0000E-01 2.3273E+01 6.3000E-01 2.3273E+01 6.3000E-01 2.4426E+014915 3102
 6.6000E-01 2.4426E+01 6.6000E-01 2.5737E+01 6.9000E-01 2.5737E+014915 3102
 6.9000E-01 2.7226E+01 7.2000E-01 2.7226E+01 7.2000E-01 2.9224E+014915 3102
 7.6000E-01 2.9224E+01 7.6000E-01 3.1919E+01 8.0000E-01 3.1919E+014915 3102
 8.0000E-01 3.5149E+01 8.4000E-01 3.5149E+01 8.4000E-01 3.9046E+014915 3102
 8.8000E-01 3.9046E+01 8.8000E-01 4.3838E+01 9.2000E-01 4.3838E+014915 3102
 9.2000E-01 4.9792E+01 9.6000E-01 4.9792E+01 9.6000E-01 5.7287E+014915 3102
 1.0000E+00 5.7287E+01 1.0000E+00 6.8366E+01 1.0500E+00 6.8366E+014915 3102
 1.0500E+00 8.5471E+01 1.1000E+00 8.5471E+01 1.1000E+00 1.1076E+024915 3102
 1.1500E+00 1.1076E+02 1.1500E+00 1.5073E+02 1.2000E+00 1.5073E+024915 3102
 1.2000E+00 2.4796E+02 1.2750E+00 2.4796E+02 1.2750E+00 5.8372E+024915 3102
 1.3500E+00 5.8372E+02 1.3500E+00 2.3622E+03 1.4250E+00 2.3622E+034915 3102
 1.4250E+00 5.1317E+03 1.5000E+00 5.1317E+03 1.5000E+00 1.5284E+034915 3102
 1.6000E+00 1.5284E+03 1.6000E+00 2.9610E+02 1.7000E+00 2.9610E+024915 3102
 1.7000E+00 1.1837E+02 1.8000E+00 1.1837E+02 1.8000E+00 6.2911E+014915 3102
 1.9000E+00 6.2911E+01 1.9000E+00 3.8705E+01 2.0000E+00 3.8705E+014915 3102
 2.0000E+00 2.6069E+01 2.1000E+00 2.6069E+01 2.1000E+00 1.8672E+014915 3102
 2.2000E+00 1.8672E+01 2.2000E+00 1.4000E+01 2.3000E+00 1.4000E+014915 3102
 2.3000E+00 1.0881E+01 2.4000E+00 1.0881E+01 2.4000E+00 8.3079E+004915 3102
 2.5500E+00 8.3079E+00 2.5500E+00 6.2851E+00 2.7000E+00 6.2851E+004915 3102
 2.7000E+00 5.1588E+00 2.8000E+00 5.1588E+00 2.8000E+00 4.3095E+004915 3102
 3.0000E+00 4.3095E+00 3.0000E+00 3.7208E+00 3.2000E+00 3.7208E+004915 3102
 3.2000E+00 3.8873E+00 3.4000E+00 3.8873E+00 3.4000E+00 6.1907E+004915 3102
 3.6000E+00 6.1907E+00 3.6000E+00 4.1125E+01 3.8000E+00 4.1125E+014915 3102
 3.8000E+00 1.1623E+02 4.0000E+00 1.1623E+02 4.0000E+00 9.3495E+004915 3102
 4.2500E+00 9.3495E+00 4.2500E+00 2.5240E+00 4.5000E+00 2.5240E+004915 3102
 4.5000E+00 1.4123E+00 4.7500E+00 1.4123E+00 4.7500E+00 9.8756E-014915 3102
 5.0000E+00 9.8756E-01 5.0000E+00 7.6697E-01 5.2500E+00 7.6697E-014915 3102
 5.2500E+00 6.3465E-01 5.5000E+00 6.3465E-01 5.5000E+00 5.4887E-014915 3102
 5.7500E+00 5.4887E-01 5.7500E+00 4.9210E-01 6.0000E+00 4.9210E-014915 3102
 6.0000E+00 4.5390E-01 6.3000E+00 4.5390E-01 6.3000E+00 4.3495E-014915 3102
 6.6000E+00 4.3495E-01 6.6000E+00 4.3935E-01 6.9000E+00 4.3935E-014915 3102
 6.9000E+00 4.7170E-01 7.2000E+00 4.7170E-01 7.2000E+00 5.6471E-014915 3102
 7.6000E+00 5.6471E-01 7.6000E+00 8.1877E-01 8.0000E+00 8.1877E-014915 3102
 8.0000E+00 1.5765E+00 8.4000E+00 1.5765E+00 8.4000E+00 6.0950E+004915 3102
 8.8000E+00 6.0950E+00 8.8000E+00 1.5338E+02 9.2000E+00 1.5338E+024915 3102
 9.2000E+00 1.9859E+01 9.6000E+00 1.9859E+01 9.6000E+00 2.0616E+004915 3102
 1.0000E+01 2.0616E+00 1.0000E+01 7.9574E-01 1.0500E+01 7.9574E-014915 3102
 1.0500E+01 4.4123E-01 1.1000E+01 4.4123E-01 1.1000E+01 3.9844E-014915 3102
 1.1500E+01 3.9844E-01 1.1500E+01 2.7899E+00 1.2000E+01 2.7899E+004915 3102
 1.2000E+01 3.1271E+00 1.2750E+01 3.1271E+00 1.2750E+01 1.6614E-014915 3102
 1.3500E+01 1.6614E-01 1.3500E+01 9.1004E-02 1.4250E+01 9.1004E-024915 3102
 1.4250E+01 6.5867E-02 1.5000E+01 6.5867E-02 1.5000E+01 5.1436E-024915 3102
 1.6000E+01 5.1436E-02 1.6000E+01 4.2556E-02 1.7000E+01 4.2556E-024915 3102
 1.7000E+01 3.8552E-02 1.8000E+01 3.8552E-02 1.8000E+01 3.8855E-024915 3102
 1.9000E+01 3.8855E-02 1.9000E+01 4.5842E-02 2.0000E+01 4.5842E-024915 3102
 2.0000E+01 7.1539E-02 2.1000E+01 7.1539E-02 2.1000E+01 2.1578E-014915 3102
 2.2000E+01 2.1578E-01 2.2000E+01 1.6827E+01 2.3000E+01 1.6827E+014915 3102
 2.3000E+01 9.4154E-01 2.4000E+01 9.4154E-01 2.4000E+01 7.9432E-024915 3102
 2.5500E+01 7.9432E-02 2.5500E+01 3.0832E-02 2.7000E+01 3.0832E-024915 3102
 2.7000E+01 2.1412E-02 2.8000E+01 2.1412E-02 2.8000E+01 3.7796E-024915 3102
 3.0000E+01 3.7796E-02 3.0000E+01 1.8270E-02 3.2000E+01 1.8270E-024915 3102
 3.2000E+01 2.0214E-02 3.4000E+01 2.0214E-02 3.4000E+01 3.2796E-024915 3102
 3.6000E+01 3.2796E-02 3.6000E+01 9.6321E-02 3.8000E+01 9.6321E-024915 3102
 3.8000E+01 1.8604E+01 4.0000E+01 1.8604E+01 4.0000E+01 5.4699E-014915 3102
 4.2500E+01 5.4699E-01 4.2500E+01 4.5059E-02 4.5000E+01 4.5059E-024915 3102
 4.5000E+01 9.1406E-01 4.7500E+01 9.1406E-01 4.7500E+01 2.0255E+004915 3102
 5.0000E+01 2.0255E+00 5.0000E+01 1.7126E-02 5.2500E+01 1.7126E-024915 3102
 5.2500E+01 8.8776E-03 5.5000E+01 8.8776E-03 5.5000E+01 7.6168E-034915 3102
 5.7500E+01 7.6168E-03 5.7500E+01 9.8113E-03 6.0000E+01 9.8113E-034915 3102
 6.0000E+01 8.1891E-01 6.3000E+01 8.1891E-01 6.3000E+01 8.5139E-014915 3102
 6.6000E+01 8.5139E-01 6.6000E+01 3.3596E-02 6.9000E+01 3.3596E-024915 3102
 6.9000E+01 7.6792E-01 7.2000E+01 7.6792E-01 7.2000E+01 2.8525E-024915 3102
 7.6000E+01 2.8525E-02 7.6000E+01 4.1069E-02 8.0000E+01 4.1069E-024915 3102
 8.0000E+01 9.0653E+00 8.4000E+01 9.0653E+00 8.4000E+01 1.9893E-014915 3102
 8.8000E+01 1.9893E-01 8.8000E+01 2.4877E-02 9.2000E+01 2.4877E-024915 3102
 9.2000E+01 3.0071E+00 9.6000E+01 3.0071E+00 9.6000E+01 2.4307E-024915 3102
 1.0000E+02 2.4307E-02 1.0000E+02 3.8509E-02 1.0500E+02 3.8509E-024915 3102
 1.0500E+02 5.0501E-03 1.1000E+02 5.0501E-03 1.1000E+02 1.0732E-014915 3102
 1.1500E+02 1.0732E-01 1.1500E+02 9.5614E-03 1.2000E+02 9.5614E-034915 3102
 1.2000E+02 1.5370E+00 1.2750E+02 1.5370E+00 1.2750E+02 2.0699E+004915 3102
 1.3500E+02 2.0699E+00 1.3500E+02 2.7804E-02 1.4250E+02 2.7804E-024915 3102
 1.4250E+02 3.4636E-01 1.5000E+02 3.4636E-01 1.5000E+02 1.0668E+004915 3102
 1.6000E+02 1.0668E+00 1.6000E+02 4.0935E+00 1.7000E+02 4.0935E+004915 3102
 1.7000E+02 6.9228E-01 1.8000E+02 6.9228E-01 1.8000E+02 3.5164E+004915 3102
 1.9000E+02 3.5164E+00 1.9000E+02 7.6677E-02 2.0000E+02 7.6677E-024915 3102
 2.0000E+02 3.6622E+00 2.1000E+02 3.6622E+00 2.1000E+02 1.5345E-014915 3102
 2.2000E+02 1.5345E-01 2.2000E+02 4.1574E+00 2.3000E+02 4.1574E+004915 3102
 2.3000E+02 1.5362E-02 2.4000E+02 1.5362E-02 2.4000E+02 3.6158E+004915 3102
 2.5500E+02 3.6158E+00 2.5500E+02 3.9305E-01 2.7000E+02 3.9305E-014915 3102
 2.7000E+02 1.0613E-02 2.8000E+02 1.0613E-02 2.8000E+02 3.0984E+004915 3102
 3.0000E+02 3.0984E+00 3.0000E+02 7.1426E-01 3.2000E+02 7.1426E-014915 3102
 3.2000E+02 2.0547E-01 3.4000E+02 2.0547E-01 3.4000E+02 4.0028E-014915 3102
 3.6000E+02 4.0028E-01 3.6000E+02 9.5604E-01 3.8000E+02 9.5604E-014915 3102
 3.8000E+02 3.7018E-01 4.0000E+02 3.7018E-01 4.0000E+02 2.2069E+004915 3102
 4.2500E+02 2.2069E+00 4.2500E+02 4.3131E-01 4.5000E+02 4.3131E-014915 3102
 4.5000E+02 1.3761E+00 4.7500E+02 1.3761E+00 4.7500E+02 2.3822E-014915 3102
 5.0000E+02 2.3822E-01 5.0000E+02 8.9293E-01 5.2500E+02 8.9293E-014915 3102
 5.2500E+02 4.8636E-01 5.5000E+02 4.8636E-01 5.5000E+02 7.8327E-014915 3102
 5.7500E+02 7.8327E-01 5.7500E+02 3.7941E-01 6.0000E+02 3.7941E-014915 3102
 6.0000E+02 9.6980E-01 6.3000E+02 9.6980E-01 6.3000E+02 3.3794E-014915 3102
 6.6000E+02 3.3794E-01 6.6000E+02 2.5947E-01 6.9000E+02 2.5947E-014915 3102
 6.9000E+02 2.8525E-01 7.2000E+02 2.8525E-01 7.2000E+02 2.6141E-014915 3102
 7.6000E+02 2.6141E-01 7.6000E+02 6.4871E-01 8.0000E+02 6.4871E-014915 3102
 8.0000E+02 4.4669E-01 8.4000E+02 4.4669E-01 8.4000E+02 9.1966E-014915 3102
 8.8000E+02 9.1966E-01 8.8000E+02 3.4503E-01 9.2000E+02 3.4503E-014915 3102
 9.2000E+02 6.9307E-01 9.6000E+02 6.9307E-01 9.6000E+02 5.4758E-014915 3102
 1.0000E+03 5.4758E-01 1.0000E+03 3.6246E-01 1.0500E+03 3.6246E-014915 3102
 1.0500E+03 4.8394E-01 1.1000E+03 4.8394E-01 1.1000E+03 3.7051E-014915 3102
 1.1500E+03 3.7052E-01 1.1500E+03 4.0461E-01 1.2000E+03 4.0462E-014915 3102
 1.2000E+03 3.9596E-01 1.2750E+03 3.9596E-01 1.2750E+03 3.8628E-014915 3102
 1.3500E+03 3.8628E-01 1.3500E+03 3.7735E-01 1.4250E+03 3.7735E-014915 3102
 1.4250E+03 3.6910E-01 1.5000E+03 3.6910E-01 1.5000E+03 3.6023E-014915 3102
 1.6000E+03 3.6023E-01 1.6000E+03 3.5088E-01 1.7000E+03 3.5088E-014915 3102
 1.7000E+03 3.4231E-01 1.8000E+03 3.4231E-01 1.8000E+03 3.3443E-014915 3102
 1.9000E+03 3.3443E-01 1.9000E+03 3.2710E-01 2.0000E+03 3.2711E-014915 3102
 2.0000E+03 3.2029E-01 2.1000E+03 3.2030E-01 2.1000E+03 3.1394E-014915 3102
 2.2000E+03 3.1394E-01 2.2000E+03 3.0800E-01 2.3000E+03 3.0800E-014915 3102
 2.3000E+03 3.0244E-01 2.4000E+03 3.0244E-01 2.4000E+03 2.9608E-014915 3102
 2.5500E+03 2.9608E-01 2.5500E+03 2.8884E-01 2.7000E+03 2.8884E-014915 3102
 2.7000E+03 2.8321E-01 2.8000E+03 2.8322E-01 2.8000E+03 2.7706E-014915 3102
 3.0000E+03 2.7706E-01 3.0000E+03 2.7027E-01 3.2000E+03 2.7027E-014915 3102
 3.2000E+03 2.6502E-01 3.4000E+03 2.6503E-01 3.4000E+03 2.6023E-014915 3102
 3.6000E+03 2.6024E-01 3.6000E+03 2.5576E-01 3.8000E+03 2.5576E-014915 3102
 3.8000E+03 2.5157E-01 4.0000E+03 2.5157E-01 4.0000E+03 2.4727E-014915 3102
 4.2500E+03 2.4727E-01 4.2500E+03 2.4276E-01 4.5000E+03 2.4276E-014915 3102
 4.5000E+03 2.3858E-01 4.7500E+03 2.3859E-01 4.7500E+03 2.3470E-014915 3102
 5.0000E+03 2.3471E-01 5.0000E+03 2.3108E-01 5.2500E+03 2.3109E-014915 3102
 5.2500E+03 2.2768E-01 5.5000E+03 2.2768E-01 5.5000E+03 2.2449E-014915 3102
 5.7500E+03 2.2450E-01 5.7500E+03 2.2145E-01 6.0000E+03 2.2145E-014915 3102
 6.0000E+03 2.1834E-01 6.3000E+03 2.1835E-01 6.3000E+03 2.1514E-014915 3102
 6.6000E+03 2.1514E-01 6.6000E+03 2.1211E-01 6.9000E+03 2.1211E-014915 3102
 6.9000E+03 2.0938E-01 7.2000E+03 2.0938E-01 7.2000E+03 2.0625E-014915 3102
 7.6000E+03 2.0626E-01 7.6000E+03 2.0281E-01 8.0000E+03 2.0282E-014915 3102
 8.0000E+03 1.9979E-01 8.4000E+03 1.9979E-01 8.4000E+03 1.9678E-014915 3102
 8.8000E+03 1.9679E-01 8.8000E+03 1.9400E-01 9.2000E+03 1.9400E-014915 3102
 9.2000E+03 1.9147E-01 9.6000E+03 1.9147E-01 9.6000E+03 1.8893E-014915 3102
 1.0000E+04 1.8894E-01 1.0000E+04 1.8604E-01 1.0500E+04 1.8605E-014915 3102
 1.0500E+04 1.8278E-01 1.1000E+04 1.8279E-01 1.1000E+04 1.7971E-014915 3102
 1.1500E+04 1.7972E-01 1.1500E+04 1.7685E-01 1.2000E+04 1.7686E-014915 3102
 1.2000E+04 1.7348E-01 1.2750E+04 1.7348E-01 1.2750E+04 1.6971E-014915 3102
 1.3500E+04 1.6972E-01 1.3500E+04 1.6628E-01 1.4250E+04 1.6628E-014915 3102
 1.4250E+04 1.6302E-01 1.5000E+04 1.6303E-01 1.5000E+04 1.5957E-014915 3102
 1.6000E+04 1.5958E-01 1.6000E+04 1.5592E-01 1.7000E+04 1.5593E-014915 3102
 1.7000E+04 1.5254E-01 1.8000E+04 1.5255E-01 1.8000E+04 1.4941E-014915 3102
 1.9000E+04 1.4942E-01 1.9000E+04 1.4654E-01 2.0000E+04 1.4655E-014915 3102
 2.0000E+04 1.4341E-01 2.1000E+04 1.4342E-01 2.1000E+04 1.4004E-014915 3102
 2.2000E+04 1.4005E-01 2.2000E+04 1.3692E-01 2.3000E+04 1.3693E-014915 3102
 2.3000E+04 1.3401E-01 2.4000E+04 1.3402E-01 2.4000E+04 1.3062E-014915 3102
 2.5500E+04 1.3063E-01 2.5500E+04 1.2685E-01 2.7000E+04 1.2687E-014915 3102
 2.7000E+04 1.2394E-01 2.8000E+04 1.2395E-01 2.8000E+04 1.2075E-014915 3102
 3.0000E+04 1.2077E-01 3.0000E+04 1.1682E-01 3.2000E+04 1.1683E-014915 3102
 3.2000E+04 1.1325E-01 3.4000E+04 1.1327E-01 3.4000E+04 1.1000E-014915 3102
 3.6000E+04 1.1001E-01 3.6000E+04 1.0701E-01 3.8000E+04 1.0702E-014915 3102
 3.8000E+04 1.0425E-01 4.0000E+04 1.0426E-01 4.0000E+04 1.0143E-014915 3102
 4.2500E+04 1.0144E-01 4.2500E+04 9.8553E-02 4.5000E+04 9.8567E-024915 3102
 4.5000E+04 9.5855E-02 4.7500E+04 9.5870E-02 4.7500E+04 9.3399E-024915 3102
 5.0000E+04 9.3413E-02 5.0000E+04 9.0820E-02 5.2500E+04 9.0833E-024915 3102
 5.2500E+04 8.8227E-02 5.5000E+04 8.8240E-02 5.5000E+04 8.5817E-024915 3102
 5.7500E+04 8.5830E-02 5.7500E+04 8.3574E-02 6.0000E+04 8.3587E-024915 3102
 6.0000E+04 8.1312E-02 6.3000E+04 8.1326E-02 6.3000E+04 7.9007E-024915 3102
 6.6000E+04 7.9021E-02 6.6000E+04 7.6838E-02 6.9000E+04 7.6852E-024915 3102
 6.9000E+04 7.4844E-02 7.2000E+04 7.4857E-02 7.2000E+04 7.2668E-024915 3102
 7.6000E+04 7.2685E-02 7.6000E+04 7.0370E-02 8.0000E+04 7.0386E-024915 3102
 8.0000E+04 6.8287E-02 8.4000E+04 6.8304E-02 8.4000E+04 6.6316E-024915 3102
 8.8000E+04 6.6332E-02 8.8000E+04 6.4528E-02 9.2000E+04 6.4544E-024915 3102
 9.2000E+04 6.2835E-02 9.6000E+04 6.2850E-02 9.6000E+04 6.1273E-024915 3102
 1.0000E+05 6.1288E-02 1.0000E+05 5.9778E-02 1.0500E+05 5.9796E-024915 3102
 1.0500E+05 5.8349E-02 1.1000E+05 5.8366E-02 1.1000E+05 5.7015E-024915 3102
 1.1500E+05 5.7032E-02 1.1500E+05 5.5778E-02 1.2000E+05 5.5795E-024915 3102
 1.2000E+05 5.4325E-02 1.2750E+05 5.4349E-02 1.2750E+05 5.2725E-024915 3102
 1.3500E+05 5.2748E-02 1.3500E+05 5.1277E-02 1.4250E+05 5.1300E-024915 3102
 1.4250E+05 4.9914E-02 1.5000E+05 4.9936E-02 1.5000E+05 4.8476E-024915 3102
 1.6000E+05 4.8505E-02 1.6000E+05 4.6974E-02 1.7000E+05 4.7001E-024915 3102
 1.7000E+05 4.5595E-02 1.8000E+05 4.5622E-02 1.8000E+05 4.4333E-024915 3102
 1.9000E+05 4.4360E-02 1.9000E+05 4.3180E-02 2.0000E+05 4.3206E-024915 3102
 2.0000E+05 4.2372E-02 2.1000E+05 4.2397E-02 2.1000E+05 4.1896E-024915 3102
 2.2000E+05 4.1921E-02 2.2000E+05 4.1423E-02 2.3000E+05 4.1448E-024915 3102
 2.3000E+05 4.0984E-02 2.4000E+05 4.1008E-02 2.4000E+05 4.0484E-024915 3102
 2.5500E+05 4.0520E-02 2.5500E+05 3.9897E-02 2.7000E+05 3.9932E-024915 3102
 2.7000E+05 3.9469E-02 2.8000E+05 3.9492E-02 2.8000E+05 3.8959E-024915 3102
 3.0000E+05 3.9005E-02 3.0000E+05 3.8342E-02 3.2000E+05 3.8387E-024915 3102
 3.2000E+05 3.7775E-02 3.4000E+05 3.7820E-02 3.4000E+05 3.7248E-024915 3102
 3.6000E+05 3.7292E-02 3.6000E+05 3.6837E-02 3.8000E+05 3.6880E-024915 3102
 3.8000E+05 3.6926E-02 4.0000E+05 3.6970E-02 4.0000E+05 3.7112E-024915 3102
 4.2500E+05 3.7166E-02 4.2500E+05 3.7312E-02 4.5000E+05 3.7367E-024915 3102
 4.5000E+05 3.7507E-02 4.7500E+05 3.7562E-02 4.7500E+05 3.7700E-024915 3102
 5.0000E+05 3.7755E-02 5.0000E+05 3.7883E-02 5.2500E+05 3.7938E-024915 3102
 5.2500E+05 3.8057E-02 5.5000E+05 3.8112E-02 5.5000E+05 3.8231E-024915 3102
 5.7500E+05 3.8286E-02 5.7500E+05 3.8405E-02 6.0000E+05 3.8461E-024915 3102
 6.0000E+05 3.8586E-02 6.3000E+05 3.8653E-02 6.3000E+05 3.8778E-024915 3102
 6.6000E+05 3.8845E-02 6.6000E+05 3.8967E-02 6.9000E+05 3.9034E-024915 3102
 6.9000E+05 3.9119E-02 7.2000E+05 3.9186E-02 7.2000E+05 3.9151E-024915 3102
 7.6000E+05 3.9241E-02 7.6000E+05 3.9189E-02 8.0000E+05 3.9279E-024915 3102
 8.0000E+05 3.9225E-02 8.4000E+05 3.9315E-02 8.4000E+05 3.9267E-024915 3102
 8.8000E+05 3.9356E-02 8.8000E+05 3.9313E-02 9.2000E+05 3.9402E-024915 3102
 9.2000E+05 3.9356E-02 9.6000E+05 3.9446E-02 9.6000E+05 3.9406E-024915 3102
 1.0000E+06 3.9495E-02 1.0000E+06 3.8681E-02 1.1000E+06 3.8899E-024915 3102
 1.1000E+06 3.7380E-02 1.2000E+06 3.7590E-02 1.2000E+06 3.6249E-024915 3102
 1.3000E+06 3.6451E-02 1.3000E+06 3.5245E-02 1.4000E+06 3.5441E-024915 3102
 1.4000E+06 3.4355E-02 1.5000E+06 3.4545E-02 1.5000E+06 3.3557E-024915 3102
 1.6000E+06 3.3741E-02 1.6000E+06 3.2216E-02 1.7000E+06 3.2392E-024915 3102
 1.7000E+06 3.0398E-02 1.8000E+06 3.0563E-02 1.8000E+06 2.8784E-024915 3102
 1.9000E+06 2.8940E-02 1.9000E+06 2.7341E-02 2.0000E+06 2.7488E-024915 3102
 2.0000E+06 2.5891E-02 2.1000E+06 2.6030E-02 2.1000E+06 2.4463E-024915 3102
 2.2000E+06 2.4593E-02 2.2000E+06 2.3181E-02 2.3000E+06 2.3304E-024915 3102
 2.3000E+06 2.2021E-02 2.4000E+06 2.2137E-02 2.4000E+06 2.0969E-024915 3102
 2.5000E+06 2.1079E-02 2.5000E+06 2.0018E-02 2.6000E+06 2.0122E-024915 3102
 2.6000E+06 1.9137E-02 2.7000E+06 1.9237E-02 2.7000E+06 1.8330E-024915 3102
 2.8000E+06 1.8425E-02 2.8000E+06 1.7588E-02 2.9000E+06 1.7678E-024915 3102
 2.9000E+06 1.6904E-02 3.0000E+06 1.6991E-02 3.0000E+06 1.5897E-024915 3102
 3.1000E+06 1.5978E-02 3.1000E+06 1.4636E-02 3.2000E+06 1.4710E-024915 3102
 3.2000E+06 1.3513E-02 3.3000E+06 1.3581E-02 3.3000E+06 1.2506E-024915 3102
 3.4000E+06 1.2569E-02 3.4000E+06 1.1604E-02 3.5000E+06 1.1662E-024915 3102
 3.5000E+06 1.0790E-02 3.6000E+06 1.0843E-02 3.6000E+06 1.0054E-024915 3102
 3.7000E+06 1.0103E-02 3.7000E+06 9.3879E-03 3.8000E+06 9.4340E-034915 3102
 3.8000E+06 8.7827E-03 3.9000E+06 8.8256E-03 3.9000E+06 8.2320E-034915 3102
 4.0000E+06 8.2720E-03 4.0000E+06 7.7278E-03 4.1000E+06 7.7652E-034915 3102
 4.1000E+06 7.2670E-03 4.2000E+06 7.3019E-03 4.2000E+06 6.8449E-034915 3102
 4.3000E+06 6.8777E-03 4.3000E+06 6.4559E-03 4.4000E+06 6.4866E-034915 3102
 4.4000E+06 6.0988E-03 4.5000E+06 6.1277E-03 4.5000E+06 5.7718E-034915 3102
 4.6000E+06 5.7990E-03 4.6000E+06 5.4636E-03 4.7000E+06 5.4893E-034915 3102
 4.7000E+06 5.1812E-03 4.8000E+06 5.2054E-03 4.8000E+06 4.9189E-034915 3102
 4.9000E+06 4.9417E-03 4.9000E+06 4.6751E-03 5.0000E+06 4.6968E-034915 3102
 5.0000E+06 4.3319E-03 5.1000E+06 4.3519E-03 5.1000E+06 3.9096E-034915 3102
 5.2000E+06 3.9275E-03 5.2000E+06 3.5362E-03 5.3000E+06 3.5523E-034915 3102
 5.3000E+06 3.2048E-03 5.4000E+06 3.2194E-03 5.4000E+06 2.9094E-034915 3102
 5.5000E+06 2.9226E-03 5.5000E+06 2.6461E-03 5.6000E+06 2.6581E-034915 3102
 5.6000E+06 2.4108E-03 5.7000E+06 2.4216E-03 5.7000E+06 2.2005E-034915 3102
 5.8000E+06 2.2103E-03 5.8000E+06 2.0119E-03 5.9000E+06 2.0208E-034915 3102
 5.9000E+06 1.8421E-03 6.0000E+06 1.8502E-03 6.0000E+06 1.6891E-034915 3102
 6.1000E+06 1.6966E-03 6.1000E+06 1.5510E-03 6.2000E+06 1.5578E-034915 3102
 6.2000E+06 1.4267E-03 6.3000E+06 1.4329E-03 6.3000E+06 1.3138E-034915 3102
 6.4000E+06 1.3195E-03 6.4000E+06 1.2117E-03 6.5000E+06 1.2169E-034915 3102
 6.5000E+06 1.1188E-03 6.6000E+06 1.1236E-03 6.6000E+06 1.0342E-034915 3102
 6.7000E+06 1.0387E-03 6.7000E+06 9.5753E-04 6.8000E+06 9.6162E-044915 3102
 6.8000E+06 8.8738E-04 6.9000E+06 8.9116E-04 6.9000E+06 8.2338E-044915 3102
 7.0000E+06 8.2687E-04 7.0000E+06 7.8567E-04 7.1000E+06 7.8899E-044915 3102
 7.1000E+06 7.7140E-04 7.2000E+06 7.7465E-04 7.2000E+06 7.5744E-044915 3102
 7.3000E+06 7.6061E-04 7.3000E+06 7.4425E-04 7.4000E+06 7.4735E-044915 3102
 7.4000E+06 7.3095E-04 7.5000E+06 7.3398E-04 7.5000E+06 7.1868E-044915 3102
 7.6000E+06 7.2165E-04 7.6000E+06 7.0650E-04 7.7000E+06 7.0941E-044915 3102
 7.7000E+06 6.9500E-04 7.8000E+06 6.9785E-04 7.8000E+06 6.8384E-044915 3102
 7.9000E+06 6.8663E-04 7.9000E+06 6.7257E-04 8.0000E+06 6.7531E-044915 3102
 8.0000E+06 6.6184E-04 8.1000E+06 6.6452E-04 8.1000E+06 6.5158E-044915 3102
 8.2000E+06 6.5420E-04 8.2000E+06 6.4130E-04 8.3000E+06 6.4388E-044915 3102
 8.3000E+06 6.3175E-04 8.4000E+06 6.3428E-04 8.4000E+06 6.2220E-044915 3102
 8.5000E+06 6.2467E-04 8.5000E+06 6.1296E-04 8.6000E+06 6.1539E-044915 3102
 8.6000E+06 6.0411E-04 8.7000E+06 6.0650E-04 8.7000E+06 5.9521E-044915 3102
 8.8000E+06 5.9755E-04 8.8000E+06 5.8697E-04 8.9000E+06 5.8927E-044915 3102
 8.9000E+06 5.7864E-04 9.0000E+06 5.8091E-04 9.0000E+06 5.7060E-044915 3102
 9.1000E+06 5.7283E-04 9.1000E+06 5.6282E-04 9.2000E+06 5.6500E-044915 3102
 9.2000E+06 5.5514E-04 9.3000E+06 5.5729E-04 9.3000E+06 5.4785E-044915 3102
 9.4000E+06 5.4996E-04 9.4000E+06 5.4040E-04 9.5000E+06 5.4247E-044915 3102
 9.5000E+06 5.3361E-04 9.6000E+06 5.3565E-04 9.6000E+06 5.2682E-044915 3102
 9.7000E+06 5.2883E-04 9.7000E+06 5.2000E-04 9.8000E+06 5.2197E-044915 3102
 9.8000E+06 5.1364E-04 9.9000E+06 5.1558E-04 9.9000E+06 5.0722E-044915 3102
 1.0000E+07 5.0913E-04 1.0000E+07 5.0685E-04 1.0100E+07 5.0875E-044915 3102
 1.0100E+07 5.1266E-04 1.0200E+07 5.1457E-04 1.0200E+07 5.1846E-044915 3102
 1.0300E+07 5.2039E-04 1.0300E+07 5.2436E-04 1.0400E+07 5.2630E-044915 3102
 1.0400E+07 5.3026E-04 1.0500E+07 5.3221E-04 1.0500E+07 5.3615E-044915 3102
 1.0600E+07 5.3812E-04 1.0600E+07 5.4207E-04 1.0700E+07 5.4406E-044915 3102
 1.0700E+07 5.4795E-04 1.0800E+07 5.4996E-04 1.0800E+07 5.5397E-044915 3102
 1.0900E+07 5.5598E-04 1.0900E+07 5.5981E-04 1.1000E+07 5.6184E-044915 3102
 1.1000E+07 5.6595E-04 1.1100E+07 5.6799E-04 1.1100E+07 5.7198E-044915 3102
 1.1200E+07 5.7404E-04 1.1200E+07 5.7797E-04 1.1300E+07 5.8005E-044915 3102
 1.1300E+07 5.8413E-04 1.1400E+07 5.8622E-04 1.1400E+07 5.9022E-044915 3102
 1.1500E+07 5.9232E-04 1.1500E+07 5.9633E-04 1.1600E+07 5.9844E-044915 3102
 1.1600E+07 6.0244E-04 1.1700E+07 6.0457E-04 1.1700E+07 6.0851E-044915 3102
 1.1800E+07 6.1065E-04 1.1800E+07 6.1474E-04 1.1900E+07 6.1690E-044915 3102
 1.1900E+07 6.2093E-04 1.2000E+07 6.2311E-04 1.2000E+07 6.2746E-044915 3102
 1.2100E+07 6.2965E-04 1.2100E+07 6.3426E-04 1.2200E+07 6.3646E-044915 3102
 1.2200E+07 6.4105E-04 1.2300E+07 6.4327E-04 1.2300E+07 6.4802E-044915 3102
 1.2400E+07 6.5025E-04 1.2400E+07 6.5491E-04 1.2500E+07 6.5716E-044915 3102
 1.2500E+07 6.6219E-04 1.2600E+07 6.6445E-04 1.2600E+07 6.6918E-044915 3102
 1.2700E+07 6.7146E-04 1.2700E+07 6.7603E-04 1.2800E+07 6.7833E-044915 3102
 1.2800E+07 6.8312E-04 1.2900E+07 6.8544E-04 1.2900E+07 6.9014E-044915 3102
 1.3000E+07 6.9248E-04 1.3000E+07 6.9719E-04 1.3100E+07 6.9954E-044915 3102
 1.3100E+07 7.0428E-04 1.3200E+07 7.0664E-04 1.3200E+07 7.1129E-044915 3102
 1.3300E+07 7.1367E-04 1.3300E+07 7.1851E-04 1.3400E+07 7.2090E-044915 3102
 1.3400E+07 7.2568E-04 1.3500E+07 7.2810E-04 1.3500E+07 7.3289E-044915 3102
 1.3600E+07 7.3532E-04 1.3600E+07 7.4006E-04 1.3700E+07 7.4251E-044915 3102
 1.3700E+07 7.4719E-04 1.3800E+07 7.4965E-04 1.3800E+07 7.5457E-044915 3102
 1.3900E+07 7.5705E-04 1.3900E+07 7.6184E-04 1.4000E+07 7.6433E-044915 3102
 1.4000E+07 7.6921E-04 1.4100E+07 7.7171E-04 1.4100E+07 7.7653E-044915 3102
 1.4200E+07 7.7905E-04 1.4200E+07 7.8382E-04 1.4300E+07 7.8636E-044915 3102
 1.4300E+07 7.9128E-04 1.4400E+07 7.9383E-04 1.4400E+07 7.9878E-044915 3102
 1.4500E+07 8.0135E-04 1.4500E+07 8.0623E-04 1.4600E+07 8.0881E-044915 3102
 1.4600E+07 8.1371E-04 1.4700E+07 8.1631E-04 1.4700E+07 8.2116E-044915 3102
 1.4800E+07 8.2377E-04 1.4800E+07 8.2885E-04 1.4900E+07 8.3148E-044915 3102
 1.4900E+07 8.3643E-04 1.5000E+07 8.3908E-04 1.5000E+07 8.4427E-044915 3102
 1.5100E+07 8.4693E-04 1.5100E+07 8.5255E-04 1.5200E+07 8.5523E-044915 3102
 1.5200E+07 8.6072E-04 1.5300E+07 8.6341E-04 1.5300E+07 8.6918E-044915 3102
 1.5400E+07 8.7190E-04 1.5400E+07 8.7761E-04 1.5500E+07 8.8034E-044915 3102
 1.5500E+07 8.8600E-04 1.5600E+07 8.8875E-04 1.5600E+07 8.9449E-044915 3102
 1.5700E+07 8.9726E-04 1.5700E+07 9.0322E-04 1.5800E+07 9.0601E-044915 3102
 1.5800E+07 9.1190E-04 1.5900E+07 9.1471E-04 1.5900E+07 9.2051E-044915 3102
 1.6000E+07 9.2333E-04 1.6000E+07 9.2915E-04 1.6100E+07 9.3199E-044915 3102
 1.6100E+07 9.3783E-04 1.6200E+07 9.4069E-04 1.6200E+07 9.4638E-044915 3102
 1.6300E+07 9.4926E-04 1.6300E+07 9.5521E-04 1.6400E+07 9.5810E-044915 3102
 1.6400E+07 9.6395E-04 1.6500E+07 9.6687E-04 1.6500E+07 9.7281E-044915 3102
 1.6600E+07 9.7574E-04 1.6600E+07 9.8159E-04 1.6700E+07 9.8454E-044915 3102
 1.6700E+07 9.9028E-04 1.6800E+07 9.9324E-04 1.6800E+07 9.9932E-044915 3102
 1.6900E+07 1.0023E-03 1.6900E+07 1.0084E-03 1.7000E+07 1.0114E-034915 3102
 1.7000E+07 1.0173E-03 1.7100E+07 1.0203E-03 1.7100E+07 1.0263E-034915 3102
 1.7200E+07 1.0293E-03 1.7200E+07 1.0352E-03 1.7300E+07 1.0383E-034915 3102
 1.7300E+07 1.0444E-03 1.7400E+07 1.0475E-03 1.7400E+07 1.0535E-034915 3102
 1.7500E+07 1.0566E-03 1.7500E+07 1.0627E-03 1.7600E+07 1.0658E-034915 3102
 1.7600E+07 1.0719E-03 1.7700E+07 1.0750E-03 1.7700E+07 1.0809E-034915 3102
 1.7800E+07 1.0841E-03 1.7800E+07 1.0904E-03 1.7900E+07 1.0935E-034915 3102
 1.7900E+07 1.0996E-03 1.8000E+07 1.1028E-03 1.8000E+07 1.1090E-034915 3102
 1.8100E+07 1.1122E-03 1.8100E+07 1.1183E-03 1.8200E+07 1.1216E-034915 3102
 1.8200E+07 1.1276E-03 1.8300E+07 1.1308E-03 1.8300E+07 1.1372E-034915 3102
 1.8400E+07 1.1404E-03 1.8400E+07 1.1467E-03 1.8500E+07 1.1499E-034915 3102
 1.8500E+07 1.1562E-03 1.8600E+07 1.1595E-03 1.8600E+07 1.1657E-034915 3102
 1.8700E+07 1.1690E-03 1.8700E+07 1.1751E-03 1.8800E+07 1.1784E-034915 3102
 1.8800E+07 1.1850E-03 1.8900E+07 1.1883E-03 1.8900E+07 1.1945E-034915 3102
 1.9000E+07 1.1979E-03 1.9000E+07 1.2043E-03 1.9100E+07 1.2076E-034915 3102
 1.9100E+07 1.2140E-03 1.9200E+07 1.2174E-03 1.9200E+07 1.2235E-034915 3102
 1.9300E+07 1.2269E-03 1.9300E+07 1.2335E-03 1.9400E+07 1.2369E-034915 3102
 1.9400E+07 1.2434E-03 1.9500E+07 1.2468E-03 1.9500E+07 1.2532E-034915 3102
 1.9600E+07 1.2567E-03 1.9600E+07 1.2631E-03 1.9700E+07 1.2666E-034915 3102
 1.9700E+07 1.2728E-03 1.9800E+07 1.2763E-03 1.9800E+07 1.2830E-034915 3102
 1.9900E+07 1.2865E-03 1.9900E+07 1.2930E-03 2.0000E+07 1.2966E-034915 3102
 2.0000E+07 0.0000E+00                                            4915 3102
                                                                  4915 3  0
