KR- 86N,G    1.0000+00* JEF-2.2                                   3686 3102
                                                                  3686 3102
 3.60860+04 8.5173E+01          0         99          0          03686 3102
 3.0000E+02 5.5134E+06          0          0          1       11593686 3102
       1159          2                                            3686 3102
 1.0000E-05 1.5072E-01 1.0772E-05 1.4522E-01 1.1544E-05 1.4029E-013686 3102
 1.2701E-05 1.3374E-01 1.4245E-05 1.2629E-01 1.5403E-05 1.2145E-013686 3102
 1.6174E-05 1.1851E-01 1.7718E-05 1.1323E-01 1.9261E-05 1.0860E-013686 3102
 2.0805E-05 1.0450E-01 2.2349E-05 1.0083E-01 2.4664E-05 9.5976E-023686 3102
 2.5436E-05 9.4508E-02 2.8523E-05 8.9248E-02 3.1610E-05 8.4778E-023686 3102
 3.4697E-05 8.0923E-02 3.7784E-05 7.7547E-02 4.0872E-05 7.4561E-023686 3102
 4.3187E-05 7.2536E-02 4.5502E-05 7.0667E-02 4.7046E-05 6.9496E-023686 3102
 5.1677E-05 6.6310E-02 5.3220E-05 6.5344E-02 5.9395E-05 6.1855E-023686 3102
 6.5569E-05 5.8869E-02 7.1743E-05 5.6283E-02 7.7918E-05 5.4004E-023686 3102
 8.4092E-05 5.1989E-02 8.8723E-05 5.0613E-02 9.3353E-05 4.9345E-023686 3102
 9.6440E-05 4.8546E-02 1.0570E-04 4.6372E-02 1.0879E-04 4.5710E-023686 3102
 1.1805E-04 4.3881E-02 1.2731E-04 4.2256E-02 1.3349E-04 4.1268E-023686 3102
 1.4584E-04 3.9483E-02 1.5818E-04 3.7912E-02 1.7053E-04 3.6515E-023686 3102
 1.8288E-04 3.5261E-02 2.0140E-04 3.3602E-02 2.2610E-04 3.1716E-023686 3102
 2.4462E-04 3.0492E-02 2.5697E-04 2.9751E-02 2.8167E-04 2.8418E-023686 3102
 3.0637E-04 2.7249E-02 3.3106E-04 2.6214E-02 3.5576E-04 2.5289E-023686 3102
 3.9281E-04 2.4067E-02 4.0516E-04 2.3698E-02 4.4220E-04 2.2684E-023686 3102
 4.7925E-04 2.1790E-02 5.0395E-04 2.1250E-02 5.5334E-04 2.0279E-023686 3102
 6.0273E-04 1.9431E-02 6.5213E-04 1.8681E-02 7.0152E-04 1.8012E-023686 3102
 7.7562E-04 1.7131E-02 8.0031E-04 1.6864E-02 8.7440E-04 1.6135E-023686 3102
 9.4850E-04 1.5492E-02 9.9789E-04 1.5104E-02 1.0967E-03 1.4408E-023686 3102
 1.1955E-03 1.3800E-02 1.2943E-03 1.3263E-02 1.3930E-03 1.2784E-023686 3102
 1.5412E-03 1.2154E-02 1.5906E-03 1.1964E-02 1.7388E-03 1.1443E-023686 3102
 1.8870E-03 1.0984E-02 1.9858E-03 1.0708E-02 2.1834E-03 1.0211E-023686 3102
 2.3809E-03 9.7786E-03 2.5785E-03 9.3966E-03 2.7761E-03 9.0560E-033686 3102
 3.0725E-03 8.6081E-03 3.1713E-03 8.4729E-03 3.4676E-03 8.1026E-033686 3102
 3.7640E-03 7.7771E-03 3.9616E-03 7.5810E-03 4.3567E-03 7.2287E-033686 3102
 4.7519E-03 6.9218E-03 5.1470E-03 6.6510E-03 5.5422E-03 6.4095E-033686 3102
 6.1349E-03 6.0918E-03 6.3325E-03 5.9962E-03 6.9252E-03 5.7337E-033686 3102
 7.5180E-03 5.5029E-03 7.9131E-03 5.3638E-03 8.7034E-03 5.1145E-033686 3102
 9.4938E-03 4.8969E-03 1.0284E-02 4.7052E-03 1.1074E-02 4.5342E-033686 3102
 1.2260E-02 4.3094E-03 1.2655E-02 4.2415E-03 1.3840E-02 4.0558E-033686 3102
 1.5026E-02 3.8926E-03 1.5816E-02 3.7941E-03 1.7397E-02 3.6176E-033686 3102
 1.8978E-02 3.4637E-03 2.0558E-02 3.3279E-03 2.2139E-02 3.2070E-033686 3102
 2.4510E-02 3.0480E-03 2.5300E-02 3.0000E-03 2.6730E-02 2.9187E-033686 3102
 2.8161E-02 2.8435E-03 2.9115E-02 2.7965E-03 3.1976E-02 2.6684E-033686 3102
 3.2929E-02 2.6294E-03 3.5790E-02 2.5221E-03 3.8651E-02 2.4269E-033686 3102
 4.0558E-02 2.3692E-03 4.4373E-02 2.2651E-03 4.8188E-02 2.1736E-033686 3102
 5.2002E-02 2.0924E-03 5.5817E-02 2.0196E-03 6.1539E-02 1.9235E-033686 3102
 6.3446E-02 1.8943E-03 6.9168E-02 1.8144E-03 7.1075E-02 1.7899E-033686 3102
 7.8704E-02 1.7010E-03 8.6334E-02 1.6241E-03 9.3963E-02 1.5567E-033686 3102
 1.0159E-01 1.4972E-03 1.1304E-01 1.4194E-03 1.1685E-01 1.3960E-033686 3102
 1.2829E-01 1.3322E-03 1.3211E-01 1.3128E-03 1.4355E-01 1.2594E-033686 3102
 1.6263E-01 1.1834E-03 1.7788E-01 1.1315E-03 1.9314E-01 1.0858E-033686 3102
 2.0840E-01 1.0454E-03 2.3129E-01 9.9236E-04 2.3892E-01 9.7635E-043686 3102
 2.6181E-01 9.3263E-04 2.6943E-01 9.1931E-04 2.9232E-01 8.8262E-043686 3102
 3.1521E-01 8.4993E-04 3.3047E-01 8.3012E-04 3.6099E-01 7.9435E-043686 3102
 3.9150E-01 7.6274E-04 4.2202E-01 7.3463E-04 4.5254E-01 7.0950E-043686 3102
 4.9831E-01 6.7613E-04 5.5934E-01 6.3821E-04 6.0512E-01 6.1357E-043686 3102
 6.3564E-01 5.9869E-04 6.9667E-01 5.7195E-04 7.5770E-01 5.4844E-043686 3102
 8.1874E-01 5.2760E-04 8.7977E-01 5.0901E-04 9.7132E-01 4.8442E-043686 3102
 1.0018E+00 4.7698E-04 1.0934E+00 4.5666E-04 1.1849E+00 4.3863E-043686 3102
 1.2460E+00 4.2779E-04 1.3680E+00 4.0834E-04 1.4901E+00 3.9127E-043686 3102
 1.6122E+00 3.7618E-04 1.7342E+00 3.6275E-04 1.9173E+00 3.4501E-043686 3102
 1.9784E+00 3.3964E-04 2.1615E+00 3.2502E-04 2.3446E+00 3.1208E-043686 3102
 2.4666E+00 3.0430E-04 2.7108E+00 2.9034E-04 2.9549E+00 2.7813E-043686 3102
 3.1991E+00 2.6735E-04 3.4432E+00 2.5775E-04 3.8094E+00 2.4509E-043686 3102
 3.9315E+00 2.4127E-04 4.2977E+00 2.3085E-04 4.6639E+00 2.2164E-043686 3102
 4.9080E+00 2.1610E-04 5.3963E+00 2.0618E-04 5.8845E+00 1.9750E-043686 3102
 6.3728E+00 1.8985E-04 6.8611E+00 1.8304E-04 7.5935E+00 1.7407E-043686 3102
 7.8376E+00 1.7137E-04 8.5700E+00 1.6397E-04 9.3024E+00 1.5747E-043686 3102
 9.7907E+00 1.5355E-04 1.0767E+01 1.4653E-04 1.1744E+01 1.4040E-043686 3102
 1.2720E+01 1.3500E-04 1.3697E+01 1.3019E-04 1.5162E+01 1.2387E-043686 3102
 1.5650E+01 1.2197E-04 1.7115E+01 1.1676E-04 1.8580E+01 1.1218E-043686 3102
 1.9556E+01 1.0942E-04 2.1509E+01 1.0449E-04 2.3462E+01 1.0019E-043686 3102
 2.5415E+01 9.6401E-05 2.7368E+01 9.3034E-05 3.0298E+01 8.8608E-053686 3102
 3.1275E+01 8.7276E-05 3.4204E+01 8.3641E-05 3.7134E+01 8.0445E-053686 3102
 3.9087E+01 7.8523E-05 4.2993E+01 7.5093E-05 4.6899E+01 7.2107E-053686 3102
 5.0805E+01 6.9477E-05 5.4711E+01 6.7149E-05 6.0571E+01 6.4100E-053686 3102
 6.8383E+01 6.0679E-05 7.4242E+01 5.8493E-05 7.8148E+01 5.7181E-053686 3102
 8.5961E+01 5.4844E-05 9.3773E+01 5.2819E-05 1.0159E+02 5.1052E-053686 3102
 1.0940E+02 4.9486E-05 1.2112E+02 4.7456E-05 1.3674E+02 4.5203E-053686 3102
 1.5237E+02 4.3342E-05 1.5627E+02 4.2927E-05 1.7190E+02 4.1432E-053686 3102
 1.8752E+02 4.0157E-05 2.1096E+02 3.8568E-05 2.1877E+02 3.8109E-053686 3102
 2.4221E+02 3.6904E-05 2.5002E+02 3.6552E-05 2.7346E+02 3.5621E-053686 3102
 3.0471E+02 3.4620E-05 3.1252E+02 3.4406E-05 3.4377E+02 3.3670E-053686 3102
 3.7502E+02 3.3097E-05 4.2189E+02 3.2485E-05 4.8439E+02 6.5639E-043686 3102
 5.4689E+02 6.5363E-04 6.2501E+02 6.5763E-04 6.8751E+02 6.6599E-043686 3102
 7.5001E+02 6.7853E-04 8.1250E+02 6.9510E-04 8.7500E+02 7.1571E-043686 3102
 9.3750E+02 7.4049E-04 1.0000E+03 7.6972E-04 1.1071E+03 8.3124E-043686 3102
 1.1606E+03 8.6817E-04 1.2141E+03 9.0982E-04 1.2676E+03 9.5678E-043686 3102
 1.3212E+03 1.0098E-03 1.3747E+03 1.0696E-03 1.4282E+03 1.1375E-033686 3102
 1.4818E+03 1.2145E-03 1.5621E+03 1.3511E-03 1.6156E+03 1.4592E-033686 3102
 1.6423E+03 1.5194E-03 1.6959E+03 1.6540E-03 1.7226E+03 1.7294E-033686 3102
 1.7762E+03 1.8997E-03 1.8029E+03 1.9959E-03 1.8565E+03 2.2153E-033686 3102
 1.9100E+03 2.4784E-03 1.9368E+03 2.6301E-03 1.9635E+03 2.7977E-033686 3102
 1.9903E+03 2.9834E-03 2.0170E+03 3.1902E-03 2.0572E+03 3.5467E-033686 3102
 2.0973E+03 3.9723E-03 2.1241E+03 4.3034E-03 2.1375E+03 4.4857E-033686 3102
 2.1642E+03 4.8894E-03 2.1776E+03 5.1132E-03 2.2044E+03 5.6124E-033686 3102
 2.2178E+03 5.8913E-03 2.2445E+03 6.5190E-03 2.2713E+03 7.2579E-033686 3102
 2.2847E+03 7.6776E-03 2.2981E+03 8.1363E-03 2.3115E+03 8.6391E-033686 3102
 2.3248E+03 9.1918E-03 2.3382E+03 9.8014E-03 2.3516E+03 1.0476E-023686 3102
 2.3650E+03 1.1225E-02 2.3784E+03 1.2059E-02 2.3851E+03 1.2512E-023686 3102
 2.3984E+03 1.3502E-02 2.4051E+03 1.4043E-02 2.4185E+03 1.5230E-023686 3102
 2.4252E+03 1.5882E-02 2.4386E+03 1.7322E-02 2.4453E+03 1.8118E-023686 3102
 2.4587E+03 1.9888E-02 2.4653E+03 2.0875E-02 2.4720E+03 2.1936E-023686 3102
 2.4754E+03 2.2497E-02 2.4787E+03 2.3082E-02 2.4821E+03 2.3691E-023686 3102
 2.4854E+03 2.4324E-02 2.4888E+03 2.4983E-02 2.4921E+03 2.5669E-023686 3102
 2.4938E+03 2.6023E-02 2.4955E+03 2.6385E-02 2.4971E+03 2.6754E-023686 3102
 2.4988E+03 2.7132E-02 2.5005E+03 2.7517E-02 2.5021E+03 2.7911E-023686 3102
 2.5038E+03 2.8314E-02 2.5055E+03 2.8726E-02 2.5072E+03 2.9147E-023686 3102
 2.5088E+03 2.9577E-02 2.5105E+03 3.0017E-02 2.5122E+03 3.0467E-023686 3102
 2.5139E+03 3.0927E-02 2.5155E+03 3.1398E-02 2.5172E+03 3.1880E-023686 3102
 2.5189E+03 3.2373E-02 2.5205E+03 3.2879E-02 2.5222E+03 3.3396E-023686 3102
 2.5239E+03 3.3925E-02 2.5247E+03 3.4194E-02 2.5256E+03 3.4467E-023686 3102
 2.5264E+03 3.4743E-02 2.5272E+03 3.5022E-02 2.5277E+03 3.5164E-023686 3102
 2.5281E+03 3.5305E-02 2.5285E+03 3.5448E-02 2.5287E+03 3.5520E-023686 3102
 2.5290E+03 3.5628E-02 2.5293E+03 3.5736E-02 2.5295E+03 3.5791E-023686 3102
 2.5297E+03 3.5873E-02 2.5300E+03 3.5973E-02 2.5302E+03 3.6028E-023686 3102
 2.5306E+03 3.6175E-02 2.5308E+03 3.6249E-02 2.5312E+03 3.6398E-023686 3102
 2.5314E+03 3.6472E-02 2.5318E+03 3.6622E-02 2.5323E+03 3.6773E-023686 3102
 2.5331E+03 3.7078E-02 2.5339E+03 3.7387E-02 2.5348E+03 3.7700E-023686 3102
 2.5356E+03 3.8016E-02 2.5373E+03 3.8662E-02 2.5389E+03 3.9324E-023686 3102
 2.5406E+03 4.0003E-02 2.5423E+03 4.0700E-02 2.5440E+03 4.1416E-023686 3102
 2.5456E+03 4.2151E-02 2.5473E+03 4.2906E-02 2.5490E+03 4.3682E-023686 3102
 2.5507E+03 4.4479E-02 2.5523E+03 4.5298E-02 2.5540E+03 4.6140E-023686 3102
 2.5557E+03 4.7007E-02 2.5573E+03 4.7898E-02 2.5590E+03 4.8815E-023686 3102
 2.5607E+03 4.9758E-02 2.5615E+03 5.0240E-02 2.5624E+03 5.0729E-023686 3102
 2.5632E+03 5.1226E-02 2.5640E+03 5.1730E-02 2.5649E+03 5.2241E-023686 3102
 2.5657E+03 5.2760E-02 2.5666E+03 5.3288E-02 2.5674E+03 5.3823E-023686 3102
 2.5691E+03 5.4919E-02 2.5707E+03 5.6048E-02 2.5724E+03 5.7212E-023686 3102
 2.5741E+03 5.8413E-02 2.5758E+03 5.9653E-02 2.5774E+03 6.0933E-023686 3102
 2.5791E+03 6.2255E-02 2.5808E+03 6.3620E-02 2.5824E+03 6.5032E-023686 3102
 2.5841E+03 6.6491E-02 2.5858E+03 6.7999E-02 2.5875E+03 6.9561E-023686 3102
 2.5891E+03 7.1177E-02 2.5908E+03 7.2850E-02 2.5925E+03 7.4582E-023686 3102
 2.5942E+03 7.6378E-02 2.5958E+03 7.8241E-02 2.5975E+03 8.0172E-023686 3102
 2.5992E+03 8.2175E-02 2.6008E+03 8.4255E-02 2.6025E+03 8.6415E-023686 3102
 2.6042E+03 8.8660E-02 2.6059E+03 9.0993E-02 2.6075E+03 9.3420E-023686 3102
 2.6092E+03 9.5946E-02 2.6109E+03 9.8576E-02 2.6126E+03 1.0132E-013686 3102
 2.6142E+03 1.0417E-01 2.6159E+03 1.0715E-01 2.6176E+03 1.1026E-013686 3102
 2.6192E+03 1.1350E-01 2.6209E+03 1.1689E-01 2.6226E+03 1.2043E-013686 3102
 2.6243E+03 1.2414E-01 2.6259E+03 1.2802E-01 2.6276E+03 1.3209E-013686 3102
 2.6293E+03 1.3635E-01 2.6310E+03 1.4082E-01 2.6326E+03 1.4551E-013686 3102
 2.6343E+03 1.5044E-01 2.6360E+03 1.5563E-01 2.6376E+03 1.6108E-013686 3102
 2.6393E+03 1.6683E-01 2.6410E+03 1.7288E-01 2.6427E+03 1.7927E-013686 3102
 2.6443E+03 1.8603E-01 2.6460E+03 1.9316E-01 2.6477E+03 2.0071E-013686 3102
 2.6494E+03 2.0871E-01 2.6510E+03 2.1719E-01 2.6527E+03 2.2618E-013686 3102
 2.6544E+03 2.3575E-01 2.6560E+03 2.4593E-01 2.6577E+03 2.5677E-013686 3102
 2.6594E+03 2.6833E-01 2.6611E+03 2.8068E-01 2.6627E+03 2.9390E-013686 3102
 2.6644E+03 3.0804E-01 2.6661E+03 3.2321E-01 2.6678E+03 3.3951E-013686 3102
 2.6694E+03 3.5705E-01 2.6711E+03 3.7594E-01 2.6728E+03 3.9633E-013686 3102
 2.6744E+03 4.1838E-01 2.6761E+03 4.4227E-01 2.6778E+03 4.6819E-013686 3102
 2.6795E+03 4.9630E-01 2.6803E+03 5.1129E-01 2.6811E+03 5.2694E-013686 3102
 2.6820E+03 5.4333E-01 2.6828E+03 5.6045E-01 2.6836E+03 5.7838E-013686 3102
 2.6845E+03 5.9712E-01 2.6853E+03 6.1675E-01 2.6862E+03 6.3732E-013686 3102
 2.6870E+03 6.5890E-01 2.6878E+03 6.8152E-01 2.6887E+03 7.0528E-013686 3102
 2.6895E+03 7.3020E-01 2.6903E+03 7.5642E-01 2.6912E+03 7.8396E-013686 3102
 2.6920E+03 8.1292E-01 2.6928E+03 8.4341E-01 2.6937E+03 8.7556E-013686 3102
 2.6945E+03 9.0940E-01 2.6954E+03 9.4512E-01 2.6962E+03 9.8276E-013686 3102
 2.6970E+03 1.0225E+00 2.6979E+03 1.0645E+00 2.6987E+03 1.1088E+003686 3102
 2.6995E+03 1.1557E+00 2.7004E+03 1.2054E+00 2.7012E+03 1.2578E+003686 3102
 2.7020E+03 1.3134E+00 2.7029E+03 1.3722E+00 2.7037E+03 1.4345E+003686 3102
 2.7046E+03 1.5004E+00 2.7054E+03 1.5703E+00 2.7062E+03 1.6442E+003686 3102
 2.7071E+03 1.7226E+00 2.7079E+03 1.8055E+00 2.7087E+03 1.8933E+003686 3102
 2.7096E+03 1.9861E+00 2.7104E+03 2.0842E+00 2.7112E+03 2.1875E+003686 3102
 2.7121E+03 2.2964E+00 2.7129E+03 2.4109E+00 2.7140E+03 2.5653E+003686 3102
 2.7151E+03 2.7285E+00 2.7161E+03 2.9001E+00 2.7172E+03 3.0789E+003686 3102
 2.7183E+03 3.2638E+00 2.7193E+03 3.4525E+00 2.7225E+03 4.0154E+003686 3102
 2.7236E+03 4.1894E+00 2.7247E+03 4.3479E+00 2.7257E+03 4.4858E+003686 3102
 2.7268E+03 4.5986E+00 2.7279E+03 4.6819E+00 2.7289E+03 4.7323E+003686 3102
 2.7300E+03 4.7474E+00 2.7311E+03 4.7268E+00 2.7321E+03 4.6712E+003686 3102
 2.7332E+03 4.5829E+00 2.7343E+03 4.4658E+00 2.7353E+03 4.3241E+003686 3102
 2.7364E+03 4.1629E+00 2.7375E+03 3.9872E+00 2.7385E+03 3.8022E+003686 3102
 2.7407E+03 3.4211E+00 2.7428E+03 3.0469E+00 2.7439E+03 2.8680E+003686 3102
 2.7449E+03 2.6969E+00 2.7460E+03 2.5345E+00 2.7471E+03 2.3813E+003686 3102
 2.7483E+03 2.2132E+00 2.7496E+03 2.0576E+00 2.7508E+03 1.9139E+003686 3102
 2.7521E+03 1.7818E+00 2.7533E+03 1.6604E+00 2.7546E+03 1.5490E+003686 3102
 2.7558E+03 1.4467E+00 2.7571E+03 1.3530E+00 2.7583E+03 1.2669E+003686 3102
 2.7596E+03 1.1879E+00 2.7609E+03 1.1153E+00 2.7621E+03 1.0486E+003686 3102
 2.7634E+03 9.8716E-01 2.7646E+03 9.3055E-01 2.7659E+03 8.7827E-013686 3102
 2.7671E+03 8.3000E-01 2.7684E+03 7.8531E-01 2.7696E+03 7.4392E-013686 3102
 2.7709E+03 7.0552E-01 2.7721E+03 6.6988E-01 2.7734E+03 6.3671E-013686 3102
 2.7746E+03 6.0585E-01 2.7759E+03 5.7705E-01 2.7771E+03 5.5019E-013686 3102
 2.7784E+03 5.2506E-01 2.7796E+03 5.0156E-01 2.7809E+03 4.7953E-013686 3102
 2.7821E+03 4.5888E-01 2.7834E+03 4.3948E-01 2.7846E+03 4.2125E-013686 3102
 2.7859E+03 4.0408E-01 2.7871E+03 3.8792E-01 2.7884E+03 3.7267E-013686 3102
 2.7896E+03 3.5828E-01 2.7909E+03 3.4470E-01 2.7921E+03 3.3190E-013686 3102
 2.7946E+03 3.0827E-01 2.7971E+03 2.8694E-01 2.7997E+03 2.6771E-013686 3102
 2.8022E+03 2.5030E-01 2.8047E+03 2.3451E-01 2.8072E+03 2.2013E-013686 3102
 2.8097E+03 2.0701E-01 2.8122E+03 1.9502E-01 2.8147E+03 1.8401E-013686 3102
 2.8172E+03 1.7390E-01 2.8197E+03 1.6459E-01 2.8222E+03 1.5599E-013686 3102
 2.8247E+03 1.4804E-01 2.8272E+03 1.4068E-01 2.8297E+03 1.3384E-013686 3102
 2.8322E+03 1.2748E-01 2.8347E+03 1.2156E-01 2.8372E+03 1.1603E-013686 3102
 2.8397E+03 1.1087E-01 2.8422E+03 1.0604E-01 2.8447E+03 1.0152E-013686 3102
 2.8472E+03 9.7277E-02 2.8497E+03 9.3289E-02 2.8547E+03 8.6010E-023686 3102
 2.8572E+03 8.2682E-02 2.8622E+03 7.6573E-02 2.8672E+03 7.1123E-023686 3102
 2.8722E+03 6.6228E-02 2.8772E+03 6.1805E-02 2.8823E+03 5.7806E-023686 3102
 2.8873E+03 5.4179E-02 2.8923E+03 5.0878E-02 2.8973E+03 4.7867E-023686 3102
 2.9023E+03 4.5113E-02 2.9073E+03 4.2587E-02 2.9123E+03 4.0265E-023686 3102
 2.9173E+03 3.8126E-02 2.9223E+03 3.6150E-02 2.9273E+03 3.4323E-023686 3102
 2.9323E+03 3.2629E-02 2.9373E+03 3.1056E-02 2.9423E+03 2.9593E-023686 3102
 2.9523E+03 2.6957E-02 2.9573E+03 2.5767E-02 2.9674E+03 2.3610E-023686 3102
 2.9774E+03 2.1710E-02 2.9824E+03 2.0844E-02 2.9924E+03 1.9257E-023686 3102
 3.0074E+03 1.7195E-02 3.0174E+03 1.5997E-02 3.0274E+03 1.4917E-023686 3102
 3.0375E+03 1.3941E-02 3.0475E+03 1.3056E-02 3.0575E+03 1.2252E-023686 3102
 3.0675E+03 1.1519E-02 3.0875E+03 1.0234E-02 3.0975E+03 9.6691E-033686 3102
 3.1176E+03 8.6695E-03 3.1276E+03 8.2259E-03 3.1476E+03 7.4334E-033686 3102
 3.1676E+03 6.7482E-03 3.1977E+03 5.8824E-03 3.2277E+03 5.1703E-033686 3102
 3.2577E+03 4.5778E-03 3.2778E+03 4.2365E-03 3.2878E+03 4.0799E-033686 3102
 3.3278E+03 3.5307E-03 3.3478E+03 3.2958E-03 3.3879E+03 2.8898E-033686 3102
 3.4079E+03 2.7136E-03 3.4480E+03 2.4054E-03 3.4880E+03 2.1456E-033686 3102
 3.5481E+03 1.8265E-03 3.6082E+03 1.5720E-03 3.6682E+03 1.3659E-033686 3102
 3.7083E+03 1.2496E-03 3.7684E+03 1.1003E-03 3.8284E+03 9.7552E-043686 3102
 3.9085E+03 8.3877E-04 3.9886E+03 7.2800E-04 4.1088E+03 5.9773E-043686 3102
 4.2290E+03 4.9852E-04 4.3491E+03 4.2134E-04 4.5494E+03 3.2627E-043686 3102
 4.7897E+03 2.4811E-04 4.9899E+03 2.0192E-04 5.3103E+03 1.5015E-043686 3102
 5.7108E+03 1.0849E-04 5.9511E+03 9.1013E-05 6.1914E+03 7.7271E-053686 3102
 6.5919E+03 6.0160E-05 7.0725E+03 4.5935E-05 7.4730E+03 3.7459E-053686 3102
 8.1939E+03 2.6957E-05 8.9949E+03 1.9570E-05 9.9562E+03 1.3982E-053686 3102
 1.0597E+04 1.1435E-05 1.1238E+04 9.4941E-06 1.2039E+04 7.6621E-063686 3102
 1.2519E+04 6.7940E-06 1.2680E+04 6.5353E-06 1.2840E+04 6.2902E-063686 3102
 1.2920E+04 6.1739E-06 1.2960E+04 6.1696E-06 1.2985E+04 6.1589E-063686 3102
 1.2987E+04 6.2079E-06 1.2989E+04 6.5399E-06 1.2989E+04 7.1319E-063686 3102
 1.2990E+04 8.4829E-06 1.2990E+04 9.7323E-06 1.2991E+04 1.1515E-053686 3102
 1.2991E+04 1.4192E-05 1.2991E+04 1.7915E-05 1.2992E+04 2.3367E-053686 3102
 1.2992E+04 3.0763E-05 1.2992E+04 4.0938E-05 1.2992E+04 5.4769E-053686 3102
 1.2993E+04 7.4035E-05 1.2993E+04 9.8894E-05 1.2993E+04 1.3146E-043686 3102
 1.2994E+04 1.7361E-04 1.2994E+04 2.2945E-04 1.2994E+04 2.9802E-043686 3102
 1.2995E+04 3.8354E-04 1.2995E+04 4.8892E-04 1.2995E+04 6.2175E-043686 3102
 1.2996E+04 7.7691E-04 1.2996E+04 1.1773E-03 1.2997E+04 1.7246E-033686 3102
 1.2997E+04 2.4141E-03 1.2998E+04 3.2679E-03 1.2999E+04 4.2426E-033686 3102
 1.3000E+04 6.0577E-06 1.3000E+04 1.2964E-02 1.5313E+04 1.2368E-023686 3102
 1.7625E+04 1.1771E-02 1.9938E+04 1.1175E-02 2.2250E+04 1.0578E-023686 3102
 2.6875E+04 9.3852E-03 3.1500E+04 8.1923E-03 3.6125E+04 6.9994E-033686 3102
 4.0750E+04 5.8064E-03 5.0000E+04 3.4206E-03 6.0000E+04 3.0600E-033686 3102
 7.0000E+04 2.6994E-03 8.5000E+04 2.4755E-03 1.0000E+05 2.2515E-033686 3102
 1.2500E+05 2.1457E-03 1.5000E+05 2.0399E-03 1.7500E+05 1.9340E-033686 3102
 2.0000E+05 1.8282E-03 2.5000E+05 1.7266E-03 3.0000E+05 1.6251E-033686 3102
 3.5000E+05 1.5639E-03 4.0000E+05 1.5027E-03 5.0000E+05 1.4350E-033686 3102
 6.0000E+05 1.4304E-03 7.0000E+05 1.4259E-03 8.0000E+05 1.4521E-033686 3102
 9.0000E+05 1.4949E-03 9.6115E+05 1.5299E-03 9.7000E+05 1.5349E-033686 3102
 1.0000E+06 1.5521E-03 1.2000E+06 1.7081E-03 1.2300E+06 1.7383E-033686 3102
 1.2500E+06 1.7585E-03 1.3000E+06 1.8089E-03 1.3300E+06 1.8391E-033686 3102
 1.3500E+06 1.8592E-03 1.4000E+06 1.9096E-03 1.5000E+06 2.0275E-033686 3102
 1.5200E+06 1.9666E-03 1.5500E+06 1.8753E-03 1.5800E+06 1.7839E-033686 3102
 1.5814E+06 1.7798E-03 1.5814E+06 1.7798E-03 1.5884E+06 1.7584E-033686 3102
 1.6000E+06 1.7231E-03 1.6500E+06 1.5708E-03 1.7000E+06 1.4186E-033686 3102
 1.9000E+06 1.1318E-03 1.9500E+06 1.1121E-03 2.0000E+06 1.0923E-033686 3102
 2.1000E+06 1.0965E-03 2.1500E+06 1.0987E-03 2.2000E+06 1.1008E-033686 3102
 2.2312E+06 1.0618E-03 2.2317E+06 1.0612E-03 2.2744E+06 1.0079E-033686 3102
 2.2744E+06 1.0079E-03 2.3826E+06 8.7281E-04 2.4000E+06 8.5115E-043686 3102
 2.4538E+06 8.2916E-04 2.5000E+06 8.1025E-04 2.7651E+06 7.0182E-043686 3102
 2.7924E+06 6.9065E-04 2.8000E+06 6.8754E-04 3.0000E+06 7.2222E-043686 3102
 3.1455E+06 7.2440E-04 3.1455E+06 7.2440E-04 3.4000E+06 7.2841E-043686 3102
 3.5000E+06 7.3842E-04 3.5836E+06 7.5041E-04 3.5836E+06 7.5041E-043686 3102
 3.7284E+06 7.7125E-04 3.8770E+06 7.9273E-04 3.8770E+06 7.9273E-043686 3102
 4.0000E+06 8.1060E-04 4.0055E+06 8.1030E-04 4.0055E+06 8.1030E-043686 3102
 4.1593E+06 8.0205E-04 4.1593E+06 8.0204E-04 4.2432E+06 7.9759E-043686 3102
 4.2432E+06 7.9758E-04 4.3485E+06 7.9205E-04 4.3485E+06 7.9205E-043686 3102
 4.5000E+06 7.8419E-04 4.6105E+06 7.9057E-04 4.7228E+06 7.9714E-043686 3102
 4.7228E+06 7.9714E-04 4.8827E+06 8.0662E-04 4.8827E+06 8.0662E-043686 3102
 5.0000E+06 8.1370E-04 5.0061E+06 8.1051E-04 5.0061E+06 8.1051E-043686 3102
 5.1267E+06 7.4739E-04 5.2492E+06 6.8338E-04 5.5000E+06 5.5272E-043686 3102
 5.7464E+06 4.4880E-04 6.0000E+06 3.4247E-04 6.2467E+06 3.1638E-043686 3102
 6.5000E+06 2.9039E-04 6.5966E+06 2.8074E-04 6.5966E+06 2.8074E-043686 3102
 6.7963E+06 2.6120E-04 7.0000E+06 2.4197E-04 7.2471E+06 2.4102E-043686 3102
 7.5000E+06 2.4137E-04 7.7473E+06 2.4318E-04 8.0000E+06 2.4672E-043686 3102
 8.2475E+06 2.5860E-04 8.5000E+06 2.7286E-04 8.7476E+06 2.8917E-043686 3102
 9.0000E+06 3.0842E-04 9.2477E+06 3.3299E-04 9.5000E+06 3.6102E-043686 3102
 9.7688E+06 3.9429E-04 9.7688E+06 3.9429E-04 9.9758E+06 4.2225E-043686 3102
 9.9758E+06 4.2225E-04 9.9900E+06 4.2424E-04 1.0000E+07 4.2565E-043686 3102
 1.0007E+07 4.2669E-04 1.0014E+07 4.2773E-04 1.0020E+07 4.2862E-043686 3102
 1.0027E+07 4.2967E-04 1.0040E+07 4.3161E-04 1.0053E+07 4.3357E-043686 3102
 1.0065E+07 4.3538E-04 1.0077E+07 4.3719E-04 1.0089E+07 4.3902E-043686 3102
 1.0100E+07 4.4069E-04 1.0111E+07 4.4237E-04 1.0122E+07 4.4405E-043686 3102
 1.0132E+07 4.4558E-04 1.0143E+07 4.4728E-04 1.0153E+07 4.4882E-043686 3102
 1.0163E+07 4.5037E-04 1.0172E+07 4.5176E-04 1.0182E+07 4.5332E-043686 3102
 1.0191E+07 4.5472E-04 1.0200E+07 4.5613E-04 1.0209E+07 4.5754E-043686 3102
 1.0218E+07 4.5895E-04 1.0227E+07 4.6037E-04 1.0235E+07 4.6162E-043686 3102
 1.0243E+07 4.6289E-04 1.0252E+07 4.6431E-04 1.0260E+07 4.6558E-043686 3102
 1.0268E+07 4.6685E-04 1.0275E+07 4.6796E-04 1.0283E+07 4.6923E-043686 3102
 1.0290E+07 4.7035E-04 1.0298E+07 4.7163E-04 1.0305E+07 4.7275E-043686 3102
 1.0312E+07 4.7387E-04 1.0319E+07 4.7499E-04 1.0326E+07 4.7611E-043686 3102
 1.0333E+07 4.7724E-04 1.0340E+07 4.7837E-04 1.0354E+07 4.8063E-043686 3102
 1.0367E+07 4.8273E-04 1.0379E+07 4.8468E-04 1.0392E+07 4.8679E-043686 3102
 1.0404E+07 4.8875E-04 1.0415E+07 4.9054E-04 1.0427E+07 4.9250E-043686 3102
 1.0438E+07 4.9431E-04 1.0449E+07 4.9611E-04 1.0460E+07 4.9792E-043686 3102
 1.0470E+07 4.9957E-04 1.0480E+07 5.0121E-04 1.0490E+07 5.0287E-043686 3102
 1.0500E+07 5.0452E-04 1.0510E+07 5.0617E-04 1.0520E+07 5.0783E-043686 3102
 1.0530E+07 5.0949E-04 1.0540E+07 5.1116E-04 1.0549E+07 5.1265E-043686 3102
 1.0558E+07 5.1415E-04 1.0567E+07 5.1565E-04 1.0576E+07 5.1716E-043686 3102
 1.0585E+07 5.1866E-04 1.0594E+07 5.2017E-04 1.0602E+07 5.2151E-043686 3102
 1.0610E+07 5.2285E-04 1.0618E+07 5.2419E-04 1.0626E+07 5.2553E-043686 3102
 1.0634E+07 5.2687E-04 1.0642E+07 5.2822E-04 1.0649E+07 5.2939E-043686 3102
 1.0657E+07 5.3074E-04 1.0664E+07 5.3192E-04 1.0671E+07 5.3310E-043686 3102
 1.0678E+07 5.3428E-04 1.0685E+07 5.3546E-04 1.0692E+07 5.3664E-043686 3102
 1.0699E+07 5.3782E-04 1.0712E+07 5.4001E-04 1.0725E+07 5.4221E-043686 3102
 1.0738E+07 5.4441E-04 1.0750E+07 5.4643E-04 1.0759E+07 5.4796E-043686 3102
 1.0768E+07 5.4948E-04 1.0776E+07 5.5083E-04 1.0785E+07 5.5236E-043686 3102
 1.0793E+07 5.5371E-04 1.0801E+07 5.5507E-04 1.0809E+07 5.5642E-043686 3102
 1.0817E+07 5.5778E-04 1.0824E+07 5.5896E-04 1.0832E+07 5.6031E-043686 3102
 1.0839E+07 5.6150E-04 1.0847E+07 5.6286E-04 1.0854E+07 5.6404E-043686 3102
 1.0861E+07 5.6522E-04 1.0868E+07 5.6641E-04 1.0875E+07 5.6759E-043686 3102
 1.0883E+07 5.6895E-04 1.0891E+07 5.7030E-04 1.0899E+07 5.7165E-043686 3102
 1.0907E+07 5.7301E-04 1.0915E+07 5.7436E-04 1.0923E+07 5.7572E-043686 3102
 1.0930E+07 5.7690E-04 1.0938E+07 5.7825E-04 1.0946E+07 5.7960E-043686 3102
 1.0954E+07 5.8095E-04 1.0962E+07 5.8230E-04 1.0970E+07 5.8365E-043686 3102
 1.0978E+07 5.8500E-04 1.0985E+07 5.8617E-04 1.0993E+07 5.8752E-043686 3102
 1.1000E+07 5.8870E-04 1.1066E+07 5.9976E-04 1.1131E+07 6.1057E-043686 3102
 1.1195E+07 6.2112E-04 1.1258E+07 6.3139E-04 1.1320E+07 6.4136E-043686 3102
 1.1381E+07 6.5102E-04 1.1441E+07 6.6036E-04 1.1500E+07 6.6938E-043686 3102
 1.1628E+07 6.8829E-04 1.1754E+07 7.0595E-04 1.1878E+07 7.2228E-043686 3102
 1.2000E+07 7.3726E-04 1.2252E+07 7.6550E-04 1.2500E+07 7.8830E-043686 3102
 1.2556E+07 7.9276E-04 1.2556E+07 7.9276E-04 1.3000E+07 8.1947E-043686 3102
 1.3017E+07 8.2020E-04 1.3033E+07 8.2087E-04 1.3049E+07 8.2152E-043686 3102
 1.3065E+07 8.2215E-04 1.3080E+07 8.2273E-04 1.3095E+07 8.2329E-043686 3102
 1.3110E+07 8.2384E-04 1.3125E+07 8.2437E-04 1.3142E+07 8.2496E-043686 3102
 1.3158E+07 8.2549E-04 1.3174E+07 8.2601E-04 1.3190E+07 8.2651E-043686 3102
 1.3205E+07 8.2696E-04 1.3220E+07 8.2740E-04 1.3235E+07 8.2782E-043686 3102
 1.3250E+07 8.2823E-04 1.3267E+07 8.2868E-04 1.3283E+07 8.2908E-043686 3102
 1.3299E+07 8.2947E-04 1.3315E+07 8.2984E-04 1.3330E+07 8.3017E-043686 3102
 1.3345E+07 8.3049E-04 1.3360E+07 8.3080E-04 1.3375E+07 8.3110E-043686 3102
 1.3391E+07 8.3139E-04 1.3407E+07 8.3168E-04 1.3422E+07 8.3193E-043686 3102
 1.3438E+07 8.3218E-04 1.3454E+07 8.3242E-04 1.3469E+07 8.3263E-043686 3102
 1.3485E+07 8.3284E-04 1.3500E+07 8.3303E-04 1.3516E+07 8.3321E-043686 3102
 1.3532E+07 8.3338E-04 1.3547E+07 8.3352E-04 1.3562E+07 8.3366E-043686 3102
 1.3579E+07 8.3380E-04 1.3594E+07 8.3390E-04 1.3610E+07 8.3400E-043686 3102
 1.3625E+07 8.3409E-04 1.3641E+07 8.3416E-04 1.3657E+07 8.3423E-043686 3102
 1.3672E+07 8.3427E-04 1.3688E+07 8.3431E-04 1.3704E+07 8.3433E-043686 3102
 1.3719E+07 8.3434E-04 1.3735E+07 8.3435E-04 1.3750E+07 8.3433E-043686 3102
 1.3766E+07 8.3431E-04 1.3782E+07 8.3427E-04 1.3797E+07 8.3423E-043686 3102
 1.3812E+07 8.3417E-04 1.3829E+07 8.3410E-04 1.3844E+07 8.3402E-043686 3102
 1.3860E+07 8.3393E-04 1.3875E+07 8.3383E-04 1.3891E+07 8.3371E-043686 3102
 1.3907E+07 8.3359E-04 1.3922E+07 8.3345E-04 1.3938E+07 8.3331E-043686 3102
 1.3954E+07 8.3315E-04 1.3969E+07 8.3299E-04 1.3985E+07 8.3281E-043686 3102
 1.4000E+07 8.3263E-04 1.4127E+07 8.3088E-04 1.4250E+07 8.2861E-043686 3102
 1.4339E+07 8.2664E-04 1.4342E+07 8.2657E-04 1.4420E+07 8.2463E-043686 3102
 1.4500E+07 8.2244E-04 1.4629E+07 8.1854E-04 1.4755E+07 8.1430E-043686 3102
 1.4879E+07 8.0977E-04 1.5000E+07 8.0504E-04 1.5129E+07 7.9971E-043686 3102
 1.5255E+07 7.9423E-04 1.5379E+07 7.8861E-04 1.5500E+07 7.8291E-043686 3102
 1.5628E+07 7.7670E-04 1.5755E+07 7.7036E-04 1.5878E+07 7.6408E-043686 3102
 1.6000E+07 7.5774E-04 1.6000E+07 7.5774E-04 1.6000E+07 7.5774E-043686 3102
 1.6017E+07 7.5685E-04 1.6034E+07 7.5595E-04 1.6051E+07 7.5506E-043686 3102
 1.6067E+07 7.5421E-04 1.6083E+07 7.5337E-04 1.6098E+07 7.5258E-043686 3102
 1.6113E+07 7.5178E-04 1.6128E+07 7.5098E-04 1.6145E+07 7.5008E-043686 3102
 1.6162E+07 7.4917E-04 1.6178E+07 7.4832E-04 1.6194E+07 7.4746E-043686 3102
 1.6209E+07 7.4666E-04 1.6225E+07 7.4580E-04 1.6240E+07 7.4500E-043686 3102
 1.6254E+07 7.4424E-04 1.6271E+07 7.4333E-04 1.6287E+07 7.4246E-043686 3102
 1.6303E+07 7.4160E-04 1.6319E+07 7.4073E-04 1.6334E+07 7.3992E-043686 3102
 1.6349E+07 7.3911E-04 1.6364E+07 7.3829E-04 1.6378E+07 7.3753E-043686 3102
 1.6394E+07 7.3666E-04 1.6410E+07 7.3579E-04 1.6426E+07 7.3492E-043686 3102
 1.6441E+07 7.3410E-04 1.6457E+07 7.3322E-04 1.6471E+07 7.3246E-043686 3102
 1.6486E+07 7.3163E-04 1.6500E+07 7.3087E-04 1.6517E+07 7.2993E-043686 3102
 1.6534E+07 7.2900E-04 1.6550E+07 7.2812E-04 1.6566E+07 7.2724E-043686 3102
 1.6581E+07 7.2641E-04 1.6596E+07 7.2559E-04 1.6611E+07 7.2476E-043686 3102
 1.6626E+07 7.2393E-04 1.6643E+07 7.2299E-04 1.6659E+07 7.2211E-043686 3102
 1.6675E+07 7.2122E-04 1.6691E+07 7.2034E-04 1.6706E+07 7.1951E-043686 3102
 1.6721E+07 7.1868E-04 1.6736E+07 7.1784E-04 1.6750E+07 7.1707E-043686 3102
 1.6767E+07 7.1612E-04 1.6783E+07 7.1524E-04 1.6799E+07 7.1435E-043686 3102
 1.6815E+07 7.1346E-04 1.6831E+07 7.1257E-04 1.6846E+07 7.1173E-043686 3102
 1.6860E+07 7.1095E-04 1.6875E+07 7.1012E-04 1.6892E+07 7.0917E-043686 3102
 1.6908E+07 7.0828E-04 1.6924E+07 7.0739E-04 1.6940E+07 7.0650E-043686 3102
 1.6956E+07 7.0560E-04 1.6971E+07 7.0477E-04 1.6985E+07 7.0399E-043686 3102
 1.7000E+07 7.0315E-04 1.7086E+07 6.9835E-04 1.7170E+07 6.9365E-043686 3102
 1.7170E+07 6.9365E-04 1.7300E+07 6.8639E-04 1.7391E+07 6.8131E-043686 3102
 1.7395E+07 6.8109E-04 1.7500E+07 6.7523E-04 1.7514E+07 6.7445E-043686 3102
 1.7527E+07 6.7373E-04 1.7540E+07 6.7301E-04 1.7552E+07 6.7234E-043686 3102
 1.7564E+07 6.7167E-04 1.7576E+07 6.7100E-04 1.7588E+07 6.7034E-043686 3102
 1.7599E+07 6.6972E-04 1.7610E+07 6.6911E-04 1.7621E+07 6.6850E-043686 3102
 1.7631E+07 6.6795E-04 1.7642E+07 6.6734E-04 1.7652E+07 6.6678E-043686 3102
 1.7662E+07 6.6623E-04 1.7671E+07 6.6573E-04 1.7681E+07 6.6517E-043686 3102
 1.7690E+07 6.6467E-04 1.7699E+07 6.6417E-04 1.7708E+07 6.6367E-043686 3102
 1.7717E+07 6.6318E-04 1.7734E+07 6.6223E-04 1.7751E+07 6.6129E-043686 3102
 1.7767E+07 6.6041E-04 1.7782E+07 6.5958E-04 1.7797E+07 6.5875E-043686 3102
 1.7811E+07 6.5797E-04 1.7826E+07 6.5715E-04 1.7840E+07 6.5637E-043686 3102
 1.7853E+07 6.5566E-04 1.7866E+07 6.5494E-04 1.7879E+07 6.5422E-043686 3102
 1.7891E+07 6.5356E-04 1.7903E+07 6.5290E-04 1.7915E+07 6.5224E-043686 3102
 1.7926E+07 6.5163E-04 1.7938E+07 6.5098E-04 1.7949E+07 6.5037E-043686 3102
 1.7959E+07 6.4982E-04 1.7970E+07 6.4922E-04 1.7980E+07 6.4867E-043686 3102
 1.7990E+07 6.4812E-04 1.8000E+07 6.4757E-04 1.8000E+07 6.4757E-043686 3102
 1.8000E+07 6.4757E-04 1.8037E+07 6.4556E-04 1.8074E+07 6.4356E-043686 3102
 1.8109E+07 6.4167E-04 1.8144E+07 6.3978E-04 1.8177E+07 6.3800E-043686 3102
 1.8210E+07 6.3622E-04 1.8242E+07 6.3450E-04 1.8273E+07 6.3284E-043686 3102
 1.8304E+07 6.3118E-04 1.8334E+07 6.2958E-04 1.8363E+07 6.2803E-043686 3102
 1.8391E+07 6.2654E-04 1.8419E+07 6.2505E-04 1.8447E+07 6.2356E-043686 3102
 1.8474E+07 6.2213E-04 1.8500E+07 6.2075E-04 1.8534E+07 6.1895E-043686 3102
 1.8566E+07 6.1726E-04 1.8598E+07 6.1558E-04 1.8629E+07 6.1395E-043686 3102
 1.8660E+07 6.1232E-04 1.8690E+07 6.1075E-04 1.8719E+07 6.0923E-043686 3102
 1.8747E+07 6.0777E-04 1.8782E+07 6.0595E-04 1.8815E+07 6.0424E-043686 3102
 1.8848E+07 6.0253E-04 1.8880E+07 6.0087E-04 1.8911E+07 5.9927E-043686 3102
 1.8941E+07 5.9772E-04 1.8971E+07 5.9618E-04 1.9000E+07 5.9469E-043686 3102
 1.9064E+07 5.9142E-04 1.9126E+07 5.8826E-04 1.9187E+07 5.8517E-043686 3102
 1.9247E+07 5.8215E-04 1.9312E+07 5.7888E-04 1.9376E+07 5.7568E-043686 3102
 1.9439E+07 5.7255E-04 1.9500E+07 5.6953E-04 1.9563E+07 5.6643E-043686 3102
 1.9625E+07 5.6339E-04 1.9686E+07 5.6042E-04 1.9746E+07 5.5751E-043686 3102
 1.9811E+07 5.5437E-04 1.9875E+07 5.5130E-04 1.9938E+07 5.4829E-043686 3102
 2.0000E+07 5.4534E-04                                            3686 3102
                                                                  3686 3  0
