NE- 20N,G    1.0000+00* SIGECN-MASGAM                             1020 3102
                                                                  1020 3102
 1.00200+04 1.9821E+01          0         99          0          01020 3102
 3.0000E+02 6.7606E+06          0          0          1       12081020 3102
       1208          5                                            1020 3102
 1.0000E-05 1.8562E+00 1.1721E-05 1.7145E+00 1.3442E-05 1.6010E+001020 3102
 1.5162E-05 1.5074E+00 1.6883E-05 1.4286E+00 2.0325E-05 1.3020E+001020 3102
 2.3766E-05 1.2040E+00 3.0649E-05 1.0603E+00 3.4091E-05 1.0053E+001020 3102
 3.7532E-05 9.5812E-01 4.4415E-05 8.8075E-01 5.1298E-05 8.1954E-011020 3102
 5.8181E-05 7.6954E-01 6.5064E-05 7.2769E-01 7.8831E-05 6.6111E-011020 3102
 9.2597E-05 6.0999E-01 1.0636E-04 5.6915E-01 1.2013E-04 5.3555E-011020 3102
 1.4766E-04 4.8305E-01 1.7519E-04 4.4347E-01 2.0273E-04 4.1226E-011020 3102
 2.3026E-04 3.8682E-01 2.8532E-04 3.4750E-01 3.4039E-04 3.1815E-011020 3102
 3.9545E-04 2.9517E-01 4.5052E-04 2.7655E-01 5.6064E-04 2.4790E-011020 3102
 6.7077E-04 2.2664E-01 7.8090E-04 2.1005E-01 8.9103E-04 1.9664E-011020 3102
 1.1113E-03 1.7608E-01 1.3316E-03 1.6086E-01 1.5518E-03 1.4900E-011020 3102
 1.7721E-03 1.3944E-01 2.2126E-03 1.2479E-01 2.6531E-03 1.1396E-011020 3102
 3.0936E-03 1.0553E-01 3.5341E-03 9.8737E-02 4.4152E-03 8.8338E-021020 3102
 5.2962E-03 8.0656E-02 6.1772E-03 7.4683E-02 7.0582E-03 6.9867E-021020 3102
 8.8203E-03 6.2500E-02 1.0582E-02 5.7060E-02 1.2344E-02 5.2831E-021020 3102
 1.4107E-02 4.9421E-02 1.7631E-02 4.4207E-02 2.1155E-02 4.0357E-021020 3102
 2.4679E-02 3.7364E-02 2.5300E-02 3.6903E-02 2.8203E-02 3.4952E-021020 3102
 3.5251E-02 3.1263E-02 4.2299E-02 2.8540E-02 4.9348E-02 2.6423E-021020 3102
 5.6396E-02 2.4717E-02 7.0492E-02 2.2108E-02 8.4589E-02 2.0182E-021020 3102
 9.8686E-02 1.8685E-02 1.1278E-01 1.7478E-02 1.4098E-01 1.5633E-021020 3102
 1.6917E-01 1.4271E-02 1.9736E-01 1.3213E-02 2.2555E-01 1.2359E-021020 3102
 2.8194E-01 1.1055E-02 3.3833E-01 1.0091E-02 3.9471E-01 9.3428E-031020 3102
 4.5110E-01 8.7394E-03 5.6387E-01 7.8167E-03 6.7664E-01 7.1357E-031020 3102
 7.8941E-01 6.6064E-03 9.0219E-01 6.1797E-03 1.1277E+00 5.5272E-031020 3102
 1.3533E+00 5.0456E-03 1.5788E+00 4.6713E-03 1.8044E+00 4.3696E-031020 3102
 2.2554E+00 3.9083E-03 2.7065E+00 3.5677E-03 3.1576E+00 3.3030E-031020 3102
 3.6087E+00 3.0897E-03 4.5109E+00 2.7635E-03 5.4131E+00 2.5226E-031020 3102
 6.3152E+00 2.3355E-03 7.2174E+00 2.1846E-03 9.0218E+00 1.9539E-031020 3102
 1.0826E+01 1.7836E-03 1.2630E+01 1.6512E-03 1.4435E+01 1.5445E-031020 3102
 1.8043E+01 1.3814E-03 2.1652E+01 1.2609E-03 2.5261E+01 1.1673E-031020 3102
 2.8870E+01 1.0918E-03 3.6087E+01 9.7644E-04 4.3304E+01 8.9124E-041020 3102
 5.0522E+01 8.2501E-04 5.7739E+01 7.7162E-04 7.2174E+01 6.8997E-041020 3102
 8.6609E+01 6.2968E-04 1.0104E+02 5.8281E-04 1.1548E+02 5.4502E-041020 3102
 1.4435E+02 4.8721E-04 1.7322E+02 4.4451E-04 2.0209E+02 4.1131E-041020 3102
 2.3096E+02 3.8454E-04 2.8870E+02 3.4356E-04 3.4644E+02 3.1328E-041020 3102
 4.0417E+02 2.8972E-04 4.6191E+02 2.7071E-04 5.7739E+02 2.4160E-041020 3102
 6.9287E+02 2.2007E-04 8.0835E+02 2.0330E-04 9.2383E+02 1.8975E-041020 3102
 1.1548E+03 1.6898E-04 1.3857E+03 1.5359E-04 1.6167E+03 1.4158E-041020 3102
 1.8477E+03 1.3186E-04 2.3096E+03 1.1693E-04 2.7715E+03 1.0583E-041020 3102
 3.2334E+03 9.7150E-05 3.6953E+03 9.0109E-05 4.6191E+03 7.9253E-051020 3102
 5.5430E+03 7.1156E-05 6.4668E+03 6.4805E-05 7.3906E+03 5.9643E-051020 3102
 9.2383E+03 5.1668E-05 1.0162E+04 4.8496E-05 1.1086E+04 4.5715E-051020 3102
 1.2934E+04 4.1049E-05 1.4781E+04 3.7266E-05 1.6629E+04 3.4120E-051020 3102
 1.8477E+04 3.1454E-05 2.0324E+04 2.9160E-05 2.2172E+04 2.7161E-051020 3102
 2.5867E+04 2.3841E-05 2.9563E+04 2.1189E-05 3.3258E+04 1.9021E-051020 3102
 3.6953E+04 1.7215E-05 4.0648E+04 1.5688E-05 4.4344E+04 1.4383E-051020 3102
 5.1734E+04 1.2273E-05 5.5430E+04 1.1411E-05 5.9125E+04 1.0650E-051020 3102
 6.6516E+04 9.3724E-06 7.3906E+04 8.3476E-06 8.1297E+04 7.5136E-061020 3102
 8.8688E+04 6.8268E-06 9.6078E+04 6.2559E-06 1.0347E+05 5.7778E-061020 3102
 1.1086E+05 5.3749E-06 1.1825E+05 5.0341E-06 1.3303E+05 4.4993E-061020 3102
 1.4781E+05 4.1145E-06 1.6259E+05 3.8421E-06 1.7738E+05 3.6580E-061020 3102
 1.9216E+05 3.5467E-06 2.0694E+05 3.4984E-06 2.2172E+05 3.5082E-061020 3102
 2.3650E+05 3.5744E-06 2.5128E+05 3.6992E-06 2.6606E+05 3.8881E-061020 3102
 2.8084E+05 4.1509E-06 2.9563E+05 4.5027E-06 3.1041E+05 4.9659E-061020 3102
 3.2519E+05 5.5733E-06 3.3258E+05 5.9452E-06 3.3997E+05 6.3727E-061020 3102
 3.4736E+05 6.8652E-06 3.5475E+05 7.4344E-06 3.6214E+05 8.0941E-061020 3102
 3.6953E+05 8.8614E-06 3.7692E+05 9.7566E-06 3.8431E+05 1.0804E-051020 3102
 3.8801E+05 1.1393E-05 3.9170E+05 1.2031E-05 3.9355E+05 1.2369E-051020 3102
 3.9540E+05 1.2721E-05 3.9725E+05 1.3088E-05 3.9909E+05 1.3468E-051020 3102
 4.0094E+05 1.3864E-05 4.0279E+05 1.4276E-05 4.0464E+05 1.4704E-051020 3102
 4.0648E+05 1.5149E-05 4.0833E+05 1.5610E-05 4.1018E+05 1.6089E-051020 3102
 4.1203E+05 1.6585E-05 4.1388E+05 1.7099E-05 4.1572E+05 1.7632E-051020 3102
 4.1757E+05 1.8181E-05 4.1942E+05 1.8749E-05 4.2127E+05 1.9335E-051020 3102
 4.2311E+05 1.9937E-05 4.2496E+05 2.0555E-05 4.2681E+05 2.1189E-051020 3102
 4.2866E+05 2.1838E-05 4.3050E+05 2.2499E-05 4.3235E+05 2.3171E-051020 3102
 4.3420E+05 2.3851E-05 4.3605E+05 2.4537E-05 4.3790E+05 2.5227E-051020 3102
 4.3974E+05 2.5916E-05 4.4159E+05 2.6601E-05 4.4344E+05 2.7277E-051020 3102
 4.4713E+05 2.8584E-05 4.5083E+05 2.9796E-05 4.5452E+05 3.0865E-051020 3102
 4.5822E+05 3.1744E-05 4.6561E+05 3.2767E-05 4.7300E+05 3.2633E-051020 3102
 4.7983E+05 3.1480E-05 4.8666E+05 2.9528E-05 4.9348E+05 2.7064E-051020 3102
 5.0031E+05 2.4382E-05 5.0714E+05 2.1715E-05 5.1397E+05 1.9217E-051020 3102
 5.2080E+05 1.6965E-05 5.2763E+05 1.4984E-05 5.3445E+05 1.3269E-051020 3102
 5.4128E+05 1.1798E-05 5.4811E+05 1.0541E-05 5.5494E+05 9.4706E-061020 3102
 5.6177E+05 8.5583E-06 5.6859E+05 7.7802E-06 5.7542E+05 7.1155E-061020 3102
 5.8225E+05 6.5469E-06 5.9591E+05 5.6416E-06 6.0273E+05 5.2827E-061020 3102
 6.0956E+05 4.9747E-06 6.2322E+05 4.4852E-06 6.3688E+05 4.1316E-061020 3102
 6.5053E+05 3.8857E-06 6.6419E+05 3.7292E-06 6.7784E+05 3.6506E-061020 3102
 6.9150E+05 3.6444E-06 7.0516E+05 3.7098E-06 7.1881E+05 3.8515E-061020 3102
 7.3247E+05 4.0799E-06 7.4613E+05 4.4133E-06 7.5978E+05 4.8816E-061020 3102
 7.7344E+05 5.5319E-06 7.8027E+05 5.9479E-06 7.8709E+05 6.4415E-061020 3102
 7.9392E+05 7.0307E-06 8.0075E+05 7.7393E-06 8.0758E+05 8.5990E-061020 3102
 8.1441E+05 9.6536E-06 8.2123E+05 1.0964E-05 8.2806E+05 1.2617E-051020 3102
 8.3148E+05 1.3610E-05 8.3489E+05 1.4741E-05 8.3831E+05 1.6036E-051020 3102
 8.4172E+05 1.7529E-05 8.4513E+05 1.9262E-05 8.4855E+05 2.1287E-051020 3102
 8.5196E+05 2.3674E-05 8.5538E+05 2.6515E-05 8.5879E+05 2.9931E-051020 3102
 8.6220E+05 3.4085E-05 8.6562E+05 3.9206E-05 8.6903E+05 4.5616E-051020 3102
 8.7074E+05 4.9440E-05 8.7245E+05 5.3777E-05 8.7415E+05 5.8718E-051020 3102
 8.7586E+05 6.4382E-05 8.7757E+05 7.0912E-05 8.7927E+05 7.8492E-051020 3102
 8.8098E+05 8.7353E-05 8.8269E+05 9.7797E-05 8.8440E+05 1.1021E-041020 3102
 8.8610E+05 1.2511E-04 8.8781E+05 1.4317E-04 8.8952E+05 1.6531E-041020 3102
 8.9122E+05 1.9281E-04 8.9293E+05 2.2740E-04 8.9378E+05 2.4810E-041020 3102
 8.9464E+05 2.7155E-04 8.9549E+05 2.9825E-04 8.9634E+05 3.2873E-041020 3102
 8.9720E+05 3.6366E-04 8.9805E+05 4.0381E-04 8.9890E+05 4.5010E-041020 3102
 8.9976E+05 5.0355E-04 9.0061E+05 5.6532E-04 9.0147E+05 6.3661E-041020 3102
 9.0232E+05 7.1858E-04 9.0317E+05 8.1209E-04 9.0403E+05 9.1734E-041020 3102
 9.0488E+05 1.0333E-03 9.0573E+05 1.1568E-03 9.0659E+05 1.2818E-031020 3102
 9.0744E+05 1.3989E-03 9.0829E+05 1.4958E-03 9.0915E+05 1.5594E-031020 3102
 9.1000E+05 1.5798E-03 9.1072E+05 1.5604E-03 9.1145E+05 1.5098E-031020 3102
 9.1217E+05 1.4338E-03 9.1289E+05 1.3402E-03 9.1434E+05 1.1307E-031020 3102
 9.1578E+05 9.2854E-04 9.1723E+05 7.5546E-04 9.1795E+05 6.8150E-041020 3102
 9.1867E+05 6.1558E-04 9.1940E+05 5.5708E-04 9.2012E+05 5.0527E-041020 3102
 9.2084E+05 4.5943E-04 9.2156E+05 4.1886E-04 9.2301E+05 3.5098E-041020 3102
 9.2373E+05 3.2258E-04 9.2445E+05 2.9725E-04 9.2590E+05 2.5433E-041020 3102
 9.2734E+05 2.1967E-04 9.2879E+05 1.9139E-04 9.3023E+05 1.6809E-041020 3102
 9.3168E+05 1.4869E-04 9.3313E+05 1.3241E-04 9.3457E+05 1.1863E-041020 3102
 9.3602E+05 1.0687E-04 9.3746E+05 9.6768E-05 9.3891E+05 8.8028E-051020 3102
 9.4180E+05 7.3764E-05 9.4324E+05 6.7907E-05 9.4469E+05 6.2727E-051020 3102
 9.4758E+05 5.4023E-05 9.5047E+05 4.7045E-05 9.5336E+05 4.1368E-051020 3102
 9.5625E+05 3.6692E-05 9.5914E+05 3.2796E-05 9.6203E+05 2.9517E-051020 3102
 9.6492E+05 2.6733E-05 9.6781E+05 2.4350E-05 9.7070E+05 2.2295E-051020 3102
 9.7359E+05 2.0512E-05 9.7648E+05 1.8955E-05 9.7938E+05 1.7588E-051020 3102
 9.8516E+05 1.5313E-05 9.9094E+05 1.3512E-05 9.9672E+05 1.2065E-051020 3102
 1.0025E+06 1.0889E-05 1.0083E+06 9.9225E-06 1.0141E+06 9.1217E-061020 3102
 1.0198E+06 8.4540E-06 1.0256E+06 7.8943E-06 1.0372E+06 7.0274E-061020 3102
 1.0488E+06 6.4140E-06 1.0603E+06 5.9878E-06 1.0719E+06 5.7070E-061020 3102
 1.0834E+06 5.5457E-06 1.0950E+06 5.4885E-06 1.1066E+06 5.5284E-061020 3102
 1.1181E+06 5.6651E-06 1.1297E+06 5.9052E-06 1.1413E+06 6.2630E-061020 3102
 1.1528E+06 6.7629E-06 1.1644E+06 7.4438E-06 1.1702E+06 7.8700E-061020 3102
 1.1759E+06 8.3668E-06 1.1817E+06 8.9477E-06 1.1875E+06 9.6303E-061020 3102
 1.1933E+06 1.0437E-05 1.1991E+06 1.1399E-05 1.2048E+06 1.2556E-051020 3102
 1.2106E+06 1.3965E-05 1.2164E+06 1.5706E-05 1.2222E+06 1.7896E-051020 3102
 1.2251E+06 1.9211E-05 1.2280E+06 2.0712E-05 1.2309E+06 2.2436E-051020 3102
 1.2338E+06 2.4434E-05 1.2366E+06 2.6771E-05 1.2395E+06 2.9535E-051020 3102
 1.2424E+06 3.2845E-05 1.2453E+06 3.6869E-05 1.2482E+06 4.1847E-051020 3102
 1.2511E+06 4.8138E-05 1.2525E+06 5.1938E-05 1.2540E+06 5.6295E-051020 3102
 1.2554E+06 6.1334E-05 1.2569E+06 6.7215E-05 1.2583E+06 7.4152E-051020 3102
 1.2598E+06 8.2434E-05 1.2612E+06 9.2455E-05 1.2627E+06 1.0477E-041020 3102
 1.2641E+06 1.2018E-04 1.2656E+06 1.3988E-04 1.2663E+06 1.5186E-041020 3102
 1.2670E+06 1.6567E-04 1.2677E+06 1.8168E-04 1.2684E+06 2.0042E-041020 3102
 1.2692E+06 2.2254E-04 1.2699E+06 2.4891E-04 1.2706E+06 2.8066E-041020 3102
 1.2713E+06 3.1936E-04 1.2721E+06 3.6711E-04 1.2728E+06 4.2684E-041020 3102
 1.2731E+06 4.6241E-04 1.2735E+06 5.0262E-04 1.2739E+06 5.4825E-041020 3102
 1.2742E+06 6.0019E-04 1.2746E+06 6.5954E-04 1.2749E+06 7.2756E-041020 3102
 1.2753E+06 8.0571E-04 1.2757E+06 8.9566E-04 1.2760E+06 9.9926E-041020 3102
 1.2764E+06 1.1184E-03 1.2768E+06 1.2549E-03 1.2771E+06 1.4100E-031020 3102
 1.2775E+06 1.5839E-03 1.2778E+06 1.7747E-03 1.2782E+06 1.9773E-031020 3102
 1.2786E+06 2.1819E-03 1.2789E+06 2.3736E-03 1.2793E+06 2.5328E-031020 3102
 1.2796E+06 2.6389E-03 1.2800E+06 2.6760E-03 1.2802E+06 2.6598E-031020 3102
 1.2805E+06 2.6130E-03 1.2807E+06 2.5389E-03 1.2809E+06 2.4422E-031020 3102
 1.2814E+06 2.2039E-03 1.2819E+06 1.9412E-03 1.2823E+06 1.6860E-031020 3102
 1.2828E+06 1.4557E-03 1.2833E+06 1.2565E-03 1.2838E+06 1.0884E-031020 3102
 1.2842E+06 9.4832E-04 1.2847E+06 8.3211E-04 1.2852E+06 7.3577E-041020 3102
 1.2856E+06 6.5576E-04 1.2861E+06 5.8905E-04 1.2866E+06 5.3322E-041020 3102
 1.2870E+06 4.8627E-04 1.2875E+06 4.4662E-04 1.2880E+06 4.1300E-041020 3102
 1.2884E+06 3.8439E-04 1.2889E+06 3.5996E-04 1.2894E+06 3.3906E-041020 3102
 1.2903E+06 3.0576E-04 1.2913E+06 2.8126E-04 1.2922E+06 2.6334E-041020 3102
 1.2931E+06 2.5047E-04 1.2941E+06 2.4156E-04 1.2950E+06 2.3582E-041020 3102
 1.2969E+06 2.3158E-04 1.2988E+06 2.3438E-04 1.3006E+06 2.4183E-041020 3102
 1.3025E+06 2.5184E-04 1.3044E+06 2.6232E-04 1.3063E+06 2.7106E-041020 3102
 1.3081E+06 2.7598E-04 1.3100E+06 2.7555E-04 1.3119E+06 2.6918E-041020 3102
 1.3138E+06 2.5738E-04 1.3156E+06 2.4149E-04 1.3175E+06 2.2322E-041020 3102
 1.3213E+06 1.8563E-04 1.3250E+06 1.5286E-04 1.3269E+06 1.3924E-041020 3102
 1.3288E+06 1.2753E-04 1.3306E+06 1.1764E-04 1.3325E+06 1.0945E-041020 3102
 1.3344E+06 1.0283E-04 1.3363E+06 9.7684E-05 1.3381E+06 9.3944E-051020 3102
 1.3400E+06 9.1586E-05 1.3419E+06 9.0641E-05 1.3438E+06 9.1209E-051020 3102
 1.3456E+06 9.3483E-05 1.3475E+06 9.7782E-05 1.3494E+06 1.0461E-041020 3102
 1.3513E+06 1.1476E-04 1.3522E+06 1.2145E-04 1.3531E+06 1.2948E-041020 3102
 1.3541E+06 1.3914E-04 1.3550E+06 1.5078E-04 1.3559E+06 1.6487E-041020 3102
 1.3569E+06 1.8202E-04 1.3578E+06 2.0305E-04 1.3588E+06 2.2907E-041020 3102
 1.3597E+06 2.6156E-04 1.3606E+06 3.0261E-04 1.3611E+06 3.2721E-041020 3102
 1.3616E+06 3.5511E-04 1.3620E+06 3.8686E-04 1.3625E+06 4.2309E-041020 3102
 1.3630E+06 4.6458E-04 1.3634E+06 5.1219E-04 1.3639E+06 5.6696E-041020 3102
 1.3644E+06 6.3002E-04 1.3648E+06 7.0264E-04 1.3653E+06 7.8609E-041020 3102
 1.3658E+06 8.8155E-04 1.3663E+06 9.8981E-04 1.3672E+06 1.2431E-031020 3102
 1.3681E+06 1.5234E-03 1.3686E+06 1.6540E-03 1.3691E+06 1.7616E-031020 3102
 1.3695E+06 1.8324E-03 1.3700E+06 1.8558E-03 1.3720E+06 1.4887E-031020 3102
 1.3739E+06 9.4268E-04 1.3759E+06 5.8998E-04 1.3768E+06 4.7638E-041020 3102
 1.3778E+06 3.9085E-04 1.3798E+06 2.7526E-04 1.3817E+06 2.0415E-041020 3102
 1.3837E+06 1.5786E-04 1.3856E+06 1.2622E-04 1.3895E+06 8.7107E-051020 3102
 1.3915E+06 7.4536E-05 1.3934E+06 6.4777E-05 1.3973E+06 5.0804E-051020 3102
 1.4013E+06 4.1449E-05 1.4091E+06 3.0020E-05 1.4169E+06 2.3519E-051020 3102
 1.4247E+06 1.9458E-05 1.4325E+06 1.6763E-05 1.4481E+06 1.3617E-051020 3102
 1.4638E+06 1.2124E-05 1.4794E+06 1.1623E-05 1.4950E+06 1.1903E-051020 3102
 1.5106E+06 1.2994E-05 1.5263E+06 1.5166E-05 1.5419E+06 1.9096E-051020 3102
 1.5575E+06 2.6417E-05 1.5653E+06 3.2506E-05 1.5731E+06 4.1573E-051020 3102
 1.5809E+06 5.5788E-05 1.5888E+06 7.9590E-05 1.5927E+06 9.7762E-051020 3102
 1.5966E+06 1.2267E-04 1.6005E+06 1.5741E-04 1.6044E+06 2.0612E-041020 3102
 1.6122E+06 3.5624E-04 1.6200E+06 4.7146E-04 1.6275E+06 3.6247E-041020 3102
 1.6350E+06 2.2115E-04 1.6388E+06 1.7555E-04 1.6425E+06 1.4420E-041020 3102
 1.6463E+06 1.2368E-04 1.6500E+06 1.1167E-04 1.6538E+06 1.0718E-041020 3102
 1.6575E+06 1.1076E-04 1.6613E+06 1.2528E-04 1.6650E+06 1.5837E-041020 3102
 1.6669E+06 1.8717E-04 1.6688E+06 2.2989E-04 1.6706E+06 2.9468E-041020 3102
 1.6725E+06 3.9538E-04 1.6763E+06 7.9150E-04 1.6800E+06 1.2232E-031020 3102
 1.6826E+06 9.5276E-04 1.6853E+06 5.8064E-04 1.6866E+06 4.5183E-041020 3102
 1.6879E+06 3.5717E-04 1.6892E+06 2.8771E-04 1.6906E+06 2.3617E-041020 3102
 1.6932E+06 1.6742E-04 1.6958E+06 1.2556E-04 1.6985E+06 9.8423E-051020 3102
 1.7011E+06 7.9888E-05 1.7064E+06 5.6912E-05 1.7117E+06 4.3706E-051020 3102
 1.7170E+06 3.5383E-05 1.7223E+06 2.9781E-05 1.7328E+06 2.2937E-051020 3102
 1.7434E+06 1.9121E-05 1.7539E+06 1.6878E-05 1.7645E+06 1.5579E-051020 3102
 1.7856E+06 1.4788E-05 1.8068E+06 1.5967E-05 1.8173E+06 1.7553E-051020 3102
 1.8279E+06 2.0683E-05 1.8332E+06 2.3858E-05 1.8384E+06 3.0890E-051020 3102
 1.8398E+06 3.4233E-05 1.8411E+06 3.8961E-05 1.8424E+06 4.5976E-051020 3102
 1.8437E+06 5.6936E-05 1.8450E+06 7.4852E-05 1.8464E+06 1.0415E-041020 3102
 1.8477E+06 1.4437E-04 1.8490E+06 1.6825E-04 1.8515E+06 1.0877E-041020 3102
 1.8541E+06 6.2833E-05 1.8566E+06 4.5893E-05 1.8579E+06 4.1855E-051020 3102
 1.8591E+06 3.9291E-05 1.8642E+06 3.5963E-05 1.8693E+06 3.7211E-051020 3102
 1.8794E+06 4.5509E-05 1.8895E+06 6.1285E-05 1.8946E+06 7.3391E-051020 3102
 1.8996E+06 8.9826E-05 1.9047E+06 1.1238E-04 1.9098E+06 1.4330E-041020 3102
 1.9199E+06 2.3383E-04 1.9300E+06 2.9914E-04 1.9399E+06 2.4109E-041020 3102
 1.9498E+06 1.6447E-04 1.9596E+06 1.2560E-04 1.9646E+06 1.1768E-041020 3102
 1.9695E+06 1.1557E-04 1.9794E+06 1.2627E-04 1.9893E+06 1.5485E-041020 3102
 1.9991E+06 1.9268E-04 2.0090E+06 2.1061E-04 2.0230E+06 1.6826E-041020 3102
 2.0370E+06 1.1304E-04 2.0440E+06 9.4905E-05 2.0510E+06 8.2821E-051020 3102
 2.0580E+06 7.5719E-05 2.0650E+06 7.2879E-05 2.0720E+06 7.4067E-051020 3102
 2.0790E+06 7.9576E-05 2.0860E+06 9.0257E-05 2.0930E+06 1.0745E-041020 3102
 2.1000E+06 1.3241E-04 2.1070E+06 1.6401E-04 2.1140E+06 1.9414E-041020 3102
 2.1210E+06 2.0695E-04 2.1255E+06 2.0163E-04 2.1300E+06 1.9038E-041020 3102
 2.1323E+06 1.8711E-04 2.1345E+06 1.9320E-04 2.1368E+06 2.2951E-041020 3102
 2.1390E+06 2.8566E-04 2.1406E+06 2.3592E-04 2.1421E+06 1.7940E-041020 3102
 2.1437E+06 1.4732E-04 2.1453E+06 1.2843E-04 2.1484E+06 1.0617E-041020 3102
 2.1515E+06 9.1979E-05 2.1578E+06 7.2911E-05 2.1640E+06 6.0509E-051020 3102
 2.1703E+06 5.2922E-05 2.1765E+06 5.1183E-05 2.1796E+06 5.4637E-051020 3102
 2.1828E+06 6.4879E-05 2.1859E+06 8.7434E-05 2.1890E+06 1.0705E-041020 3102
 2.1933E+06 7.6664E-05 2.1975E+06 5.8553E-05 2.1996E+06 6.1055E-051020 3102
 2.2018E+06 7.4616E-05 2.2039E+06 1.0547E-04 2.2060E+06 1.3104E-041020 3102
 2.2081E+06 1.0099E-04 2.2103E+06 6.5438E-05 2.2124E+06 4.6190E-051020 3102
 2.2134E+06 4.0380E-05 2.2145E+06 3.6066E-05 2.2188E+06 2.6454E-051020 3102
 2.2209E+06 2.3859E-05 2.2230E+06 2.1947E-05 2.2315E+06 1.7473E-051020 3102
 2.2400E+06 1.5173E-05 2.2485E+06 1.4001E-05 2.2570E+06 1.4333E-051020 3102
 2.2591E+06 1.4945E-05 2.2613E+06 1.6034E-05 2.2634E+06 1.7970E-051020 3102
 2.2655E+06 2.1581E-05 2.2666E+06 2.4570E-05 2.2676E+06 2.8960E-051020 3102
 2.2687E+06 3.5654E-05 2.2698E+06 4.6280E-05 2.2719E+06 9.1885E-051020 3102
 2.2729E+06 1.2949E-04 2.2740E+06 1.5097E-04 2.2760E+06 9.5487E-051020 3102
 2.2780E+06 4.8818E-05 2.2790E+06 3.7303E-05 2.2800E+06 2.9866E-051020 3102
 2.2810E+06 2.4871E-05 2.2820E+06 2.1385E-05 2.2840E+06 1.6985E-051020 3102
 2.2860E+06 1.4419E-05 2.2880E+06 1.2783E-05 2.2900E+06 1.1666E-051020 3102
 2.2980E+06 9.4203E-06 2.3060E+06 8.5069E-06 2.3140E+06 8.1834E-061020 3102
 2.3220E+06 8.6569E-06 2.3240E+06 9.0717E-06 2.3260E+06 9.7639E-061020 3102
 2.3280E+06 1.0965E-05 2.3300E+06 1.3217E-05 2.3310E+06 1.5130E-051020 3102
 2.3320E+06 1.8041E-05 2.3330E+06 2.2753E-05 2.3340E+06 3.1023E-051020 3102
 2.3345E+06 3.7659E-05 2.3350E+06 4.7229E-05 2.3355E+06 6.1553E-051020 3102
 2.3360E+06 8.3815E-05 2.3365E+06 1.1930E-04 2.3370E+06 1.7433E-041020 3102
 2.3375E+06 2.4375E-04 2.3380E+06 2.8163E-04 2.3385E+06 2.4910E-041020 3102
 2.3389E+06 1.8563E-04 2.3394E+06 1.3122E-04 2.3398E+06 9.3976E-051020 3102
 2.3403E+06 6.9680E-05 2.3407E+06 5.3640E-05 2.3412E+06 4.2736E-051020 3102
 2.3417E+06 3.5081E-05 2.3426E+06 2.5418E-05 2.3435E+06 1.9838E-051020 3102
 2.3444E+06 1.6349E-05 2.3453E+06 1.4029E-05 2.3471E+06 1.1236E-051020 3102
 2.3490E+06 9.6831E-06 2.3508E+06 8.7296E-06 2.3526E+06 8.1009E-061020 3102
 2.3599E+06 6.9318E-06 2.3673E+06 6.5288E-06 2.3819E+06 6.3870E-061020 3102
 2.3965E+06 6.6843E-06 2.4258E+06 8.2928E-06 2.4550E+06 9.5685E-061020 3102
 2.4694E+06 8.9198E-06 2.4838E+06 7.7178E-06 2.4981E+06 6.5619E-061020 3102
 2.5125E+06 5.7496E-06 2.5269E+06 5.4155E-06 2.5413E+06 5.9687E-061020 3102
 2.5448E+06 6.4295E-06 2.5484E+06 7.1774E-06 2.5520E+06 8.4277E-061020 3102
 2.5556E+06 1.0645E-05 2.5574E+06 1.2417E-05 2.5592E+06 1.4947E-051020 3102
 2.5610E+06 1.8666E-05 2.5628E+06 2.4279E-05 2.5664E+06 4.5160E-051020 3102
 2.5700E+06 6.6432E-05 2.5738E+06 4.3381E-05 2.5776E+06 2.2698E-051020 3102
 2.5795E+06 1.7433E-05 2.5814E+06 1.4023E-05 2.5833E+06 1.1749E-051020 3102
 2.5853E+06 1.0191E-05 2.5891E+06 8.3268E-06 2.5929E+06 7.4002E-061020 3102
 2.5967E+06 7.0100E-06 2.6005E+06 7.0023E-06 2.6043E+06 7.3480E-061020 3102
 2.6081E+06 8.1148E-06 2.6119E+06 9.4959E-06 2.6158E+06 1.1910E-051020 3102
 2.6177E+06 1.3748E-05 2.6196E+06 1.6227E-05 2.6215E+06 1.9580E-051020 3102
 2.6234E+06 2.4074E-05 2.6272E+06 3.6535E-05 2.6310E+06 4.5033E-051020 3102
 2.6331E+06 4.2107E-05 2.6353E+06 3.5396E-05 2.6374E+06 2.8445E-051020 3102
 2.6395E+06 2.2939E-05 2.6416E+06 1.9057E-05 2.6438E+06 1.6507E-051020 3102
 2.6459E+06 1.4990E-05 2.6480E+06 1.4321E-05 2.6501E+06 1.4445E-051020 3102
 2.6523E+06 1.5460E-05 2.6544E+06 1.7667E-05 2.6565E+06 2.1706E-051020 3102
 2.6608E+06 4.0495E-05 2.6650E+06 6.5275E-05 2.6695E+06 3.7882E-051020 3102
 2.6718E+06 2.5826E-05 2.6729E+06 2.1748E-05 2.6740E+06 1.8613E-051020 3102
 2.6763E+06 1.4294E-05 2.6785E+06 1.1602E-05 2.6808E+06 9.8515E-061020 3102
 2.6830E+06 8.6751E-06 2.6875E+06 7.3096E-06 2.6920E+06 6.6846E-061020 3102
 2.6965E+06 6.4966E-06 2.7010E+06 6.6351E-06 2.7055E+06 7.0831E-061020 3102
 2.7100E+06 7.8877E-06 2.7145E+06 9.1576E-06 2.7190E+06 1.1064E-051020 3102
 2.7280E+06 1.7333E-05 2.7370E+06 2.2434E-05 2.7429E+06 1.9800E-051020 3102
 2.7488E+06 1.5000E-05 2.7546E+06 1.1186E-05 2.7605E+06 8.7658E-061020 3102
 2.7664E+06 7.3303E-06 2.7723E+06 6.5248E-06 2.7781E+06 6.1434E-061020 3102
 2.7840E+06 6.0858E-06 2.7899E+06 6.3225E-06 2.7958E+06 6.8816E-061020 3102
 2.8016E+06 7.8521E-06 2.8075E+06 9.3971E-06 2.8193E+06 1.5029E-051020 3102
 2.8251E+06 1.8652E-05 2.8310E+06 2.0596E-05 2.8378E+06 1.9014E-051020 3102
 2.8445E+06 1.5883E-05 2.8513E+06 1.3879E-05 2.8580E+06 1.3578E-051020 3102
 2.8648E+06 1.4970E-05 2.8715E+06 1.8190E-05 2.8783E+06 2.3647E-051020 3102
 2.8850E+06 3.2427E-05 2.8890E+06 3.8843E-05 2.8930E+06 4.1449E-051020 3102
 2.9016E+06 2.6410E-05 2.9101E+06 1.4778E-05 2.9144E+06 1.1703E-051020 3102
 2.9187E+06 9.5926E-06 2.9230E+06 8.0918E-06 2.9273E+06 6.9921E-061020 3102
 2.9358E+06 5.5386E-06 2.9444E+06 4.6792E-06 2.9529E+06 4.1730E-061020 3102
 2.9615E+06 3.9099E-06 2.9701E+06 3.8481E-06 2.9786E+06 3.9943E-061020 3102
 2.9872E+06 4.4127E-06 2.9958E+06 5.2661E-06 3.0000E+06 5.9589E-061020 3102
 3.0043E+06 6.9284E-06 3.0086E+06 8.2930E-06 3.0129E+06 1.0211E-051020 3102
 3.0214E+06 1.6103E-05 3.0300E+06 2.0892E-05 3.0368E+06 1.8711E-051020 3102
 3.0435E+06 1.5943E-05 3.0452E+06 1.6019E-05 3.0469E+06 1.6735E-051020 3102
 3.0486E+06 1.8485E-05 3.0503E+06 2.2109E-05 3.0511E+06 2.5160E-051020 3102
 3.0519E+06 2.9585E-05 3.0528E+06 3.6115E-05 3.0536E+06 4.5888E-051020 3102
 3.0553E+06 8.0658E-05 3.0570E+06 1.1340E-04 3.0586E+06 8.3726E-051020 3102
 3.0601E+06 4.9160E-05 3.0609E+06 3.8735E-05 3.0617E+06 3.1552E-051020 3102
 3.0625E+06 2.6560E-05 3.0633E+06 2.3041E-05 3.0648E+06 1.8731E-051020 3102
 3.0664E+06 1.6567E-05 3.0679E+06 1.5688E-05 3.0695E+06 1.5748E-051020 3102
 3.0711E+06 1.6666E-05 3.0726E+06 1.8546E-05 3.0742E+06 2.1670E-051020 3102
 3.0758E+06 2.6515E-05 3.0789E+06 4.3232E-05 3.0820E+06 5.7654E-051020 3102
 3.0856E+06 3.9673E-05 3.0893E+06 2.2676E-05 3.0911E+06 1.8391E-051020 3102
 3.0929E+06 1.5823E-05 3.0947E+06 1.4435E-05 3.0965E+06 1.3950E-051020 3102
 3.0983E+06 1.4282E-05 3.1001E+06 1.5511E-05 3.1019E+06 1.7910E-051020 3102
 3.1038E+06 2.2008E-05 3.1074E+06 3.8519E-05 3.1110E+06 5.5806E-051020 3102
 3.1158E+06 3.0814E-05 3.1181E+06 2.0562E-05 3.1193E+06 1.7182E-051020 3102
 3.1205E+06 1.4612E-05 3.1229E+06 1.1101E-05 3.1253E+06 8.9230E-061020 3102
 3.1276E+06 7.5028E-06 3.1300E+06 6.5388E-06 3.1348E+06 5.3841E-061020 3102
 3.1395E+06 4.7954E-06 3.1443E+06 4.5239E-06 3.1490E+06 4.4712E-061020 3102
 3.1538E+06 4.6107E-06 3.1585E+06 4.9683E-06 3.1633E+06 5.6404E-061020 3102
 3.1680E+06 6.8702E-06 3.1704E+06 7.8644E-06 3.1728E+06 9.3047E-061020 3102
 3.1751E+06 1.1486E-05 3.1775E+06 1.4968E-05 3.1787E+06 1.7506E-051020 3102
 3.1799E+06 2.0833E-05 3.1811E+06 2.5209E-05 3.1823E+06 3.0892E-051020 3102
 3.1846E+06 4.5745E-05 3.1870E+06 5.5223E-05 3.1895E+06 4.5354E-051020 3102
 3.1920E+06 3.0516E-05 3.1945E+06 2.1166E-05 3.1958E+06 1.8254E-051020 3102
 3.1970E+06 1.6130E-05 3.1995E+06 1.3445E-05 3.2020E+06 1.2030E-051020 3102
 3.2045E+06 1.1344E-05 3.2070E+06 1.1108E-05 3.2170E+06 1.2189E-051020 3102
 3.2270E+06 1.3224E-05 3.2428E+06 1.0792E-05 3.2585E+06 9.1021E-061020 3102
 3.2743E+06 1.0956E-05 3.2900E+06 1.3660E-05 3.2998E+06 1.2697E-051020 3102
 3.3095E+06 1.2025E-05 3.3119E+06 1.2461E-05 3.3144E+06 1.3380E-051020 3102
 3.3168E+06 1.5005E-05 3.3193E+06 1.7671E-05 3.3241E+06 2.7566E-051020 3102
 3.3290E+06 3.6472E-05 3.3338E+06 2.6723E-05 3.3385E+06 1.5716E-051020 3102
 3.3409E+06 1.2372E-05 3.3433E+06 1.0029E-05 3.3456E+06 8.3572E-061020 3102
 3.3480E+06 7.1332E-06 3.3528E+06 5.5048E-06 3.3575E+06 4.4992E-061020 3102
 3.3623E+06 3.8310E-06 3.3670E+06 3.3620E-06 3.3765E+06 2.7618E-061020 3102
 3.3860E+06 2.4114E-06 3.3955E+06 2.2018E-06 3.4050E+06 2.0859E-061020 3102
 3.4240E+06 2.0728E-06 3.4430E+06 2.4265E-06 3.4478E+06 2.6247E-061020 3102
 3.4525E+06 2.9116E-06 3.4573E+06 3.3482E-06 3.4620E+06 4.0741E-061020 3102
 3.4644E+06 4.6445E-06 3.4668E+06 5.4733E-06 3.4691E+06 6.7641E-061020 3102
 3.4715E+06 8.9735E-06 3.4727E+06 1.0735E-05 3.4739E+06 1.3286E-051020 3102
 3.4751E+06 1.7166E-05 3.4763E+06 2.3398E-05 3.4768E+06 2.7959E-051020 3102
 3.4774E+06 3.3957E-05 3.4780E+06 4.1867E-05 3.4786E+06 5.2161E-051020 3102
 3.4798E+06 7.9113E-05 3.4810E+06 9.6222E-05 3.4822E+06 8.0030E-051020 3102
 3.4833E+06 5.3833E-05 3.4845E+06 3.5776E-05 3.4851E+06 2.9790E-051020 3102
 3.4856E+06 2.5243E-05 3.4868E+06 1.9079E-05 3.4879E+06 1.5328E-051020 3102
 3.4891E+06 1.2953E-05 3.4903E+06 1.1406E-05 3.4926E+06 9.7103E-061020 3102
 3.4949E+06 9.0228E-06 3.4972E+06 8.8764E-06 3.4995E+06 9.0638E-061020 3102
 3.5088E+06 1.1453E-05 3.5180E+06 1.3180E-05 3.5280E+06 1.0812E-051020 3102
 3.5380E+06 7.4725E-06 3.5480E+06 5.5126E-06 3.5530E+06 5.0028E-061020 3102
 3.5580E+06 4.7449E-06 3.5630E+06 4.7280E-06 3.5680E+06 4.9840E-061020 3102
 3.5730E+06 5.6120E-06 3.5780E+06 6.8351E-06 3.5805E+06 7.8019E-061020 3102
 3.5830E+06 9.1226E-06 3.5855E+06 1.0922E-05 3.5880E+06 1.3338E-051020 3102
 3.5930E+06 1.9982E-05 3.5980E+06 2.4380E-05 3.6050E+06 1.6968E-051020 3102
 3.6120E+06 9.5353E-06 3.6155E+06 7.5082E-06 3.6190E+06 6.1675E-061020 3102
 3.6225E+06 5.2657E-06 3.6260E+06 4.6485E-06 3.6330E+06 3.9278E-061020 3102
 3.6400E+06 3.6041E-06 3.6470E+06 3.5151E-06 3.6540E+06 3.5927E-061020 3102
 3.6820E+06 5.2845E-06 3.7100E+06 7.6403E-06 3.7230E+06 7.2522E-061020 3102
 3.7360E+06 6.6174E-06 3.7425E+06 6.7907E-06 3.7490E+06 8.1844E-061020 3102
 3.7506E+06 9.0343E-06 3.7523E+06 1.0341E-05 3.7539E+06 1.2445E-051020 3102
 3.7555E+06 1.6067E-05 3.7563E+06 1.8898E-05 3.7571E+06 2.2866E-051020 3102
 3.7579E+06 2.8562E-05 3.7588E+06 3.6881E-05 3.7604E+06 6.5255E-051020 3102
 3.7620E+06 9.0678E-05 3.7633E+06 7.2216E-05 3.7646E+06 4.5908E-051020 3102
 3.7659E+06 2.9879E-05 3.7666E+06 2.4892E-05 3.7673E+06 2.1203E-051020 3102
 3.7686E+06 1.6331E-05 3.7699E+06 1.3432E-05 3.7712E+06 1.1619E-051020 3102
 3.7725E+06 1.0447E-05 3.7778E+06 8.6544E-06 3.7804E+06 8.5541E-061020 3102
 3.7830E+06 8.7139E-06 3.7935E+06 1.0691E-05 3.8040E+06 1.2190E-051020 3102
 3.8205E+06 9.2044E-06 3.8370E+06 7.2244E-06 3.8535E+06 8.2176E-061020 3102
 3.8700E+06 9.5035E-06 3.8926E+06 5.9924E-06 3.9153E+06 3.3709E-061020 3102
 3.9266E+06 2.7618E-06 3.9379E+06 2.4021E-06 3.9492E+06 2.2073E-061020 3102
 3.9605E+06 2.1358E-06 3.9718E+06 2.1739E-06 3.9831E+06 2.3301E-061020 3102
 3.9944E+06 2.6361E-06 4.0058E+06 3.1533E-06 4.0284E+06 5.1603E-061020 3102
 4.0510E+06 7.1745E-06 4.0770E+06 4.9763E-06 4.1030E+06 3.6173E-061020 3102
 4.1095E+06 3.6666E-06 4.1160E+06 3.9022E-06 4.1225E+06 4.3784E-061020 3102
 4.1290E+06 5.1870E-06 4.1420E+06 8.2086E-06 4.1550E+06 1.0942E-051020 3102
 4.1715E+06 6.9259E-06 4.1880E+06 3.7773E-06 4.1963E+06 3.0516E-061020 3102
 4.2045E+06 2.6213E-06 4.2128E+06 2.3807E-06 4.2210E+06 2.2766E-061020 3102
 4.2293E+06 2.2901E-06 4.2375E+06 2.4298E-06 4.2458E+06 2.7411E-061020 3102
 4.2540E+06 3.3409E-06 4.2581E+06 3.8289E-06 4.2623E+06 4.5294E-061020 3102
 4.2664E+06 5.5681E-06 4.2705E+06 7.1677E-06 4.2788E+06 1.3674E-051020 3102
 4.2870E+06 2.1877E-05 4.2958E+06 1.4908E-05 4.3001E+06 1.2136E-051020 3102
 4.3045E+06 1.1211E-05 4.3133E+06 1.3128E-05 4.3220E+06 1.5520E-051020 3102
 4.3289E+06 1.3202E-05 4.3358E+06 9.8131E-06 4.3426E+06 7.7641E-061020 3102
 4.3495E+06 7.0775E-06 4.3633E+06 9.0331E-06 4.3770E+06 1.2380E-051020 3102
 4.3855E+06 1.0145E-05 4.3940E+06 6.9203E-06 4.4025E+06 4.8086E-061020 3102
 4.4068E+06 4.1258E-06 4.4110E+06 3.6141E-06 4.4195E+06 2.9375E-061020 3102
 4.4280E+06 2.5512E-06 4.4365E+06 2.3406E-06 4.4450E+06 2.2492E-061020 3102
 4.4620E+06 2.3382E-06 4.4790E+06 2.8362E-06 4.4875E+06 3.3881E-061020 3102
 4.4960E+06 4.5732E-06 4.4981E+06 5.1302E-06 4.5003E+06 5.9283E-061020 3102
 4.5024E+06 7.1562E-06 4.5045E+06 9.2323E-06 4.5056E+06 1.0869E-051020 3102
 4.5066E+06 1.3214E-05 4.5077E+06 1.6721E-05 4.5088E+06 2.2213E-051020 3102
 4.5109E+06 4.5475E-05 4.5130E+06 7.5579E-05 4.5145E+06 5.6857E-051020 3102
 4.5160E+06 3.3852E-05 4.5168E+06 2.6682E-05 4.5175E+06 2.1679E-051020 3102
 4.5183E+06 1.8171E-05 4.5190E+06 1.5679E-05 4.5205E+06 1.2583E-051020 3102
 4.5220E+06 1.0956E-05 4.5235E+06 1.0177E-05 4.5250E+06 9.9829E-061020 3102
 4.5265E+06 1.0300E-05 4.5280E+06 1.1200E-05 4.5295E+06 1.2943E-051020 3102
 4.5310E+06 1.6148E-05 4.5318E+06 1.8689E-05 4.5325E+06 2.2240E-051020 3102
 4.5333E+06 2.7278E-05 4.5340E+06 3.4474E-05 4.5355E+06 5.7474E-051020 3102
 4.5370E+06 7.6159E-05 4.5385E+06 5.7307E-05 4.5400E+06 3.4180E-051020 3102
 4.5408E+06 2.6917E-05 4.5415E+06 2.1803E-05 4.5423E+06 1.8167E-051020 3102
 4.5430E+06 1.5532E-05 4.5443E+06 1.2403E-05 4.5457E+06 1.0438E-051020 3102
 4.5470E+06 9.1300E-06 4.5483E+06 8.2157E-06 4.5510E+06 7.0464E-061020 3102
 4.5536E+06 6.3408E-06 4.5589E+06 5.5250E-06 4.5643E+06 5.0478E-061020 3102
 4.5749E+06 4.5134E-06 4.5855E+06 4.3889E-06 4.5908E+06 4.5163E-061020 3102
 4.5961E+06 4.8259E-06 4.6014E+06 5.3970E-06 4.6068E+06 6.3596E-061020 3102
 4.6174E+06 1.0174E-05 4.6280E+06 1.4198E-05 4.6388E+06 1.0835E-051020 3102
 4.6495E+06 8.5733E-06 4.6549E+06 9.2000E-06 4.6603E+06 1.1244E-051020 3102
 4.6656E+06 1.4472E-05 4.6710E+06 1.6275E-05 4.6818E+06 1.0021E-051020 3102
 4.6871E+06 7.1839E-06 4.6925E+06 5.4540E-06 4.6979E+06 4.4310E-061020 3102
 4.7033E+06 3.8355E-06 4.7086E+06 3.5178E-06 4.7140E+06 3.4064E-061020 3102
 4.7194E+06 3.4792E-06 4.7248E+06 3.7530E-06 4.7301E+06 4.2868E-061020 3102
 4.7355E+06 5.1957E-06 4.7463E+06 8.8177E-06 4.7570E+06 1.2552E-051020 3102
 4.7708E+06 7.3723E-06 4.7776E+06 5.1747E-06 4.7811E+06 4.4519E-061020 3102
 4.7845E+06 3.9100E-06 4.7914E+06 3.2037E-06 4.7983E+06 2.8236E-061020 3102
 4.8051E+06 2.6516E-06 4.8120E+06 2.6329E-06 4.8189E+06 2.7481E-061020 3102
 4.8258E+06 3.0012E-06 4.8326E+06 3.4129E-06 4.8395E+06 4.0117E-061020 3102
 4.8533E+06 5.7411E-06 4.8670E+06 6.9043E-06 4.8799E+06 5.8302E-061020 3102
 4.8928E+06 4.1751E-06 4.9056E+06 3.1406E-06 4.9121E+06 2.8621E-061020 3102
 4.9185E+06 2.7167E-06 4.9249E+06 2.6986E-06 4.9314E+06 2.8224E-061020 3102
 4.9378E+06 3.1375E-06 4.9443E+06 3.7682E-06 4.9475E+06 4.2872E-061020 3102
 4.9507E+06 5.0362E-06 4.9539E+06 6.1537E-06 4.9571E+06 7.8903E-061020 3102
 4.9636E+06 1.5172E-05 4.9700E+06 2.4759E-05 4.9740E+06 2.0318E-051020 3102
 4.9780E+06 1.4032E-05 4.9820E+06 1.0482E-05 4.9860E+06 8.8297E-061020 3102
 4.9940E+06 7.8393E-06 5.0020E+06 7.4515E-06 5.0177E+06 5.3358E-061020 3102
 7.0000E+06 1.1000E-04 1.0000E+07 1.0000E-04 1.2000E+07 1.6000E-041020 3102
 1.3000E+07 2.1000E-04 1.4000E+07 2.7000E-04 1.5000E+07 3.5000E-041020 3102
 1.6000E+07 4.5000E-04 1.7000E+07 5.5000E-04 1.8000E+07 6.4000E-041020 3102
 1.9000E+07 7.0000E-04 2.0000E+07 7.3000E-04                      1020 3102
                                                                  1020 3  0
