O - 18N,G    1.0000+00* ESTIMATE, O16                              818 3102
                                                                   818 3102
 8.01800+03 1.7845E+01          0         99          0          0 818 3102
 3.0000E+02 3.9588E+06          0          0          1       1647 818 3102
       1647          2                                             818 3102
 1.0000E-05 9.5595E-03 1.0749E-05 9.2206E-03 1.1544E-05 8.8974E-03 818 3102
 1.2295E-05 8.6212E-03 1.3087E-05 8.3563E-03 1.3809E-05 8.1350E-03 818 3102
 1.4563E-05 7.9216E-03 1.5351E-05 7.7155E-03 1.6174E-05 7.5166E-03 818 3102
 1.7662E-05 7.1931E-03 1.9261E-05 6.8880E-03 2.0757E-05 6.6352E-03 818 3102
 2.2349E-05 6.3946E-03 2.3851E-05 6.1900E-03 2.5436E-05 5.9940E-03 818 3102
 2.6943E-05 5.8240E-03 2.8523E-05 5.6604E-03 3.1484E-05 5.3877E-03 818 3102
 3.4697E-05 5.1322E-03 3.7679E-05 4.9250E-03 4.0872E-05 4.7288E-03 818 3102
 4.3868E-05 4.5644E-03 4.7046E-05 4.4076E-03 5.0054E-05 4.2731E-03 818 3102
 5.3220E-05 4.1441E-03 5.6237E-05 4.0314E-03 5.9395E-05 3.9228E-03 818 3102
 6.5326E-05 3.7405E-03 7.1743E-05 3.5693E-03 7.7713E-05 3.4294E-03 818 3102
 8.4092E-05 3.2968E-03 9.0090E-05 3.1852E-03 9.6440E-05 3.0785E-03 818 3102
 1.0246E-04 2.9867E-03 1.0879E-04 2.8985E-03 1.2061E-04 2.7528E-03 818 3102
 1.3349E-04 2.6166E-03 1.4540E-04 2.5071E-03 1.5818E-04 2.4036E-03 818 3102
 1.7016E-04 2.3175E-03 1.8288E-04 2.2354E-03 1.9490E-04 2.1653E-03 818 3102
 2.0758E-04 2.0981E-03 2.1911E-04 2.0421E-03 2.3118E-04 1.9881E-03 818 3102
 2.4379E-04 1.9360E-03 2.5697E-04 1.8856E-03 2.8077E-04 1.8039E-03 818 3102
 3.0637E-04 1.7269E-03 3.3030E-04 1.6631E-03 3.5576E-04 1.6025E-03 818 3102
 3.7979E-04 1.5510E-03 4.0516E-04 1.5016E-03 4.2819E-04 1.4607E-03 818 3102
 4.5231E-04 1.4212E-03 5.0395E-04 1.3465E-03 5.5150E-04 1.2871E-03 818 3102
 6.0273E-04 1.2312E-03 6.5057E-04 1.1851E-03 7.0152E-04 1.1413E-03 818 3102
 7.4956E-04 1.1041E-03 8.0031E-04 1.0686E-03 8.9456E-04 1.0108E-03 818 3102
 9.4505E-04 9.8341E-04 9.9789E-04 9.5704E-04 1.0930E-03 9.1448E-04 818 3102
 1.1955E-03 8.7441E-04 1.2911E-03 8.4141E-04 1.3930E-03 8.1004E-04 818 3102
 1.4891E-03 7.8348E-04 1.6827E-03 7.3702E-04 1.8801E-03 6.9723E-04 818 3102
 1.9858E-03 6.7841E-04 2.1759E-03 6.4807E-04 2.3809E-03 6.1951E-04 818 3102
 2.5722E-03 5.9602E-04 2.7761E-03 5.7370E-04 2.9682E-03 5.5482E-04 818 3102
 3.1713E-03 5.3676E-04 3.5481E-03 5.0746E-04 3.9616E-03 4.8027E-04 818 3102
 4.3418E-03 4.5878E-04 5.1344E-03 4.2192E-04 5.5422E-03 4.0612E-04 818 3102
 6.3325E-03 3.7995E-04 7.4901E-03 3.4935E-04 8.6735E-03 3.2463E-04 818 3102
 9.4938E-03 3.1028E-04 1.1074E-02 2.8727E-04 1.3391E-02 2.6124E-04 818 3102
 1.5816E-02 2.4038E-04 1.8978E-02 2.1945E-04 2.3675E-02 1.9647E-04 818 3102
 2.7152E-02 1.8346E-04 3.2929E-02 1.6659E-04 3.6578E-02 1.5806E-04 818 3102
 4.4236E-02 1.4374E-04 5.5817E-02 1.2796E-04 6.7170E-02 1.1665E-04 818 3102
 7.8396E-02 1.0798E-04 1.0159E-01 9.4851E-05 1.1685E-01 8.8437E-05 818 3102
 1.3956E-01 8.0924E-05 1.6203E-01 7.5111E-05 2.0840E-01 6.6224E-05 818 3102
 2.3892E-01 6.1849E-05 2.9865E-01 5.5331E-05 3.5991E-01 5.0398E-05 818 3102
 4.5254E-01 4.4938E-05 6.0306E-01 3.8926E-05 8.7977E-01 3.2230E-05 818 3102
 1.2460E+00 2.7084E-05 1.8530E+00 2.2207E-05 2.7016E+00 1.8396E-05 818 3102
 3.9315E+00 1.5245E-05 5.8845E+00 1.2463E-05 8.2924E+00 1.0497E-05 818 3102
 1.2689E+01 8.4863E-06 1.7512E+01 7.2245E-06 2.7368E+01 5.7785E-06 818 3102
 3.9087E+01 4.8351E-06 6.2524E+01 3.8230E-06 8.5664E+01 3.2657E-06 818 3102
 1.0940E+02 2.8901E-06 1.3992E+02 2.5553E-06 1.8752E+02 2.2074E-06 818 3102
 3.1252E+02 1.7099E-06 4.3751E+02 1.4450E-06 7.5001E+02 1.1036E-06 818 3102
 1.0000E+03 9.5577E-07 1.2500E+03 8.5487E-07 1.7500E+03 7.2247E-07 818 3102
 2.5000E+03 6.0447E-07 4.0000E+03 4.7786E-07 6.2500E+03 3.8229E-07 818 3102
 8.7500E+03 3.2309E-07 1.0000E+04 3.0222E-07 1.5000E+04 2.4676E-07 818 3102
 2.5000E+04 1.9114E-07 3.5000E+04 1.6154E-07 4.0000E+04 1.5111E-07 818 3102
 6.2500E+04 1.2089E-07 8.7500E+04 1.0217E-07 1.5000E+05 7.8032E-08 818 3102
 2.0000E+05 6.7577E-08 2.2000E+05 6.4432E-08 2.4000E+05 6.1689E-08 818 3102
 2.6000E+05 5.9269E-08 2.8000E+05 5.7113E-08 3.0000E+05 5.5176E-08 818 3102
 3.1000E+05 5.4279E-08 3.2000E+05 5.3424E-08 3.3000E+05 5.2609E-08 818 3102
 3.4000E+05 5.1829E-08 3.5000E+05 5.1083E-08 3.6000E+05 5.0369E-08 818 3102
 3.7000E+05 4.9684E-08 3.8000E+05 4.9026E-08 3.9000E+05 4.8393E-08 818 3102
 4.0000E+05 4.7784E-08 4.0500E+05 4.7488E-08 4.1000E+05 4.7198E-08 818 3102
 4.1500E+05 4.6913E-08 4.2000E+05 4.6633E-08 4.2500E+05 4.6357E-08 818 3102
 4.3000E+05 4.6087E-08 4.3500E+05 4.5821E-08 4.4000E+05 4.5560E-08 818 3102
 4.4500E+05 4.5304E-08 4.5000E+05 4.5051E-08 4.5500E+05 4.4803E-08 818 3102
 4.6000E+05 4.4559E-08 4.6500E+05 4.4319E-08 4.7000E+05 4.4082E-08 818 3102
 4.7500E+05 4.3850E-08 4.8000E+05 4.3621E-08 4.8500E+05 4.3395E-08 818 3102
 4.9000E+05 4.3173E-08 4.9500E+05 4.2955E-08 5.0000E+05 4.2739E-08 818 3102
 5.1000E+05 4.2318E-08 5.2000E+05 4.1909E-08 5.3000E+05 4.1512E-08 818 3102
 5.4000E+05 4.1126E-08 5.5000E+05 4.0750E-08 5.6000E+05 4.0385E-08 818 3102
 5.7000E+05 4.0029E-08 5.8000E+05 3.9683E-08 5.9000E+05 3.9345E-08 818 3102
 6.0000E+05 3.9016E-08 6.2000E+05 3.8381E-08 6.4000E+05 3.7777E-08 818 3102
 6.6000E+05 3.7200E-08 6.8000E+05 3.6649E-08 7.0000E+05 3.6121E-08 818 3102
 7.2000E+05 3.5616E-08 7.4000E+05 3.5132E-08 7.6000E+05 3.4666E-08 818 3102
 7.8000E+05 3.4219E-08 8.0000E+05 3.3789E-08 8.2000E+05 3.3374E-08 818 3102
 8.4000E+05 3.2974E-08 8.6000E+05 3.2589E-08 8.8000E+05 3.2216E-08 818 3102
 9.0000E+05 3.1856E-08 9.1000E+05 3.1681E-08 9.2000E+05 3.1508E-08 818 3102
 9.3000E+05 3.1338E-08 9.4000E+05 3.1171E-08 9.5000E+05 3.1006E-08 818 3102
 9.6000E+05 3.0845E-08 9.8000E+05 3.0528E-08 9.9000E+05 3.0374E-08 818 3102
 1.0000E+06 3.0221E-08 1.0100E+06 3.0071E-08 1.0200E+06 2.9924E-08 818 3102
 1.0300E+06 2.9778E-08 1.0400E+06 2.9634E-08 1.0500E+06 2.9493E-08 818 3102
 1.0600E+06 2.9354E-08 1.0700E+06 2.9216E-08 1.0800E+06 2.9081E-08 818 3102
 1.0900E+06 2.8947E-08 1.1000E+06 2.8815E-08 1.1200E+06 2.8556E-08 818 3102
 1.1400E+06 2.8305E-08 1.1600E+06 2.8060E-08 1.1800E+06 2.7821E-08 818 3102
 1.2000E+06 2.7588E-08 1.2200E+06 2.7361E-08 1.2400E+06 2.7140E-08 818 3102
 1.2500E+06 2.7031E-08 1.2600E+06 2.6923E-08 1.2700E+06 2.6817E-08 818 3102
 1.2800E+06 2.6712E-08 1.2850E+06 2.6660E-08 1.2900E+06 2.6608E-08 818 3102
 1.2950E+06 2.6557E-08 1.3000E+06 2.6506E-08 1.3050E+06 2.6455E-08 818 3102
 1.3100E+06 2.6405E-08 1.3150E+06 2.6354E-08 1.3200E+06 2.6304E-08 818 3102
 1.3250E+06 2.6255E-08 1.3300E+06 2.6205E-08 1.3400E+06 2.6107E-08 818 3102
 1.3500E+06 2.6010E-08 1.3600E+06 2.5915E-08 1.3700E+06 2.5820E-08 818 3102
 1.3800E+06 2.5726E-08 1.3900E+06 2.5633E-08 1.4000E+06 2.5542E-08 818 3102
 1.4500E+06 2.5097E-08 1.5000E+06 2.4676E-08 1.5500E+06 2.4274E-08 818 3102
 1.6000E+06 2.3892E-08 1.6200E+06 2.3744E-08 1.6300E+06 2.3671E-08 818 3102
 1.6400E+06 2.3599E-08 1.6420E+06 2.3585E-08 1.6430E+06 2.3577E-08 818 3102
 1.6440E+06 2.3570E-08 1.6450E+06 2.3563E-08 1.6460E+06 2.3556E-08 818 3102
 1.6470E+06 2.3549E-08 1.6480E+06 2.3542E-08 1.6485E+06 2.3538E-08 818 3102
 1.6490E+06 2.3534E-08 1.6495E+06 2.3531E-08 1.6500E+06 2.3527E-08 818 3102
 1.6505E+06 2.3524E-08 1.6510E+06 2.3520E-08 1.6515E+06 2.3517E-08 818 3102
 1.6520E+06 2.3513E-08 1.6530E+06 2.3506E-08 1.6540E+06 2.3499E-08 818 3102
 1.6550E+06 2.3492E-08 1.6560E+06 2.3485E-08 1.6570E+06 2.3478E-08 818 3102
 1.6580E+06 2.3470E-08 1.6590E+06 2.3463E-08 1.6600E+06 2.3456E-08 818 3102
 1.6650E+06 2.3421E-08 1.6700E+06 2.3386E-08 1.6750E+06 2.3351E-08 818 3102
 1.6800E+06 2.3316E-08 1.6850E+06 2.3282E-08 1.6900E+06 2.3247E-08 818 3102
 1.6950E+06 2.3213E-08 1.7000E+06 2.3179E-08 1.7200E+06 2.3044E-08 818 3102
 1.7400E+06 2.2911E-08 1.7600E+06 2.2780E-08 1.7800E+06 2.2652E-08 818 3102
 1.8000E+06 2.2526E-08 1.8200E+06 2.2402E-08 1.8220E+06 2.2389E-08 818 3102
 1.8240E+06 2.2377E-08 1.8260E+06 2.2365E-08 1.8280E+06 2.2352E-08 818 3102
 1.8300E+06 2.2340E-08 1.8310E+06 2.2334E-08 1.8320E+06 2.2328E-08 818 3102
 1.8330E+06 2.2322E-08 1.8340E+06 2.2316E-08 1.8350E+06 2.2310E-08 818 3102
 1.8360E+06 2.2304E-08 1.8370E+06 2.2298E-08 1.8380E+06 2.2292E-08 818 3102
 1.8390E+06 2.2286E-08 1.8400E+06 2.2279E-08 1.8420E+06 2.2267E-08 818 3102
 1.8440E+06 2.2255E-08 1.8460E+06 2.2243E-08 1.8480E+06 2.2231E-08 818 3102
 1.8500E+06 2.2219E-08 1.8520E+06 2.2207E-08 1.8540E+06 2.2195E-08 818 3102
 1.8560E+06 2.2183E-08 1.8580E+06 2.2171E-08 1.8600E+06 2.2159E-08 818 3102
 1.8650E+06 2.2130E-08 1.8700E+06 2.2100E-08 1.8750E+06 2.2071E-08 818 3102
 1.8800E+06 2.2041E-08 1.8850E+06 2.2012E-08 1.8900E+06 2.1983E-08 818 3102
 1.8950E+06 2.1954E-08 1.9000E+06 2.1925E-08 1.9050E+06 2.1896E-08 818 3102
 1.9100E+06 2.1867E-08 1.9150E+06 2.1839E-08 1.9200E+06 2.1810E-08 818 3102
 1.9250E+06 2.1782E-08 1.9300E+06 2.1754E-08 1.9350E+06 2.1726E-08 818 3102
 1.9400E+06 2.1698E-08 1.9500E+06 2.1642E-08 1.9600E+06 2.1587E-08 818 3102
 1.9700E+06 2.1532E-08 1.9800E+06 2.1477E-08 1.9900E+06 2.1423E-08 818 3102
 2.0000E+06 2.1370E-08 2.0500E+06 2.1108E-08 2.1000E+06 2.0855E-08 818 3102
 2.1500E+06 2.0611E-08 2.2000E+06 2.0375E-08 2.2200E+06 2.0283E-08 818 3102
 2.2400E+06 2.0192E-08 2.2600E+06 2.0103E-08 2.2800E+06 2.0015E-08 818 3102
 2.3000E+06 1.9927E-08 2.3050E+06 1.9906E-08 2.3100E+06 1.9884E-08 818 3102
 2.3150E+06 1.9863E-08 2.3200E+06 1.9841E-08 2.3250E+06 1.9820E-08 818 3102
 2.3300E+06 1.9799E-08 2.3350E+06 1.9777E-08 2.3400E+06 1.9756E-08 818 3102
 2.3450E+06 1.9735E-08 2.3500E+06 1.9714E-08 2.3550E+06 1.9693E-08 818 3102
 2.3553E+06 1.9692E-08 2.3554E+06 1.9692E-08 2.3600E+06 1.9672E-08 818 3102
 2.3650E+06 1.9652E-08 2.3700E+06 1.9631E-08 2.3750E+06 1.9610E-08 818 3102
 2.3800E+06 1.9590E-08 2.3900E+06 1.9549E-08 2.4000E+06 1.9508E-08 818 3102
 2.4100E+06 1.9467E-08 2.4200E+06 1.9427E-08 2.4300E+06 1.9387E-08 818 3102
 2.4400E+06 1.9347E-08 2.4500E+06 1.9308E-08 2.4600E+06 1.9268E-08 818 3102
 2.4700E+06 1.9229E-08 2.4800E+06 1.9191E-08 2.4900E+06 1.9152E-08 818 3102
 2.5000E+06 1.9114E-08 2.5200E+06 1.9038E-08 2.5400E+06 1.8963E-08 818 3102
 2.5600E+06 1.8888E-08 2.5800E+06 1.8815E-08 2.6000E+06 1.8742E-08 818 3102
 2.6500E+06 1.8565E-08 2.7000E+06 1.8392E-08 2.7500E+06 1.8224E-08 818 3102
 2.8000E+06 1.8061E-08 2.8500E+06 1.7902E-08 2.8600E+06 1.7870E-08 818 3102
 2.8700E+06 1.7839E-08 2.8800E+06 1.7808E-08 2.8820E+06 1.7802E-08 818 3102
 2.8840E+06 1.7796E-08 2.8860E+06 1.7790E-08 2.8870E+06 1.7786E-08 818 3102
 2.8880E+06 1.7783E-08 2.8882E+06 1.7783E-08 2.8884E+06 1.7782E-08 818 3102
 2.8885E+06 1.7782E-08 2.8886E+06 1.7782E-08 2.8887E+06 1.7781E-08 818 3102
 2.8888E+06 1.7781E-08 2.8889E+06 1.7781E-08 2.8890E+06 1.7780E-08 818 3102
 2.8891E+06 1.7780E-08 2.8892E+06 1.7780E-08 2.8893E+06 1.7779E-08 818 3102
 2.8894E+06 1.7779E-08 2.8895E+06 1.7779E-08 2.8896E+06 1.7778E-08 818 3102
 2.8897E+06 1.7778E-08 2.8898E+06 1.7778E-08 2.8900E+06 1.7777E-08 818 3102
 2.8905E+06 1.7776E-08 2.8910E+06 1.7774E-08 2.8920E+06 1.7771E-08 818 3102
 2.8940E+06 1.7765E-08 2.8960E+06 1.7759E-08 2.8980E+06 1.7753E-08 818 3102
 2.9000E+06 1.7747E-08 2.9500E+06 1.7596E-08 3.0000E+06 2.7656E-05 818 3102
 3.0050E+06 2.7690E-05 3.0055E+06 2.7694E-05 3.0060E+06 2.7697E-05 818 3102
 3.0061E+06 2.7698E-05 3.0062E+06 2.7698E-05 3.0063E+06 2.7699E-05 818 3102
 3.0064E+06 2.7700E-05 3.0065E+06 2.7700E-05 3.0066E+06 2.7701E-05 818 3102
 3.0067E+06 2.7702E-05 3.0068E+06 2.7702E-05 3.0069E+06 2.7703E-05 818 3102
 3.0070E+06 2.7704E-05 3.0071E+06 2.7704E-05 3.0072E+06 2.7705E-05 818 3102
 3.0073E+06 2.7706E-05 3.0074E+06 2.7706E-05 3.0075E+06 2.7707E-05 818 3102
 3.0076E+06 2.7708E-05 3.0077E+06 2.7708E-05 3.0078E+06 2.7709E-05 818 3102
 3.0079E+06 2.7710E-05 3.0080E+06 2.7710E-05 3.0082E+06 2.7712E-05 818 3102
 3.0084E+06 2.7713E-05 3.0086E+06 2.7715E-05 3.0088E+06 2.7716E-05 818 3102
 3.0090E+06 2.7717E-05 3.0100E+06 2.7724E-05 3.0150E+06 2.7758E-05 818 3102
 3.0200E+06 2.7792E-05 3.0400E+06 2.7927E-05 3.0500E+06 2.7995E-05 818 3102
 3.0600E+06 2.8063E-05 3.0800E+06 2.8199E-05 3.1000E+06 2.8335E-05 818 3102
 3.1200E+06 2.8472E-05 3.1400E+06 2.8609E-05 3.1600E+06 2.8746E-05 818 3102
 3.1700E+06 2.8814E-05 3.1800E+06 2.8883E-05 3.1900E+06 2.8952E-05 818 3102
 3.2000E+06 2.9021E-05 3.2010E+06 2.9028E-05 3.2020E+06 2.9035E-05 818 3102
 3.2030E+06 2.9042E-05 3.2040E+06 2.9048E-05 3.2050E+06 2.9055E-05 818 3102
 3.2060E+06 2.9062E-05 3.2070E+06 2.9069E-05 3.2080E+06 2.9076E-05 818 3102
 3.2090E+06 2.9083E-05 3.2100E+06 2.9090E-05 3.2105E+06 2.9093E-05 818 3102
 3.2110E+06 2.9097E-05 3.2111E+06 2.9097E-05 3.2112E+06 2.9098E-05 818 3102
 3.2113E+06 2.9099E-05 3.2114E+06 2.9099E-05 3.2115E+06 2.9100E-05 818 3102
 3.2116E+06 2.9101E-05 3.2117E+06 2.9101E-05 3.2118E+06 2.9102E-05 818 3102
 3.2119E+06 2.9103E-05 3.2120E+06 2.9104E-05 3.2122E+06 2.9105E-05 818 3102
 3.2124E+06 2.9106E-05 3.2126E+06 2.9108E-05 3.2128E+06 2.9109E-05 818 3102
 3.2130E+06 2.9110E-05 3.2132E+06 2.9112E-05 3.2134E+06 2.9113E-05 818 3102
 3.2136E+06 2.9115E-05 3.2138E+06 2.9116E-05 3.2140E+06 2.9117E-05 818 3102
 3.2142E+06 2.9119E-05 3.2144E+06 2.9120E-05 3.2146E+06 2.9121E-05 818 3102
 3.2148E+06 2.9123E-05 3.2150E+06 2.9124E-05 3.2160E+06 2.9131E-05 818 3102
 3.2170E+06 2.9138E-05 3.2180E+06 2.9145E-05 3.2190E+06 2.9152E-05 818 3102
 3.2200E+06 2.9159E-05 3.2220E+06 2.9173E-05 3.2240E+06 2.9186E-05 818 3102
 3.2260E+06 2.9200E-05 3.2280E+06 2.9214E-05 3.2300E+06 2.9228E-05 818 3102
 3.2350E+06 2.9262E-05 3.2400E+06 2.9297E-05 3.2450E+06 2.9332E-05 818 3102
 3.2500E+06 2.9366E-05 3.2550E+06 2.9401E-05 3.2600E+06 2.9435E-05 818 3102
 3.2650E+06 2.9470E-05 3.2700E+06 2.9505E-05 3.2750E+06 2.9539E-05 818 3102
 3.2800E+06 2.9574E-05 3.2850E+06 2.9609E-05 3.2900E+06 2.9644E-05 818 3102
 3.2950E+06 2.9678E-05 3.3000E+06 2.9713E-05 3.3050E+06 2.9748E-05 818 3102
 3.3100E+06 2.9783E-05 3.3120E+06 2.9797E-05 3.3140E+06 2.9811E-05 818 3102
 3.3160E+06 2.9825E-05 3.3180E+06 2.9839E-05 3.3200E+06 2.9853E-05 818 3102
 3.3220E+06 2.9867E-05 3.3240E+06 2.9881E-05 3.3260E+06 2.9894E-05 818 3102
 3.3280E+06 2.9908E-05 3.3300E+06 2.9922E-05 3.3320E+06 2.9936E-05 818 3102
 3.3340E+06 2.9950E-05 3.3360E+06 2.9964E-05 3.3380E+06 2.9978E-05 818 3102
 3.3400E+06 2.9992E-05 3.3450E+06 3.0027E-05 3.3500E+06 3.0062E-05 818 3102
 3.3550E+06 3.0097E-05 3.3600E+06 3.0132E-05 3.3700E+06 3.0202E-05 818 3102
 3.3800E+06 3.0272E-05 3.3900E+06 3.0343E-05 3.4000E+06 3.0413E-05 818 3102
 3.4100E+06 3.0483E-05 3.4200E+06 3.0554E-05 3.4300E+06 3.0624E-05 818 3102
 3.4350E+06 3.0659E-05 3.4360E+06 3.0666E-05 3.4370E+06 3.0674E-05 818 3102
 3.4375E+06 3.0677E-05 3.4380E+06 3.0681E-05 3.4385E+06 3.0684E-05 818 3102
 3.4390E+06 3.0688E-05 3.4395E+06 3.0691E-05 3.4400E+06 3.0695E-05 818 3102
 3.4405E+06 3.0698E-05 3.4410E+06 3.0702E-05 3.4415E+06 3.0705E-05 818 3102
 3.4416E+06 3.0706E-05 3.4417E+06 3.0707E-05 3.4418E+06 3.0707E-05 818 3102
 3.4419E+06 3.0708E-05 3.4420E+06 3.0709E-05 3.4425E+06 3.0712E-05 818 3102
 3.4430E+06 3.0716E-05 3.4435E+06 3.0719E-05 3.4440E+06 3.0723E-05 818 3102
 3.4445E+06 3.0727E-05 3.4450E+06 3.0730E-05 3.4500E+06 3.0765E-05 818 3102
 3.4550E+06 3.0801E-05 3.4600E+06 3.0836E-05 3.4650E+06 3.0872E-05 818 3102
 3.4700E+06 3.0907E-05 3.4750E+06 3.0942E-05 3.4800E+06 3.0978E-05 818 3102
 3.4900E+06 3.1049E-05 3.5000E+06 3.1120E-05 3.5100E+06 3.1191E-05 818 3102
 3.5200E+06 3.1262E-05 3.5300E+06 3.1333E-05 3.5400E+06 3.1405E-05 818 3102
 3.5500E+06 3.1476E-05 3.5600E+06 3.1548E-05 3.5700E+06 3.1619E-05 818 3102
 3.5800E+06 3.1691E-05 3.5900E+06 3.1763E-05 3.6000E+06 3.1834E-05 818 3102
 3.6100E+06 3.1906E-05 3.6200E+06 3.1978E-05 3.6300E+06 3.2050E-05 818 3102
 3.6400E+06 3.2123E-05 3.6500E+06 3.2195E-05 3.6600E+06 3.2267E-05 818 3102
 3.6700E+06 3.2339E-05 3.6800E+06 3.2412E-05 3.6900E+06 3.2484E-05 818 3102
 3.7000E+06 3.2557E-05 3.7100E+06 3.2630E-05 3.7200E+06 3.2703E-05 818 3102
 3.7300E+06 3.2775E-05 3.7400E+06 3.2848E-05 3.7450E+06 3.2885E-05 818 3102
 3.7500E+06 3.2921E-05 3.7550E+06 3.2958E-05 3.7600E+06 3.2995E-05 818 3102
 3.7610E+06 3.3002E-05 3.7620E+06 3.3009E-05 3.7630E+06 3.3017E-05 818 3102
 3.7640E+06 3.3024E-05 3.7650E+06 3.3031E-05 3.7660E+06 3.3039E-05 818 3102
 3.7670E+06 3.3046E-05 3.7680E+06 3.3053E-05 3.7690E+06 3.3060E-05 818 3102
 3.7700E+06 3.3068E-05 3.7720E+06 3.3082E-05 3.7740E+06 3.3097E-05 818 3102
 3.7760E+06 3.3112E-05 3.7780E+06 3.3126E-05 3.7800E+06 3.3141E-05 818 3102
 3.7850E+06 3.3178E-05 3.7900E+06 3.3214E-05 3.7950E+06 3.3251E-05 818 3102
 3.8000E+06 3.3288E-05 3.8100E+06 3.3361E-05 3.8200E+06 3.3435E-05 818 3102
 3.8300E+06 3.3509E-05 3.8400E+06 3.3583E-05 3.8500E+06 3.3657E-05 818 3102
 3.8600E+06 3.3730E-05 3.8700E+06 3.3805E-05 3.8800E+06 3.3879E-05 818 3102
 3.8900E+06 3.3953E-05 3.9000E+06 3.4027E-05 3.9200E+06 3.4176E-05 818 3102
 3.9400E+06 3.4325E-05 3.9600E+06 3.4475E-05 3.9800E+06 3.4625E-05 818 3102
 4.0000E+06 3.4775E-05 4.0200E+06 3.4926E-05 4.0400E+06 3.5077E-05 818 3102
 4.0600E+06 3.5229E-05 4.0800E+06 3.5380E-05 4.1000E+06 3.5532E-05 818 3102
 4.1100E+06 3.5609E-05 4.1200E+06 3.5685E-05 4.1300E+06 3.5761E-05 818 3102
 4.1400E+06 3.5838E-05 4.1500E+06 3.5915E-05 4.1600E+06 3.5991E-05 818 3102
 4.1650E+06 3.6030E-05 4.1700E+06 3.6068E-05 4.1750E+06 3.6106E-05 818 3102
 4.1800E+06 3.6145E-05 4.1850E+06 3.6183E-05 4.1900E+06 3.6222E-05 818 3102
 4.1950E+06 3.6260E-05 4.2000E+06 3.6299E-05 4.2100E+06 3.6376E-05 818 3102
 4.2200E+06 3.6453E-05 4.2300E+06 3.6531E-05 4.2400E+06 3.6608E-05 818 3102
 4.2500E+06 3.6686E-05 4.2600E+06 3.6763E-05 4.2700E+06 3.6841E-05 818 3102
 4.2800E+06 3.6919E-05 4.2900E+06 3.6997E-05 4.3000E+06 3.7075E-05 818 3102
 4.3050E+06 3.7114E-05 4.3100E+06 3.7153E-05 4.3150E+06 3.7192E-05 818 3102
 4.3200E+06 3.7231E-05 4.3210E+06 3.7239E-05 4.3220E+06 3.7247E-05 818 3102
 4.3230E+06 3.7255E-05 4.3240E+06 3.7263E-05 4.3250E+06 3.7271E-05 818 3102
 4.3260E+06 3.7278E-05 4.3270E+06 3.7286E-05 4.3280E+06 3.7294E-05 818 3102
 4.3290E+06 3.7302E-05 4.3300E+06 3.7310E-05 4.3350E+06 3.7349E-05 818 3102
 4.3400E+06 3.7388E-05 4.3450E+06 3.7428E-05 4.3500E+06 3.7467E-05 818 3102
 4.3550E+06 3.7506E-05 4.3600E+06 3.7545E-05 4.3700E+06 3.7624E-05 818 3102
 4.3800E+06 3.7703E-05 4.3900E+06 3.7782E-05 4.4000E+06 3.7861E-05 818 3102
 4.4100E+06 3.7940E-05 4.4200E+06 3.8020E-05 4.4300E+06 3.8099E-05 818 3102
 4.4400E+06 3.8178E-05 4.4450E+06 3.8218E-05 4.4500E+06 3.8258E-05 818 3102
 4.4550E+06 3.8298E-05 4.4600E+06 3.8338E-05 4.4620E+06 3.8354E-05 818 3102
 4.4640E+06 3.8370E-05 4.4660E+06 3.8385E-05 4.4680E+06 3.8401E-05 818 3102
 4.4700E+06 3.8417E-05 4.4720E+06 3.8433E-05 4.4750E+06 3.8457E-05 818 3102
 4.4800E+06 3.8497E-05 4.4850E+06 3.8537E-05 4.4900E+06 3.8577E-05 818 3102
 4.4950E+06 3.8617E-05 4.5000E+06 3.8657E-05 4.5050E+06 3.8697E-05 818 3102
 4.5100E+06 3.8738E-05 4.5150E+06 3.8778E-05 4.5200E+06 3.8818E-05 818 3102
 4.5210E+06 3.8826E-05 4.5220E+06 3.8834E-05 4.5230E+06 3.8842E-05 818 3102
 4.5240E+06 3.8850E-05 4.5250E+06 3.8858E-05 4.5260E+06 3.8866E-05 818 3102
 4.5270E+06 3.8874E-05 4.5280E+06 3.8882E-05 4.5290E+06 3.8890E-05 818 3102
 4.5300E+06 3.8898E-05 4.5310E+06 3.8906E-05 4.5320E+06 3.8914E-05 818 3102
 4.5330E+06 3.8922E-05 4.5340E+06 3.8930E-05 4.5350E+06 3.8939E-05 818 3102
 4.5360E+06 3.8947E-05 4.5370E+06 3.8955E-05 4.5380E+06 3.8963E-05 818 3102
 4.5390E+06 3.8971E-05 4.5400E+06 3.8979E-05 4.5450E+06 3.9019E-05 818 3102
 4.5500E+06 3.9059E-05 4.5550E+06 3.9100E-05 4.5600E+06 3.9140E-05 818 3102
 4.5650E+06 3.9181E-05 4.5700E+06 3.9221E-05 4.5750E+06 3.9261E-05 818 3102
 4.5800E+06 3.9302E-05 4.5850E+06 3.9342E-05 4.5900E+06 3.9383E-05 818 3102
 4.5910E+06 3.9391E-05 4.5920E+06 3.9399E-05 4.5930E+06 3.9407E-05 818 3102
 4.5940E+06 3.9415E-05 4.5950E+06 3.9424E-05 4.5960E+06 3.9432E-05 818 3102
 4.5970E+06 3.9440E-05 4.5980E+06 3.9448E-05 4.5990E+06 3.9456E-05 818 3102
 4.6000E+06 3.9464E-05 4.6050E+06 3.9505E-05 4.6100E+06 3.9545E-05 818 3102
 4.6150E+06 3.9586E-05 4.6200E+06 3.9627E-05 4.6250E+06 3.9667E-05 818 3102
 4.6260E+06 3.9676E-05 4.6270E+06 3.9684E-05 4.6280E+06 3.9692E-05 818 3102
 4.6290E+06 3.9700E-05 4.6300E+06 3.9708E-05 4.6310E+06 3.9716E-05 818 3102
 4.6320E+06 3.9725E-05 4.6330E+06 3.9733E-05 4.6340E+06 3.9741E-05 818 3102
 4.6350E+06 3.9749E-05 4.6360E+06 3.9757E-05 4.6370E+06 3.9765E-05 818 3102
 4.6380E+06 3.9773E-05 4.6390E+06 3.9782E-05 4.6400E+06 3.9790E-05 818 3102
 4.6450E+06 3.9831E-05 4.6500E+06 3.9872E-05 4.6550E+06 3.9912E-05 818 3102
 4.6600E+06 3.9953E-05 4.6650E+06 3.9994E-05 4.6700E+06 4.0035E-05 818 3102
 4.6750E+06 4.0076E-05 4.6800E+06 4.0117E-05 4.6850E+06 4.0158E-05 818 3102
 4.6900E+06 4.0199E-05 4.6950E+06 4.0241E-05 4.7000E+06 4.0282E-05 818 3102
 4.7050E+06 4.0323E-05 4.7100E+06 4.0364E-05 4.7150E+06 4.0405E-05 818 3102
 4.7200E+06 4.0446E-05 4.7250E+06 4.0488E-05 4.7300E+06 4.0529E-05 818 3102
 4.7350E+06 4.0570E-05 4.7400E+06 4.0612E-05 4.7450E+06 4.0653E-05 818 3102
 4.7500E+06 4.0695E-05 4.7550E+06 4.0736E-05 4.7600E+06 4.0778E-05 818 3102
 4.7650E+06 4.0819E-05 4.7700E+06 4.0861E-05 4.7750E+06 4.0902E-05 818 3102
 4.7800E+06 4.0944E-05 4.7850E+06 4.0985E-05 4.7900E+06 4.1027E-05 818 3102
 4.7950E+06 4.1069E-05 4.8000E+06 4.1110E-05 4.8050E+06 4.1152E-05 818 3102
 4.8100E+06 4.1194E-05 4.8150E+06 4.1236E-05 4.8200E+06 4.1277E-05 818 3102
 4.8250E+06 4.1319E-05 4.8300E+06 4.1361E-05 4.8320E+06 4.1378E-05 818 3102
 4.8340E+06 4.1395E-05 4.8350E+06 4.1403E-05 4.8360E+06 4.1411E-05 818 3102
 4.8370E+06 4.1420E-05 4.8380E+06 4.1428E-05 4.8390E+06 4.1437E-05 818 3102
 4.8400E+06 4.1445E-05 4.8410E+06 4.1453E-05 4.8420E+06 4.1462E-05 818 3102
 4.8430E+06 4.1470E-05 4.8440E+06 4.1479E-05 4.8450E+06 4.1487E-05 818 3102
 4.8500E+06 4.1529E-05 4.8550E+06 4.1571E-05 4.8600E+06 4.1613E-05 818 3102
 4.8700E+06 4.1697E-05 4.8800E+06 4.1781E-05 4.8900E+06 4.1866E-05 818 3102
 4.9000E+06 4.1950E-05 4.9100E+06 4.2035E-05 4.9200E+06 4.2120E-05 818 3102
 4.9300E+06 4.2205E-05 4.9400E+06 4.2290E-05 4.9500E+06 4.2375E-05 818 3102
 4.9600E+06 4.2460E-05 4.9700E+06 4.2545E-05 4.9800E+06 4.2631E-05 818 3102
 4.9900E+06 4.2717E-05 5.0000E+06 4.2802E-05 5.0100E+06 4.2888E-05 818 3102
 5.0200E+06 4.2974E-05 5.0300E+06 4.3060E-05 5.0400E+06 4.3146E-05 818 3102
 5.0500E+06 4.3233E-05 5.0600E+06 4.3319E-05 5.0700E+06 4.3406E-05 818 3102
 5.0800E+06 4.3492E-05 5.0900E+06 4.3579E-05 5.1000E+06 4.3666E-05 818 3102
 5.1020E+06 4.3684E-05 5.1040E+06 4.3701E-05 5.1060E+06 4.3718E-05 818 3102
 5.1080E+06 4.3736E-05 5.1100E+06 4.3753E-05 5.1120E+06 4.3771E-05 818 3102
 5.1140E+06 4.3788E-05 5.1150E+06 4.3797E-05 5.1160E+06 4.3805E-05 818 3102
 5.1170E+06 4.3814E-05 5.1180E+06 4.3823E-05 5.1190E+06 4.3832E-05 818 3102
 5.1200E+06 4.3840E-05 5.1210E+06 4.3849E-05 5.1220E+06 4.3858E-05 818 3102
 5.1230E+06 4.3867E-05 5.1240E+06 4.3875E-05 5.1250E+06 4.3884E-05 818 3102
 5.1260E+06 4.3893E-05 5.1270E+06 4.3901E-05 5.1280E+06 4.3910E-05 818 3102
 5.1290E+06 4.3919E-05 5.1300E+06 4.3928E-05 5.1310E+06 4.3936E-05 818 3102
 5.1320E+06 4.3945E-05 5.1330E+06 4.3954E-05 5.1340E+06 4.3963E-05 818 3102
 5.1350E+06 4.3971E-05 5.1360E+06 4.3980E-05 5.1370E+06 4.3989E-05 818 3102
 5.1380E+06 4.3998E-05 5.1390E+06 4.4006E-05 5.1400E+06 4.4015E-05 818 3102
 5.1420E+06 4.4033E-05 5.1440E+06 4.4050E-05 5.1460E+06 4.4068E-05 818 3102
 5.1480E+06 4.4085E-05 5.1500E+06 4.4103E-05 5.1550E+06 4.4147E-05 818 3102
 5.1600E+06 4.4190E-05 5.1650E+06 4.4234E-05 5.1700E+06 4.4278E-05 818 3102
 5.1800E+06 4.4366E-05 5.1900E+06 4.4454E-05 5.2000E+06 4.4542E-05 818 3102
 5.2100E+06 4.4631E-05 5.2200E+06 4.4719E-05 5.2300E+06 4.4808E-05 818 3102
 5.2400E+06 4.4896E-05 5.2500E+06 4.4985E-05 5.2600E+06 4.5074E-05 818 3102
 5.2700E+06 4.5163E-05 5.2800E+06 4.5252E-05 5.2900E+06 4.5342E-05 818 3102
 5.3000E+06 4.5431E-05 5.3100E+06 4.5521E-05 5.3200E+06 4.5611E-05 818 3102
 5.3300E+06 4.5701E-05 5.3400E+06 4.5791E-05 5.3500E+06 4.5881E-05 818 3102
 5.3550E+06 4.5926E-05 5.3600E+06 4.5971E-05 5.3650E+06 4.6016E-05 818 3102
 5.3660E+06 4.6025E-05 5.3670E+06 4.6034E-05 5.3680E+06 4.6043E-05 818 3102
 5.3690E+06 4.6052E-05 5.3700E+06 4.6061E-05 5.3710E+06 4.6070E-05 818 3102
 5.3720E+06 4.6079E-05 5.3730E+06 4.6088E-05 5.3740E+06 4.6098E-05 818 3102
 5.3750E+06 4.6107E-05 5.3800E+06 4.6152E-05 5.3850E+06 4.6197E-05 818 3102
 5.3900E+06 4.6242E-05 5.3950E+06 4.6288E-05 5.4000E+06 4.6333E-05 818 3102
 5.4100E+06 4.6424E-05 5.4200E+06 4.6515E-05 5.4300E+06 4.6606E-05 818 3102
 5.4400E+06 4.6698E-05 5.4500E+06 4.6789E-05 5.4600E+06 4.6881E-05 818 3102
 5.4700E+06 4.6973E-05 5.4800E+06 4.7064E-05 5.4900E+06 4.7156E-05 818 3102
 5.5000E+06 4.7249E-05 5.5100E+06 4.7341E-05 5.5200E+06 4.7433E-05 818 3102
 5.5300E+06 4.7526E-05 5.5400E+06 4.7619E-05 5.5500E+06 4.7711E-05 818 3102
 5.5600E+06 4.7804E-05 5.5700E+06 4.7897E-05 5.5800E+06 4.7991E-05 818 3102
 5.5900E+06 4.8084E-05 5.6000E+06 4.8178E-05 5.6050E+06 4.8224E-05 818 3102
 5.6100E+06 4.8271E-05 5.6150E+06 4.8318E-05 5.6200E+06 4.8365E-05 818 3102
 5.6250E+06 4.8412E-05 5.6300E+06 4.8459E-05 5.6350E+06 4.8506E-05 818 3102
 5.6396E+06 4.8549E-05 5.6400E+06 4.8553E-05 5.6450E+06 4.8600E-05 818 3102
 5.6500E+06 4.8647E-05 5.6550E+06 4.8695E-05 5.6600E+06 4.8742E-05 818 3102
 5.6620E+06 4.8761E-05 5.6650E+06 4.8789E-05 5.6680E+06 4.8817E-05 818 3102
 5.6700E+06 4.8836E-05 5.6720E+06 4.8855E-05 5.6760E+06 4.8893E-05 818 3102
 5.6780E+06 4.8912E-05 5.6800E+06 4.8931E-05 5.6850E+06 4.8978E-05 818 3102
 5.6900E+06 4.9026E-05 5.6950E+06 4.9073E-05 5.7000E+06 4.9121E-05 818 3102
 5.7100E+06 4.9216E-05 5.7200E+06 4.9311E-05 5.7300E+06 4.9406E-05 818 3102
 5.7400E+06 4.9502E-05 5.7500E+06 4.9598E-05 5.7600E+06 4.9693E-05 818 3102
 5.7700E+06 4.9789E-05 5.7800E+06 4.9886E-05 5.7900E+06 4.9982E-05 818 3102
 5.8000E+06 5.0078E-05 5.8100E+06 5.0175E-05 5.8200E+06 5.0271E-05 818 3102
 5.8300E+06 5.0368E-05 5.8400E+06 5.0465E-05 5.8500E+06 5.0562E-05 818 3102
 5.8600E+06 5.0660E-05 5.8700E+06 5.0757E-05 5.8750E+06 5.0806E-05 818 3102
 5.8800E+06 5.0855E-05 5.8850E+06 5.0904E-05 5.8900E+06 5.0953E-05 818 3102
 5.8950E+06 5.1001E-05 5.9000E+06 5.1050E-05 5.9050E+06 5.1099E-05 818 3102
 5.9080E+06 5.1129E-05 5.9100E+06 5.1149E-05 5.9120E+06 5.1168E-05 818 3102
 5.9150E+06 5.1198E-05 5.9160E+06 5.1207E-05 5.9170E+06 5.1217E-05 818 3102
 5.9180E+06 5.1227E-05 5.9190E+06 5.1237E-05 5.9200E+06 5.1247E-05 818 3102
 5.9210E+06 5.1257E-05 5.9220E+06 5.1266E-05 5.9230E+06 5.1276E-05 818 3102
 5.9240E+06 5.1286E-05 5.9250E+06 5.1296E-05 5.9260E+06 5.1306E-05 818 3102
 5.9280E+06 5.1325E-05 5.9300E+06 5.1345E-05 5.9350E+06 5.1394E-05 818 3102
 5.9400E+06 5.1444E-05 5.9450E+06 5.1493E-05 5.9500E+06 5.1542E-05 818 3102
 5.9550E+06 5.1592E-05 5.9600E+06 5.1641E-05 5.9650E+06 5.1691E-05 818 3102
 5.9700E+06 5.1740E-05 5.9750E+06 5.1790E-05 5.9800E+06 5.1839E-05 818 3102
 5.9820E+06 5.1859E-05 5.9840E+06 5.1879E-05 5.9850E+06 5.1889E-05 818 3102
 5.9860E+06 5.1899E-05 5.9880E+06 5.1919E-05 5.9900E+06 5.1938E-05 818 3102
 5.9920E+06 5.1958E-05 5.9940E+06 5.1978E-05 5.9950E+06 5.1988E-05 818 3102
 5.9960E+06 5.1998E-05 5.9970E+06 5.2008E-05 5.9980E+06 5.2018E-05 818 3102
 5.9990E+06 5.2028E-05 6.0000E+06 5.2038E-05 6.0010E+06 5.2048E-05 818 3102
 6.0020E+06 5.2058E-05 6.0030E+06 5.2068E-05 6.0040E+06 5.2078E-05 818 3102
 6.0060E+06 5.2098E-05 6.0080E+06 5.2117E-05 6.0100E+06 5.2137E-05 818 3102
 6.0120E+06 5.2157E-05 6.0140E+06 5.2177E-05 6.0150E+06 5.2187E-05 818 3102
 6.0160E+06 5.2197E-05 6.0180E+06 5.2217E-05 6.0200E+06 5.2237E-05 818 3102
 6.0250E+06 5.2287E-05 6.0300E+06 5.2337E-05 6.0350E+06 5.2387E-05 818 3102
 6.0400E+06 5.2437E-05 6.0450E+06 5.2487E-05 6.0480E+06 5.2517E-05 818 3102
 6.0500E+06 5.2537E-05 6.0520E+06 5.2557E-05 6.0540E+06 5.2577E-05 818 3102
 6.0550E+06 5.2587E-05 6.0560E+06 5.2598E-05 6.0570E+06 5.2608E-05 818 3102
 6.0580E+06 5.2618E-05 6.0590E+06 5.2628E-05 6.0600E+06 5.2638E-05 818 3102
 6.0610E+06 5.2648E-05 6.0620E+06 5.2658E-05 6.0630E+06 5.2668E-05 818 3102
 6.0640E+06 5.2678E-05 6.0650E+06 5.2688E-05 6.0660E+06 5.2698E-05 818 3102
 6.0670E+06 5.2708E-05 6.0680E+06 5.2718E-05 6.0700E+06 5.2738E-05 818 3102
 6.0710E+06 5.2748E-05 6.0720E+06 5.2758E-05 6.0730E+06 5.2768E-05 818 3102
 6.0740E+06 5.2778E-05 6.0750E+06 5.2789E-05 6.0760E+06 5.2799E-05 818 3102
 6.0770E+06 5.2809E-05 6.0780E+06 5.2819E-05 6.0790E+06 5.2829E-05 818 3102
 6.0800E+06 5.2839E-05 6.0820E+06 5.2859E-05 6.0840E+06 5.2879E-05 818 3102
 6.0850E+06 5.2889E-05 6.0860E+06 5.2899E-05 6.0880E+06 5.2920E-05 818 3102
 6.0900E+06 5.2940E-05 6.0920E+06 5.2960E-05 6.0940E+06 5.2980E-05 818 3102
 6.0960E+06 5.3000E-05 6.0980E+06 5.3020E-05 6.1000E+06 5.3041E-05 818 3102
 6.1020E+06 5.3061E-05 6.1040E+06 5.3081E-05 6.1060E+06 5.3101E-05 818 3102
 6.1080E+06 5.3122E-05 6.1100E+06 5.3142E-05 6.1150E+06 5.3192E-05 818 3102
 6.1200E+06 5.3243E-05 6.1250E+06 5.3294E-05 6.1300E+06 5.3345E-05 818 3102
 6.1400E+06 5.3446E-05 6.1500E+06 5.3548E-05 6.1600E+06 5.3650E-05 818 3102
 6.1700E+06 5.3752E-05 6.1800E+06 5.3854E-05 6.1900E+06 5.3957E-05 818 3102
 6.2000E+06 5.4059E-05 6.2100E+06 5.4162E-05 6.2200E+06 5.4265E-05 818 3102
 6.2300E+06 5.4368E-05 6.2400E+06 5.4471E-05 6.2600E+06 5.4678E-05 818 3102
 6.2710E+06 5.4793E-05 6.2723E+06 5.4806E-05 6.2800E+06 5.4886E-05 818 3102
 6.3000E+06 5.5094E-05 6.3100E+06 5.5199E-05 6.3200E+06 5.5303E-05 818 3102
 6.3400E+06 5.5513E-05 6.3500E+06 5.5618E-05 6.3600E+06 5.5723E-05 818 3102
 6.3700E+06 5.5829E-05 6.3800E+06 5.5934E-05 6.3850E+06 5.5987E-05 818 3102
 6.3900E+06 5.6040E-05 6.3950E+06 5.6093E-05 6.4000E+06 5.6146E-05 818 3102
 6.4050E+06 5.6199E-05 6.4100E+06 5.6252E-05 6.4150E+06 5.6305E-05 818 3102
 6.4200E+06 5.6358E-05 6.4300E+06 5.6465E-05 6.4310E+06 5.6476E-05 818 3102
 6.4340E+06 5.6508E-05 6.4400E+06 5.6572E-05 6.4500E+06 5.6678E-05 818 3102
 6.4510E+06 5.6689E-05 6.4522E+06 5.6702E-05 6.4523E+06 5.6703E-05 818 3102
 6.4600E+06 5.6785E-05 6.4700E+06 5.6892E-05 6.4800E+06 5.7000E-05 818 3102
 6.4900E+06 5.7107E-05 6.5000E+06 5.7215E-05 6.5100E+06 5.7323E-05 818 3102
 6.5166E+06 5.7394E-05 6.5180E+06 5.7409E-05 6.5200E+06 5.7431E-05 818 3102
 6.5400E+06 5.7647E-05 6.5500E+06 5.7756E-05 6.5600E+06 5.7864E-05 818 3102
 6.5800E+06 5.8082E-05 6.6000E+06 5.8301E-05 6.6200E+06 5.8520E-05 818 3102
 6.6400E+06 5.8740E-05 6.6500E+06 5.8851E-05 6.6550E+06 5.8906E-05 818 3102
 6.6600E+06 5.8961E-05 6.6650E+06 5.9017E-05 6.6700E+06 5.9072E-05 818 3102
 6.6750E+06 5.9127E-05 6.6800E+06 5.9183E-05 6.6850E+06 5.9238E-05 818 3102
 6.6900E+06 5.9294E-05 6.6950E+06 5.9349E-05 6.7000E+06 5.9405E-05 818 3102
 6.7200E+06 5.9628E-05 6.7400E+06 5.9852E-05 6.7600E+06 6.0076E-05 818 3102
 6.7700E+06 6.0189E-05 6.7800E+06 6.0302E-05 6.7900E+06 6.0414E-05 818 3102
 6.7950E+06 6.0471E-05 6.8000E+06 6.0528E-05 6.8050E+06 6.0584E-05 818 3102
 6.8100E+06 6.0641E-05 6.8200E+06 6.0754E-05 6.8300E+06 6.0868E-05 818 3102
 6.8400E+06 6.0982E-05 6.8500E+06 6.1096E-05 6.8600E+06 6.1210E-05 818 3102
 6.8800E+06 6.1439E-05 6.9000E+06 6.1669E-05 6.9200E+06 6.1899E-05 818 3102
 6.9400E+06 6.2131E-05 6.9500E+06 6.2246E-05 6.9600E+06 6.2363E-05 818 3102
 6.9800E+06 6.2595E-05 7.0000E+06 6.2829E-05 7.0200E+06 6.3064E-05 818 3102
 7.0300E+06 6.3181E-05 7.0350E+06 6.3240E-05 7.0400E+06 6.3299E-05 818 3102
 7.0450E+06 6.3358E-05 7.0500E+06 6.3417E-05 7.0550E+06 6.3476E-05 818 3102
 7.0600E+06 6.3535E-05 7.0650E+06 6.3594E-05 7.0700E+06 6.3653E-05 818 3102
 7.0800E+06 6.3772E-05 7.0900E+06 6.3890E-05 7.1000E+06 6.4009E-05 818 3102
 7.1200E+06 6.4248E-05 7.1400E+06 6.4487E-05 7.1500E+06 6.4607E-05 818 3102
 7.1600E+06 6.4727E-05 7.1700E+06 6.4847E-05 7.1800E+06 6.4968E-05 818 3102
 7.1900E+06 6.5088E-05 7.2000E+06 6.5209E-05 7.2100E+06 6.5331E-05 818 3102
 7.2200E+06 6.5452E-05 7.2300E+06 6.5574E-05 7.2400E+06 6.5695E-05 818 3102
 7.2500E+06 6.5817E-05 7.2600E+06 6.5939E-05 7.2800E+06 6.6184E-05 818 3102
 7.3000E+06 6.6430E-05 7.3200E+06 6.6677E-05 7.3250E+06 6.6739E-05 818 3102
 7.3300E+06 6.6801E-05 7.3350E+06 6.6863E-05 7.3400E+06 6.6925E-05 818 3102
 7.3450E+06 6.6987E-05 7.3500E+06 6.7049E-05 7.3530E+06 6.7086E-05 818 3102
 7.3534E+06 6.7086E-05 7.3534E+06 6.7091E-05 7.3550E+06 6.7111E-05 818 3102
 7.3600E+06 6.7173E-05 7.3650E+06 6.7235E-05 7.3700E+06 6.7297E-05 818 3102
 7.3750E+06 6.7360E-05 7.3800E+06 6.7422E-05 7.3850E+06 6.7485E-05 818 3102
 7.3900E+06 6.7547E-05 7.4000E+06 6.7672E-05 7.4200E+06 6.7923E-05 818 3102
 7.4400E+06 6.8175E-05 7.4500E+06 6.8301E-05 7.4600E+06 6.8428E-05 818 3102
 7.4800E+06 6.8681E-05 7.5000E+06 6.8936E-05 7.5200E+06 6.9191E-05 818 3102
 7.5400E+06 6.9448E-05 7.5500E+06 6.9576E-05 7.5600E+06 6.9705E-05 818 3102
 7.5658E+06 6.9779E-05 7.5658E+06 6.9779E-05 7.5680E+06 6.9808E-05 818 3102
 7.6000E+06 7.0222E-05 7.6400E+06 7.0742E-05 7.6500E+06 7.0873E-05 818 3102
 7.6600E+06 7.1004E-05 7.6800E+06 7.1267E-05 7.7000E+06 7.1530E-05 818 3102
 7.7250E+06 7.1861E-05 7.7400E+06 7.2060E-05 7.7500E+06 7.2193E-05 818 3102
 7.7600E+06 7.2326E-05 7.7750E+06 7.2527E-05 7.7800E+06 7.2594E-05 818 3102
 7.8000E+06 7.2862E-05 7.8200E+06 7.3131E-05 7.8400E+06 7.3401E-05 818 3102
 7.8500E+06 7.3537E-05 7.8600E+06 7.3672E-05 7.8800E+06 7.3944E-05 818 3102
 7.9000E+06 7.4217E-05 7.9200E+06 7.4492E-05 7.9400E+06 7.4767E-05 818 3102
 7.9500E+06 7.4904E-05 7.9600E+06 7.5042E-05 7.9800E+06 7.5319E-05 818 3102
 8.0000E+06 7.5597E-05 8.0200E+06 7.5876E-05 8.0400E+06 7.6156E-05 818 3102
 8.0600E+06 7.6437E-05 8.0800E+06 7.6719E-05 8.1000E+06 7.7002E-05 818 3102
 8.1500E+06 7.7714E-05 8.2000E+06 7.8433E-05 8.2400E+06 7.9012E-05 818 3102
 8.2500E+06 7.9158E-05 8.2800E+06 7.9596E-05 8.3000E+06 7.9890E-05 818 3102
 8.3200E+06 8.0184E-05 8.3400E+06 8.0480E-05 8.3500E+06 8.0628E-05 818 3102
 8.3600E+06 8.0776E-05 8.4000E+06 8.1373E-05 8.4400E+06 8.1974E-05 818 3102
 8.4500E+06 8.2125E-05 8.4600E+06 8.2276E-05 8.5000E+06 8.2884E-05 818 3102
 8.5200E+06 8.3190E-05 8.5400E+06 8.3497E-05 8.5500E+06 8.3650E-05 818 3102
 8.5600E+06 8.3804E-05 8.6000E+06 8.4424E-05 8.6200E+06 8.4735E-05 818 3102
 8.6400E+06 8.5047E-05 8.6500E+06 8.5204E-05 8.6600E+06 8.5361E-05 818 3102
 8.6800E+06 8.5676E-05 8.7000E+06 8.5992E-05 8.7200E+06 8.6309E-05 818 3102
 8.7400E+06 8.6627E-05 8.7450E+06 8.6707E-05 8.7500E+06 8.6787E-05 818 3102
 8.7600E+06 8.6947E-05 8.7800E+06 8.7268E-05 8.8000E+06 8.7590E-05 818 3102
 8.8200E+06 8.7913E-05 8.8400E+06 8.8237E-05 8.8500E+06 8.8400E-05 818 3102
 8.8600E+06 8.8563E-05 8.8800E+06 8.8890E-05 8.9000E+06 8.9218E-05 818 3102
 8.9200E+06 8.9547E-05 8.9400E+06 8.9878E-05 8.9500E+06 9.0044E-05 818 3102
 8.9600E+06 9.0210E-05 8.9800E+06 9.0543E-05 8.9870E+06 9.0660E-05 818 3102
 9.0000E+06 9.0877E-05 9.0200E+06 9.1213E-05 9.0400E+06 9.1550E-05 818 3102
 9.0500E+06 9.1719E-05 9.0600E+06 9.1888E-05 9.0800E+06 9.2228E-05 818 3102
 9.1000E+06 9.2569E-05 9.1200E+06 9.2911E-05 9.1360E+06 9.3185E-05 818 3102
 9.1400E+06 9.3254E-05 9.1500E+06 9.3426E-05 9.1600E+06 9.3599E-05 818 3102
 9.1800E+06 9.3945E-05 9.2000E+06 9.4293E-05 9.2480E+06 9.5132E-05 818 3102
 9.2500E+06 9.5167E-05 9.3000E+06 9.6050E-05 9.3500E+06 9.6942E-05 818 3102
 9.4000E+06 9.7842E-05 9.4310E+06 9.8405E-05 9.4315E+06 9.8414E-05 818 3102
 9.4500E+06 9.8752E-05 9.4700E+06 9.9118E-05 9.5000E+06 9.9670E-05 818 3102
 9.5080E+06 9.9817E-05 9.5500E+06 1.0060E-04 9.6000E+06 1.0153E-04 818 3102
 9.6500E+06 1.0248E-04 9.6760E+06 1.0297E-04 9.7000E+06 1.0343E-04 818 3102
 9.7200E+06 1.0382E-04 9.7400E+06 1.0421E-04 9.7500E+06 1.0440E-04 818 3102
 9.7600E+06 1.0459E-04 9.7800E+06 1.0498E-04 9.8000E+06 1.0537E-04 818 3102
 9.8500E+06 1.0636E-04 9.9000E+06 1.0735E-04 9.9500E+06 1.0836E-04 818 3102
 1.0000E+07 1.0937E-04 1.0100E+07 1.1143E-04 1.0122E+07 1.1189E-04 818 3102
 1.0150E+07 1.1247E-04 1.0190E+07 1.1332E-04 1.0190E+07 1.1332E-04 818 3102
 1.0200E+07 1.1353E-04 1.0202E+07 1.1357E-04 1.0245E+07 1.1449E-04 818 3102
 1.0245E+07 1.1449E-04 1.0247E+07 1.1453E-04 1.0250E+07 1.1460E-04 818 3102
 1.0300E+07 1.1568E-04 1.0350E+07 1.1677E-04 1.0400E+07 1.1787E-04 818 3102
 1.0450E+07 1.1898E-04 1.0465E+07 1.1931E-04 1.0465E+07 1.1931E-04 818 3102
 1.0468E+07 1.1938E-04 1.0500E+07 1.2010E-04 1.0526E+07 1.2069E-04 818 3102
 1.0528E+07 1.2074E-04 1.0550E+07 1.2124E-04 1.0563E+07 1.2153E-04 818 3102
 1.0600E+07 1.2238E-04 1.0650E+07 1.2354E-04 1.0669E+07 1.2399E-04 818 3102
 1.0680E+07 1.2425E-04 1.0690E+07 1.2448E-04 1.0700E+07 1.2472E-04 818 3102
 1.0710E+07 1.2495E-04 1.0720E+07 1.2519E-04 1.0730E+07 1.2543E-04 818 3102
 1.0740E+07 1.2566E-04 1.0750E+07 1.2590E-04 1.0760E+07 1.2614E-04 818 3102
 1.0770E+07 1.2638E-04 1.0780E+07 1.2662E-04 1.0790E+07 1.2686E-04 818 3102
 1.0800E+07 1.2710E-04 1.0810E+07 1.2734E-04 1.0820E+07 1.2758E-04 818 3102
 1.0830E+07 1.2782E-04 1.0840E+07 1.2806E-04 1.0850E+07 1.2831E-04 818 3102
 1.0860E+07 1.2855E-04 1.0870E+07 1.2879E-04 1.0880E+07 1.2904E-04 818 3102
 1.0890E+07 1.2928E-04 1.0900E+07 1.2953E-04 1.0910E+07 1.2978E-04 818 3102
 1.0920E+07 1.3002E-04 1.0930E+07 1.3027E-04 1.0940E+07 1.3052E-04 818 3102
 1.0950E+07 1.3076E-04 1.0960E+07 1.3101E-04 1.0970E+07 1.3126E-04 818 3102
 1.0980E+07 1.3151E-04 1.0990E+07 1.3176E-04 1.1000E+07 1.3201E-04 818 3102
 1.1007E+07 1.3219E-04 1.1009E+07 1.3224E-04 1.1100E+07 1.3455E-04 818 3102
 1.1150E+07 1.3584E-04 1.1200E+07 1.3715E-04 1.1220E+07 1.3767E-04 818 3102
 1.1300E+07 1.3980E-04 1.1350E+07 1.4115E-04 1.1400E+07 1.4251E-04 818 3102
 1.1450E+07 1.4389E-04 1.1500E+07 1.4528E-04 1.1520E+07 1.4584E-04 818 3102
 1.1540E+07 1.4640E-04 1.1600E+07 1.4811E-04 1.1643E+07 1.4935E-04 818 3102
 1.1648E+07 1.4949E-04 1.1650E+07 1.4955E-04 1.1700E+07 1.5101E-04 818 3102
 1.1750E+07 1.5248E-04 1.1779E+07 1.5334E-04 1.1779E+07 1.5334E-04 818 3102
 1.1779E+07 1.5334E-04 1.1796E+07 1.5385E-04 1.1797E+07 1.5388E-04 818 3102
 1.1800E+07 1.5397E-04 1.1850E+07 1.5548E-04 1.1900E+07 1.5700E-04 818 3102
 1.1950E+07 1.5854E-04 1.1970E+07 1.5916E-04 1.1970E+07 1.5916E-04 818 3102
 1.2000E+07 1.6010E-04 1.2100E+07 1.6327E-04 1.2110E+07 1.6359E-04 818 3102
 1.2161E+07 1.6524E-04 1.2200E+07 1.6651E-04 1.2247E+07 1.6807E-04 818 3102
 1.2248E+07 1.6810E-04 1.2300E+07 1.6984E-04 1.2332E+07 1.7091E-04 818 3102
 1.2333E+07 1.7095E-04 1.2363E+07 1.7197E-04 1.2370E+07 1.7221E-04 818 3102
 1.2400E+07 1.7324E-04 1.2500E+07 1.7672E-04 1.2550E+07 1.7849E-04 818 3102
 1.2580E+07 1.7956E-04 1.2600E+07 1.8028E-04 1.2620E+07 1.8100E-04 818 3102
 1.2650E+07 1.8209E-04 1.2700E+07 1.8393E-04 1.2750E+07 1.8579E-04 818 3102
 1.2800E+07 1.8767E-04 1.2809E+07 1.8801E-04 1.2813E+07 1.8816E-04 818 3102
 1.2850E+07 1.8957E-04 1.2900E+07 1.9149E-04 1.2950E+07 1.9344E-04 818 3102
 1.3000E+07 1.9542E-04 1.3050E+07 1.9741E-04 1.3100E+07 1.9943E-04 818 3102
 1.3150E+07 2.0148E-04 1.3200E+07 2.0355E-04 1.3225E+07 2.0460E-04 818 3102
 1.3225E+07 2.0460E-04 1.3227E+07 2.0468E-04 1.3300E+07 2.0778E-04 818 3102
 1.3318E+07 2.0855E-04 1.3320E+07 2.0863E-04 1.3400E+07 2.1210E-04 818 3102
 1.3500E+07 2.1654E-04 1.3600E+07 2.2109E-04 1.3602E+07 2.2118E-04 818 3102
 1.3603E+07 2.2123E-04 1.3610E+07 2.2155E-04 1.3620E+07 2.2201E-04 818 3102
 1.3630E+07 2.2248E-04 1.3640E+07 2.2294E-04 1.3650E+07 2.2341E-04 818 3102
 1.3660E+07 2.2388E-04 1.3670E+07 2.2435E-04 1.3680E+07 2.2481E-04 818 3102
 1.3690E+07 2.2529E-04 1.3700E+07 2.2576E-04 1.3710E+07 2.2623E-04 818 3102
 1.3720E+07 2.2671E-04 1.3730E+07 2.2718E-04 1.3740E+07 2.2766E-04 818 3102
 1.3750E+07 2.2814E-04 1.3760E+07 2.2862E-04 1.3770E+07 2.2910E-04 818 3102
 1.3780E+07 2.2958E-04 1.3785E+07 2.2982E-04 1.3787E+07 2.2992E-04 818 3102
 1.3790E+07 2.3006E-04 1.3800E+07 2.3055E-04 1.3810E+07 2.3103E-04 818 3102
 1.3820E+07 2.3152E-04 1.3830E+07 2.3201E-04 1.3840E+07 2.3249E-04 818 3102
 1.3850E+07 2.3299E-04 1.3860E+07 2.3348E-04 1.3870E+07 2.3397E-04 818 3102
 1.3880E+07 2.3446E-04 1.3890E+07 2.3496E-04 1.3900E+07 2.3546E-04 818 3102
 1.3950E+07 2.3796E-04 1.3979E+07 2.3943E-04 1.3979E+07 2.3943E-04 818 3102
 1.4000E+07 2.4050E-04 1.4100E+07 2.4567E-04 1.4200E+07 2.5098E-04 818 3102
 1.4298E+07 2.5632E-04 1.4298E+07 2.5632E-04 1.4300E+07 2.5643E-04 818 3102
 1.4400E+07 2.6202E-04 1.4500E+07 2.6777E-04 1.4600E+07 2.7367E-04 818 3102
 1.4617E+07 2.7469E-04 1.4617E+07 2.7469E-04 1.4700E+07 2.7973E-04 818 3102
 1.4800E+07 2.8596E-04 1.4900E+07 2.9236E-04 1.4936E+07 2.9471E-04 818 3102
 1.4936E+07 2.9471E-04 1.5000E+07 2.9894E-04 1.5020E+07 3.0027E-04 818 3102
 1.5040E+07 3.0162E-04 1.5100E+07 3.0570E-04 1.5200E+07 3.1264E-04 818 3102
 1.5255E+07 3.1655E-04 1.5255E+07 3.1655E-04 1.5300E+07 3.1979E-04 818 3102
 1.5400E+07 3.2713E-04 1.5500E+07 3.3468E-04 1.5574E+07 3.4041E-04 818 3102
 1.5574E+07 3.4041E-04 1.5600E+07 3.4245E-04 1.5700E+07 3.5044E-04 818 3102
 1.5800E+07 3.5866E-04 1.5893E+07 3.6652E-04 1.5893E+07 3.6652E-04 818 3102
 1.5900E+07 3.6712E-04 1.6000E+07 3.7581E-04 1.6100E+07 3.8477E-04 818 3102
 1.6200E+07 3.9398E-04 1.6212E+07 3.9510E-04 1.6300E+07 4.0346E-04 818 3102
 1.6400E+07 4.1321E-04 1.6500E+07 4.2325E-04 1.6531E+07 4.2642E-04 818 3102
 1.6600E+07 4.3358E-04 1.6700E+07 4.4422E-04 1.6800E+07 4.5516E-04 818 3102
 1.6850E+07 4.6075E-04 1.7000E+07 4.7802E-04 1.7100E+07 4.8995E-04 818 3102
 1.7168E+07 4.9826E-04 1.7169E+07 4.9838E-04 1.7200E+07 5.0223E-04 818 3102
 1.7300E+07 5.1485E-04 1.7400E+07 5.2785E-04 1.7487E+07 5.3945E-04 818 3102
 1.7488E+07 5.3959E-04 1.7500E+07 5.4121E-04 1.7600E+07 5.5495E-04 818 3102
 1.7700E+07 5.6908E-04 1.7800E+07 5.8360E-04 1.7806E+07 5.8449E-04 818 3102
 1.7807E+07 5.8463E-04 1.8000E+07 6.1385E-04 1.8100E+07 6.2959E-04 818 3102
 1.8125E+07 6.3359E-04 1.8126E+07 6.3375E-04 1.8200E+07 6.4574E-04 818 3102
 1.8300E+07 6.6232E-04 1.8400E+07 6.7931E-04 1.8444E+07 6.8692E-04 818 3102
 1.8444E+07 6.8692E-04 1.8500E+07 6.9672E-04 1.8600E+07 7.1456E-04 818 3102
 1.8700E+07 7.3281E-04 1.8763E+07 7.4453E-04 1.8763E+07 7.4453E-04 818 3102
 1.8800E+07 7.5148E-04 1.8900E+07 7.7056E-04 1.9000E+07 7.9004E-04 818 3102
 1.9082E+07 8.0630E-04 1.9082E+07 8.0630E-04 1.9100E+07 8.0991E-04 818 3102
 1.9200E+07 8.3016E-04 1.9300E+07 8.5077E-04 1.9400E+07 8.7173E-04 818 3102
 1.9401E+07 8.7194E-04 1.9401E+07 8.7194E-04 1.9500E+07 8.9301E-04 818 3102
 1.9600E+07 9.1460E-04 1.9700E+07 9.3647E-04 1.9720E+07 9.4087E-04 818 3102
 1.9720E+07 9.4087E-04 1.9800E+07 9.5858E-04 2.0000E+07 1.0034E-03 818 3102
                                                                   818 3  0
