PD-105N,G    1.0000+00* JEF-2.2                                   4605 3102
                                                                  4605 3102
 4.61050+04 1.0400E+02          0         99          0          04605 3102
 3.0000E+02 9.5642E+06          0          0          1       12824605 3102
       1282          2                                            4605 3102
 1.0000E-05 0.0000E+00 1.0000E-05 4.4674E+02 1.0500E-04 4.4674E+024605 3102
 1.0500E-04 3.3797E+02 1.1000E-04 3.3797E+02 1.1000E-04 3.3045E+024605 3102
 1.1500E-04 3.3045E+02 1.1500E-04 3.2324E+02 1.2000E-04 3.2324E+024605 3102
 1.2000E-04 3.1506E+02 1.2750E-04 3.1506E+02 1.2750E-04 3.0593E+024605 3102
 1.3500E-04 3.0593E+02 1.3500E-04 2.9760E+02 1.4250E-04 2.9760E+024605 3102
 1.4250E-04 2.8981E+02 1.5000E-04 2.8981E+02 1.5000E-04 2.8151E+024605 3102
 1.6000E-04 2.8151E+02 1.6000E-04 2.7286E+02 1.7000E-04 2.7286E+024605 3102
 1.7000E-04 2.6508E+02 1.8000E-04 2.6508E+02 1.8000E-04 2.5775E+024605 3102
 1.9000E-04 2.5775E+02 1.9000E-04 2.5123E+02 2.0000E-04 2.5123E+024605 3102
 2.0000E-04 2.4484E+02 2.1000E-04 2.4484E+02 2.1000E-04 2.3912E+024605 3102
 2.2000E-04 2.3912E+02 2.2000E-04 2.3367E+02 2.3000E-04 2.3367E+024605 3102
 2.3000E-04 2.2867E+02 2.4000E-04 2.2867E+02 2.4000E-04 2.2291E+024605 3102
 2.5500E-04 2.2291E+02 2.5500E-04 2.1641E+02 2.7000E-04 2.1641E+024605 3102
 2.7000E-04 2.1141E+02 2.8000E-04 2.1141E+02 2.8000E-04 2.0590E+024605 3102
 3.0000E-04 2.0590E+02 3.0000E-04 1.9913E+02 3.2000E-04 1.9913E+024605 3102
 3.2000E-04 1.9305E+02 3.4000E-04 1.9305E+02 3.4000E-04 1.8744E+024605 3102
 3.6000E-04 1.8744E+02 3.6000E-04 1.8227E+02 3.8000E-04 1.8227E+024605 3102
 3.8000E-04 1.7759E+02 4.0000E-04 1.7759E+02 4.0000E-04 1.7266E+024605 3102
 4.2500E-04 1.7266E+02 4.2500E-04 1.6762E+02 4.5000E-04 1.6762E+024605 3102
 4.5000E-04 1.6305E+02 4.7500E-04 1.6305E+02 4.7500E-04 1.5886E+024605 3102
 5.0000E-04 1.5886E+02 5.0000E-04 1.5491E+02 5.2500E-04 1.5491E+024605 3102
 5.2500E-04 1.5125E+02 5.5000E-04 1.5125E+02 5.5000E-04 1.4787E+024605 3102
 5.7500E-04 1.4787E+02 5.7500E-04 1.4466E+02 6.0000E-04 1.4466E+024605 3102
 6.0000E-04 1.4141E+02 6.3000E-04 1.4141E+02 6.3000E-04 1.3809E+024605 3102
 6.6000E-04 1.3809E+02 6.6000E-04 1.3505E+02 6.9000E-04 1.3505E+024605 3102
 6.9000E-04 1.3205E+02 7.2000E-04 1.3205E+02 7.2000E-04 1.2892E+024605 3102
 7.6000E-04 1.2892E+02 7.6000E-04 1.2557E+02 8.0000E-04 1.2557E+024605 3102
 8.0000E-04 1.2249E+02 8.4000E-04 1.2249E+02 8.4000E-04 1.1956E+024605 3102
 8.8000E-04 1.1956E+02 8.8000E-04 1.1688E+02 9.2000E-04 1.1688E+024605 3102
 9.2000E-04 1.1443E+02 9.6000E-04 1.1443E+02 9.6000E-04 1.1202E+024605 3102
 1.0000E-03 1.1202E+02 1.0000E-03 1.0955E+02 1.0500E-03 1.0955E+024605 3102
 1.0500E-03 1.0695E+02 1.1000E-03 1.0695E+02 1.1000E-03 1.0457E+024605 3102
 1.1500E-03 1.0457E+02 1.1500E-03 1.0228E+02 1.2000E-03 1.0228E+024605 3102
 1.2000E-03 9.9674E+01 1.2750E-03 9.9674E+01 1.2750E-03 9.6829E+014605 3102
 1.3500E-03 9.6829E+01 1.3500E-03 9.4126E+01 1.4250E-03 9.4126E+014605 3102
 1.4250E-03 9.1684E+01 1.5000E-03 9.1684E+01 1.5000E-03 8.9059E+014605 3102
 1.6000E-03 8.9059E+01 1.6000E-03 8.6321E+01 1.7000E-03 8.6321E+014605 3102
 1.7000E-03 8.3784E+01 1.8000E-03 8.3784E+01 1.8000E-03 8.1525E+014605 3102
 1.9000E-03 8.1525E+01 1.9000E-03 7.9387E+01 2.0000E-03 7.9387E+014605 3102
 2.0000E-03 7.7440E+01 2.1000E-03 7.7440E+01 2.1000E-03 7.5590E+014605 3102
 2.2000E-03 7.5590E+01 2.2000E-03 7.3907E+01 2.3000E-03 7.3907E+014605 3102
 2.3000E-03 7.2293E+01 2.4000E-03 7.2293E+01 2.4000E-03 7.0446E+014605 3102
 2.5500E-03 7.0446E+01 2.5500E-03 6.8436E+01 2.7000E-03 6.8436E+014605 3102
 2.7000E-03 6.6826E+01 2.8000E-03 6.6826E+01 2.8000E-03 6.5070E+014605 3102
 3.0000E-03 6.5070E+01 3.0000E-03 6.2936E+01 3.2000E-03 6.2936E+014605 3102
 3.2000E-03 6.0999E+01 3.4000E-03 6.0999E+01 3.4000E-03 5.9205E+014605 3102
 3.6000E-03 5.9205E+01 3.6000E-03 5.7609E+01 3.8000E-03 5.7609E+014605 3102
 3.8000E-03 5.6092E+01 4.0000E-03 5.6092E+01 4.0000E-03 5.4547E+014605 3102
 4.2500E-03 5.4547E+01 4.2500E-03 5.2949E+01 4.5000E-03 5.2949E+014605 3102
 4.5000E-03 5.1490E+01 4.7500E-03 5.1490E+01 4.7500E-03 5.0153E+014605 3102
 5.0000E-03 5.0153E+01 5.0000E-03 4.8917E+01 5.2500E-03 4.8917E+014605 3102
 5.2500E-03 4.7772E+01 5.5000E-03 4.7772E+01 5.5000E-03 4.6659E+014605 3102
 5.7500E-03 4.6659E+01 5.7500E-03 4.5674E+01 6.0000E-03 4.5674E+014605 3102
 6.0000E-03 4.4632E+01 6.3000E-03 4.4632E+01 6.3000E-03 4.3580E+014605 3102
 6.6000E-03 4.3580E+01 6.6000E-03 4.2584E+01 6.9000E-03 4.2584E+014605 3102
 6.9000E-03 4.1659E+01 7.2000E-03 4.1659E+01 7.2000E-03 4.0678E+014605 3102
 7.6000E-03 4.0678E+01 7.6000E-03 3.9603E+01 8.0000E-03 3.9603E+014605 3102
 8.0000E-03 3.8629E+01 8.4000E-03 3.8629E+01 8.4000E-03 3.7701E+014605 3102
 8.8000E-03 3.7701E+01 8.8000E-03 3.6857E+01 9.2000E-03 3.6857E+014605 3102
 9.2000E-03 3.6048E+01 9.6000E-03 3.6048E+01 9.6000E-03 3.5304E+014605 3102
 1.0000E-02 3.5304E+01 1.0000E-02 3.4521E+01 1.0500E-02 3.4521E+014605 3102
 1.0500E-02 3.3709E+01 1.1000E-02 3.3709E+01 1.1000E-02 3.2921E+014605 3102
 1.1500E-02 3.2921E+01 1.1500E-02 3.2223E+01 1.2000E-02 3.2223E+014605 3102
 1.2000E-02 3.1387E+01 1.2750E-02 3.1387E+01 1.2750E-02 3.0472E+014605 3102
 1.3500E-02 3.0472E+01 1.3500E-02 2.9617E+01 1.4250E-02 2.9617E+014605 3102
 1.4250E-02 2.8850E+01 1.5000E-02 2.8850E+01 1.5000E-02 2.8014E+014605 3102
 1.6000E-02 2.8014E+01 1.6000E-02 2.7145E+01 1.7000E-02 2.7145E+014605 3102
 1.7000E-02 2.6342E+01 1.8000E-02 2.6342E+01 1.8000E-02 2.5608E+014605 3102
 1.9000E-02 2.5608E+01 1.9000E-02 2.4936E+01 2.0000E-02 2.4936E+014605 3102
 2.0000E-02 2.4315E+01 2.1000E-02 2.4315E+01 2.1000E-02 2.3738E+014605 3102
 2.2000E-02 2.3738E+01 2.2000E-02 2.3178E+01 2.3000E-02 2.3178E+014605 3102
 2.3000E-02 2.2683E+01 2.4000E-02 2.2683E+01 2.4000E-02 2.2089E+014605 3102
 2.5500E-02 2.2089E+01 2.5500E-02 2.1439E+01 2.7000E-02 2.1439E+014605 3102
 2.7000E-02 2.0926E+01 2.8000E-02 2.0926E+01 2.8000E-02 2.0375E+014605 3102
 3.0000E-02 2.0375E+01 3.0000E-02 1.9692E+01 3.2000E-02 1.9692E+014605 3102
 3.2000E-02 1.9074E+01 3.4000E-02 1.9074E+01 3.4000E-02 1.8502E+014605 3102
 3.6000E-02 1.8502E+01 3.6000E-02 1.7980E+01 3.8000E-02 1.7980E+014605 3102
 3.8000E-02 1.7501E+01 4.0000E-02 1.7501E+01 4.0000E-02 1.7008E+014605 3102
 4.2500E-02 1.7008E+01 4.2500E-02 1.6495E+01 4.5000E-02 1.6495E+014605 3102
 4.5000E-02 1.6025E+01 4.7500E-02 1.6025E+01 4.7500E-02 1.5597E+014605 3102
 5.0000E-02 1.5597E+01 5.0000E-02 1.5194E+01 5.2500E-02 1.5194E+014605 3102
 5.2500E-02 1.4821E+01 5.5000E-02 1.4821E+01 5.5000E-02 1.4472E+014605 3102
 5.7500E-02 1.4472E+01 5.7500E-02 1.4154E+01 6.0000E-02 1.4154E+014605 3102
 6.0000E-02 1.3819E+01 6.3000E-02 1.3819E+01 6.3000E-02 1.3478E+014605 3102
 6.6000E-02 1.3478E+01 6.6000E-02 1.3158E+01 6.9000E-02 1.3158E+014605 3102
 6.9000E-02 1.2861E+01 7.2000E-02 1.2861E+01 7.2000E-02 1.2536E+014605 3102
 7.6000E-02 1.2536E+01 7.6000E-02 1.2193E+01 8.0000E-02 1.2193E+014605 3102
 8.0000E-02 1.1876E+01 8.4000E-02 1.1876E+01 8.4000E-02 1.1581E+014605 3102
 8.8000E-02 1.1581E+01 8.8000E-02 1.1294E+01 9.2000E-02 1.1294E+014605 3102
 9.2000E-02 1.1041E+01 9.6000E-02 1.1041E+01 9.6000E-02 1.0795E+014605 3102
 1.0000E-01 1.0795E+01 1.0000E-01 1.0538E+01 1.0500E-01 1.0538E+014605 3102
 1.0500E-01 1.0269E+01 1.1000E-01 1.0269E+01 1.1000E-01 1.0018E+014605 3102
 1.1500E-01 1.0018E+01 1.1500E-01 9.7886E+00 1.2000E-01 9.7886E+004605 3102
 1.2000E-01 9.5189E+00 1.2750E-01 9.5189E+00 1.2750E-01 9.2175E+004605 3102
 1.3500E-01 9.2175E+00 1.3500E-01 8.9363E+00 1.4250E-01 8.9363E+004605 3102
 1.4250E-01 8.6797E+00 1.5000E-01 8.6797E+00 1.5000E-01 8.4080E+004605 3102
 1.6000E-01 8.4080E+00 1.6000E-01 8.1210E+00 1.7000E-01 8.1210E+004605 3102
 1.7000E-01 7.8543E+00 1.8000E-01 7.8543E+00 1.8000E-01 7.6088E+004605 3102
 1.9000E-01 7.6088E+00 1.9000E-01 7.3859E+00 2.0000E-01 7.3859E+004605 3102
 2.0000E-01 7.1752E+00 2.1000E-01 7.1752E+00 2.1000E-01 6.9793E+004605 3102
 2.2000E-01 6.9793E+00 2.2000E-01 6.7963E+00 2.3000E-01 6.7963E+004605 3102
 2.3000E-01 6.6294E+00 2.4000E-01 6.6294E+00 2.4000E-01 6.4362E+004605 3102
 2.5500E-01 6.4362E+00 2.5500E-01 6.2159E+00 2.7000E-01 6.2159E+004605 3102
 2.7000E-01 6.0371E+00 2.8000E-01 6.0371E+00 2.8000E-01 5.8598E+004605 3102
 3.0000E-01 5.8598E+00 3.0000E-01 5.6260E+00 3.2000E-01 5.6260E+004605 3102
 3.2000E-01 5.4128E+00 3.4000E-01 5.4128E+00 3.4000E-01 5.2180E+004605 3102
 3.6000E-01 5.2180E+00 3.6000E-01 5.0400E+00 3.8000E-01 5.0400E+004605 3102
 3.8000E-01 4.8765E+00 4.0000E-01 4.8765E+00 4.0000E-01 4.7043E+004605 3102
 4.2500E-01 4.7043E+00 4.2500E-01 4.5187E+00 4.5000E-01 4.5187E+004605 3102
 4.5000E-01 4.3566E+00 4.7500E-01 4.3566E+00 4.7500E-01 4.2076E+004605 3102
 5.0000E-01 4.2076E+00 5.0000E-01 4.0714E+00 5.2500E-01 4.0714E+004605 3102
 5.2500E-01 3.9433E+00 5.5000E-01 3.9433E+00 5.5000E-01 3.8230E+004605 3102
 5.7500E-01 3.8230E+00 5.7500E-01 3.7094E+00 6.0000E-01 3.7094E+004605 3102
 6.0000E-01 3.5940E+00 6.3000E-01 3.5940E+00 6.3000E-01 3.4745E+004605 3102
 6.6000E-01 3.4745E+00 6.6000E-01 3.3642E+00 6.9000E-01 3.3642E+004605 3102
 6.9000E-01 3.2611E+00 7.2000E-01 3.2611E+00 7.2000E-01 3.1491E+004605 3102
 7.6000E-01 3.1491E+00 7.6000E-01 3.0307E+00 8.0000E-01 3.0307E+004605 3102
 8.0000E-01 2.9193E+00 8.4000E-01 2.9193E+00 8.4000E-01 2.8156E+004605 3102
 8.8000E-01 2.8156E+00 8.8000E-01 2.7188E+00 9.2000E-01 2.7188E+004605 3102
 9.2000E-01 2.6290E+00 9.6000E-01 2.6290E+00 9.6000E-01 2.5449E+004605 3102
 1.0000E+00 2.5449E+00 1.0000E+00 2.4567E+00 1.0500E+00 2.4567E+004605 3102
 1.0500E+00 2.3651E+00 1.1000E+00 2.3651E+00 1.1000E+00 2.2804E+004605 3102
 1.1500E+00 2.2804E+00 1.1500E+00 2.2026E+00 1.2000E+00 2.2026E+004605 3102
 1.2000E+00 2.1102E+00 1.2750E+00 2.1102E+00 1.2750E+00 2.0096E+004605 3102
 1.3500E+00 2.0096E+00 1.3500E+00 1.9174E+00 1.4250E+00 1.9174E+004605 3102
 1.4250E+00 1.8329E+00 1.5000E+00 1.8329E+00 1.5000E+00 1.7435E+004605 3102
 1.6000E+00 1.7435E+00 1.6000E+00 1.6506E+00 1.7000E+00 1.6506E+004605 3102
 1.7000E+00 1.5668E+00 1.8000E+00 1.5668E+00 1.8000E+00 1.4908E+004605 3102
 1.9000E+00 1.4908E+00 1.9000E+00 1.4218E+00 2.0000E+00 1.4218E+004605 3102
 2.0000E+00 1.3588E+00 2.1000E+00 1.3588E+00 2.1000E+00 1.3012E+004605 3102
 2.2000E+00 1.3012E+00 2.2000E+00 1.2484E+00 2.3000E+00 1.2484E+004605 3102
 2.3000E+00 1.1998E+00 2.4000E+00 1.1998E+00 2.4000E+00 1.1448E+004605 3102
 2.5500E+00 1.1448E+00 2.5500E+00 1.0850E+00 2.7000E+00 1.0850E+004605 3102
 2.7000E+00 1.0403E+00 2.8000E+00 1.0403E+00 2.8000E+00 9.9280E-014605 3102
 3.0000E+00 9.9280E-01 3.0000E+00 9.3575E-01 3.2000E+00 9.3575E-014605 3102
 3.2000E+00 8.8631E-01 3.4000E+00 8.8631E-01 3.4000E+00 8.4338E-014605 3102
 3.6000E+00 8.4338E-01 3.6000E+00 8.0609E-01 3.8000E+00 8.0609E-014605 3102
 3.8000E+00 7.7370E-01 4.0000E+00 7.7370E-01 4.0000E+00 7.4255E-014605 3102
 4.2500E+00 7.4255E-01 4.2500E+00 7.1350E-01 4.5000E+00 7.1350E-014605 3102
 4.5000E+00 6.8958E-01 4.7500E+00 6.8958E-01 4.7500E+00 6.7035E-014605 3102
 5.0000E+00 6.7035E-01 5.0000E+00 6.5546E-01 5.2500E+00 6.5546E-014605 3102
 5.2500E+00 6.4443E-01 5.5000E+00 6.4443E-01 5.5000E+00 6.3722E-014605 3102
 5.7500E+00 6.3722E-01 5.7500E+00 6.3362E-01 6.0000E+00 6.3362E-014605 3102
 6.0000E+00 6.3382E-01 6.3000E+00 6.3382E-01 6.3000E+00 6.3903E-014605 3102
 6.6000E+00 6.3903E-01 6.6000E+00 6.4976E-01 6.9000E+00 6.4976E-014605 3102
 6.9000E+00 6.6633E-01 7.2000E+00 6.6633E-01 7.2000E+00 6.9439E-014605 3102
 7.6000E+00 6.9439E-01 7.6000E+00 7.3945E-01 8.0000E+00 7.3945E-014605 3102
 8.0000E+00 8.0227E-01 8.4000E+00 8.0227E-01 8.4000E+00 8.8829E-014605 3102
 8.8000E+00 8.8829E-01 8.8000E+00 1.0074E+00 9.2000E+00 1.0074E+004605 3102
 9.2000E+00 1.1763E+00 9.6000E+00 1.1763E+00 9.6000E+00 1.4240E+004605 3102
 1.0000E+01 1.4240E+00 1.0000E+01 1.8801E+00 1.0500E+01 1.8801E+004605 3102
 1.0500E+01 2.9179E+00 1.1000E+01 2.9179E+00 1.1000E+01 7.2307E+004605 3102
 1.1500E+01 7.2307E+00 1.1500E+01 6.3305E+01 1.2000E+01 6.3305E+014605 3102
 1.2000E+01 2.2902E+01 1.2750E+01 2.2902E+01 1.2750E+01 3.9065E+024605 3102
 1.3500E+01 3.9065E+02 1.3500E+01 3.9381E+01 1.4250E+01 3.9381E+014605 3102
 1.4250E+01 5.6243E+00 1.5000E+01 5.6243E+00 1.5000E+01 2.1368E+004605 3102
 1.6000E+01 2.1368E+00 1.6000E+01 1.0854E+00 1.7000E+01 1.0854E+004605 3102
 1.7000E+01 7.1991E-01 1.8000E+01 7.1991E-01 1.8000E+01 5.7460E-014605 3102
 1.9000E+01 5.7460E-01 1.9000E+01 5.3671E-01 2.0000E+01 5.3671E-014605 3102
 2.0000E+01 5.8613E-01 2.1000E+01 5.8613E-01 2.1000E+01 7.6209E-014605 3102
 2.2000E+01 7.6209E-01 2.2000E+01 1.2504E+00 2.3000E+01 1.2504E+004605 3102
 2.3000E+01 3.0898E+00 2.4000E+01 3.0898E+00 2.4000E+01 1.8918E+024605 3102
 2.5500E+01 1.8918E+02 2.5500E+01 1.2629E+01 2.7000E+01 1.2629E+014605 3102
 2.7000E+01 1.4633E+00 2.8000E+01 1.4633E+00 2.8000E+01 3.6874E+004605 3102
 3.0000E+01 3.6874E+00 3.0000E+01 9.3751E+00 3.2000E+01 9.3751E+004605 3102
 3.2000E+01 2.6411E-01 3.4000E+01 2.6411E-01 3.4000E+01 1.9638E-014605 3102
 3.6000E+01 1.9638E-01 3.6000E+01 6.1814E-01 3.8000E+01 6.1814E-014605 3102
 3.8000E+01 8.9216E+00 4.0000E+01 8.9216E+00 4.0000E+01 6.3604E-014605 3102
 4.2500E+01 6.3604E-01 4.2500E+01 1.0134E+00 4.5000E+01 1.0134E+004605 3102
 4.5000E+01 1.5379E-01 4.7500E+01 1.5379E-01 4.7500E+01 2.2318E-014605 3102
 5.0000E+01 2.2318E-01 5.0000E+01 5.1471E-01 5.2500E+01 5.1471E-014605 3102
 5.2500E+01 1.8139E+01 5.5000E+01 1.8139E+01 5.5000E+01 7.8137E+014605 3102
 5.7500E+01 7.8137E+01 5.7500E+01 6.3562E-01 6.0000E+01 6.3562E-014605 3102
 6.0000E+01 2.5980E-01 6.3000E+01 2.5980E-01 6.3000E+01 2.6321E-014605 3102
 6.6000E+01 2.6321E-01 6.6000E+01 1.7914E+01 6.9000E+01 1.7914E+014605 3102
 6.9000E+01 8.0633E-01 7.2000E+01 8.0633E-01 7.2000E+01 9.8357E-014605 3102
 7.6000E+01 9.8357E-01 7.6000E+01 8.1536E+01 8.0000E+01 8.1536E+014605 3102
 8.0000E+01 1.0430E+00 8.4000E+01 1.0430E+00 8.4000E+01 8.3862E+014605 3102
 8.8000E+01 8.3862E+01 8.8000E+01 1.2598E+00 9.2000E+01 1.2598E+004605 3102
 9.2000E+01 2.2006E-01 9.6000E+01 2.2006E-01 9.6000E+01 1.5650E-014605 3102
 1.0000E+02 1.5650E-01 1.0000E+02 8.3569E+00 1.0500E+02 8.3569E+004605 3102
 1.0500E+02 2.0452E-01 1.1000E+02 2.0452E-01 1.1000E+02 7.4366E-024605 3102
 1.1500E+02 7.4366E-02 1.1500E+02 5.6327E-01 1.2000E+02 5.6327E-014605 3102
 1.2000E+02 7.2318E+00 1.2750E+02 7.2318E+00 1.2750E+02 1.0884E+004605 3102
 1.3500E+02 1.0884E+00 1.3500E+02 2.0102E+01 1.4250E+02 2.0102E+014605 3102
 1.4250E+02 1.9472E+01 1.5000E+02 1.9472E+01 1.5000E+02 5.2437E+014605 3102
 1.6000E+02 5.2437E+01 1.6000E+02 2.1098E+00 1.7000E+02 2.1098E+004605 3102
 1.7000E+02 4.1419E-01 1.8000E+02 4.1419E-01 1.8000E+02 1.6806E+014605 3102
 1.9000E+02 1.6806E+01 1.9000E+02 1.7089E-01 2.0000E+02 1.7089E-014605 3102
 2.0000E+02 1.1093E+01 2.1000E+02 1.1093E+01 2.1000E+02 2.4994E-014605 3102
 2.2000E+02 2.4994E-01 2.2000E+02 7.2425E+00 2.3000E+02 7.2425E+004605 3102
 2.3000E+02 1.1020E-01 2.4000E+02 1.1020E-01 2.4000E+02 1.8972E+014605 3102
 2.5500E+02 1.8972E+01 2.5500E+02 1.8523E+01 2.7000E+02 1.8523E+014605 3102
 2.7000E+02 9.1836E-02 2.8000E+02 9.1836E-02 2.8000E+02 2.2180E+004605 3102
 3.0000E+02 2.2180E+00 3.0000E+02 1.7170E+01 3.2000E+02 1.7170E+014605 3102
 3.2000E+02 1.3013E+00 3.4000E+02 1.3013E+00 3.4000E+02 2.8484E+014605 3102
 3.6000E+02 2.8484E+01 3.6000E+02 6.8930E+00 3.8000E+02 6.8930E+004605 3102
 3.8000E+02 6.7981E+00 4.0000E+02 6.7981E+00 4.0000E+02 2.2502E+004605 3102
 4.2500E+02 2.2502E+00 4.2500E+02 1.2754E+01 4.5000E+02 1.2754E+014605 3102
 4.5000E+02 1.3044E+01 4.7500E+02 1.3044E+01 4.7500E+02 1.0014E+004605 3102
 5.0000E+02 1.0014E+00 5.0000E+02 9.5690E-01 5.2500E+02 9.5690E-014605 3102
 5.2500E+02 1.5040E+01 5.5000E+02 1.5040E+01 5.5000E+02 3.2217E+004605 3102
 5.7500E+02 3.2217E+00 5.7500E+02 1.4665E+01 6.0000E+02 1.4665E+014605 3102
 6.0000E+02 1.0242E+01 6.3000E+02 1.0242E+01 6.3000E+02 2.5519E-014605 3102
 6.6000E+02 2.5519E-01 6.6000E+02 5.4636E+00 6.9000E+02 5.4636E+004605 3102
 6.9000E+02 8.6084E+00 7.2000E+02 8.6084E+00 7.2000E+02 7.8995E+004605 3102
 7.6000E+02 7.8995E+00 7.6000E+02 1.1365E+01 8.0000E+02 1.1365E+014605 3102
 8.0000E+02 5.5805E+00 8.4000E+02 5.5805E+00 8.4000E+02 4.0171E+004605 3102
 8.8000E+02 4.0171E+00 8.8000E+02 1.8109E+00 9.2000E+02 1.8109E+004605 3102
 9.2000E+02 1.2629E+01 9.6000E+02 1.2629E+01 9.6000E+02 4.0616E+004605 3102
 1.0000E+03 4.0616E+00 1.0000E+03 1.8490E+00 1.0500E+03 1.8490E+004605 3102
 1.0500E+03 4.8792E+00 1.1000E+03 4.8792E+00 1.1000E+03 4.7616E+004605 3102
 1.1500E+03 4.7616E+00 1.1500E+03 2.3046E+00 1.2000E+03 2.3046E+004605 3102
 1.2000E+03 6.4182E+00 1.2750E+03 6.4182E+00 1.2750E+03 4.8269E+004605 3102
 1.3500E+03 4.8269E+00 1.3500E+03 3.6733E+00 1.4250E+03 3.6733E+004605 3102
 1.4250E+03 5.3254E+00 1.5000E+03 5.3254E+00 1.5000E+03 3.4892E+004605 3102
 1.6000E+03 3.4892E+00 1.6000E+03 4.3985E+00 1.7000E+03 4.3985E+004605 3102
 1.7000E+03 1.0385E+00 1.8000E+03 1.0385E+00 1.8000E+03 4.7882E+004605 3102
 1.9000E+03 4.7882E+00 1.9000E+03 3.8135E+00 2.0000E+03 3.8135E+004605 3102
 2.0000E+03 4.3853E+00 2.1000E+03 4.3853E+00 2.1000E+03 3.4475E+004605 3102
 2.2000E+03 3.4475E+00 2.2000E+03 3.3734E+00 2.3000E+03 3.3734E+004605 3102
 2.3000E+03 3.2993E+00 2.4000E+03 3.2993E+00 2.4000E+03 3.2088E+004605 3102
 2.5500E+03 3.2088E+00 2.5500E+03 3.1253E+00 2.7000E+03 3.1253E+004605 3102
 2.7000E+03 3.0622E+00 2.8000E+03 3.0622E+00 2.8000E+03 2.9871E+004605 3102
 3.0000E+03 2.9871E+00 3.0000E+03 2.8865E+00 3.2000E+03 2.8865E+004605 3102
 3.2000E+03 2.8028E+00 3.4000E+03 2.8028E+00 3.4000E+03 2.7363E+004605 3102
 3.6000E+03 2.7363E+00 3.6000E+03 2.6699E+00 3.8000E+03 2.6699E+004605 3102
 3.8000E+03 2.6034E+00 4.0000E+03 2.6034E+00 4.0000E+03 2.5422E+004605 3102
 4.2500E+03 2.5422E+00 4.2500E+03 2.4862E+00 4.5000E+03 2.4862E+004605 3102
 4.5000E+03 2.4301E+00 4.7500E+03 2.4301E+00 4.7500E+03 2.3741E+004605 3102
 5.0000E+03 2.3741E+00 5.0000E+03 2.3271E+00 5.2500E+03 2.3271E+004605 3102
 5.2500E+03 2.2892E+00 5.5000E+03 2.2892E+00 5.5000E+03 2.2512E+004605 3102
 5.7500E+03 2.2512E+00 5.7500E+03 2.2134E+00 6.0000E+03 2.2134E+004605 3102
 6.0000E+03 2.1718E+00 6.3000E+03 2.1718E+00 6.3000E+03 2.1335E+004605 3102
 6.6000E+03 2.1335E+00 6.6000E+03 2.1023E+00 6.9000E+03 2.1023E+004605 3102
 6.9000E+03 2.0710E+00 7.2000E+03 2.0710E+00 7.2000E+03 2.0348E+004605 3102
 7.6000E+03 2.0348E+00 7.6000E+03 1.9935E+00 8.0000E+03 1.9935E+004605 3102
 8.0000E+03 1.9607E+00 8.4000E+03 1.9607E+00 8.4000E+03 1.9313E+004605 3102
 8.8000E+03 1.9313E+00 8.8000E+03 1.9020E+00 9.2000E+03 1.9020E+004605 3102
 9.2000E+03 1.8727E+00 9.6000E+03 1.8727E+00 9.6000E+03 1.8434E+004605 3102
 1.0000E+04 1.8434E+00 1.0000E+04 1.8157E+00 1.0500E+04 1.8157E+004605 3102
 1.0500E+04 1.7896E+00 1.1000E+04 1.7896E+00 1.1000E+04 1.7634E+004605 3102
 1.1500E+04 1.7634E+00 1.1500E+04 1.7373E+00 1.2000E+04 1.7373E+004605 3102
 1.2000E+04 1.7047E+00 1.2750E+04 1.7047E+00 1.2750E+04 1.6676E+004605 3102
 1.3500E+04 1.6676E+00 1.3500E+04 1.6374E+00 1.4250E+04 1.6374E+004605 3102
 1.4250E+04 1.6077E+00 1.5000E+04 1.6077E+00 1.5000E+04 1.5732E+004605 3102
 1.6000E+04 1.5732E+00 1.6000E+04 1.5376E+00 1.7000E+04 1.5376E+004605 3102
 1.7000E+04 1.5063E+00 1.8000E+04 1.5063E+00 1.8000E+04 1.4749E+004605 3102
 1.9000E+04 1.4749E+00 1.9000E+04 1.4435E+00 2.0000E+04 1.4435E+004605 3102
 2.0000E+04 1.4259E+00 2.1000E+04 1.4259E+00 2.1000E+04 1.4010E+004605 3102
 2.2000E+04 1.4010E+00 2.2000E+04 1.3766E+00 2.3000E+04 1.3766E+004605 3102
 2.3000E+04 1.3547E+00 2.4000E+04 1.3547E+00 2.4000E+04 1.3284E+004605 3102
 2.5500E+04 1.3284E+00 2.5500E+04 1.3001E+00 2.7000E+04 1.3001E+004605 3102
 2.7000E+04 1.2770E+00 2.8000E+04 1.2770E+00 2.8000E+04 1.2519E+004605 3102
 3.0000E+04 1.2519E+00 3.0000E+04 1.2208E+00 3.2000E+04 1.2208E+004605 3102
 3.2000E+04 1.1929E+00 3.4000E+04 1.1929E+00 3.4000E+04 1.1663E+004605 3102
 3.6000E+04 1.1663E+00 3.6000E+04 1.1428E+00 3.8000E+04 1.1428E+004605 3102
 3.8000E+04 1.1199E+00 4.0000E+04 1.1199E+00 4.0000E+04 1.0965E+004605 3102
 4.2500E+04 1.0965E+00 4.2500E+04 1.0725E+00 4.5000E+04 1.0725E+004605 3102
 4.5000E+04 1.0505E+00 4.7500E+04 1.0505E+00 4.7500E+04 1.0296E+004605 3102
 5.0000E+04 1.0296E+00 5.0000E+04 1.0067E+00 5.2500E+04 1.0067E+004605 3102
 5.2500E+04 9.8066E-01 5.5000E+04 9.8066E-01 5.5000E+04 9.5666E-014605 3102
 5.7500E+04 9.5666E-01 5.7500E+04 9.3406E-01 6.0000E+04 9.3406E-014605 3102
 6.0000E+04 9.1060E-01 6.3000E+04 9.1060E-01 6.3000E+04 8.8642E-014605 3102
 6.6000E+04 8.8642E-01 6.6000E+04 8.6432E-01 6.9000E+04 8.6432E-014605 3102
 6.9000E+04 8.4314E-01 7.2000E+04 8.4314E-01 7.2000E+04 8.2041E-014605 3102
 7.6000E+04 8.2041E-01 7.6000E+04 7.9669E-01 8.0000E+04 7.9669E-014605 3102
 8.0000E+04 7.7397E-01 8.4000E+04 7.7397E-01 8.4000E+04 7.5354E-014605 3102
 8.8000E+04 7.5354E-01 8.8000E+04 7.3395E-01 9.2000E+04 7.3395E-014605 3102
 9.2000E+04 7.1631E-01 9.6000E+04 7.1631E-01 9.6000E+04 6.9924E-014605 3102
 1.0000E+05 6.9924E-01 1.0000E+05 6.8299E-01 1.0500E+05 6.8299E-014605 3102
 1.0500E+05 6.6657E-01 1.1000E+05 6.6657E-01 1.1000E+05 6.5141E-014605 3102
 1.1500E+05 6.5141E-01 1.1500E+05 6.3704E-01 1.2000E+05 6.3704E-014605 3102
 1.2000E+05 6.2089E-01 1.2750E+05 6.2089E-01 1.2750E+05 6.0235E-014605 3102
 1.3500E+05 6.0235E-01 1.3500E+05 5.8555E-01 1.4250E+05 5.8555E-014605 3102
 1.4250E+05 5.7029E-01 1.5000E+05 5.7029E-01 1.5000E+05 5.5365E-014605 3102
 1.6000E+05 5.5365E-01 1.6000E+05 5.3637E-01 1.7000E+05 5.3637E-014605 3102
 1.7000E+05 5.2059E-01 1.8000E+05 5.2059E-01 1.8000E+05 5.0597E-014605 3102
 1.9000E+05 5.0597E-01 1.9000E+05 4.9269E-01 2.0000E+05 4.9269E-014605 3102
 2.0000E+05 4.8151E-01 2.1000E+05 4.8151E-01 2.1000E+05 4.7234E-014605 3102
 2.2000E+05 4.7234E-01 2.2000E+05 4.6328E-01 2.3000E+05 4.6328E-014605 3102
 2.3000E+05 4.5514E-01 2.4000E+05 4.5514E-01 2.4000E+05 4.4555E-014605 3102
 2.5500E+05 4.4555E-01 2.5500E+05 4.3498E-01 2.7000E+05 4.3498E-014605 3102
 2.7000E+05 4.2652E-01 2.8000E+05 4.2652E-01 2.8000E+05 4.1620E-014605 3102
 3.0000E+05 4.1620E-01 3.0000E+05 3.9011E-01 3.2000E+05 3.9011E-014605 3102
 3.2000E+05 3.5128E-01 3.4000E+05 3.5128E-01 3.4000E+05 3.1457E-014605 3102
 3.6000E+05 3.1457E-01 3.6000E+05 2.8991E-01 3.8000E+05 2.8991E-014605 3102
 3.8000E+05 2.6907E-01 4.0000E+05 2.6907E-01 4.0000E+05 2.5222E-014605 3102
 4.2500E+05 2.5222E-01 4.2500E+05 2.3867E-01 4.5000E+05 2.3867E-014605 3102
 4.5000E+05 2.2531E-01 4.7500E+05 2.2531E-01 4.7500E+05 2.1249E-014605 3102
 5.0000E+05 2.1249E-01 5.0000E+05 2.0017E-01 5.2500E+05 2.0017E-014605 3102
 5.2500E+05 1.8875E-01 5.5000E+05 1.8875E-01 5.5000E+05 1.7856E-014605 3102
 5.7500E+05 1.7856E-01 5.7500E+05 1.7089E-01 6.0000E+05 1.7089E-014605 3102
 6.0000E+05 1.6461E-01 6.3000E+05 1.6461E-01 6.3000E+05 1.5903E-014605 3102
 6.6000E+05 1.5903E-01 6.6000E+05 1.5214E-01 6.9000E+05 1.5214E-014605 3102
 6.9000E+05 1.4406E-01 7.2000E+05 1.4406E-01 7.2000E+05 1.3485E-014605 3102
 7.6000E+05 1.3485E-01 7.6000E+05 1.2671E-01 8.0000E+05 1.2671E-014605 3102
 8.0000E+05 1.2059E-01 8.4000E+05 1.2059E-01 8.4000E+05 1.1616E-014605 3102
 8.8000E+05 1.1616E-01 8.8000E+05 1.1275E-01 9.2000E+05 1.1275E-014605 3102
 9.2000E+05 1.1021E-01 9.6000E+05 1.1021E-01 9.6000E+05 1.0780E-014605 3102
 1.0000E+06 1.0780E-01 1.0000E+06 1.0529E-01 1.1000E+06 1.0529E-014605 3102
 1.1000E+06 1.0277E-01 1.2000E+06 1.0277E-01 1.2000E+06 1.0058E-014605 3102
 1.3000E+06 1.0058E-01 1.3000E+06 9.7934E-02 1.4000E+06 9.7934E-024605 3102
 1.4000E+06 9.4467E-02 1.5000E+06 9.4467E-02 1.5000E+06 9.1367E-024605 3102
 1.6000E+06 9.1367E-02 1.6000E+06 8.9326E-02 1.7000E+06 8.9326E-024605 3102
 1.7000E+06 8.7654E-02 1.8000E+06 8.7654E-02 1.8000E+06 8.5741E-024605 3102
 1.9000E+06 8.5741E-02 1.9000E+06 8.3596E-02 2.0000E+06 8.3596E-024605 3102
 2.0000E+06 8.1628E-02 2.1000E+06 8.1628E-02 2.1000E+06 7.9777E-024605 3102
 2.2000E+06 7.9777E-02 2.2000E+06 7.8081E-02 2.3000E+06 7.8081E-024605 3102
 2.3000E+06 7.6459E-02 2.4000E+06 7.6459E-02 2.4000E+06 7.4977E-024605 3102
 2.5000E+06 7.4977E-02 2.5000E+06 7.3524E-02 2.6000E+06 7.3524E-024605 3102
 2.6000E+06 7.2206E-02 2.7000E+06 7.2206E-02 2.7000E+06 7.0916E-024605 3102
 2.8000E+06 7.0916E-02 2.8000E+06 6.9735E-02 2.9000E+06 6.9735E-024605 3102
 2.9000E+06 6.8586E-02 3.0000E+06 6.8586E-02 3.0000E+06 6.6920E-024605 3102
 3.1000E+06 6.6920E-02 3.1000E+06 6.4811E-02 3.2000E+06 6.4811E-024605 3102
 3.2000E+06 6.2827E-02 3.3000E+06 6.2827E-02 3.3000E+06 6.0936E-024605 3102
 3.4000E+06 6.0936E-02 3.4000E+06 5.9189E-02 3.5000E+06 5.9189E-024605 3102
 3.5000E+06 5.7483E-02 3.6000E+06 5.7483E-02 3.6000E+06 5.5908E-024605 3102
 3.7000E+06 5.5908E-02 3.7000E+06 5.4424E-02 3.8000E+06 5.4424E-024605 3102
 3.8000E+06 5.3005E-02 3.9000E+06 5.3005E-02 3.9000E+06 5.1646E-024605 3102
 4.0000E+06 5.1646E-02 4.0000E+06 4.9562E-02 4.1000E+06 4.9562E-024605 3102
 4.1000E+06 4.6775E-02 4.2000E+06 4.6775E-02 4.2000E+06 4.4225E-024605 3102
 4.3000E+06 4.4225E-02 4.3000E+06 4.1854E-02 4.4000E+06 4.1854E-024605 3102
 4.4000E+06 3.9664E-02 4.5000E+06 3.9664E-02 4.5000E+06 3.7638E-024605 3102
 4.6000E+06 3.7638E-02 4.6000E+06 3.5759E-02 4.7000E+06 3.5759E-024605 3102
 4.7000E+06 3.3999E-02 4.8000E+06 3.3999E-02 4.8000E+06 3.2367E-024605 3102
 4.9000E+06 3.2367E-02 4.9000E+06 3.0839E-02 5.0000E+06 3.0839E-024605 3102
 5.0000E+06 2.9027E-02 5.1000E+06 2.9027E-02 5.1000E+06 2.6996E-024605 3102
 5.2000E+06 2.6996E-02 5.2000E+06 2.5132E-02 5.3000E+06 2.5132E-024605 3102
 5.3000E+06 2.3432E-02 5.4000E+06 2.3432E-02 5.4000E+06 2.1877E-024605 3102
 5.5000E+06 2.1877E-02 5.5000E+06 2.0446E-02 5.6000E+06 2.0446E-024605 3102
 5.6000E+06 1.9135E-02 5.7000E+06 1.9135E-02 5.7000E+06 1.7930E-024605 3102
 5.8000E+06 1.7930E-02 5.8000E+06 1.6823E-02 5.9000E+06 1.6823E-024605 3102
 5.9000E+06 1.5789E-02 6.0000E+06 1.5789E-02 6.0000E+06 1.4731E-024605 3102
 6.1000E+06 1.4731E-02 6.1000E+06 1.3653E-02 6.2000E+06 1.3653E-024605 3102
 6.2000E+06 1.2670E-02 6.3000E+06 1.2670E-02 6.3000E+06 1.1772E-024605 3102
 6.4000E+06 1.1772E-02 6.4000E+06 1.0950E-02 6.5000E+06 1.0950E-024605 3102
 6.5000E+06 1.0194E-02 6.6000E+06 1.0194E-02 6.6000E+06 9.5041E-034605 3102
 6.7000E+06 9.5041E-03 6.7000E+06 8.8676E-03 6.8000E+06 8.8676E-034605 3102
 6.8000E+06 8.2812E-03 6.9000E+06 8.2812E-03 6.9000E+06 7.7444E-034605 3102
 7.0000E+06 7.7444E-03 7.0000E+06 7.2511E-03 7.1000E+06 7.2511E-034605 3102
 7.1000E+06 6.7896E-03 7.2000E+06 6.7896E-03 7.2000E+06 6.2904E-034605 3102
 7.3000E+06 6.2904E-03 7.3000E+06 5.8182E-03 7.4000E+06 5.8182E-034605 3102
 7.4000E+06 5.3895E-03 7.5000E+06 5.3895E-03 7.5000E+06 5.0186E-034605 3102
 7.6000E+06 5.0186E-03 7.6000E+06 4.6966E-03 7.7000E+06 4.6966E-034605 3102
 7.7000E+06 4.3989E-03 7.8000E+06 4.3989E-03 7.8000E+06 4.1239E-034605 3102
 7.9000E+06 4.1239E-03 7.9000E+06 3.8689E-03 8.0000E+06 3.8689E-034605 3102
 8.0000E+06 3.6693E-03 8.1000E+06 3.6693E-03 8.1000E+06 3.5156E-034605 3102
 8.2000E+06 3.5156E-03 8.2000E+06 3.3710E-03 8.3000E+06 3.3710E-034605 3102
 8.3000E+06 3.2330E-03 8.4000E+06 3.2330E-03 8.4000E+06 3.1026E-034605 3102
 8.5000E+06 3.1026E-03 8.5000E+06 2.9800E-03 8.6000E+06 2.9800E-034605 3102
 8.6000E+06 2.8615E-03 8.7000E+06 2.8615E-03 8.7000E+06 2.7509E-034605 3102
 8.8000E+06 2.7509E-03 8.8000E+06 2.6440E-03 8.9000E+06 2.6440E-034605 3102
 8.9000E+06 2.5439E-03 9.0000E+06 2.5439E-03 9.0000E+06 2.4818E-034605 3102
 9.1000E+06 2.4818E-03 9.1000E+06 2.4584E-03 9.2000E+06 2.4584E-034605 3102
 9.2000E+06 2.4347E-03 9.3000E+06 2.4347E-03 9.3000E+06 2.4115E-034605 3102
 9.4000E+06 2.4115E-03 9.4000E+06 2.3878E-03 9.5000E+06 2.3878E-034605 3102
 9.5000E+06 2.3660E-03 9.6000E+06 2.3660E-03 9.6000E+06 2.3448E-034605 3102
 9.7000E+06 2.3448E-03 9.7000E+06 2.3233E-03 9.8000E+06 2.3233E-034605 3102
 9.8000E+06 2.3023E-03 9.9000E+06 2.3023E-03 9.9000E+06 2.2811E-034605 3102
 1.0000E+07 2.2811E-03 1.0000E+07 2.2734E-03 1.0100E+07 2.2734E-034605 3102
 1.0100E+07 2.2794E-03 1.0200E+07 2.2794E-03 1.0200E+07 2.2851E-034605 3102
 1.0300E+07 2.2851E-03 1.0300E+07 2.2914E-03 1.0400E+07 2.2914E-034605 3102
 1.0400E+07 2.2974E-03 1.0500E+07 2.2974E-03 1.0500E+07 2.3034E-034605 3102
 1.0600E+07 2.3034E-03 1.0600E+07 2.3094E-03 1.0700E+07 2.3094E-034605 3102
 1.0700E+07 2.3151E-03 1.0800E+07 2.3151E-03 1.0800E+07 2.3214E-034605 3102
 1.0900E+07 2.3214E-03 1.0900E+07 2.3274E-03 1.1000E+07 2.3274E-034605 3102
 1.1000E+07 2.3334E-03 1.1100E+07 2.3334E-03 1.1100E+07 2.3394E-034605 3102
 1.1200E+07 2.3394E-03 1.1200E+07 2.3452E-03 1.1300E+07 2.3452E-034605 3102
 1.1300E+07 2.3514E-03 1.1400E+07 2.3514E-03 1.1400E+07 2.3574E-034605 3102
 1.1500E+07 2.3574E-03 1.1500E+07 2.3634E-03 1.1600E+07 2.3634E-034605 3102
 1.1600E+07 2.3694E-03 1.1700E+07 2.3694E-03 1.1700E+07 2.3752E-034605 3102
 1.1800E+07 2.3752E-03 1.1800E+07 2.3814E-03 1.1900E+07 2.3814E-034605 3102
 1.1900E+07 2.3874E-03 1.2000E+07 2.3874E-03 1.2000E+07 2.3869E-034605 3102
 1.2100E+07 2.3869E-03 1.2100E+07 2.3800E-03 1.2200E+07 2.3800E-034605 3102
 1.2200E+07 2.3728E-03 1.2300E+07 2.3728E-03 1.2300E+07 2.3662E-034605 3102
 1.2400E+07 2.3662E-03 1.2400E+07 2.3593E-03 1.2500E+07 2.3593E-034605 3102
 1.2500E+07 2.3515E-03 1.2600E+07 2.3515E-03 1.2600E+07 2.3446E-034605 3102
 1.2700E+07 2.3446E-03 1.2700E+07 2.3374E-03 1.2800E+07 2.3374E-034605 3102
 1.2800E+07 2.3309E-03 1.2900E+07 2.3309E-03 1.2900E+07 2.3240E-034605 3102
 1.3000E+07 2.3240E-03 1.3000E+07 2.3172E-03 1.3100E+07 2.3172E-034605 3102
 1.3100E+07 2.3103E-03 1.3200E+07 2.3103E-03 1.3200E+07 2.3032E-034605 3102
 1.3300E+07 2.3032E-03 1.3300E+07 2.2966E-03 1.3400E+07 2.2966E-034605 3102
 1.3400E+07 2.2899E-03 1.3500E+07 2.2899E-03 1.3500E+07 2.2843E-034605 3102
 1.3600E+07 2.2843E-03 1.3600E+07 2.2783E-03 1.3700E+07 2.2783E-034605 3102
 1.3700E+07 2.2721E-03 1.3800E+07 2.2721E-03 1.3800E+07 2.2666E-034605 3102
 1.3900E+07 2.2666E-03 1.3900E+07 2.2607E-03 1.4000E+07 2.2607E-034605 3102
 1.4000E+07 2.2548E-03 1.4100E+07 2.2548E-03 1.4100E+07 2.2490E-034605 3102
 1.4200E+07 2.2490E-03 1.4200E+07 2.2428E-03 1.4300E+07 2.2428E-034605 3102
 1.4300E+07 2.2372E-03 1.4400E+07 2.2372E-03 1.4400E+07 2.2313E-034605 3102
 1.4500E+07 2.2313E-03 1.4500E+07 2.2254E-03 1.4600E+07 2.2254E-034605 3102
 1.4600E+07 2.2195E-03 1.4700E+07 2.2195E-03 1.4700E+07 2.2133E-034605 3102
 1.4800E+07 2.2133E-03 1.4800E+07 2.2077E-03 1.4900E+07 2.2077E-034605 3102
 1.4900E+07 2.2018E-03 1.5000E+07 2.2018E-03 1.5000E+07 2.1981E-034605 3102
 1.5100E+07 2.1981E-03 1.5100E+07 2.1971E-03 1.5200E+07 2.1971E-034605 3102
 1.5200E+07 2.1957E-03 1.5300E+07 2.1957E-03 1.5300E+07 2.1950E-034605 3102
 1.5400E+07 2.1950E-03 1.5400E+07 2.1940E-03 1.5500E+07 2.1940E-034605 3102
 1.5500E+07 2.1930E-03 1.5600E+07 2.1930E-03 1.5600E+07 2.1919E-034605 3102
 1.5700E+07 2.1919E-03 1.5700E+07 2.1904E-03 1.5800E+07 2.1904E-034605 3102
 1.5800E+07 2.1897E-03 1.5900E+07 2.1897E-03 1.5900E+07 2.1887E-034605 3102
 1.6000E+07 2.1887E-03 1.6000E+07 2.1876E-03 1.6100E+07 2.1876E-034605 3102
 1.6100E+07 2.1866E-03 1.6200E+07 2.1866E-03 1.6200E+07 2.1852E-034605 3102
 1.6300E+07 2.1852E-03 1.6300E+07 2.1845E-03 1.6400E+07 2.1845E-034605 3102
 1.6400E+07 2.1835E-03 1.6500E+07 2.1835E-03 1.6500E+07 2.1824E-034605 3102
 1.6600E+07 2.1824E-03 1.6600E+07 2.1814E-03 1.6700E+07 2.1814E-034605 3102
 1.6700E+07 2.1800E-03 1.6800E+07 2.1800E-03 1.6800E+07 2.1793E-034605 3102
 1.6900E+07 2.1793E-03 1.6900E+07 2.1782E-03 1.7000E+07 2.1782E-034605 3102
 1.7000E+07 2.1772E-03 1.7100E+07 2.1772E-03 1.7100E+07 2.1762E-034605 3102
 1.7200E+07 2.1762E-03 1.7200E+07 2.1747E-03 1.7300E+07 2.1747E-034605 3102
 1.7300E+07 2.1741E-03 1.7400E+07 2.1741E-03 1.7400E+07 2.1730E-034605 3102
 1.7500E+07 2.1730E-03 1.7500E+07 2.1720E-03 1.7600E+07 2.1720E-034605 3102
 1.7600E+07 2.1710E-03 1.7700E+07 2.1710E-03 1.7700E+07 2.1696E-034605 3102
 1.7800E+07 2.1696E-03 1.7800E+07 2.1690E-03 1.7900E+07 2.1690E-034605 3102
 1.7900E+07 2.1679E-03 1.8000E+07 2.1679E-03 1.8000E+07 2.1669E-034605 3102
 1.8100E+07 2.1669E-03 1.8100E+07 2.1658E-03 1.8200E+07 2.1658E-034605 3102
 1.8200E+07 2.1644E-03 1.8300E+07 2.1644E-03 1.8300E+07 2.1638E-034605 3102
 1.8400E+07 2.1638E-03 1.8400E+07 2.1627E-03 1.8500E+07 2.1627E-034605 3102
 1.8500E+07 2.1617E-03 1.8600E+07 2.1617E-03 1.8600E+07 2.1606E-034605 3102
 1.8700E+07 2.1606E-03 1.8700E+07 2.1592E-03 1.8800E+07 2.1592E-034605 3102
 1.8800E+07 2.1585E-03 1.8900E+07 2.1585E-03 1.8900E+07 2.1575E-034605 3102
 1.9000E+07 2.1575E-03 1.9000E+07 2.1565E-03 1.9100E+07 2.1565E-034605 3102
 1.9100E+07 2.1554E-03 1.9200E+07 2.1554E-03 1.9200E+07 2.1540E-034605 3102
 1.9300E+07 2.1540E-03 1.9300E+07 2.1533E-03 1.9400E+07 2.1533E-034605 3102
 1.9400E+07 2.1523E-03 1.9500E+07 2.1523E-03 1.9500E+07 2.1513E-034605 3102
 1.9600E+07 2.1513E-03 1.9600E+07 2.1503E-03 1.9700E+07 2.1503E-034605 3102
 1.9700E+07 2.1488E-03 1.9800E+07 2.1488E-03 1.9800E+07 2.1482E-034605 3102
 1.9900E+07 2.1482E-03 1.9900E+07 2.1472E-03 2.0000E+07 2.1472E-034605 3102
 2.0000E+07 0.0000E+00                                            4605 3102
                                                                  4605 3  0
