PT-194N,G*   3.8832-01* SIGECN-MASGAM; RN - ---/SYS               7894 3402
                                                                  7894 3402
 7.81940+04 1.9230E+02          0          1          0          07894 3402
 3.0000E+02 5.8514E+06          0          0          1        8677894 3402
        867          5                                            7894 3402
 1.0000E-05 5.9276E+00 1.2809E-05 5.2376E+00 1.5618E-05 4.7432E+007894 3402
 1.8427E-05 4.3667E+00 2.1236E-05 4.0677E+00 2.6853E-05 3.6173E+007894 3402
 3.2471E-05 3.2895E+00 3.8089E-05 3.0373E+00 4.3706E-05 2.8354E+007894 3402
 4.9324E-05 2.6690E+00 5.4942E-05 2.5289E+00 6.6177E-05 2.3042E+007894 3402
 7.7413E-05 2.1305E+00 8.8648E-05 1.9909E+00 9.9884E-05 1.8756E+007894 3402
 1.2236E-04 1.6947E+00 1.4483E-04 1.5577E+00 1.6730E-04 1.4493E+007894 3402
 1.8977E-04 1.3606E+00 2.3471E-04 1.2235E+00 2.7965E-04 1.1209E+007894 3402
 3.2459E-04 1.0405E+00 3.6954E-04 9.7509E-01 4.5942E-04 8.7456E-017894 3402
 5.4930E-04 7.9978E-01 6.3919E-04 7.4142E-01 7.2907E-04 6.9421E-017894 3402
 9.0884E-04 6.2178E-01 1.0886E-03 5.6812E-01 1.2684E-03 5.2633E-017894 3402
 1.4481E-03 4.9258E-01 1.8077E-03 4.4088E-01 2.1672E-03 4.0265E-017894 3402
 2.5267E-03 3.7290E-01 2.8863E-03 3.4890E-01 3.6053E-03 3.1218E-017894 3402
 4.3244E-03 2.8503E-01 5.0435E-03 2.6394E-01 5.7626E-03 2.4692E-017894 3402
 7.2007E-03 2.2088E-01 8.6388E-03 2.0165E-01 1.0077E-02 1.8672E-017894 3402
 1.1515E-02 1.7466E-01 1.4391E-02 1.5624E-01 1.7268E-02 1.4263E-017894 3402
 2.0144E-02 1.3205E-01 2.3020E-02 1.2352E-01 2.5300E-02 1.1783E-017894 3402
 2.8773E-02 1.1048E-01 3.4525E-02 1.0085E-01 4.0278E-02 9.3378E-027894 3402
 4.6031E-02 8.7341E-02 5.7536E-02 7.8117E-02 6.9041E-02 7.1306E-027894 3402
 8.0546E-02 6.6013E-02 9.2051E-02 6.1745E-02 1.1506E-01 5.5218E-027894 3402
 1.3807E-01 5.0400E-02 1.6108E-01 4.6654E-02 1.8409E-01 4.3635E-027894 3402
 2.3011E-01 3.9015E-02 2.7613E-01 3.5606E-02 3.2215E-01 3.2954E-027894 3402
 3.6817E-01 3.0818E-02 4.6021E-01 2.7546E-02 5.5226E-01 2.5131E-027894 3402
 6.4430E-01 2.3253E-02 7.3634E-01 2.1737E-02 9.2042E-01 1.9418E-027894 3402
 1.1045E+00 1.7705E-02 1.2886E+00 1.6371E-02 1.4727E+00 1.5296E-027894 3402
 1.8408E+00 1.3647E-02 2.2090E+00 1.2428E-02 2.5772E+00 1.1477E-027894 3402
 2.9453E+00 1.0710E-02 3.6817E+00 9.5333E-03 4.4180E+00 8.6605E-037894 3402
 5.1543E+00 7.9796E-03 5.8906E+00 7.4284E-03 7.3633E+00 6.5812E-037894 3402
 8.8360E+00 5.9511E-03 1.0309E+01 5.4581E-03 1.1781E+01 5.0582E-037894 3402
 1.4727E+01 4.4416E-03 1.7672E+01 3.9818E-03 2.0617E+01 3.6212E-037894 3402
 2.3563E+01 3.3282E-03 2.9453E+01 2.8764E-03 3.2398E+01 2.6970E-037894 3402
 3.5344E+01 2.5400E-03 4.1234E+01 2.2772E-03 4.7125E+01 2.0649E-037894 3402
 5.3016E+01 1.8891E-03 5.8906E+01 1.7408E-03 6.4797E+01 1.6141E-037894 3402
 7.0688E+01 1.5041E-03 8.2469E+01 1.3234E-03 9.4250E+01 1.1812E-037894 3402
 1.0603E+02 1.0670E-03 1.1781E+02 9.7370E-04 1.2959E+02 8.9689E-047894 3402
 1.4138E+02 8.3325E-04 1.5316E+02 7.8030E-04 1.6494E+02 7.3647E-047894 3402
 1.7672E+02 7.0050E-04 1.8850E+02 6.7152E-04 2.1206E+02 6.3257E-047894 3402
 2.3563E+02 6.1868E-04 2.4741E+02 6.2236E-04 2.5919E+02 6.3483E-047894 3402
 2.7097E+02 6.5865E-04 2.8275E+02 6.9810E-04 2.8864E+02 7.2590E-047894 3402
 2.9453E+02 7.6092E-04 3.0042E+02 8.0523E-04 3.0631E+02 8.6179E-047894 3402
 3.1220E+02 9.3493E-04 3.1809E+02 1.0313E-03 3.2104E+02 1.0913E-037894 3402
 3.2398E+02 1.1614E-03 3.2693E+02 1.2440E-03 3.2988E+02 1.3423E-037894 3402
 3.3282E+02 1.4606E-03 3.3577E+02 1.6047E-03 3.3871E+02 1.7827E-037894 3402
 3.4166E+02 2.0062E-03 3.4313E+02 2.1400E-03 3.4460E+02 2.2924E-037894 3402
 3.4607E+02 2.4664E-03 3.4755E+02 2.6670E-03 3.4902E+02 2.8997E-037894 3402
 3.5049E+02 3.1717E-03 3.5197E+02 3.4925E-03 3.5344E+02 3.8748E-037894 3402
 3.5491E+02 4.3351E-03 3.5638E+02 4.8966E-03 3.5785E+02 5.5915E-037894 3402
 3.5933E+02 6.4659E-03 3.6006E+02 6.9906E-03 3.6080E+02 7.5878E-037894 3402
 3.6154E+02 8.2719E-03 3.6227E+02 9.0605E-03 3.6301E+02 9.9767E-037894 3402
 3.6375E+02 1.1048E-02 3.6448E+02 1.2315E-02 3.6522E+02 1.3824E-027894 3402
 3.6595E+02 1.5643E-02 3.6669E+02 1.7867E-02 3.6743E+02 2.0619E-027894 3402
 3.6816E+02 2.4086E-02 3.6853E+02 2.6169E-02 3.6890E+02 2.8539E-027894 3402
 3.6927E+02 3.1255E-02 3.6964E+02 3.4391E-02 3.7000E+02 3.8029E-027894 3402
 3.7037E+02 4.2291E-02 3.7074E+02 4.7324E-02 3.7111E+02 5.3329E-027894 3402
 3.7148E+02 6.0572E-02 3.7185E+02 6.9416E-02 3.7221E+02 8.0375E-027894 3402
 3.7258E+02 9.4180E-02 3.7277E+02 1.0247E-01 3.7295E+02 1.1191E-017894 3402
 3.7313E+02 1.2271E-01 3.7332E+02 1.3520E-01 3.7350E+02 1.4968E-017894 3402
 3.7369E+02 1.6665E-01 3.7387E+02 1.8668E-01 3.7406E+02 2.1057E-017894 3402
 3.7415E+02 2.2429E-01 3.7419E+02 2.3167E-01 3.7424E+02 2.3939E-017894 3402
 3.7428E+02 2.4753E-01 3.7433E+02 2.5607E-01 3.7435E+02 2.6053E-017894 3402
 3.7438E+02 2.6507E-01 3.7440E+02 2.6975E-01 3.7442E+02 2.7456E-017894 3402
 3.7445E+02 2.7949E-01 3.7446E+02 2.8202E-01 3.7447E+02 2.8458E-017894 3402
 3.7448E+02 2.8716E-01 3.7449E+02 2.8979E-01 3.7450E+02 2.9245E-017894 3402
 3.7451E+02 2.9514E-01 3.7452E+02 2.9650E-01 3.7453E+02 2.9788E-017894 3402
 3.7453E+02 2.9925E-01 3.7454E+02 3.0063E-01 3.7454E+02 3.0205E-017894 3402
 3.7455E+02 3.0346E-01 3.7456E+02 3.0487E-01 3.7456E+02 3.0630E-017894 3402
 3.7456E+02 3.0702E-01 3.7457E+02 3.0775E-01 3.7457E+02 3.0846E-017894 3402
 3.7457E+02 3.0920E-01 3.7458E+02 3.0993E-01 3.7458E+02 3.1066E-017894 3402
 3.7458E+02 3.1139E-01 3.7458E+02 3.1213E-01 3.7459E+02 3.1287E-017894 3402
 3.7459E+02 3.1362E-01 3.7459E+02 3.1436E-01 3.7459E+02 3.1510E-017894 3402
 3.7460E+02 3.1587E-01 3.7460E+02 3.1661E-01 3.7460E+02 3.1736E-017894 3402
 3.7461E+02 3.1812E-01 3.7461E+02 3.1888E-01 3.7461E+02 3.1965E-017894 3402
 3.7462E+02 3.2041E-01 3.7462E+02 3.2118E-01 3.7462E+02 3.2195E-017894 3402
 3.7462E+02 3.2273E-01 3.7463E+02 3.2351E-01 3.7463E+02 3.2429E-017894 3402
 3.7464E+02 3.2586E-01 3.7464E+02 3.2744E-01 3.7465E+02 3.2904E-017894 3402
 3.7465E+02 3.3064E-01 3.7466E+02 3.3226E-01 3.7466E+02 3.3388E-017894 3402
 3.7467E+02 3.3553E-01 3.7468E+02 3.3718E-01 3.7469E+02 3.4052E-017894 3402
 3.7470E+02 3.4392E-01 3.7471E+02 3.4734E-01 3.7472E+02 3.5084E-017894 3402
 3.7473E+02 3.5439E-01 3.7475E+02 3.5799E-01 3.7476E+02 3.6163E-017894 3402
 3.7477E+02 3.6535E-01 3.7478E+02 3.6912E-01 3.7479E+02 3.7295E-017894 3402
 3.7481E+02 3.8079E-01 3.7484E+02 3.8888E-01 3.7486E+02 3.9724E-017894 3402
 3.7488E+02 4.0586E-01 3.7491E+02 4.1477E-01 3.7493E+02 4.2396E-017894 3402
 3.7495E+02 4.3348E-01 3.7498E+02 4.4332E-01 3.7500E+02 4.5350E-017894 3402
 3.7502E+02 4.6401E-01 3.7504E+02 4.7492E-01 3.7507E+02 4.8622E-017894 3402
 3.7509E+02 4.9791E-01 3.7511E+02 5.1003E-01 3.7514E+02 5.2261E-017894 3402
 3.7516E+02 5.3565E-01 3.7520E+02 5.6325E-01 3.7525E+02 5.9304E-017894 3402
 3.7530E+02 6.2525E-01 3.7534E+02 6.6017E-01 3.7539E+02 6.9807E-017894 3402
 3.7543E+02 7.3934E-01 3.7548E+02 7.8438E-01 3.7553E+02 8.3365E-017894 3402
 3.7557E+02 8.8773E-01 3.7562E+02 9.4720E-01 3.7567E+02 1.0129E+007894 3402
 3.7571E+02 1.0855E+00 3.7576E+02 1.1664E+00 3.7580E+02 1.2564E+007894 3402
 3.7585E+02 1.3574E+00 3.7590E+02 1.4711E+00 3.7594E+02 1.5994E+007894 3402
 3.7599E+02 1.7453E+00 3.7603E+02 1.9119E+00 3.7608E+02 2.1033E+007894 3402
 3.7613E+02 2.3251E+00 3.7617E+02 2.5831E+00 3.7622E+02 2.8863E+007894 3402
 3.7626E+02 3.2456E+00 3.7629E+02 3.4507E+00 3.7631E+02 3.6756E+007894 3402
 3.7633E+02 3.9228E+00 3.7636E+02 4.1953E+00 3.7638E+02 4.4970E+007894 3402
 3.7640E+02 4.8316E+00 3.7642E+02 5.2044E+00 3.7645E+02 5.6212E+007894 3402
 3.7647E+02 6.0888E+00 3.7649E+02 6.6157E+00 3.7652E+02 7.2122E+007894 3402
 3.7654E+02 7.8906E+00 3.7656E+02 8.6662E+00 3.7659E+02 9.5570E+007894 3402
 3.7661E+02 1.0587E+01 3.7663E+02 1.1785E+01 3.7666E+02 1.3185E+017894 3402
 3.7668E+02 1.4835E+01 3.7670E+02 1.6792E+01 3.7672E+02 1.9126E+017894 3402
 3.7675E+02 2.1933E+01 3.7677E+02 2.5325E+01 3.7678E+02 2.7285E+017894 3402
 3.7679E+02 2.9448E+01 3.7680E+02 3.1834E+01 3.7682E+02 3.4469E+017894 3402
 3.7683E+02 3.7373E+01 3.7684E+02 4.0571E+01 3.7685E+02 4.4082E+017894 3402
 3.7686E+02 4.7924E+01 3.7689E+02 5.6606E+01 3.7691E+02 6.6456E+017894 3402
 3.7693E+02 7.6857E+01 3.7695E+02 8.6531E+01 3.7697E+02 9.0515E+017894 3402
 3.7698E+02 9.3599E+01 3.7699E+02 9.5546E+01 3.7700E+02 9.6209E+017894 3402
 3.7711E+02 5.7574E+01 3.7723E+02 2.6116E+01 3.7728E+02 1.8524E+017894 3402
 3.7734E+02 1.3668E+01 3.7739E+02 1.0435E+01 3.7745E+02 8.1975E+007894 3402
 3.7756E+02 5.4120E+00 3.7762E+02 4.5165E+00 3.7768E+02 3.8236E+007894 3402
 3.7779E+02 2.8389E+00 3.7790E+02 2.1885E+00 3.7813E+02 1.4120E+007894 3402
 3.7824E+02 1.1699E+00 3.7835E+02 9.8483E-01 3.7858E+02 7.2547E-017894 3402
 3.7880E+02 5.5638E-01 3.7925E+02 3.5682E-01 3.7948E+02 2.9510E-017894 3402
 3.7970E+02 2.4808E-01 3.8015E+02 1.8244E-01 3.8060E+02 1.3978E-017894 3402
 3.8150E+02 8.9607E-02 3.8195E+02 7.4118E-02 3.8241E+02 6.2340E-027894 3402
 3.8331E+02 4.5905E-02 3.8421E+02 3.5242E-02 3.8601E+02 2.2714E-027894 3402
 3.8691E+02 1.8851E-02 3.8781E+02 1.5917E-02 3.8961E+02 1.1826E-027894 3402
 3.9141E+02 9.1767E-03 3.9502E+02 6.0725E-03 3.9682E+02 5.1197E-037894 3402
 3.9862E+02 4.3983E-03 4.0222E+02 3.3991E-03 4.0583E+02 2.7600E-037894 3402
 4.1303E+02 2.0339E-03 4.2024E+02 1.6735E-03 4.2744E+02 1.4963E-037894 3402
 4.3465E+02 1.4311E-03 4.4186E+02 1.4542E-03 4.4906E+02 1.5704E-037894 3402
 4.5627E+02 1.8192E-03 4.6348E+02 2.3141E-03 4.6708E+02 2.7413E-037894 3402
 4.7068E+02 3.3997E-03 4.7248E+02 3.8703E-03 4.7428E+02 4.4877E-037894 3402
 4.7609E+02 5.3199E-03 4.7789E+02 6.4802E-03 4.7969E+02 8.1680E-037894 3402
 4.8149E+02 1.0762E-02 4.8239E+02 1.2617E-02 4.8329E+02 1.5053E-027894 3402
 4.8419E+02 1.8344E-02 4.8509E+02 2.2937E-02 4.8600E+02 2.9631E-027894 3402
 4.8690E+02 3.9936E-02 4.8735E+02 4.7313E-02 4.8780E+02 5.7008E-027894 3402
 4.8825E+02 7.0104E-02 4.8870E+02 8.8405E-02 4.8915E+02 1.1507E-017894 3402
 4.8960E+02 1.5612E-01 4.8982E+02 1.8551E-01 4.9005E+02 2.2412E-017894 3402
 4.9027E+02 2.7624E-01 4.9050E+02 3.4902E-01 4.9061E+02 3.9674E-017894 3402
 4.9072E+02 4.5497E-01 4.9078E+02 4.8902E-01 4.9084E+02 5.2706E-017894 3402
 4.9086E+02 5.4777E-01 4.9089E+02 5.6972E-01 4.9091E+02 5.8119E-017894 3402
 4.9092E+02 5.9301E-01 4.9093E+02 6.0519E-01 4.9094E+02 6.1144E-017894 3402
 4.9095E+02 6.1777E-01 4.9096E+02 6.2421E-01 4.9096E+02 6.3073E-017894 3402
 4.9097E+02 6.3737E-01 4.9098E+02 6.4411E-01 4.9098E+02 6.5096E-017894 3402
 4.9099E+02 6.5791E-01 4.9100E+02 6.6499E-01 4.9100E+02 6.7217E-017894 3402
 4.9102E+02 6.8688E-01 4.9103E+02 7.0209E-01 4.9105E+02 7.1782E-017894 3402
 4.9106E+02 7.3408E-01 4.9109E+02 7.6829E-01 4.9112E+02 8.0495E-017894 3402
 4.9115E+02 8.4429E-01 4.9117E+02 8.8658E-01 4.9120E+02 9.3215E-017894 3402
 4.9123E+02 9.8131E-01 4.9126E+02 1.0344E+00 4.9129E+02 1.0920E+007894 3402
 4.9134E+02 1.2225E+00 4.9140E+02 1.3776E+00 4.9146E+02 1.5643E+007894 3402
 4.9151E+02 1.7916E+00 4.9157E+02 2.0717E+00 4.9162E+02 2.4228E+007894 3402
 4.9168E+02 2.8700E+00 4.9174E+02 3.4519E+00 4.9179E+02 4.2279E+007894 3402
 4.9185E+02 5.2925E+00 4.9188E+02 5.9789E+00 4.9191E+02 6.8045E+007894 3402
 4.9193E+02 7.8086E+00 4.9196E+02 9.0441E+00 4.9199E+02 1.0586E+017894 3402
 4.9202E+02 1.2537E+01 4.9205E+02 1.5046E+01 4.9208E+02 1.8329E+017894 3402
 4.9210E+02 2.2697E+01 4.9213E+02 2.8607E+01 4.9216E+02 3.6693E+017894 3402
 4.9219E+02 4.7731E+01 4.9224E+02 7.9700E+01 4.9230E+02 1.0260E+027894 3402
 4.9235E+02 8.1007E+01 4.9238E+02 6.4135E+01 4.9241E+02 4.9659E+017894 3402
 4.9243E+02 3.8488E+01 4.9246E+02 3.0189E+01 4.9249E+02 2.4057E+017894 3402
 4.9252E+02 1.9490E+01 4.9257E+02 1.3389E+01 4.9260E+02 1.1322E+017894 3402
 4.9263E+02 9.6838E+00 4.9268E+02 7.2974E+00 4.9273E+02 5.6818E+007894 3402
 4.9284E+02 3.7103E+00 4.9290E+02 3.0858E+00 4.9295E+02 2.6054E+007894 3402
 4.9306E+02 1.9273E+00 4.9317E+02 1.4822E+00 4.9338E+02 9.5374E-017894 3402
 4.9349E+02 7.8959E-01 4.9360E+02 6.6438E-01 4.9382E+02 4.8913E-017894 3402
 4.9403E+02 3.7507E-01 4.9447E+02 2.4066E-01 4.9468E+02 1.9912E-017894 3402
 4.9490E+02 1.6750E-01 4.9533E+02 1.2336E-01 4.9577E+02 9.4687E-027894 3402
 4.9664E+02 6.0973E-02 4.9707E+02 5.0571E-02 4.9750E+02 4.2661E-027894 3402
 4.9837E+02 3.1625E-02 4.9924E+02 2.4469E-02 5.0097E+02 1.6066E-027894 3402
 5.0184E+02 1.3481E-02 5.0271E+02 1.1517E-02 5.0444E+02 8.7865E-037894 3402
 5.0617E+02 7.0276E-03 5.0964E+02 4.9877E-03 5.1138E+02 4.3731E-037894 3402
 5.1311E+02 3.9160E-03 5.1658E+02 3.3058E-03 5.2005E+02 2.9469E-037894 3402
 5.2699E+02 2.6323E-03 5.3392E+02 2.6213E-03 5.4086E+02 2.8166E-037894 3402
 5.4780E+02 3.2134E-03 5.5474E+02 3.8709E-03 5.6167E+02 4.9353E-037894 3402
 5.6514E+02 5.7097E-03 5.6861E+02 6.7325E-03 5.7208E+02 8.1171E-037894 3402
 5.7555E+02 1.0053E-02 5.7902E+02 1.2872E-02 5.8249E+02 1.7206E-027894 3402
 5.8422E+02 2.0305E-02 5.8596E+02 2.4375E-02 5.8769E+02 2.9865E-027894 3402
 5.8942E+02 3.7529E-02 5.9029E+02 4.2552E-02 5.9116E+02 4.8683E-027894 3402
 5.9159E+02 5.2270E-02 5.9203E+02 5.6275E-02 5.9246E+02 6.0766E-027894 3402
 5.9268E+02 6.3220E-02 5.9289E+02 6.5829E-02 5.9300E+02 6.7195E-027894 3402
 5.9311E+02 6.8604E-02 5.9322E+02 7.0059E-02 5.9327E+02 7.0804E-027894 3402
 5.9333E+02 7.1562E-02 5.9335E+02 7.1944E-02 5.9338E+02 7.2330E-027894 3402
 5.9341E+02 7.2720E-02 5.9344E+02 7.3113E-02 5.9345E+02 7.3310E-027894 3402
 5.9346E+02 7.3507E-02 5.9348E+02 7.3708E-02 5.9348E+02 7.3808E-027894 3402
 5.9349E+02 7.3908E-02 5.9350E+02 7.4008E-02 5.9350E+02 7.4109E-027894 3402
 5.9351E+02 7.4159E-02 5.9351E+02 7.4209E-02 5.9351E+02 7.4260E-027894 3402
 5.9352E+02 7.4310E-02 5.9352E+02 7.4360E-02 5.9352E+02 7.4411E-027894 3402
 5.9353E+02 7.4463E-02 5.9353E+02 7.4513E-02 5.9354E+02 7.4614E-027894 3402
 5.9354E+02 7.4716E-02 5.9355E+02 7.4818E-02 5.9356E+02 7.4920E-027894 3402
 5.9356E+02 7.5022E-02 5.9357E+02 7.5125E-02 5.9358E+02 7.5331E-027894 3402
 5.9360E+02 7.5538E-02 5.9363E+02 7.5953E-02 5.9365E+02 7.6374E-027894 3402
 5.9368E+02 7.6796E-02 5.9371E+02 7.7223E-02 5.9373E+02 7.7652E-027894 3402
 5.9376E+02 7.8087E-02 5.9381E+02 7.8964E-02 5.9387E+02 7.9859E-027894 3402
 5.9392E+02 8.0769E-02 5.9398E+02 8.1694E-02 5.9409E+02 8.3594E-027894 3402
 5.9419E+02 8.5558E-02 5.9430E+02 8.7595E-02 5.9441E+02 8.9713E-027894 3402
 5.9452E+02 9.1897E-02 5.9463E+02 9.4172E-02 5.9485E+02 9.8982E-027894 3402
 5.9506E+02 1.0417E-01 5.9528E+02 1.0978E-01 5.9549E+02 1.1587E-017894 3402
 5.9571E+02 1.2247E-01 5.9593E+02 1.2967E-01 5.9615E+02 1.3751E-017894 3402
 5.9636E+02 1.4610E-01 5.9680E+02 1.6590E-01 5.9723E+02 1.9003E-017894 3402
 5.9766E+02 2.1985E-01 5.9810E+02 2.5729E-01 5.9853E+02 3.0521E-017894 3402
 5.9896E+02 3.6784E-01 5.9940E+02 4.5187E-01 5.9983E+02 5.6815E-017894 3402
 6.0005E+02 6.4373E-01 6.0026E+02 7.3530E-01 6.0048E+02 8.4764E-017894 3402
 6.0070E+02 9.8736E-01 6.0092E+02 1.1641E+00 6.0113E+02 1.3915E+007894 3402
 6.0135E+02 1.6905E+00 6.0157E+02 2.0929E+00 6.0178E+02 2.6500E+007894 3402
 6.0200E+02 3.4448E+00 6.0222E+02 4.6171E+00 6.0243E+02 6.3995E+007894 3402
 6.0287E+02 1.3191E+01 6.0330E+02 2.0404E+01 6.0367E+02 1.4548E+017894 3402
 6.0404E+02 7.8222E+00 6.0423E+02 5.8083E+00 6.0441E+02 4.4179E+007894 3402
 6.0460E+02 3.4437E+00 6.0478E+02 2.7451E+00 6.0515E+02 1.8463E+007894 3402
 6.0534E+02 1.5502E+00 6.0553E+02 1.3186E+00 6.0590E+02 9.8564E-017894 3402
 6.0627E+02 7.6329E-01 6.0701E+02 4.9526E-01 6.0738E+02 4.1109E-017894 3402
 6.0775E+02 3.4661E-01 6.0849E+02 2.5594E-01 6.0924E+02 1.9665E-017894 3402
 6.1072E+02 1.2653E-01 6.1146E+02 1.0481E-01 6.1221E+02 8.8274E-027894 3402
 6.1369E+02 6.5163E-02 6.1517E+02 5.0153E-02 6.1814E+02 3.2517E-027894 3402
 6.1963E+02 2.7089E-02 6.2111E+02 2.2970E-02 6.2408E+02 1.7255E-027894 3402
 6.2705E+02 1.3585E-02 6.3299E+02 9.3877E-03 6.3596E+02 8.1603E-037894 3402
 6.3892E+02 7.2802E-03 6.4486E+02 6.2271E-03 6.5080E+02 5.8353E-037894 3402
 6.5674E+02 5.9852E-03 6.6267E+02 6.7417E-03 6.6564E+02 7.4284E-037894 3402
 6.6861E+02 8.4110E-03 6.7158E+02 9.8115E-03 6.7455E+02 1.1838E-027894 3402
 6.7752E+02 1.4857E-02 6.8049E+02 1.9571E-02 6.8197E+02 2.2967E-027894 3402
 6.8346E+02 2.7443E-02 6.8494E+02 3.3505E-02 6.8642E+02 4.1983E-027894 3402
 6.8791E+02 5.4347E-02 6.8939E+02 7.3372E-02 6.8976E+02 7.9737E-027894 3402
 6.9014E+02 8.6981E-02 6.9032E+02 9.0989E-02 6.9051E+02 9.5284E-027894 3402
 6.9060E+02 9.7550E-02 6.9069E+02 9.9890E-02 6.9074E+02 1.0110E-017894 3402
 6.9078E+02 1.0233E-01 6.9083E+02 1.0358E-01 6.9088E+02 1.0485E-017894 3402
 6.9090E+02 1.0549E-01 6.9092E+02 1.0615E-01 6.9095E+02 1.0680E-017894 3402
 6.9097E+02 1.0746E-01 6.9102E+02 1.0881E-01 6.9106E+02 1.1019E-017894 3402
 6.9111E+02 1.1159E-01 6.9116E+02 1.1301E-01 6.9120E+02 1.1448E-017894 3402
 6.9125E+02 1.1595E-01 6.9134E+02 1.1901E-01 6.9144E+02 1.2218E-017894 3402
 6.9153E+02 1.2549E-01 6.9162E+02 1.2895E-01 6.9181E+02 1.3628E-017894 3402
 6.9199E+02 1.4426E-01 6.9218E+02 1.5297E-01 6.9236E+02 1.6252E-017894 3402
 6.9255E+02 1.7297E-01 6.9273E+02 1.8447E-01 6.9292E+02 1.9718E-017894 3402
 6.9310E+02 2.1125E-01 6.9348E+02 2.4432E-01 6.9385E+02 2.8584E-017894 3402
 6.9422E+02 3.3888E-01 6.9459E+02 4.0816E-01 6.9496E+02 5.0096E-017894 3402
 6.9533E+02 6.2910E-01 6.9552E+02 7.1222E-01 6.9570E+02 8.1275E-017894 3402
 6.9589E+02 9.3574E-01 6.9607E+02 1.0884E+00 6.9626E+02 1.2807E+007894 3402
 6.9644E+02 1.5271E+00 6.9663E+02 1.8492E+00 6.9682E+02 2.2796E+007894 3402
 6.9700E+02 2.8688E+00 6.9719E+02 3.6975E+00 6.9737E+02 4.8940E+007894 3402
 6.9756E+02 6.6572E+00 6.9793E+02 1.2812E+01 6.9830E+02 1.8514E+017894 3402
 6.9865E+02 1.3143E+01 6.9901E+02 7.0304E+00 6.9919E+02 5.2122E+007894 3402
 6.9937E+02 3.9604E+00 6.9954E+02 3.0847E+00 6.9972E+02 2.4577E+007894 3402
 7.0007E+02 1.6519E+00 7.0025E+02 1.3867E+00 7.0043E+02 1.1793E+007894 3402
 7.0078E+02 8.8143E-01 7.0114E+02 6.8251E-01 7.0185E+02 4.4278E-017894 3402
 7.0220E+02 3.6752E-01 7.0256E+02 3.0988E-01 7.0327E+02 2.2880E-017894 3402
 7.0398E+02 1.7579E-01 7.0540E+02 1.1308E-01 7.0611E+02 9.3648E-027894 3402
 7.0682E+02 7.8846E-02 7.0824E+02 5.8146E-02 7.0966E+02 4.4690E-027894 3402
 7.1249E+02 2.8839E-02 7.1392E+02 2.3943E-02 7.1533E+02 2.0218E-027894 3402
 7.1817E+02 1.5012E-02 7.2101E+02 1.1631E-02 7.2669E+02 7.6482E-037894 3402
 7.2953E+02 6.4171E-03 7.3237E+02 5.4800E-03 7.3805E+02 4.1709E-037894 3402
 7.4372E+02 3.3216E-03 7.5508E+02 2.3302E-03 7.6076E+02 2.0308E-037894 3402
 7.6644E+02 1.8101E-03 7.7779E+02 1.5260E-03 7.8915E+02 1.3862E-037894 3402
 8.0051E+02 1.3578E-03 8.1186E+02 1.4447E-03 8.2322E+02 1.6940E-037894 3402
 8.3458E+02 2.2447E-03 8.4025E+02 2.7408E-03 8.4593E+02 3.5222E-037894 3402
 8.4877E+02 4.0877E-03 8.5161E+02 4.8345E-03 8.5445E+02 5.8474E-037894 3402
 8.5729E+02 7.2663E-03 8.6013E+02 9.3386E-03 8.6297E+02 1.2534E-027894 3402
 8.6438E+02 1.4824E-02 8.6581E+02 1.7831E-02 8.6722E+02 2.1898E-027894 3402
 8.6864E+02 2.7577E-02 8.7006E+02 3.5853E-02 8.7148E+02 4.8588E-027894 3402
 8.7219E+02 5.7698E-02 8.7290E+02 6.9661E-02 8.7361E+02 8.5803E-027894 3402
 8.7397E+02 9.6078E-02 8.7414E+02 1.0192E-01 8.7432E+02 1.0832E-017894 3402
 8.7441E+02 1.1174E-01 8.7450E+02 1.1534E-01 8.7459E+02 1.1911E-017894 3402
 8.7463E+02 1.2105E-01 8.7468E+02 1.2306E-01 8.7472E+02 1.2511E-017894 3402
 8.7474E+02 1.2617E-01 8.7476E+02 1.2723E-01 8.7479E+02 1.2829E-017894 3402
 8.7481E+02 1.2939E-01 8.7483E+02 1.3049E-01 8.7485E+02 1.3160E-017894 3402
 8.7488E+02 1.3273E-01 8.7490E+02 1.3387E-01 8.7492E+02 1.3502E-017894 3402
 8.7494E+02 1.3620E-01 8.7499E+02 1.3860E-01 8.7503E+02 1.4106E-017894 3402
 8.7508E+02 1.4357E-01 8.7512E+02 1.4617E-01 8.7517E+02 1.4883E-017894 3402
 8.7521E+02 1.5156E-01 8.7530E+02 1.5727E-01 8.7539E+02 1.6330E-017894 3402
 8.7547E+02 1.6968E-01 8.7556E+02 1.7645E-01 8.7565E+02 1.8362E-017894 3402
 8.7574E+02 1.9126E-01 8.7592E+02 2.0799E-01 8.7610E+02 2.2704E-017894 3402
 8.7627E+02 2.4881E-01 8.7645E+02 2.7388E-01 8.7663E+02 3.0292E-017894 3402
 8.7681E+02 3.3682E-01 8.7698E+02 3.7668E-01 8.7716E+02 4.2403E-017894 3402
 8.7734E+02 4.8083E-01 8.7752E+02 5.4975E-01 8.7769E+02 6.3444E-017894 3402
 8.7787E+02 7.4002E-01 8.7805E+02 8.7390E-01 8.7823E+02 1.0468E+007894 3402
 8.7840E+02 1.2751E+00 8.7858E+02 1.5844E+00 8.7876E+02 2.0160E+007894 3402
 8.7894E+02 2.6393E+00 8.7902E+02 3.0576E+00 8.7911E+02 3.5745E+007894 3402
 8.7920E+02 4.2205E+00 8.7929E+02 5.0345E+00 8.7938E+02 6.0670E+007894 3402
 8.7947E+02 7.3788E+00 8.7956E+02 9.0311E+00 8.7965E+02 1.1056E+017894 3402
 8.7982E+02 1.5773E+01 8.8000E+02 1.8384E+01 8.8031E+02 1.2263E+017894 3402
 8.8062E+02 6.1368E+00 8.8077E+02 4.4641E+00 8.8092E+02 3.3485E+007894 3402
 8.8108E+02 2.5851E+00 8.8123E+02 2.0465E+00 8.8154E+02 1.3645E+007894 3402
 8.8169E+02 1.1423E+00 8.8185E+02 9.6945E-01 8.8215E+02 7.2237E-017894 3402
 8.8246E+02 5.5819E-01 8.8308E+02 3.6119E-01 8.8338E+02 2.9954E-017894 3402
 8.8369E+02 2.5237E-01 8.8431E+02 1.8611E-01 8.8492E+02 1.4288E-017894 3402
 8.8615E+02 9.1750E-02 8.8677E+02 7.5926E-02 8.8738E+02 6.3873E-027894 3402
 8.8861E+02 4.7026E-02 8.8984E+02 3.6079E-02 8.9231E+02 2.3194E-027894 3402
 8.9353E+02 1.9216E-02 8.9477E+02 1.6190E-02 8.9723E+02 1.1966E-027894 3402
 8.9969E+02 9.2249E-03 9.0461E+02 6.0003E-03 9.0707E+02 5.0057E-037894 3402
 9.0953E+02 4.2490E-03 9.1445E+02 3.1928E-03 9.1938E+02 2.5073E-037894 3402
 9.2922E+02 1.7013E-03 9.3414E+02 1.4529E-03 9.3906E+02 1.2643E-037894 3402
 9.4891E+02 1.0023E-03 9.5875E+02 8.3472E-04 9.6112E+02 8.1203E-047894 3402
 9.6112E+02 1.7675E-01 1.0000E+03 1.7121E-01 1.5000E+03 1.3680E-017894 3402
 2.1500E+03 1.1378E-01 3.0000E+03 9.6130E-02 4.6500E+03 7.6232E-027894 3402
 7.0000E+03 6.0298E-02 1.0000E+04 4.8501E-02 1.5000E+04 3.7686E-027894 3402
 2.1500E+04 3.0498E-02 2.4500E+04 2.8431E-02 3.0000E+04 2.5741E-027894 3402
 4.6500E+04 2.1579E-02 7.0000E+04 1.8794E-02 1.0000E+05 1.6596E-027894 3402
 1.5000E+05 1.4212E-02 2.1500E+05 1.2364E-02 3.0000E+05 1.1054E-027894 3402
 4.6500E+05 4.5965E-03 7.0000E+05 3.2655E-03 1.0000E+06 2.9032E-037894 3402
 1.5000E+06 3.0192E-03 2.1500E+06 1.8697E-03 3.0000E+06 1.8634E-037894 3402
 4.6500E+06 1.0047E-03 7.0000E+06 2.5637E-04 1.0000E+07 3.6932E-047894 3402
 1.2000E+07 3.6470E-04 1.3000E+07 3.5233E-04 1.4000E+07 3.3635E-047894 3402
 1.5000E+07 3.1983E-04 1.6000E+07 3.0322E-04 1.7000E+07 2.8698E-047894 3402
 1.8000E+07 2.7156E-04 1.9000E+07 2.5740E-04 2.0000E+07 2.4115E-047894 3402
                                                                  7894 3  0
