PU-239N,G    1.0000+00* JEF-2.2                                   9439 3102
                                                                  9439 3102
 9.42390+04 2.3700E+02          0         99          0          09439 3102
 3.0000E+02 6.5368E+06          0          0          1       12829439 3102
       1282          2                                            9439 3102
 1.0000E-05 0.0000E+00 1.0000E-05 3.6693E+03 1.0500E-04 3.6693E+039439 3102
 1.0500E-04 3.5805E+03 1.1000E-04 3.5805E+03 1.1000E-04 3.5052E+039439 3102
 1.1500E-04 3.5052E+03 1.1500E-04 3.4352E+03 1.2000E-04 3.4352E+039439 3102
 1.2000E-04 3.3476E+03 1.2750E-04 3.3476E+03 1.2750E-04 3.2432E+039439 3102
 1.3500E-04 3.2432E+03 1.3500E-04 3.1559E+03 1.4250E-04 3.1559E+039439 3102
 1.4250E-04 3.0766E+03 1.5000E-04 3.0766E+03 1.5000E-04 2.9842E+039439 3102
 1.6000E-04 2.9842E+03 1.6000E-04 2.8935E+03 1.7000E-04 2.8935E+039439 3102
 1.7000E-04 2.8101E+03 1.8000E-04 2.8101E+03 1.8000E-04 2.7306E+039439 3102
 1.9000E-04 2.7306E+03 1.9000E-04 2.6620E+03 2.0000E-04 2.6620E+039439 3102
 2.0000E-04 2.5943E+03 2.1000E-04 2.5943E+03 2.1000E-04 2.5374E+039439 3102
 2.2000E-04 2.5374E+03 2.2000E-04 2.4847E+03 2.3000E-04 2.4847E+039439 3102
 2.3000E-04 2.4320E+03 2.4000E-04 2.4320E+03 2.4000E-04 2.3660E+039439 3102
 2.5500E-04 2.3660E+03 2.5500E-04 2.2945E+03 2.7000E-04 2.2945E+039439 3102
 2.7000E-04 2.2454E+03 2.8000E-04 2.2454E+03 2.8000E-04 2.1860E+039439 3102
 3.0000E-04 2.1860E+03 3.0000E-04 2.1114E+03 3.2000E-04 2.1114E+039439 3102
 3.2000E-04 2.0489E+03 3.4000E-04 2.0489E+03 3.4000E-04 1.9875E+039439 3102
 3.6000E-04 1.9875E+03 3.6000E-04 1.9340E+03 3.8000E-04 1.9340E+039439 3102
 3.8000E-04 1.8840E+03 4.0000E-04 1.8840E+03 4.0000E-04 1.8323E+039439 3102
 4.2500E-04 1.8323E+03 4.2500E-04 1.7839E+03 4.5000E-04 1.7839E+039439 3102
 4.5000E-04 1.7359E+03 4.7500E-04 1.7359E+03 4.7500E-04 1.6878E+039439 3102
 5.0000E-04 1.6878E+03 5.0000E-04 1.6441E+03 5.2500E-04 1.6441E+039439 3102
 5.2500E-04 1.6083E+03 5.5000E-04 1.6083E+03 5.5000E-04 1.5727E+039439 3102
 5.7500E-04 1.5727E+03 5.7500E-04 1.5370E+03 6.0000E-04 1.5370E+039439 3102
 6.0000E-04 1.5016E+03 6.3000E-04 1.5016E+03 6.3000E-04 1.4682E+039439 3102
 6.6000E-04 1.4682E+03 6.6000E-04 1.4348E+03 6.9000E-04 1.4348E+039439 3102
 6.9000E-04 1.4027E+03 7.2000E-04 1.4027E+03 7.2000E-04 1.3707E+039439 3102
 7.6000E-04 1.3707E+03 7.6000E-04 1.3347E+03 8.0000E-04 1.3347E+039439 3102
 8.0000E-04 1.3029E+03 8.4000E-04 1.3029E+03 8.4000E-04 1.2753E+039439 3102
 8.8000E-04 1.2753E+03 8.8000E-04 1.2477E+03 9.2000E-04 1.2477E+039439 3102
 9.2000E-04 1.2201E+03 9.6000E-04 1.2201E+03 9.6000E-04 1.1925E+039439 3102
 1.0000E-03 1.1925E+03 1.0000E-03 1.1664E+03 1.0500E-03 1.1664E+039439 3102
 1.0500E-03 1.1409E+03 1.1000E-03 1.1409E+03 1.1000E-03 1.1154E+039439 3102
 1.1500E-03 1.1154E+03 1.1500E-03 1.0899E+03 1.2000E-03 1.0899E+039439 3102
 1.2000E-03 1.0628E+03 1.2750E-03 1.0628E+03 1.2750E-03 1.0330E+039439 3102
 1.3500E-03 1.0330E+03 1.3500E-03 1.0038E+03 1.4250E-03 1.0038E+039439 3102
 1.4250E-03 9.7884E+02 1.5000E-03 9.7884E+02 1.5000E-03 9.5079E+029439 3102
 1.6000E-03 9.5079E+02 1.6000E-03 9.2329E+02 1.7000E-03 9.2329E+029439 3102
 1.7000E-03 8.9884E+02 1.8000E-03 8.9884E+02 1.8000E-03 8.7439E+029439 3102
 1.9000E-03 8.7439E+02 1.9000E-03 8.4998E+02 2.0000E-03 8.4998E+029439 3102
 2.0000E-03 8.2962E+02 2.1000E-03 8.2962E+02 2.1000E-03 8.1158E+029439 3102
 2.2000E-03 8.1158E+02 2.2000E-03 7.9354E+02 2.3000E-03 7.9354E+029439 3102
 2.3000E-03 7.7555E+02 2.4000E-03 7.7555E+02 2.4000E-03 7.5671E+029439 3102
 2.5500E-03 7.5671E+02 2.5500E-03 7.3572E+02 2.7000E-03 7.3572E+029439 3102
 2.7000E-03 7.1832E+02 2.8000E-03 7.1832E+02 2.8000E-03 7.0057E+029439 3102
 3.0000E-03 7.0057E+02 3.0000E-03 6.7808E+02 3.2000E-03 6.7808E+029439 3102
 3.2000E-03 6.5897E+02 3.4000E-03 6.5897E+02 3.4000E-03 6.4179E+029439 3102
 3.6000E-03 6.4179E+02 3.6000E-03 6.2461E+02 3.8000E-03 6.2461E+029439 3102
 3.8000E-03 6.0750E+02 4.0000E-03 6.0750E+02 4.0000E-03 5.9181E+029439 3102
 4.2500E-03 5.9181E+02 4.2500E-03 5.7602E+02 4.5000E-03 5.7602E+029439 3102
 4.5000E-03 5.6024E+02 4.7500E-03 5.6024E+02 4.7500E-03 5.4621E+029439 3102
 5.0000E-03 5.4621E+02 5.0000E-03 5.3401E+02 5.2500E-03 5.3401E+029439 3102
 5.2500E-03 5.2179E+02 5.5000E-03 5.2179E+02 5.5000E-03 5.1041E+029439 3102
 5.7500E-03 5.1041E+02 5.7500E-03 5.0059E+02 6.0000E-03 5.0059E+029439 3102
 6.0000E-03 4.8980E+02 6.3000E-03 4.8980E+02 6.3000E-03 4.7917E+029439 3102
 6.6000E-03 4.7917E+02 6.6000E-03 4.7024E+02 6.9000E-03 4.7024E+029439 3102
 6.9000E-03 4.6132E+02 7.2000E-03 4.6132E+02 7.2000E-03 4.5089E+029439 3102
 7.6000E-03 4.5089E+02 7.6000E-03 4.3907E+02 8.0000E-03 4.3907E+029439 3102
 8.0000E-03 4.2942E+02 8.4000E-03 4.2942E+02 8.4000E-03 4.2073E+029439 3102
 8.8000E-03 4.2073E+02 8.8000E-03 4.1205E+02 9.2000E-03 4.1205E+029439 3102
 9.2000E-03 4.0343E+02 9.6000E-03 4.0343E+02 9.6000E-03 3.9623E+029439 3102
 1.0000E-02 3.9623E+02 1.0000E-02 3.8872E+02 1.0500E-02 3.8872E+029439 3102
 1.0500E-02 3.8039E+02 1.1000E-02 3.8039E+02 1.1000E-02 3.7266E+029439 3102
 1.1500E-02 3.7266E+02 1.1500E-02 3.6602E+02 1.2000E-02 3.6602E+029439 3102
 1.2000E-02 3.5773E+02 1.2750E-02 3.5773E+02 1.2750E-02 3.4933E+029439 3102
 1.3500E-02 3.4933E+02 1.3500E-02 3.4187E+02 1.4250E-02 3.4187E+029439 3102
 1.4250E-02 3.3441E+02 1.5000E-02 3.3441E+02 1.5000E-02 3.2574E+029439 3102
 1.6000E-02 3.2574E+02 1.6000E-02 3.1769E+02 1.7000E-02 3.1769E+029439 3102
 1.7000E-02 3.1057E+02 1.8000E-02 3.1057E+02 1.8000E-02 3.0344E+029439 3102
 1.9000E-02 3.0344E+02 1.9000E-02 2.9725E+02 2.0000E-02 2.9725E+029439 3102
 2.0000E-02 2.9190E+02 2.1000E-02 2.9190E+02 2.1000E-02 2.8656E+029439 3102
 2.2000E-02 2.8656E+02 2.2000E-02 2.8165E+02 2.3000E-02 2.8165E+029439 3102
 2.3000E-02 2.7749E+02 2.4000E-02 2.7749E+02 2.4000E-02 2.7231E+029439 3102
 2.5500E-02 2.7231E+02 2.5500E-02 2.6693E+02 2.7000E-02 2.6693E+029439 3102
 2.7000E-02 2.6285E+02 2.8000E-02 2.6285E+02 2.8000E-02 2.5823E+029439 3102
 3.0000E-02 2.5823E+02 3.0000E-02 2.5299E+02 3.2000E-02 2.5299E+029439 3102
 3.2000E-02 2.4841E+02 3.4000E-02 2.4841E+02 3.4000E-02 2.4471E+029439 3102
 3.6000E-02 2.4471E+02 3.6000E-02 2.4101E+02 3.8000E-02 2.4101E+029439 3102
 3.8000E-02 2.3742E+02 4.0000E-02 2.3742E+02 4.0000E-02 2.3454E+029439 3102
 4.2500E-02 2.3454E+02 4.2500E-02 2.3158E+02 4.5000E-02 2.3158E+029439 3102
 4.5000E-02 2.2879E+02 4.7500E-02 2.2879E+02 4.7500E-02 2.2687E+029439 3102
 5.0000E-02 2.2687E+02 5.0000E-02 2.2505E+02 5.2500E-02 2.2505E+029439 3102
 5.2500E-02 2.2349E+02 5.5000E-02 2.2349E+02 5.5000E-02 2.2251E+029439 3102
 5.7500E-02 2.2251E+02 5.7500E-02 2.2154E+02 6.0000E-02 2.2154E+029439 3102
 6.0000E-02 2.2090E+02 6.3000E-02 2.2090E+02 6.3000E-02 2.2056E+029439 3102
 6.6000E-02 2.2056E+02 6.6000E-02 2.2045E+02 6.9000E-02 2.2045E+029439 3102
 6.9000E-02 2.2106E+02 7.2000E-02 2.2106E+02 7.2000E-02 2.2181E+029439 3102
 7.6000E-02 2.2181E+02 7.6000E-02 2.2267E+02 8.0000E-02 2.2267E+029439 3102
 8.0000E-02 2.2401E+02 8.4000E-02 2.2401E+02 8.4000E-02 2.2637E+029439 3102
 8.8000E-02 2.2637E+02 8.8000E-02 2.2875E+02 9.2000E-02 2.2875E+029439 3102
 9.2000E-02 2.3121E+02 9.6000E-02 2.3121E+02 9.6000E-02 2.3472E+029439 3102
 1.0000E-01 2.3472E+02 1.0000E-01 2.3903E+02 1.0500E-01 2.3903E+029439 3102
 1.0500E-01 2.4390E+02 1.1000E-01 2.4390E+02 1.1000E-01 2.5017E+029439 3102
 1.1500E-01 2.5017E+02 1.1500E-01 2.5693E+02 1.2000E-01 2.5693E+029439 3102
 1.2000E-01 2.6603E+02 1.2750E-01 2.6603E+02 1.2750E-01 2.7945E+029439 3102
 1.3500E-01 2.7945E+02 1.3500E-01 2.9490E+02 1.4250E-01 2.9490E+029439 3102
 1.4250E-01 3.1403E+02 1.5000E-01 3.1403E+02 1.5000E-01 3.3643E+029439 3102
 1.6000E-01 3.3643E+02 1.6000E-01 3.6902E+02 1.7000E-01 3.6902E+029439 3102
 1.7000E-01 4.0985E+02 1.8000E-01 4.0985E+02 1.8000E-01 4.6027E+029439 3102
 1.9000E-01 4.6027E+02 1.9000E-01 5.2140E+02 2.0000E-01 5.2140E+029439 3102
 2.0000E-01 5.9782E+02 2.1000E-01 5.9782E+02 2.1000E-01 6.9502E+029439 3102
 2.2000E-01 6.9502E+02 2.2000E-01 8.1739E+02 2.3000E-01 8.1739E+029439 3102
 2.3000E-01 9.6876E+02 2.4000E-01 9.6876E+02 2.4000E-01 1.2072E+039439 3102
 2.5500E-01 1.2072E+03 2.5500E-01 1.5782E+03 2.7000E-01 1.5782E+039439 3102
 2.7000E-01 1.9227E+03 2.8000E-01 1.9227E+03 2.8000E-01 2.1804E+039439 3102
 3.0000E-01 2.1804E+03 3.0000E-01 2.0420E+03 3.2000E-01 2.0420E+039439 3102
 3.2000E-01 1.4888E+03 3.4000E-01 1.4888E+03 3.4000E-01 9.7272E+029439 3102
 3.6000E-01 9.7272E+02 3.6000E-01 6.3680E+02 3.8000E-01 6.3680E+029439 3102
 3.8000E-01 4.3347E+02 4.0000E-01 4.3347E+02 4.0000E-01 2.9853E+029439 3102
 4.2500E-01 2.9853E+02 4.2500E-01 2.0370E+02 4.5000E-01 2.0370E+029439 3102
 4.5000E-01 1.4847E+02 4.7500E-01 1.4847E+02 4.7500E-01 1.1243E+029439 3102
 5.0000E-01 1.1243E+02 5.0000E-01 8.7907E+01 5.2500E-01 8.7907E+019439 3102
 5.2500E-01 7.0575E+01 5.5000E-01 7.0575E+01 5.5000E-01 5.8200E+019439 3102
 5.7500E-01 5.8200E+01 5.7500E-01 4.8555E+01 6.0000E-01 4.8555E+019439 3102
 6.0000E-01 4.0589E+01 6.3000E-01 4.0589E+01 6.3000E-01 3.3973E+019439 3102
 6.6000E-01 3.3973E+01 6.6000E-01 2.8914E+01 6.9000E-01 2.8914E+019439 3102
 6.9000E-01 2.4963E+01 7.2000E-01 2.4963E+01 7.2000E-01 2.1383E+019439 3102
 7.6000E-01 2.1383E+01 7.6000E-01 1.8221E+01 8.0000E-01 1.8221E+019439 3102
 8.0000E-01 1.5809E+01 8.4000E-01 1.5809E+01 8.4000E-01 1.3885E+019439 3102
 8.8000E-01 1.3885E+01 8.8000E-01 1.2343E+01 9.2000E-01 1.2343E+019439 3102
 9.2000E-01 1.1075E+01 9.6000E-01 1.1075E+01 9.6000E-01 1.0077E+019439 3102
 1.0000E+00 1.0077E+01 1.0000E+00 9.0326E+00 1.0500E+00 9.0326E+009439 3102
 1.0500E+00 8.1806E+00 1.1000E+00 8.1806E+00 1.1000E+00 7.4318E+009439 3102
 1.1500E+00 7.4318E+00 1.1500E+00 6.8323E+00 1.2000E+00 6.8323E+009439 3102
 1.2000E+00 6.1851E+00 1.2750E+00 6.1851E+00 1.2750E+00 5.5855E+009439 3102
 1.3500E+00 5.5855E+00 1.3500E+00 5.0817E+00 1.4250E+00 5.0817E+009439 3102
 1.4250E+00 4.6771E+00 1.5000E+00 4.6771E+00 1.5000E+00 4.2884E+009439 3102
 1.6000E+00 4.2884E+00 1.6000E+00 3.9203E+00 1.7000E+00 3.9203E+009439 3102
 1.7000E+00 3.6100E+00 1.8000E+00 3.6100E+00 1.8000E+00 3.3761E+009439 3102
 1.9000E+00 3.3761E+00 1.9000E+00 3.1502E+00 2.0000E+00 3.1502E+009439 3102
 2.0000E+00 2.9695E+00 2.1000E+00 2.9695E+00 2.1000E+00 2.8094E+009439 3102
 2.2000E+00 2.8094E+00 2.2000E+00 2.6681E+00 2.3000E+00 2.6681E+009439 3102
 2.3000E+00 2.5563E+00 2.4000E+00 2.5563E+00 2.4000E+00 2.4172E+009439 3102
 2.5500E+00 2.4172E+00 2.5500E+00 2.2663E+00 2.7000E+00 2.2663E+009439 3102
 2.7000E+00 2.1728E+00 2.8000E+00 2.1728E+00 2.8000E+00 2.0752E+009439 3102
 3.0000E+00 2.0752E+00 3.0000E+00 1.9459E+00 3.2000E+00 1.9459E+009439 3102
 3.2000E+00 1.8478E+00 3.4000E+00 1.8478E+00 3.4000E+00 1.7615E+009439 3102
 3.6000E+00 1.7615E+00 3.6000E+00 1.6884E+00 3.8000E+00 1.6884E+009439 3102
 3.8000E+00 1.6321E+00 4.0000E+00 1.6321E+00 4.0000E+00 1.5775E+009439 3102
 4.2500E+00 1.5775E+00 4.2500E+00 1.5427E+00 4.5000E+00 1.5427E+009439 3102
 4.5000E+00 1.5097E+00 4.7500E+00 1.5097E+00 4.7500E+00 1.4884E+009439 3102
 5.0000E+00 1.4884E+00 5.0000E+00 1.4987E+00 5.2500E+00 1.4987E+009439 3102
 5.2500E+00 1.5256E+00 5.5000E+00 1.5256E+00 5.5000E+00 1.5764E+009439 3102
 5.7500E+00 1.5764E+00 5.7500E+00 1.6719E+00 6.0000E+00 1.6719E+009439 3102
 6.0000E+00 1.8518E+00 6.3000E+00 1.8518E+00 6.3000E+00 2.1941E+009439 3102
 6.6000E+00 2.1941E+00 6.6000E+00 2.8879E+00 6.9000E+00 2.8879E+009439 3102
 6.9000E+00 4.5792E+00 7.2000E+00 4.5792E+00 7.2000E+00 1.5176E+019439 3102
 7.6000E+00 1.5176E+01 7.6000E+00 3.0912E+02 8.0000E+00 3.0912E+029439 3102
 8.0000E+00 1.8393E+01 8.4000E+00 1.8393E+01 8.4000E+00 4.6590E+009439 3102
 8.8000E+00 4.6590E+00 8.8000E+00 3.1413E+00 9.2000E+00 3.1413E+009439 3102
 9.2000E+00 3.1635E+00 9.6000E+00 3.1635E+00 9.6000E+00 4.2673E+009439 3102
 1.0000E+01 4.2673E+00 1.0000E+01 9.8112E+00 1.0500E+01 9.8112E+009439 3102
 1.0500E+01 1.3781E+02 1.1000E+01 1.3781E+02 1.1000E+01 6.0039E+019439 3102
 1.1500E+01 6.0039E+01 1.1500E+01 2.9635E+02 1.2000E+01 2.9635E+029439 3102
 1.2000E+01 2.0496E+01 1.2750E+01 2.0496E+01 1.2750E+01 4.0914E+009439 3102
 1.3500E+01 4.0914E+00 1.3500E+01 1.5270E+01 1.4250E+01 1.5270E+019439 3102
 1.4250E+01 3.3109E+02 1.5000E+01 3.3109E+02 1.5000E+01 1.1691E+019439 3102
 1.6000E+01 1.1691E+01 1.6000E+01 4.1386E+00 1.7000E+01 4.1386E+009439 3102
 1.7000E+01 1.5338E+02 1.8000E+01 1.5338E+02 1.8000E+01 5.0196E+009439 3102
 1.9000E+01 5.0196E+00 1.9000E+01 1.3891E+00 2.0000E+01 1.3891E+009439 3102
 2.0000E+01 1.4960E+00 2.1000E+01 1.4960E+00 2.1000E+01 7.7352E+009439 3102
 2.2000E+01 7.7352E+00 2.2000E+01 1.3467E+02 2.3000E+01 1.3467E+029439 3102
 2.3000E+01 7.8976E+00 2.4000E+01 7.8976E+00 2.4000E+01 1.9314E+009439 3102
 2.5500E+01 1.9314E+00 2.5500E+01 5.7959E+01 2.7000E+01 5.7959E+019439 3102
 2.7000E+01 1.6458E+01 2.8000E+01 1.6458E+01 2.8000E+01 4.7455E-019439 3102
 3.0000E+01 4.7455E-01 3.0000E+01 4.8827E-01 3.2000E+01 4.8827E-019439 3102
 3.2000E+01 3.2886E+00 3.4000E+01 3.2886E+00 3.4000E+01 1.0657E+019439 3102
 3.6000E+01 1.0657E+01 3.6000E+01 4.5461E-01 3.8000E+01 4.5461E-019439 3102
 3.8000E+01 7.2532E-01 4.0000E+01 7.2532E-01 4.0000E+01 9.2942E+019439 3102
 4.2500E+01 9.2942E+01 4.2500E+01 1.3051E+02 4.5000E+01 1.3051E+029439 3102
 4.5000E+01 3.5028E+00 4.7500E+01 3.5028E+00 4.7500E+01 7.6788E+009439 3102
 5.0000E+01 7.6788E+00 5.0000E+01 6.8142E+01 5.2500E+01 6.8142E+019439 3102
 5.2500E+01 1.4854E+02 5.5000E+01 1.4854E+02 5.5000E+01 2.3834E+019439 3102
 5.7500E+01 2.3834E+01 5.7500E+01 2.7896E+01 6.0000E+01 2.7896E+019439 3102
 6.0000E+01 1.8330E+00 6.3000E+01 1.8330E+00 6.3000E+01 5.0505E+019439 3102
 6.6000E+01 5.0505E+01 6.6000E+01 7.1754E+00 6.9000E+01 7.1754E+009439 3102
 6.9000E+01 8.0391E-01 7.2000E+01 8.0391E-01 7.2000E+01 7.5831E+019439 3102
 7.6000E+01 7.5831E+01 7.6000E+01 2.0169E+00 8.0000E+01 2.0169E+009439 3102
 8.0000E+01 4.3845E+00 8.4000E+01 4.3845E+00 8.4000E+01 5.0689E+019439 3102
 8.8000E+01 5.0689E+01 8.8000E+01 6.4540E+01 9.2000E+01 6.4540E+019439 3102
 9.2000E+01 1.6105E+01 9.6000E+01 1.6105E+01 9.6000E+01 1.1871E+009439 3102
 1.0000E+02 1.1871E+00 1.0000E+02 8.6377E+00 1.0500E+02 8.6377E+009439 3102
 1.0500E+02 5.3908E+01 1.1000E+02 5.3908E+01 1.1000E+02 2.3695E+009439 3102
 1.1500E+02 2.3695E+00 1.1500E+02 3.8132E+01 1.2000E+02 3.8132E+019439 3102
 1.2000E+02 1.0729E+01 1.2750E+02 1.0729E+01 1.2750E+02 1.5827E+019439 3102
 1.3500E+02 1.5827E+01 1.3500E+02 3.2565E+00 1.4250E+02 3.2565E+009439 3102
 1.4250E+02 2.8084E+01 1.5000E+02 2.8084E+01 1.5000E+02 2.9379E+009439 3102
 1.6000E+02 2.9379E+00 1.6000E+02 3.3157E+01 1.7000E+02 3.3157E+019439 3102
 1.7000E+02 9.5084E+00 1.8000E+02 9.5084E+00 1.8000E+02 2.9056E+009439 3102
 1.9000E+02 2.9056E+00 1.9000E+02 1.1951E+01 2.0000E+02 1.1951E+019439 3102
 2.0000E+02 1.2622E+01 2.1000E+02 1.2622E+01 2.1000E+02 9.9216E+009439 3102
 2.2000E+02 9.9216E+00 2.2000E+02 1.4391E+01 2.3000E+02 1.4391E+019439 3102
 2.3000E+02 2.4894E+01 2.4000E+02 2.4894E+01 2.4000E+02 2.2091E+019439 3102
 2.5500E+02 2.2091E+01 2.5500E+02 7.0137E+00 2.7000E+02 7.0137E+009439 3102
 2.7000E+02 2.4120E+01 2.8000E+02 2.4120E+01 2.8000E+02 1.3389E+019439 3102
 3.0000E+02 1.3389E+01 3.0000E+02 1.4033E+01 3.2000E+02 1.4033E+019439 3102
 3.2000E+02 1.7320E+01 3.4000E+02 1.7320E+01 3.4000E+02 8.8732E+009439 3102
 3.6000E+02 8.8732E+00 3.6000E+02 3.1434E+00 3.8000E+02 3.1434E+009439 3102
 3.8000E+02 3.6174E+00 4.0000E+02 3.6174E+00 4.0000E+02 6.4244E+009439 3102
 4.2500E+02 6.4244E+00 4.2500E+02 1.9042E+00 4.5000E+02 1.9042E+009439 3102
 4.5000E+02 5.4448E+00 4.7500E+02 5.4448E+00 4.7500E+02 1.3107E+009439 3102
 5.0000E+02 1.3107E+00 5.0000E+02 9.7764E+00 5.2500E+02 9.7764E+009439 3102
 5.2500E+02 8.9754E+00 5.5000E+02 8.9754E+00 5.5000E+02 1.4260E+019439 3102
 5.7500E+02 1.4260E+01 5.7500E+02 8.3225E+00 6.0000E+02 8.3225E+009439 3102
 6.0000E+02 8.2433E+00 6.3000E+02 8.2433E+00 6.3000E+02 7.0336E+009439 3102
 6.6000E+02 7.0336E+00 6.6000E+02 4.7523E+00 6.9000E+02 4.7523E+009439 3102
 6.9000E+02 4.3202E+00 7.2000E+02 4.3202E+00 7.2000E+02 4.7389E+009439 3102
 7.6000E+02 4.7389E+00 7.6000E+02 3.4953E+00 8.0000E+02 3.4953E+009439 3102
 8.0000E+02 3.1981E+00 8.4000E+02 3.1981E+00 8.4000E+02 2.5155E+009439 3102
 8.8000E+02 2.5155E+00 8.8000E+02 3.6564E+00 9.2000E+02 3.6564E+009439 3102
 9.2000E+02 5.6502E+00 9.6000E+02 5.6502E+00 9.6000E+02 4.9625E+009439 3102
 1.0000E+03 4.9625E+00 1.0000E+03 4.1181E+00 1.0500E+03 4.1181E+009439 3102
 1.0500E+03 4.8020E+00 1.1000E+03 4.8020E+00 1.1000E+03 3.9680E+009439 3102
 1.1500E+03 3.9680E+00 1.1500E+03 3.1890E+00 1.2000E+03 3.1890E+009439 3102
 1.2000E+03 3.6332E+00 1.2750E+03 3.6332E+00 1.2750E+03 3.5719E+009439 3102
 1.3500E+03 3.5719E+00 1.3500E+03 2.8533E+00 1.4250E+03 2.8533E+009439 3102
 1.4250E+03 3.1716E+00 1.5000E+03 3.1716E+00 1.5000E+03 3.6276E+009439 3102
 1.6000E+03 3.6276E+00 1.6000E+03 3.7288E+00 1.7000E+03 3.7288E+009439 3102
 1.7000E+03 4.1104E+00 1.8000E+03 4.1104E+00 1.8000E+03 3.4662E+009439 3102
 1.9000E+03 3.4662E+00 1.9000E+03 3.4734E+00 2.0000E+03 3.4734E+009439 3102
 2.0000E+03 3.3025E+00 2.1000E+03 3.3025E+00 2.1000E+03 3.2358E+009439 3102
 2.2000E+03 3.2358E+00 2.2000E+03 2.9378E+00 2.3000E+03 2.9378E+009439 3102
 2.3000E+03 3.1643E+00 2.4000E+03 3.1643E+00 2.4000E+03 2.6365E+009439 3102
 2.5500E+03 2.6365E+00 2.5500E+03 3.0916E+00 2.7000E+03 3.0916E+009439 3102
 2.7000E+03 2.2057E+00 2.8000E+03 2.2057E+00 2.8000E+03 2.7830E+009439 3102
 3.0000E+03 2.7830E+00 3.0000E+03 2.1069E+00 3.2000E+03 2.1069E+009439 3102
 3.2000E+03 2.2341E+00 3.4000E+03 2.2341E+00 3.4000E+03 2.2810E+009439 3102
 3.6000E+03 2.2810E+00 3.6000E+03 2.2675E+00 3.8000E+03 2.2675E+009439 3102
 3.8000E+03 2.2332E+00 4.0000E+03 2.2332E+00 4.0000E+03 2.2861E+009439 3102
 4.2500E+03 2.2861E+00 4.2500E+03 2.1067E+00 4.5000E+03 2.1067E+009439 3102
 4.5000E+03 1.8355E+00 4.7500E+03 1.8355E+00 4.7500E+03 2.1040E+009439 3102
 5.0000E+03 2.1040E+00 5.0000E+03 1.9665E+00 5.2500E+03 1.9665E+009439 3102
 5.2500E+03 1.9422E+00 5.5000E+03 1.9422E+00 5.5000E+03 1.8319E+009439 3102
 5.7500E+03 1.8319E+00 5.7500E+03 1.7585E+00 6.0000E+03 1.7585E+009439 3102
 6.0000E+03 1.6526E+00 6.3000E+03 1.6526E+00 6.3000E+03 1.7396E+009439 3102
 6.6000E+03 1.7396E+00 6.6000E+03 1.6864E+00 6.9000E+03 1.6864E+009439 3102
 6.9000E+03 1.6163E+00 7.2000E+03 1.6163E+00 7.2000E+03 1.3471E+009439 3102
 7.6000E+03 1.3471E+00 7.6000E+03 1.4139E+00 8.0000E+03 1.4139E+009439 3102
 8.0000E+03 1.2896E+00 8.4000E+03 1.2896E+00 8.4000E+03 1.2660E+009439 3102
 8.8000E+03 1.2660E+00 8.8000E+03 1.1829E+00 9.2000E+03 1.1829E+009439 3102
 9.2000E+03 1.1486E+00 9.6000E+03 1.1486E+00 9.6000E+03 1.1370E+009439 3102
 1.0000E+04 1.1370E+00 1.0000E+04 1.1569E+00 1.0500E+04 1.1569E+009439 3102
 1.0500E+04 1.0878E+00 1.1000E+04 1.0878E+00 1.1000E+04 1.0815E+009439 3102
 1.1500E+04 1.0815E+00 1.1500E+04 1.0523E+00 1.2000E+04 1.0523E+009439 3102
 1.2000E+04 9.8393E-01 1.2750E+04 9.8393E-01 1.2750E+04 9.4593E-019439 3102
 1.3500E+04 9.4593E-01 1.3500E+04 9.5861E-01 1.4250E+04 9.5861E-019439 3102
 1.4250E+04 8.9847E-01 1.5000E+04 8.9847E-01 1.5000E+04 8.3709E-019439 3102
 1.6000E+04 8.3709E-01 1.6000E+04 8.2415E-01 1.7000E+04 8.2415E-019439 3102
 1.7000E+04 7.8141E-01 1.8000E+04 7.8141E-01 1.8000E+04 7.5499E-019439 3102
 1.9000E+04 7.5499E-01 1.9000E+04 7.0777E-01 2.0000E+04 7.0777E-019439 3102
 2.0000E+04 6.9585E-01 2.1000E+04 6.9585E-01 2.1000E+04 6.8747E-019439 3102
 2.2000E+04 6.8747E-01 2.2000E+04 7.0265E-01 2.3000E+04 7.0265E-019439 3102
 2.3000E+04 6.4567E-01 2.4000E+04 6.4567E-01 2.4000E+04 6.2170E-019439 3102
 2.5500E+04 6.2170E-01 2.5500E+04 5.9839E-01 2.7000E+04 5.9839E-019439 3102
 2.7000E+04 5.8847E-01 2.8000E+04 5.8847E-01 2.8000E+04 5.5544E-019439 3102
 3.0000E+04 5.5544E-01 3.0000E+04 4.9876E-01 3.2000E+04 4.9876E-019439 3102
 3.2000E+04 4.8344E-01 3.4000E+04 4.8344E-01 3.4000E+04 4.6903E-019439 3102
 3.6000E+04 4.6903E-01 3.6000E+04 4.5553E-01 3.8000E+04 4.5553E-019439 3102
 3.8000E+04 4.4293E-01 4.0000E+04 4.4293E-01 4.0000E+04 4.3082E-019439 3102
 4.2500E+04 4.3082E-01 4.2500E+04 4.1922E-01 4.5000E+04 4.1922E-019439 3102
 4.5000E+04 4.0833E-01 4.7500E+04 4.0833E-01 4.7500E+04 3.9816E-019439 3102
 5.0000E+04 3.9816E-01 5.0000E+04 3.8872E-01 5.2500E+04 3.8872E-019439 3102
 5.2500E+04 3.7999E-01 5.5000E+04 3.7999E-01 5.5000E+04 3.7197E-019439 3102
 5.7500E+04 3.7197E-01 5.7500E+04 3.6462E-01 6.0000E+04 3.6462E-019439 3102
 6.0000E+04 3.5729E-01 6.3000E+04 3.5729E-01 6.3000E+04 3.4968E-019439 3102
 6.6000E+04 3.4968E-01 6.6000E+04 3.4255E-01 6.9000E+04 3.4255E-019439 3102
 6.9000E+04 3.3568E-01 7.2000E+04 3.3568E-01 7.2000E+04 3.2826E-019439 3102
 7.6000E+04 3.2826E-01 7.6000E+04 3.2034E-01 8.0000E+04 3.2034E-019439 3102
 8.0000E+04 3.1311E-01 8.4000E+04 3.1311E-01 8.4000E+04 3.0631E-019439 3102
 8.8000E+04 3.0631E-01 8.8000E+04 2.9985E-01 9.2000E+04 2.9985E-019439 3102
 9.2000E+04 2.9378E-01 9.6000E+04 2.9378E-01 9.6000E+04 2.8810E-019439 3102
 1.0000E+05 2.8810E-01 1.0000E+05 2.8240E-01 1.0500E+05 2.8240E-019439 3102
 1.0500E+05 2.7655E-01 1.1000E+05 2.7655E-01 1.1000E+05 2.7087E-019439 3102
 1.1500E+05 2.7087E-01 1.1500E+05 2.6548E-01 1.2000E+05 2.6548E-019439 3102
 1.2000E+05 2.5910E-01 1.2750E+05 2.5910E-01 1.2750E+05 2.5188E-019439 3102
 1.3500E+05 2.5188E-01 1.3500E+05 2.4519E-01 1.4250E+05 2.4519E-019439 3102
 1.4250E+05 2.3902E-01 1.5000E+05 2.3902E-01 1.5000E+05 2.3258E-019439 3102
 1.6000E+05 2.3258E-01 1.6000E+05 2.2603E-01 1.7000E+05 2.2603E-019439 3102
 1.7000E+05 2.2102E-01 1.8000E+05 2.2102E-01 1.8000E+05 2.1642E-019439 3102
 1.9000E+05 2.1642E-01 1.9000E+05 2.1213E-01 2.0000E+05 2.1213E-019439 3102
 2.0000E+05 2.0825E-01 2.1000E+05 2.0825E-01 2.1000E+05 2.0476E-019439 3102
 2.2000E+05 2.0476E-01 2.2000E+05 2.0152E-01 2.3000E+05 2.0152E-019439 3102
 2.3000E+05 1.9849E-01 2.4000E+05 1.9849E-01 2.4000E+05 1.9506E-019439 3102
 2.5500E+05 1.9506E-01 2.5500E+05 1.9141E-01 2.7000E+05 1.9141E-019439 3102
 2.7000E+05 1.8806E-01 2.8000E+05 1.8806E-01 2.8000E+05 1.8319E-019439 3102
 3.0000E+05 1.8319E-01 3.0000E+05 1.7703E-01 3.2000E+05 1.7703E-019439 3102
 3.2000E+05 1.7104E-01 3.4000E+05 1.7104E-01 3.4000E+05 1.6381E-019439 3102
 3.6000E+05 1.6381E-01 3.6000E+05 1.5667E-01 3.8000E+05 1.5667E-019439 3102
 3.8000E+05 1.4964E-01 4.0000E+05 1.4964E-01 4.0000E+05 1.4333E-019439 3102
 4.2500E+05 1.4333E-01 4.2500E+05 1.3768E-01 4.5000E+05 1.3768E-019439 3102
 4.5000E+05 1.3204E-01 4.7500E+05 1.3204E-01 4.7500E+05 1.2591E-019439 3102
 5.0000E+05 1.2591E-01 5.0000E+05 1.1932E-01 5.2500E+05 1.1932E-019439 3102
 5.2500E+05 1.1311E-01 5.5000E+05 1.1311E-01 5.5000E+05 1.0844E-019439 3102
 5.7500E+05 1.0844E-01 5.7500E+05 1.0492E-01 6.0000E+05 1.0492E-019439 3102
 6.0000E+05 1.0132E-01 6.3000E+05 1.0132E-01 6.3000E+05 9.7692E-029439 3102
 6.6000E+05 9.7692E-02 6.6000E+05 9.4345E-02 6.9000E+05 9.4345E-029439 3102
 6.9000E+05 9.1257E-02 7.2000E+05 9.1257E-02 7.2000E+05 8.7967E-029439 3102
 7.6000E+05 8.7967E-02 7.6000E+05 8.4522E-02 8.0000E+05 8.4522E-029439 3102
 8.0000E+05 8.1594E-02 8.4000E+05 8.1594E-02 8.4000E+05 7.9021E-029439 3102
 8.8000E+05 7.9021E-02 8.8000E+05 7.6559E-02 9.2000E+05 7.6559E-029439 3102
 9.2000E+05 7.4205E-02 9.6000E+05 7.4205E-02 9.6000E+05 7.1943E-029439 3102
 1.0000E+06 7.1943E-02 1.0000E+06 6.8221E-02 1.1000E+06 6.8221E-029439 3102
 1.1000E+06 6.3254E-02 1.2000E+06 6.3254E-02 1.2000E+06 5.8718E-029439 3102
 1.3000E+06 5.8718E-02 1.3000E+06 5.4969E-02 1.4000E+06 5.4969E-029439 3102
 1.4000E+06 5.2046E-02 1.5000E+06 5.2046E-02 1.5000E+06 4.9261E-029439 3102
 1.6000E+06 4.9261E-02 1.6000E+06 4.6452E-02 1.7000E+06 4.6452E-029439 3102
 1.7000E+06 4.3559E-02 1.8000E+06 4.3559E-02 1.8000E+06 4.0528E-029439 3102
 1.9000E+06 4.0528E-02 1.9000E+06 3.7485E-02 2.0000E+06 3.7485E-029439 3102
 2.0000E+06 3.4484E-02 2.1000E+06 3.4484E-02 2.1000E+06 3.1634E-029439 3102
 2.2000E+06 3.1634E-02 2.2000E+06 2.8936E-02 2.3000E+06 2.8936E-029439 3102
 2.3000E+06 2.6378E-02 2.4000E+06 2.6378E-02 2.4000E+06 2.3983E-029439 3102
 2.5000E+06 2.3983E-02 2.5000E+06 2.1737E-02 2.6000E+06 2.1737E-029439 3102
 2.6000E+06 1.9676E-02 2.7000E+06 1.9676E-02 2.7000E+06 1.7773E-029439 3102
 2.8000E+06 1.7773E-02 2.8000E+06 1.6026E-02 2.9000E+06 1.6026E-029439 3102
 2.9000E+06 1.4435E-02 3.0000E+06 1.4435E-02 3.0000E+06 1.2979E-029439 3102
 3.1000E+06 1.3231E-02 3.1000E+06 1.1900E-02 3.2000E+06 1.1900E-029439 3102
 3.2000E+06 1.0704E-02 3.3000E+06 1.0704E-02 3.3000E+06 9.6168E-039439 3102
 3.4000E+06 9.6168E-03 3.4000E+06 8.6198E-03 3.5000E+06 8.6198E-039439 3102
 3.5000E+06 7.7349E-03 3.6000E+06 7.7349E-03 3.6000E+06 6.9459E-039439 3102
 3.7000E+06 6.9459E-03 3.7000E+06 6.2252E-03 3.8000E+06 6.2252E-039439 3102
 3.8000E+06 5.5772E-03 3.9000E+06 5.5772E-03 3.9000E+06 5.0014E-039439 3102
 4.0000E+06 5.0014E-03 4.0000E+06 4.5045E-03 4.1000E+06 4.5045E-039439 3102
 4.1000E+06 4.0685E-03 4.2000E+06 4.0685E-03 4.2000E+06 3.6706E-039439 3102
 4.3000E+06 3.6706E-03 4.3000E+06 3.3112E-03 4.4000E+06 3.3112E-039439 3102
 4.4000E+06 2.9902E-03 4.5000E+06 2.9902E-03 4.5000E+06 2.7223E-039439 3102
 4.6000E+06 2.7223E-03 4.6000E+06 2.5007E-03 4.7000E+06 2.5007E-039439 3102
 4.7000E+06 2.3026E-03 4.8000E+06 2.3026E-03 4.8000E+06 2.1269E-039439 3102
 4.9000E+06 2.1269E-03 4.9000E+06 1.9796E-03 5.0000E+06 1.9796E-039439 3102
 5.0000E+06 1.8714E-03 5.1000E+06 1.8714E-03 5.1000E+06 1.7920E-039439 3102
 5.2000E+06 1.7920E-03 5.2000E+06 1.7220E-03 5.3000E+06 1.7220E-039439 3102
 5.3000E+06 1.6590E-03 5.4000E+06 1.6590E-03 5.4000E+06 1.6025E-039439 3102
 5.5000E+06 1.6025E-03 5.5000E+06 1.5529E-03 5.6000E+06 1.5529E-039439 3102
 5.6000E+06 1.5106E-03 5.7000E+06 1.5106E-03 5.7000E+06 1.5088E-039439 3102
 5.8000E+06 1.5088E-03 5.8000E+06 1.5138E-03 5.9000E+06 1.5138E-039439 3102
 5.9000E+06 1.4488E-03 6.0000E+06 1.4488E-03 6.0000E+06 1.4083E-039439 3102
 6.1000E+06 1.4083E-03 6.1000E+06 1.4050E-03 6.2000E+06 1.4050E-039439 3102
 6.2000E+06 1.4025E-03 6.3000E+06 1.4025E-03 6.3000E+06 1.4005E-039439 3102
 6.4000E+06 1.4005E-03 6.4000E+06 1.3988E-03 6.5000E+06 1.3988E-039439 3102
 6.5000E+06 1.4132E-03 6.6000E+06 1.4132E-03 6.6000E+06 1.4437E-039439 3102
 6.7000E+06 1.4437E-03 6.7000E+06 1.4734E-03 6.8000E+06 1.4734E-039439 3102
 6.8000E+06 1.5019E-03 6.9000E+06 1.5019E-03 6.9000E+06 1.5288E-039439 3102
 7.0000E+06 1.5288E-03 7.0000E+06 1.5600E-03 7.1000E+06 1.5600E-039439 3102
 7.1000E+06 1.5955E-03 7.2000E+06 1.5955E-03 7.2000E+06 1.6285E-039439 3102
 7.3000E+06 1.6285E-03 7.3000E+06 1.6590E-03 7.4000E+06 1.6590E-039439 3102
 7.4000E+06 1.6867E-03 7.5000E+06 1.6867E-03 7.5000E+06 1.7136E-039439 3102
 7.6000E+06 1.7136E-03 7.6000E+06 1.7397E-03 7.7000E+06 1.7397E-039439 3102
 7.7000E+06 1.7630E-03 7.8000E+06 1.7630E-03 7.8000E+06 1.7834E-039439 3102
 7.9000E+06 1.7834E-03 7.9000E+06 1.8009E-03 8.0000E+06 1.8009E-039439 3102
 8.0000E+06 1.8165E-03 8.1000E+06 1.8165E-03 8.1000E+06 1.8303E-039439 3102
 8.2000E+06 1.8303E-03 8.2000E+06 1.8415E-03 8.3000E+06 1.8415E-039439 3102
 8.3000E+06 1.8504E-03 8.4000E+06 1.8504E-03 8.4000E+06 1.8570E-039439 3102
 8.5000E+06 1.8570E-03 8.5000E+06 1.8616E-03 8.6000E+06 1.8616E-039439 3102
 8.6000E+06 1.8644E-03 8.7000E+06 1.8644E-03 8.7000E+06 1.8653E-039439 3102
 8.8000E+06 1.8653E-03 8.8000E+06 1.8646E-03 8.9000E+06 1.8646E-039439 3102
 8.9000E+06 1.8623E-03 9.0000E+06 1.8623E-03 9.0000E+06 1.8587E-039439 3102
 9.1000E+06 1.8587E-03 9.1000E+06 1.8539E-03 9.2000E+06 1.8539E-039439 3102
 9.2000E+06 1.8479E-03 9.3000E+06 1.8479E-03 9.3000E+06 1.8409E-039439 3102
 9.4000E+06 1.8409E-03 9.4000E+06 1.8328E-03 9.5000E+06 1.8328E-039439 3102
 9.5000E+06 1.8238E-03 9.6000E+06 1.8238E-03 9.6000E+06 1.8141E-039439 3102
 9.7000E+06 1.8141E-03 9.7000E+06 1.8036E-03 9.8000E+06 1.8036E-039439 3102
 9.8000E+06 1.7924E-03 9.9000E+06 1.7924E-03 9.9000E+06 1.7807E-039439 3102
 1.0000E+07 1.7807E-03 1.0000E+07 1.7684E-03 1.0100E+07 1.7684E-039439 3102
 1.0100E+07 1.7557E-03 1.0200E+07 1.7557E-03 1.0200E+07 1.7425E-039439 3102
 1.0300E+07 1.7425E-03 1.0300E+07 1.7290E-03 1.0400E+07 1.7290E-039439 3102
 1.0400E+07 1.7151E-03 1.0500E+07 1.7151E-03 1.0500E+07 1.7010E-039439 3102
 1.0600E+07 1.7010E-03 1.0600E+07 1.6866E-03 1.0700E+07 1.6866E-039439 3102
 1.0700E+07 1.6721E-03 1.0800E+07 1.6721E-03 1.0800E+07 1.6573E-039439 3102
 1.0900E+07 1.6573E-03 1.0900E+07 1.6424E-03 1.1000E+07 1.6424E-039439 3102
 1.1000E+07 1.6274E-03 1.1100E+07 1.6274E-03 1.1100E+07 1.6123E-039439 3102
 1.1200E+07 1.6123E-03 1.1200E+07 1.5971E-03 1.1300E+07 1.5971E-039439 3102
 1.1300E+07 1.5819E-03 1.1400E+07 1.5819E-03 1.1400E+07 1.5666E-039439 3102
 1.1500E+07 1.5666E-03 1.1500E+07 1.5514E-03 1.1600E+07 1.5514E-039439 3102
 1.1600E+07 1.5361E-03 1.1700E+07 1.5361E-03 1.1700E+07 1.5209E-039439 3102
 1.1800E+07 1.5209E-03 1.1800E+07 1.5057E-03 1.1900E+07 1.5057E-039439 3102
 1.1900E+07 1.4905E-03 1.2000E+07 1.4905E-03 1.2000E+07 1.4754E-039439 3102
 1.2100E+07 1.4754E-03 1.2100E+07 1.4604E-03 1.2200E+07 1.4604E-039439 3102
 1.2200E+07 1.4454E-03 1.2300E+07 1.4454E-03 1.2300E+07 1.4306E-039439 3102
 1.2400E+07 1.4306E-03 1.2400E+07 1.4158E-03 1.2500E+07 1.4158E-039439 3102
 1.2500E+07 1.4011E-03 1.2600E+07 1.4011E-03 1.2600E+07 1.3865E-039439 3102
 1.2700E+07 1.3865E-03 1.2700E+07 1.3721E-03 1.2800E+07 1.3721E-039439 3102
 1.2800E+07 1.3577E-03 1.2900E+07 1.3577E-03 1.2900E+07 1.3435E-039439 3102
 1.3000E+07 1.3435E-03 1.3000E+07 1.3294E-03 1.3100E+07 1.3294E-039439 3102
 1.3100E+07 1.3154E-03 1.3200E+07 1.3154E-03 1.3200E+07 1.3015E-039439 3102
 1.3300E+07 1.3015E-03 1.3300E+07 1.2878E-03 1.3400E+07 1.2878E-039439 3102
 1.3400E+07 1.2742E-03 1.3500E+07 1.2742E-03 1.3500E+07 1.2607E-039439 3102
 1.3600E+07 1.2607E-03 1.3600E+07 1.2474E-03 1.3700E+07 1.2474E-039439 3102
 1.3700E+07 1.2342E-03 1.3800E+07 1.2342E-03 1.3800E+07 1.2212E-039439 3102
 1.3900E+07 1.2212E-03 1.3900E+07 1.2083E-03 1.4000E+07 1.2083E-039439 3102
 1.4000E+07 1.1955E-03 1.4100E+07 1.1955E-03 1.4100E+07 1.1829E-039439 3102
 1.4200E+07 1.1829E-03 1.4200E+07 1.1704E-03 1.4300E+07 1.1704E-039439 3102
 1.4300E+07 1.1581E-03 1.4400E+07 1.1581E-03 1.4400E+07 1.1459E-039439 3102
 1.4500E+07 1.1459E-03 1.4500E+07 1.1338E-03 1.4600E+07 1.1338E-039439 3102
 1.4600E+07 1.1219E-03 1.4700E+07 1.1219E-03 1.4700E+07 1.1101E-039439 3102
 1.4800E+07 1.1101E-03 1.4800E+07 1.0985E-03 1.4900E+07 1.0985E-039439 3102
 1.4900E+07 1.0870E-03 1.5000E+07 1.0870E-03 1.5000E+07 1.0756E-039439 3102
 1.5100E+07 1.0756E-03 1.5100E+07 1.0644E-03 1.5200E+07 1.0644E-039439 3102
 1.5200E+07 1.0533E-03 1.5300E+07 1.0533E-03 1.5300E+07 1.0424E-039439 3102
 1.5400E+07 1.0424E-03 1.5400E+07 1.0315E-03 1.5500E+07 1.0315E-039439 3102
 1.5500E+07 1.0208E-03 1.5600E+07 1.0208E-03 1.5600E+07 1.0103E-039439 3102
 1.5700E+07 1.0103E-03 1.5700E+07 9.9986E-04 1.5800E+07 9.9986E-049439 3102
 1.5800E+07 9.8956E-04 1.5900E+07 9.8956E-04 1.5900E+07 9.7938E-049439 3102
 1.6000E+07 9.7938E-04 1.6000E+07 9.6934E-04 1.6100E+07 9.6934E-049439 3102
 1.6100E+07 9.5942E-04 1.6200E+07 9.5942E-04 1.6200E+07 9.4962E-049439 3102
 1.6300E+07 9.4962E-04 1.6300E+07 9.3995E-04 1.6400E+07 9.3995E-049439 3102
 1.6400E+07 9.3040E-04 1.6500E+07 9.3040E-04 1.6500E+07 9.2096E-049439 3102
 1.6600E+07 9.2096E-04 1.6600E+07 9.1165E-04 1.6700E+07 9.1165E-049439 3102
 1.6700E+07 9.0245E-04 1.6800E+07 9.0245E-04 1.6800E+07 8.9337E-049439 3102
 1.6900E+07 8.9337E-04 1.6900E+07 8.8441E-04 1.7000E+07 8.8441E-049439 3102
 1.7000E+07 8.7555E-04 1.7100E+07 8.7555E-04 1.7100E+07 8.6681E-049439 3102
 1.7200E+07 8.6681E-04 1.7200E+07 8.5818E-04 1.7300E+07 8.5818E-049439 3102
 1.7300E+07 8.4966E-04 1.7400E+07 8.4966E-04 1.7400E+07 8.4124E-049439 3102
 1.7500E+07 8.4124E-04 1.7500E+07 8.3293E-04 1.7600E+07 8.3293E-049439 3102
 1.7600E+07 8.2472E-04 1.7700E+07 8.2472E-04 1.7700E+07 8.1662E-049439 3102
 1.7800E+07 8.1662E-04 1.7800E+07 8.0862E-04 1.7900E+07 8.0862E-049439 3102
 1.7900E+07 8.0072E-04 1.8000E+07 8.0072E-04 1.8000E+07 7.9292E-049439 3102
 1.8100E+07 7.9292E-04 1.8100E+07 7.8522E-04 1.8200E+07 7.8522E-049439 3102
 1.8200E+07 7.7761E-04 1.8300E+07 7.7761E-04 1.8300E+07 7.7010E-049439 3102
 1.8400E+07 7.7010E-04 1.8400E+07 7.6269E-04 1.8500E+07 7.6269E-049439 3102
 1.8500E+07 7.5536E-04 1.8600E+07 7.5536E-04 1.8600E+07 7.4813E-049439 3102
 1.8700E+07 7.4813E-04 1.8700E+07 7.4099E-04 1.8800E+07 7.4099E-049439 3102
 1.8800E+07 7.3393E-04 1.8900E+07 7.3393E-04 1.8900E+07 7.2697E-049439 3102
 1.9000E+07 7.2697E-04 1.9000E+07 7.2009E-04 1.9100E+07 7.2009E-049439 3102
 1.9100E+07 7.1330E-04 1.9200E+07 7.1330E-04 1.9200E+07 7.0659E-049439 3102
 1.9300E+07 7.0659E-04 1.9300E+07 6.9996E-04 1.9400E+07 6.9996E-049439 3102
 1.9400E+07 6.9341E-04 1.9500E+07 6.9341E-04 1.9500E+07 6.8695E-049439 3102
 1.9600E+07 6.8695E-04 1.9600E+07 6.8056E-04 1.9700E+07 6.8056E-049439 3102
 1.9700E+07 6.7426E-04 1.9800E+07 6.7426E-04 1.9800E+07 6.6803E-049439 3102
 1.9900E+07 6.6803E-04 1.9900E+07 6.6187E-04 2.0000E+07 6.6187E-049439 3102
 2.0000E+07 6.5579E-04                                            9439 3102
                                                                  9439 3  0
