RU-103N,G    1.0000+00* JEF-2.2                                   4403 3102
                                                                  4403 3102
 4.41030+04 1.0202E+02          0         99          0          04403 3102
 3.0000E+02 8.9033E+06          0          0          1       25104403 3102
       2510          2                                            4403 3102
 1.0000E-05 1.0034E+03 1.1082E-05 9.5323E+02 1.1442E-05 9.3807E+024403 3102
 1.2524E-05 8.9666E+02 1.3966E-05 8.4911E+02 1.5047E-05 8.1804E+024403 3102
 1.5768E-05 7.9911E+02 1.7210E-05 7.6490E+02 1.8653E-05 7.3476E+024403 3102
 2.0095E-05 7.0790E+02 2.1537E-05 6.8380E+02 2.3700E-05 6.5184E+024403 3102
 2.4421E-05 6.4215E+02 2.7305E-05 6.0731E+02 3.0189E-05 5.7759E+024403 3102
 3.3074E-05 5.5184E+02 3.5958E-05 5.2923E+02 3.8842E-05 5.0923E+024403 3102
 4.1005E-05 4.9562E+02 4.3168E-05 4.8303E+02 4.4610E-05 4.7517E+024403 3102
 4.8937E-05 4.5370E+02 5.0379E-05 4.4715E+02 5.6147E-05 4.2358E+024403 3102
 6.1915E-05 4.0337E+02 6.7684E-05 3.8581E+02 7.3452E-05 3.7035E+024403 3102
 7.9220E-05 3.5663E+02 8.3547E-05 3.4727E+02 8.7873E-05 3.3863E+024403 3102
 9.0757E-05 3.3321E+02 9.9410E-05 3.1838E+02 1.0229E-04 3.1387E+024403 3102
 1.1095E-04 3.0140E+02 1.1960E-04 2.9029E+02 1.2537E-04 2.8354E+024403 3102
 1.3690E-04 2.7134E+02 1.4844E-04 2.6060E+02 1.5998E-04 2.5104E+024403 3102
 1.7151E-04 2.4245E+02 1.8882E-04 2.3109E+02 2.1189E-04 2.1816E+024403 3102
 2.2920E-04 2.0977E+02 2.4074E-04 2.0469E+02 2.6381E-04 1.9554E+024403 3102
 2.8688E-04 1.8752E+02 3.0996E-04 1.8041E+02 3.3303E-04 1.7406E+024403 3102
 3.6764E-04 1.6567E+02 3.7918E-04 1.6313E+02 4.1379E-04 1.5616E+024403 3102
 4.4840E-04 1.5002E+02 4.7147E-04 1.4631E+02 5.1762E-04 1.3964E+024403 3102
 5.6376E-04 1.3381E+02 6.0991E-04 1.2865E+02 6.5606E-04 1.2405E+024403 3102
 7.2528E-04 1.1798E+02 7.4835E-04 1.1615E+02 8.1757E-04 1.1113E+024403 3102
 8.8679E-04 1.0670E+02 9.3294E-04 1.0403E+02 1.0252E-03 9.9244E+014403 3102
 1.1175E-03 9.5057E+01 1.2098E-03 9.1361E+01 1.3021E-03 8.8063E+014403 3102
 1.4406E-03 8.3724E+01 1.4867E-03 8.2414E+01 1.6251E-03 7.8826E+014403 3102
 1.7636E-03 7.5668E+01 1.8559E-03 7.3763E+01 2.0405E-03 7.0348E+014403 3102
 2.2251E-03 6.7367E+01 2.4096E-03 6.4735E+01 2.5942E-03 6.2391E+014403 3102
 2.8711E-03 5.9305E+01 2.9634E-03 5.8375E+01 3.2403E-03 5.5827E+014403 3102
 3.5172E-03 5.3584E+01 3.7018E-03 5.2232E+01 4.0709E-03 4.9807E+014403 3102
 4.4401E-03 4.7693E+01 4.8093E-03 4.5824E+01 5.1785E-03 4.4161E+014403 3102
 5.7322E-03 4.1976E+01 5.9168E-03 4.1315E+01 6.4706E-03 3.9508E+014403 3102
 7.0243E-03 3.7918E+01 7.3935E-03 3.6961E+01 8.1319E-03 3.5244E+014403 3102
 8.8702E-03 3.3746E+01 9.6086E-03 3.2424E+01 1.0347E-02 3.1246E+014403 3102
 1.1454E-02 2.9697E+01 1.1824E-02 2.9230E+01 1.2931E-02 2.7951E+014403 3102
 1.4039E-02 2.6826E+01 1.4777E-02 2.6148E+01 1.6254E-02 2.4933E+014403 3102
 1.7730E-02 2.3873E+01 1.9207E-02 2.2938E+01 2.0684E-02 2.2105E+014403 3102
 2.2899E-02 2.1010E+01 2.3637E-02 2.0679E+01 2.5852E-02 1.9775E+014403 3102
 2.8067E-02 1.8979E+01 2.9544E-02 1.8500E+01 3.2497E-02 1.7641E+014403 3102
 3.5451E-02 1.6892E+01 3.8404E-02 1.6231E+01 4.1358E-02 1.5643E+014403 3102
 4.5788E-02 1.4870E+01 4.7265E-02 1.4636E+01 5.1695E-02 1.3998E+014403 3102
 5.6125E-02 1.3436E+01 5.9078E-02 1.3098E+01 6.4985E-02 1.2493E+014403 3102
 7.0892E-02 1.1965E+01 7.6799E-02 1.1499E+01 8.2705E-02 1.1085E+014403 3102
 9.1566E-02 1.0541E+01 9.4519E-02 1.0377E+01 1.0338E-01 9.9286E+004403 3102
 1.1224E-01 9.5347E+00 1.1815E-01 9.2982E+00 1.2996E-01 8.8751E+004403 3102
 1.4177E-01 8.5060E+00 1.5359E-01 8.1816E+00 1.6540E-01 7.8948E+004403 3102
 1.8312E-01 7.5180E+00 1.8903E-01 7.4047E+00 2.0675E-01 7.0964E+004403 3102
 2.2447E-01 6.8264E+00 2.3628E-01 6.6655E+00 2.5991E-01 6.3796E+004403 3102
 2.8354E-01 6.1323E+00 3.0716E-01 5.9170E+00 3.3079E-01 5.7289E+004403 3102
 3.6623E-01 5.4858E+00 3.7805E-01 5.4137E+00 4.1349E-01 5.2211E+004403 3102
 4.4893E-01 5.0570E+00 4.7256E-01 4.9619E+00 5.1981E-01 4.7989E+004403 3102
 5.6706E-01 4.6661E+00 6.1432E-01 4.5588E+00 6.6157E-01 4.4739E+004403 3102
 7.3245E-01 4.3797E+00 7.5608E-01 4.3566E+00 8.2696E-01 4.3100E+004403 3102
 8.9785E-01 4.2923E+00 9.4510E-01 4.2956E+00 9.9235E-01 4.3115E+004403 3102
 1.0396E+00 4.3387E+00 1.0869E+00 4.3776E+00 1.1341E+00 4.4281E+004403 3102
 1.1814E+00 4.4903E+00 1.2286E+00 4.5651E+00 1.2759E+00 4.6524E+004403 3102
 1.3231E+00 4.7532E+00 1.3704E+00 4.8683E+00 1.4176E+00 4.9987E+004403 3102
 1.4649E+00 5.1461E+00 1.5122E+00 5.3115E+00 1.5594E+00 5.4969E+004403 3102
 1.6067E+00 5.7041E+00 1.6539E+00 5.9364E+00 1.7012E+00 6.1960E+004403 3102
 1.7484E+00 6.4867E+00 1.7957E+00 6.8129E+00 1.8429E+00 7.1792E+004403 3102
 1.8902E+00 7.5916E+00 1.9374E+00 8.0560E+00 1.9611E+00 8.3108E+004403 3102
 1.9847E+00 8.5826E+00 2.0083E+00 8.8733E+00 2.0320E+00 9.1840E+004403 3102
 2.0556E+00 9.5162E+00 2.0792E+00 9.8720E+00 2.1028E+00 1.0254E+014403 3102
 2.1265E+00 1.0663E+01 2.1501E+00 1.1104E+01 2.1737E+00 1.1579E+014403 3102
 2.1973E+00 1.2091E+01 2.2210E+00 1.2646E+01 2.2446E+00 1.3246E+014403 3102
 2.2682E+00 1.3898E+01 2.2919E+00 1.4608E+01 2.3155E+00 1.5382E+014403 3102
 2.3391E+00 1.6228E+01 2.3627E+00 1.7156E+01 2.3864E+00 1.8177E+014403 3102
 2.4100E+00 1.9302E+01 2.4336E+00 2.0547E+01 2.4572E+00 2.1930E+014403 3102
 2.4809E+00 2.3469E+01 2.4927E+00 2.4306E+01 2.5045E+00 2.5192E+014403 3102
 2.5163E+00 2.6131E+01 2.5281E+00 2.7128E+01 2.5399E+00 2.8189E+014403 3102
 2.5518E+00 2.9317E+01 2.5636E+00 3.0519E+01 2.5754E+00 3.1805E+014403 3102
 2.5872E+00 3.3178E+01 2.5990E+00 3.4646E+01 2.6108E+00 3.6219E+014403 3102
 2.6226E+00 3.7912E+01 2.6344E+00 3.9730E+01 2.6463E+00 4.1688E+014403 3102
 2.6581E+00 4.3803E+01 2.6699E+00 4.6093E+01 2.6817E+00 4.8572E+014403 3102
 2.6935E+00 5.1270E+01 2.7053E+00 5.4206E+01 2.7171E+00 5.7412E+014403 3102
 2.7290E+00 6.0919E+01 2.7408E+00 6.4771E+01 2.7526E+00 6.9011E+014403 3102
 2.7644E+00 7.3691E+01 2.7762E+00 7.8876E+01 2.7880E+00 8.4642E+014403 3102
 2.7939E+00 8.7770E+01 2.7998E+00 9.1077E+01 2.8057E+00 9.4579E+014403 3102
 2.8117E+00 9.8287E+01 2.8176E+00 1.0222E+02 2.8235E+00 1.0640E+024403 3102
 2.8294E+00 1.1085E+02 2.8353E+00 1.1558E+02 2.8412E+00 1.2062E+024403 3102
 2.8471E+00 1.2600E+02 2.8530E+00 1.3175E+02 2.8589E+00 1.3789E+024403 3102
 2.8648E+00 1.4448E+02 2.8707E+00 1.5155E+02 2.8766E+00 1.5914E+024403 3102
 2.8825E+00 1.6730E+02 2.8884E+00 1.7610E+02 2.8943E+00 1.8558E+024403 3102
 2.9003E+00 1.9582E+02 2.9062E+00 2.0689E+02 2.9121E+00 2.1887E+024403 3102
 2.9180E+00 2.3186E+02 2.9209E+00 2.3877E+02 2.9239E+00 2.4595E+024403 3102
 2.9268E+00 2.5344E+02 2.9298E+00 2.6125E+02 2.9327E+00 2.6939E+024403 3102
 2.9357E+00 2.7786E+02 2.9386E+00 2.8671E+02 2.9416E+00 2.9592E+024403 3102
 2.9446E+00 3.0552E+02 2.9475E+00 3.1554E+02 2.9505E+00 3.2598E+024403 3102
 2.9534E+00 3.3683E+02 2.9564E+00 3.4817E+02 2.9593E+00 3.5995E+024403 3102
 2.9623E+00 3.7224E+02 2.9652E+00 3.8501E+02 2.9682E+00 3.9831E+024403 3102
 2.9711E+00 4.1213E+02 2.9741E+00 4.2645E+02 2.9770E+00 4.4138E+024403 3102
 2.9800E+00 4.5681E+02 2.9830E+00 4.7283E+02 2.9859E+00 4.8940E+024403 3102
 2.9889E+00 5.0653E+02 2.9918E+00 5.2421E+02 2.9948E+00 5.4248E+024403 3102
 2.9977E+00 5.6126E+02 3.0007E+00 5.8058E+02 3.0036E+00 6.0040E+024403 3102
 3.0066E+00 6.2074E+02 3.0095E+00 6.4149E+02 3.0154E+00 6.8431E+024403 3102
 3.0184E+00 7.0623E+02 3.0243E+00 7.5091E+02 3.0314E+00 8.0545E+024403 3102
 3.0385E+00 8.5996E+02 3.0432E+00 8.9573E+02 3.0527E+00 9.6418E+024403 3102
 3.0574E+00 9.9602E+02 3.0621E+00 1.0257E+03 3.0669E+00 1.0529E+034403 3102
 3.0716E+00 1.0772E+03 3.0763E+00 1.0982E+03 3.0811E+00 1.1156E+034403 3102
 3.0858E+00 1.1291E+03 3.0905E+00 1.1385E+03 3.0953E+00 1.1437E+034403 3102
 3.1000E+00 1.1446E+03 3.1047E+00 1.1411E+03 3.1095E+00 1.1333E+034403 3102
 3.1142E+00 1.1214E+03 3.1189E+00 1.1055E+03 3.1237E+00 1.0859E+034403 3102
 3.1284E+00 1.0629E+03 3.1331E+00 1.0368E+03 3.1379E+00 1.0080E+034403 3102
 3.1426E+00 9.7701E+02 3.1473E+00 9.4408E+02 3.1520E+00 9.0966E+024403 3102
 3.1568E+00 8.7420E+02 3.1615E+00 8.3804E+02 3.1662E+00 8.0156E+024403 3102
 3.1757E+00 7.2890E+02 3.1875E+00 6.4152E+02 3.1934E+00 6.0010E+024403 3102
 3.1993E+00 5.6063E+02 3.2052E+00 5.2322E+02 3.2111E+00 4.8799E+024403 3102
 3.2170E+00 4.5501E+02 3.2229E+00 4.2424E+02 3.2289E+00 3.9562E+024403 3102
 3.2348E+00 3.6916E+02 3.2407E+00 3.4467E+02 3.2466E+00 3.2209E+024403 3102
 3.2525E+00 3.0128E+02 3.2584E+00 2.8212E+02 3.2643E+00 2.6450E+024403 3102
 3.2702E+00 2.4828E+02 3.2761E+00 2.3335E+02 3.2820E+00 2.1961E+024403 3102
 3.2879E+00 2.0694E+02 3.2938E+00 1.9526E+02 3.2997E+00 1.8447E+024403 3102
 3.3056E+00 1.7450E+02 3.3115E+00 1.6527E+02 3.3174E+00 1.5673E+024403 3102
 3.3234E+00 1.4880E+02 3.3293E+00 1.4143E+02 3.3352E+00 1.3457E+024403 3102
 3.3411E+00 1.2819E+02 3.3470E+00 1.2223E+02 3.3529E+00 1.1667E+024403 3102
 3.3588E+00 1.1147E+02 3.3647E+00 1.0661E+02 3.3706E+00 1.0204E+024403 3102
 3.3765E+00 9.7757E+01 3.3824E+00 9.3732E+01 3.3883E+00 8.9947E+014403 3102
 3.3942E+00 8.6382E+01 3.4001E+00 8.3021E+01 3.4060E+00 7.9848E+014403 3102
 3.4119E+00 7.6852E+01 3.4178E+00 7.4020E+01 3.4238E+00 7.1335E+014403 3102
 3.4356E+00 6.6386E+01 3.4474E+00 6.1924E+01 3.4592E+00 5.7893E+014403 3102
 3.4710E+00 5.4236E+01 3.4828E+00 5.0911E+01 3.4946E+00 4.7881E+014403 3102
 3.5064E+00 4.5109E+01 3.5182E+00 4.2571E+01 3.5301E+00 4.0235E+014403 3102
 3.5419E+00 3.8088E+01 3.5537E+00 3.6105E+01 3.5655E+00 3.4272E+014403 3102
 3.5773E+00 3.2577E+01 3.5891E+00 3.1001E+01 3.6009E+00 2.9536E+014403 3102
 3.6127E+00 2.8172E+01 3.6245E+00 2.6901E+01 3.6364E+00 2.5713E+014403 3102
 3.6482E+00 2.4602E+01 3.6600E+00 2.3560E+01 3.6718E+00 2.2584E+014403 3102
 3.6836E+00 2.1667E+01 3.6954E+00 2.0805E+01 3.7072E+00 1.9993E+014403 3102
 3.7190E+00 1.9229E+01 3.7309E+00 1.8507E+01 3.7427E+00 1.7825E+014403 3102
 3.7663E+00 1.6570E+01 3.7899E+00 1.5444E+01 3.8135E+00 1.4428E+014403 3102
 3.8372E+00 1.3510E+01 3.8608E+00 1.2677E+01 3.8844E+00 1.1919E+014403 3102
 3.9080E+00 1.1228E+01 3.9317E+00 1.0597E+01 3.9553E+00 1.0018E+014403 3102
 3.9789E+00 9.4860E+00 4.0025E+00 8.9965E+00 4.0261E+00 8.5446E+004403 3102
 4.0498E+00 8.1269E+00 4.0734E+00 7.7399E+00 4.0970E+00 7.3808E+004403 3102
 4.1206E+00 7.0471E+00 4.1443E+00 6.7364E+00 4.1679E+00 6.4466E+004403 3102
 4.1915E+00 6.1760E+00 4.2151E+00 5.9230E+00 4.2388E+00 5.6861E+004403 3102
 4.2624E+00 5.4640E+00 4.2860E+00 5.2555E+00 4.3096E+00 5.0594E+004403 3102
 4.3333E+00 4.8752E+00 4.3569E+00 4.7014E+00 4.3805E+00 4.5379E+004403 3102
 4.4041E+00 4.3838E+00 4.4514E+00 4.1001E+00 4.4986E+00 3.8456E+004403 3102
 4.5459E+00 3.6165E+00 4.5931E+00 3.4099E+00 4.6404E+00 3.2233E+004403 3102
 4.6876E+00 3.0540E+00 4.7348E+00 2.9002E+00 4.7821E+00 2.7602E+004403 3102
 4.8293E+00 2.6325E+00 4.8766E+00 2.5157E+00 4.9238E+00 2.4088E+004403 3102
 4.9711E+00 2.3107E+00 5.0183E+00 2.2207E+00 5.0656E+00 2.1379E+004403 3102
 5.1128E+00 2.0618E+00 5.1601E+00 1.9916E+00 5.2073E+00 1.9270E+004403 3102
 5.2546E+00 1.8674E+00 5.3018E+00 1.8125E+00 5.3491E+00 1.7619E+004403 3102
 5.3963E+00 1.7154E+00 5.4436E+00 1.6727E+00 5.5380E+00 1.5970E+004403 3102
 5.6325E+00 1.5329E+00 5.7270E+00 1.4794E+00 5.8215E+00 1.4354E+004403 3102
 5.9160E+00 1.3999E+00 6.0105E+00 1.3723E+00 6.1050E+00 1.3521E+004403 3102
 6.1995E+00 1.3390E+00 6.2940E+00 1.3326E+00 6.3885E+00 1.3329E+004403 3102
 6.4830E+00 1.3400E+00 6.5775E+00 1.3540E+00 6.6720E+00 1.3752E+004403 3102
 6.7665E+00 1.4040E+00 6.8610E+00 1.4411E+00 6.9554E+00 1.4873E+004403 3102
 7.0499E+00 1.5436E+00 7.1444E+00 1.6111E+00 7.1917E+00 1.6496E+004403 3102
 7.2389E+00 1.6917E+00 7.2862E+00 1.7378E+00 7.3334E+00 1.7880E+004403 3102
 7.3807E+00 1.8428E+00 7.4279E+00 1.9026E+00 7.4752E+00 1.9678E+004403 3102
 7.5224E+00 2.0390E+00 7.5697E+00 2.1167E+00 7.6169E+00 2.2019E+004403 3102
 7.6642E+00 2.2951E+00 7.7114E+00 2.3974E+00 7.7586E+00 2.5099E+004403 3102
 7.8059E+00 2.6339E+00 7.8531E+00 2.7707E+00 7.9004E+00 2.9223E+004403 3102
 7.9476E+00 3.0905E+00 7.9949E+00 3.2780E+00 8.0421E+00 3.4870E+004403 3102
 8.0894E+00 3.7215E+00 8.1130E+00 3.8498E+00 8.1366E+00 3.9858E+004403 3102
 8.1602E+00 4.1306E+00 8.1839E+00 4.2849E+00 8.2075E+00 4.4496E+004403 3102
 8.2311E+00 4.6255E+00 8.2547E+00 4.8136E+00 8.2784E+00 5.0151E+004403 3102
 8.3020E+00 5.2313E+00 8.3256E+00 5.4637E+00 8.3492E+00 5.7137E+004403 3102
 8.3729E+00 5.9834E+00 8.3965E+00 6.2746E+00 8.4201E+00 6.5898E+004403 3102
 8.4437E+00 6.9322E+00 8.4673E+00 7.3042E+00 8.4910E+00 7.7100E+004403 3102
 8.5146E+00 8.1532E+00 8.5382E+00 8.6391E+00 8.5618E+00 9.1732E+004403 3102
 8.5855E+00 9.7617E+00 8.6091E+00 1.0413E+01 8.6327E+00 1.1135E+014403 3102
 8.6563E+00 1.1941E+01 8.6681E+00 1.2379E+01 8.6800E+00 1.2842E+014403 3102
 8.6918E+00 1.3334E+01 8.7036E+00 1.3856E+01 8.7154E+00 1.4410E+014403 3102
 8.7272E+00 1.5001E+01 8.7390E+00 1.5631E+01 8.7508E+00 1.6303E+014403 3102
 8.7626E+00 1.7021E+01 8.7745E+00 1.7790E+01 8.7863E+00 1.8616E+014403 3102
 8.7981E+00 1.9502E+01 8.8099E+00 2.0456E+01 8.8217E+00 2.1485E+014403 3102
 8.8335E+00 2.2597E+01 8.8453E+00 2.3801E+01 8.8571E+00 2.5109E+014403 3102
 8.8689E+00 2.6531E+01 8.8808E+00 2.8083E+01 8.8926E+00 2.9780E+014403 3102
 8.9044E+00 3.1644E+01 8.9162E+00 3.3692E+01 8.9280E+00 3.5956E+014403 3102
 8.9398E+00 3.8462E+01 8.9516E+00 4.1252E+01 8.9575E+00 4.2765E+014403 3102
 8.9634E+00 4.4368E+01 8.9693E+00 4.6060E+01 8.9753E+00 4.7858E+014403 3102
 8.9812E+00 4.9765E+01 8.9871E+00 5.1790E+01 8.9930E+00 5.3946E+014403 3102
 8.9989E+00 5.6239E+01 9.0048E+00 5.8683E+01 9.0107E+00 6.1290E+014403 3102
 9.0166E+00 6.4074E+01 9.0225E+00 6.7053E+01 9.0284E+00 7.0240E+014403 3102
 9.0343E+00 7.3652E+01 9.0402E+00 7.7309E+01 9.0461E+00 8.1233E+014403 3102
 9.0520E+00 8.5446E+01 9.0579E+00 8.9968E+01 9.0638E+00 9.4827E+014403 3102
 9.0697E+00 1.0005E+02 9.0757E+00 1.0565E+02 9.0816E+00 1.1167E+024403 3102
 9.0875E+00 1.1814E+02 9.0934E+00 1.2508E+02 9.0993E+00 1.3252E+024403 3102
 9.1052E+00 1.4048E+02 9.1111E+00 1.4900E+02 9.1170E+00 1.5810E+024403 3102
 9.1229E+00 1.6780E+02 9.1288E+00 1.7811E+02 9.1347E+00 1.8906E+024403 3102
 9.1406E+00 2.0064E+02 9.1465E+00 2.1286E+02 9.1524E+00 2.2570E+024403 3102
 9.1583E+00 2.3917E+02 9.1642E+00 2.5322E+02 9.1701E+00 2.6783E+024403 3102
 9.1790E+00 2.9066E+02 9.1849E+00 3.0642E+02 9.1938E+00 3.3067E+024403 3102
 9.2026E+00 3.5537E+02 9.2115E+00 3.8013E+02 9.2281E+00 4.2529E+024403 3102
 9.2329E+00 4.3767E+02 9.2425E+00 4.6102E+02 9.2473E+00 4.7185E+024403 3102
 9.2569E+00 4.9143E+02 9.2664E+00 5.0776E+02 9.2712E+00 5.1455E+024403 3102
 9.2808E+00 5.2513E+02 9.2856E+00 5.2884E+02 9.2904E+00 5.3141E+024403 3102
 9.2952E+00 5.3288E+02 9.3000E+00 5.3324E+02 9.3048E+00 5.3243E+024403 3102
 9.3096E+00 5.3049E+02 9.3144E+00 5.2744E+02 9.3192E+00 5.2328E+024403 3102
 9.3240E+00 5.1811E+02 9.3288E+00 5.1189E+02 9.3384E+00 4.9664E+024403 3102
 9.3431E+00 4.8770E+02 9.3479E+00 4.7798E+02 9.3575E+00 4.5651E+024403 3102
 9.3623E+00 4.4490E+02 9.3719E+00 4.2032E+02 9.3826E+00 3.9138E+024403 3102
 9.3885E+00 3.7502E+02 9.4003E+00 3.4207E+02 9.4180E+00 2.9384E+024403 3102
 9.4239E+00 2.7844E+02 9.4358E+00 2.4907E+02 9.4417E+00 2.3520E+024403 3102
 9.4476E+00 2.2192E+02 9.4535E+00 2.0926E+02 9.4594E+00 1.9721E+024403 3102
 9.4653E+00 1.8581E+02 9.4712E+00 1.7502E+02 9.4771E+00 1.6486E+024403 3102
 9.4830E+00 1.5530E+02 9.4889E+00 1.4634E+02 9.4948E+00 1.3794E+024403 3102
 9.5007E+00 1.3009E+02 9.5066E+00 1.2275E+02 9.5125E+00 1.1591E+024403 3102
 9.5184E+00 1.0953E+02 9.5243E+00 1.0358E+02 9.5302E+00 9.8045E+014403 3102
 9.5361E+00 9.2889E+01 9.5420E+00 8.8090E+01 9.5480E+00 8.3619E+014403 3102
 9.5539E+00 7.9457E+01 9.5598E+00 7.5575E+01 9.5657E+00 7.1957E+014403 3102
 9.5716E+00 6.8581E+01 9.5775E+00 6.5429E+01 9.5834E+00 6.2486E+014403 3102
 9.5893E+00 5.9729E+01 9.5952E+00 5.7152E+01 9.6011E+00 5.4732E+014403 3102
 9.6070E+00 5.2466E+01 9.6129E+00 5.0337E+01 9.6188E+00 4.8333E+014403 3102
 9.6247E+00 4.6449E+01 9.6306E+00 4.4673E+01 9.6365E+00 4.3001E+014403 3102
 9.6424E+00 4.1419E+01 9.6483E+00 3.9924E+01 9.6601E+00 3.7173E+014403 3102
 9.6720E+00 3.4700E+01 9.6838E+00 3.2472E+01 9.6956E+00 3.0454E+014403 3102
 9.7074E+00 2.8622E+01 9.7192E+00 2.6953E+01 9.7310E+00 2.5428E+014403 3102
 9.7428E+00 2.4032E+01 9.7546E+00 2.2750E+01 9.7664E+00 2.1569E+014403 3102
 9.7782E+00 2.0480E+01 9.7901E+00 1.9473E+01 9.8019E+00 1.8540E+014403 3102
 9.8137E+00 1.7673E+01 9.8255E+00 1.6867E+01 9.8373E+00 1.6116E+014403 3102
 9.8491E+00 1.5415E+01 9.8609E+00 1.4760E+01 9.8727E+00 1.4147E+014403 3102
 9.8845E+00 1.3572E+01 9.8963E+00 1.3032E+01 9.9082E+00 1.2524E+014403 3102
 9.9200E+00 1.2047E+01 9.9318E+00 1.1597E+01 9.9436E+00 1.1172E+014403 3102
 9.9554E+00 1.0771E+01 9.9672E+00 1.0391E+01 9.9908E+00 9.6917E+004403 3102
 1.0014E+01 9.0622E+00 1.0038E+01 8.4941E+00 1.0062E+01 7.9788E+004403 3102
 1.0085E+01 7.5109E+00 1.0109E+01 7.0841E+00 1.0133E+01 6.6942E+004403 3102
 1.0156E+01 6.3371E+00 1.0180E+01 6.0088E+00 1.0203E+01 5.7065E+004403 3102
 1.0227E+01 5.4278E+00 1.0251E+01 5.1700E+00 1.0274E+01 4.9311E+004403 3102
 1.0298E+01 4.7095E+00 1.0322E+01 4.5035E+00 1.0345E+01 4.3115E+004403 3102
 1.0369E+01 4.1327E+00 1.0392E+01 3.9652E+00 1.0416E+01 3.8088E+004403 3102
 1.0440E+01 3.6623E+00 1.0463E+01 3.5250E+00 1.0487E+01 3.3958E+004403 3102
 1.0510E+01 3.2747E+00 1.0534E+01 3.1605E+00 1.0558E+01 3.0528E+004403 3102
 1.0605E+01 2.8554E+00 1.0652E+01 2.6789E+00 1.0699E+01 2.5205E+004403 3102
 1.0747E+01 2.3779E+00 1.0794E+01 2.2491E+00 1.0841E+01 2.1326E+004403 3102
 1.0888E+01 2.0269E+00 1.0936E+01 1.9307E+00 1.0983E+01 1.8431E+004403 3102
 1.1030E+01 1.7630E+00 1.1077E+01 1.6898E+00 1.1125E+01 1.6227E+004403 3102
 1.1172E+01 1.5611E+00 1.1219E+01 1.5045E+00 1.1266E+01 1.4525E+004403 3102
 1.1314E+01 1.4046E+00 1.1361E+01 1.3605E+00 1.1408E+01 1.3200E+004403 3102
 1.1455E+01 1.2826E+00 1.1503E+01 1.2482E+00 1.1550E+01 1.2166E+004403 3102
 1.1644E+01 1.1606E+00 1.1739E+01 1.1132E+00 1.1833E+01 1.0735E+004403 3102
 1.1928E+01 1.0407E+00 1.2022E+01 1.0140E+00 1.2117E+01 9.9303E-014403 3102
 1.2211E+01 9.7734E-01 1.2306E+01 9.6663E-01 1.2400E+01 9.6071E-014403 3102
 1.2495E+01 9.5951E-01 1.2589E+01 9.6298E-01 1.2684E+01 9.7123E-014403 3102
 1.2778E+01 9.8445E-01 1.2872E+01 1.0029E+00 1.2967E+01 1.0269E+004403 3102
 1.3061E+01 1.0570E+00 1.3156E+01 1.0938E+00 1.3250E+01 1.1382E+004403 3102
 1.3345E+01 1.1910E+00 1.3392E+01 1.2210E+00 1.3439E+01 1.2538E+004403 3102
 1.3487E+01 1.2896E+00 1.3534E+01 1.3285E+00 1.3581E+01 1.3709E+004403 3102
 1.3628E+01 1.4171E+00 1.3676E+01 1.4675E+00 1.3723E+01 1.5224E+004403 3102
 1.3770E+01 1.5825E+00 1.3817E+01 1.6481E+00 1.3865E+01 1.7200E+004403 3102
 1.3912E+01 1.7990E+00 1.3959E+01 1.8858E+00 1.4006E+01 1.9815E+004403 3102
 1.4053E+01 2.0872E+00 1.4101E+01 2.2042E+00 1.4148E+01 2.3343E+004403 3102
 1.4195E+01 2.4792E+00 1.4242E+01 2.6412E+00 1.4290E+01 2.8231E+004403 3102
 1.4313E+01 2.9226E+00 1.4337E+01 3.0283E+00 1.4361E+01 3.1408E+004403 3102
 1.4384E+01 3.2610E+00 1.4408E+01 3.3890E+00 1.4431E+01 3.5262E+004403 3102
 1.4455E+01 3.6727E+00 1.4479E+01 3.8300E+00 1.4502E+01 3.9990E+004403 3102
 1.4526E+01 4.1808E+00 1.4549E+01 4.3767E+00 1.4573E+01 4.5881E+004403 3102
 1.4597E+01 4.8169E+00 1.4620E+01 5.0648E+00 1.4644E+01 5.3345E+004403 3102
 1.4668E+01 5.6281E+00 1.4691E+01 5.9490E+00 1.4715E+01 6.3001E+004403 3102
 1.4738E+01 6.6861E+00 1.4762E+01 7.1110E+00 1.4786E+01 7.5811E+004403 3102
 1.4809E+01 8.1026E+00 1.4833E+01 8.6837E+00 1.4845E+01 8.9995E+004403 3102
 1.4857E+01 9.3338E+00 1.4868E+01 9.6881E+00 1.4880E+01 1.0064E+014403 3102
 1.4892E+01 1.0464E+01 1.4904E+01 1.0890E+01 1.4916E+01 1.1344E+014403 3102
 1.4927E+01 1.1828E+01 1.4939E+01 1.2347E+01 1.4951E+01 1.2902E+014403 3102
 1.4963E+01 1.3497E+01 1.4975E+01 1.4137E+01 1.4986E+01 1.4826E+014403 3102
 1.4998E+01 1.5571E+01 1.5010E+01 1.6376E+01 1.5022E+01 1.7249E+014403 3102
 1.5034E+01 1.8198E+01 1.5046E+01 1.9233E+01 1.5057E+01 2.0364E+014403 3102
 1.5069E+01 2.1605E+01 1.5081E+01 2.2969E+01 1.5093E+01 2.4475E+014403 3102
 1.5105E+01 2.6143E+01 1.5116E+01 2.7997E+01 1.5128E+01 3.0068E+014403 3102
 1.5134E+01 3.1192E+01 1.5140E+01 3.2385E+01 1.5146E+01 3.3650E+014403 3102
 1.5152E+01 3.4990E+01 1.5158E+01 3.6416E+01 1.5164E+01 3.7930E+014403 3102
 1.5170E+01 3.9541E+01 1.5175E+01 4.1252E+01 1.5181E+01 4.3082E+014403 3102
 1.5187E+01 4.5026E+01 1.5193E+01 4.7104E+01 1.5199E+01 4.9317E+014403 3102
 1.5205E+01 5.1682E+01 1.5211E+01 5.4200E+01 1.5217E+01 5.6894E+014403 3102
 1.5223E+01 5.9768E+01 1.5229E+01 6.2836E+01 1.5234E+01 6.6108E+014403 3102
 1.5240E+01 6.9600E+01 1.5246E+01 7.3317E+01 1.5252E+01 7.7286E+014403 3102
 1.5258E+01 8.1502E+01 1.5264E+01 8.5990E+01 1.5270E+01 9.0754E+014403 3102
 1.5276E+01 9.5811E+01 1.5282E+01 1.0116E+02 1.5288E+01 1.0683E+024403 3102
 1.5294E+01 1.1280E+02 1.5299E+01 1.1910E+02 1.5305E+01 1.2572E+024403 3102
 1.5311E+01 1.3267E+02 1.5317E+01 1.3993E+02 1.5323E+01 1.4753E+024403 3102
 1.5329E+01 1.5542E+02 1.5335E+01 1.6363E+02 1.5341E+01 1.7211E+024403 3102
 1.5350E+01 1.8534E+02 1.5358E+01 1.9910E+02 1.5367E+01 2.1328E+024403 3102
 1.5373E+01 2.2290E+02 1.5382E+01 2.3751E+02 1.5391E+01 2.5218E+024403 3102
 1.5400E+01 2.6672E+02 1.5415E+01 2.9024E+02 1.5423E+01 3.0355E+024403 3102
 1.5431E+01 3.1378E+02 1.5438E+01 3.2335E+02 1.5443E+01 3.2930E+024403 3102
 1.5452E+01 3.4009E+02 1.5457E+01 3.4488E+02 1.5467E+01 3.5310E+024403 3102
 1.5471E+01 3.5648E+02 1.5481E+01 3.6171E+02 1.5490E+01 3.6482E+024403 3102
 1.5500E+01 3.6572E+02 1.5510E+01 3.6440E+02 1.5519E+01 3.6091E+024403 3102
 1.5529E+01 3.5531E+02 1.5534E+01 3.5172E+02 1.5543E+01 3.4320E+024403 3102
 1.5548E+01 3.3827E+02 1.5557E+01 3.2723E+02 1.5562E+01 3.2116E+024403 3102
 1.5567E+01 3.1476E+02 1.5577E+01 3.0116E+02 1.5588E+01 2.8311E+024403 3102
 1.5594E+01 2.7371E+02 1.5606E+01 2.5446E+02 1.5624E+01 2.2527E+024403 3102
 1.5642E+01 1.9680E+02 1.5653E+01 1.7874E+02 1.5659E+01 1.7008E+024403 3102
 1.5671E+01 1.5358E+02 1.5677E+01 1.4576E+02 1.5683E+01 1.3826E+024403 3102
 1.5689E+01 1.3107E+02 1.5695E+01 1.2422E+02 1.5701E+01 1.1767E+024403 3102
 1.5706E+01 1.1145E+02 1.5712E+01 1.0554E+02 1.5718E+01 9.9949E+014403 3102
 1.5724E+01 9.4653E+01 1.5730E+01 8.9663E+01 1.5736E+01 8.4947E+014403 3102
 1.5742E+01 8.0512E+01 1.5748E+01 7.6335E+01 1.5754E+01 7.2414E+014403 3102
 1.5760E+01 6.8733E+01 1.5766E+01 6.5279E+01 1.5771E+01 6.2035E+014403 3102
 1.5777E+01 5.8997E+01 1.5783E+01 5.6144E+01 1.5789E+01 5.3476E+014403 3102
 1.5795E+01 5.0970E+01 1.5801E+01 4.8629E+01 1.5807E+01 4.6428E+014403 3102
 1.5813E+01 4.4368E+01 1.5819E+01 4.2433E+01 1.5825E+01 4.0621E+014403 3102
 1.5830E+01 3.8916E+01 1.5836E+01 3.7317E+01 1.5842E+01 3.5812E+014403 3102
 1.5848E+01 3.4398E+01 1.5854E+01 3.3067E+01 1.5860E+01 3.1811E+014403 3102
 1.5866E+01 3.0624E+01 1.5872E+01 2.9508E+01 1.5878E+01 2.8450E+014403 3102
 1.5884E+01 2.7452E+01 1.5895E+01 2.5610E+01 1.5907E+01 2.3954E+014403 3102
 1.5919E+01 2.2460E+01 1.5931E+01 2.1106E+01 1.5943E+01 1.9876E+014403 3102
 1.5954E+01 1.8756E+01 1.5966E+01 1.7731E+01 1.5978E+01 1.6791E+014403 3102
 1.5990E+01 1.5927E+01 1.6002E+01 1.5131E+01 1.6013E+01 1.4395E+014403 3102
 1.6025E+01 1.3713E+01 1.6037E+01 1.3081E+01 1.6049E+01 1.2494E+014403 3102
 1.6061E+01 1.1946E+01 1.6073E+01 1.1435E+01 1.6084E+01 1.0958E+014403 3102
 1.6096E+01 1.0511E+01 1.6108E+01 1.0092E+01 1.6120E+01 9.6980E+004403 3102
 1.6132E+01 9.3278E+00 1.6143E+01 8.9794E+00 1.6155E+01 8.6508E+004403 3102
 1.6167E+01 8.3404E+00 1.6191E+01 7.7698E+00 1.6214E+01 7.2579E+004403 3102
 1.6238E+01 6.7971E+00 1.6261E+01 6.3805E+00 1.6285E+01 6.0031E+004403 3102
 1.6309E+01 5.6592E+00 1.6332E+01 5.3458E+00 1.6356E+01 5.0588E+004403 3102
 1.6380E+01 4.7956E+00 1.6403E+01 4.5534E+00 1.6427E+01 4.3306E+004403 3102
 1.6450E+01 4.1246E+00 1.6474E+01 3.9338E+00 1.6498E+01 3.7571E+004403 3102
 1.6521E+01 3.5929E+00 1.6545E+01 3.4398E+00 1.6568E+01 3.2975E+004403 3102
 1.6592E+01 3.1644E+00 1.6616E+01 3.0400E+00 1.6639E+01 2.9237E+004403 3102
 1.6663E+01 2.8145E+00 1.6687E+01 2.7121E+00 1.6710E+01 2.6158E+004403 3102
 1.6734E+01 2.5252E+00 1.6757E+01 2.4398E+00 1.6805E+01 2.2832E+004403 3102
 1.6852E+01 2.1432E+00 1.6899E+01 2.0177E+00 1.6946E+01 1.9047E+004403 3102
 1.6994E+01 1.8028E+00 1.7041E+01 1.7106E+00 1.7088E+01 1.6269E+004403 3102
 1.7135E+01 1.5508E+00 1.7183E+01 1.4815E+00 1.7230E+01 1.4181E+004403 3102
 1.7277E+01 1.3602E+00 1.7324E+01 1.3072E+00 1.7371E+01 1.2585E+004403 3102
 1.7419E+01 1.2138E+00 1.7466E+01 1.1728E+00 1.7513E+01 1.1350E+004403 3102
 1.7560E+01 1.1002E+00 1.7608E+01 1.0682E+00 1.7655E+01 1.0387E+004403 3102
 1.7702E+01 1.0115E+00 1.7749E+01 9.8664E-01 1.7844E+01 9.4259E-014403 3102
 1.7938E+01 9.0542E-01 1.8033E+01 8.7435E-01 1.8127E+01 8.4875E-014403 3102
 1.8222E+01 8.2812E-01 1.8316E+01 8.1203E-01 1.8411E+01 8.0022E-014403 3102
 1.8505E+01 7.9241E-01 1.8599E+01 7.8852E-01 1.8694E+01 7.8846E-014403 3102
 1.8788E+01 7.9223E-01 1.8883E+01 7.9992E-01 1.8977E+01 8.1167E-014403 3102
 1.9072E+01 8.2776E-01 1.9166E+01 8.4845E-01 1.9261E+01 8.7423E-014403 3102
 1.9355E+01 9.0560E-01 1.9450E+01 9.4328E-01 1.9544E+01 9.8810E-014403 3102
 1.9591E+01 1.0136E+00 1.9639E+01 1.0413E+00 1.9686E+01 1.0715E+004403 3102
 1.9733E+01 1.1044E+00 1.9780E+01 1.1403E+00 1.9828E+01 1.1793E+004403 3102
 1.9875E+01 1.2219E+00 1.9922E+01 1.2684E+00 1.9969E+01 1.3191E+004403 3102
 2.0016E+01 1.3746E+00 2.0064E+01 1.4354E+00 2.0111E+01 1.5022E+004403 3102
 2.0158E+01 1.5756E+00 2.0205E+01 1.6566E+00 2.0253E+01 1.7461E+004403 3102
 2.0300E+01 1.8453E+00 2.0347E+01 1.9556E+00 2.0394E+01 2.0785E+004403 3102
 2.0442E+01 2.2161E+00 2.0465E+01 2.2911E+00 2.0489E+01 2.3707E+004403 3102
 2.0512E+01 2.4553E+00 2.0536E+01 2.5454E+00 2.0560E+01 2.6413E+004403 3102
 2.0583E+01 2.7436E+00 2.0607E+01 2.8529E+00 2.0631E+01 2.9698E+004403 3102
 2.0654E+01 3.0950E+00 2.0678E+01 3.2296E+00 2.0701E+01 3.3740E+004403 3102
 2.0725E+01 3.5298E+00 2.0749E+01 3.6976E+00 2.0772E+01 3.8791E+004403 3102
 2.0796E+01 4.0758E+00 2.0819E+01 4.2894E+00 2.0843E+01 4.5217E+004403 3102
 2.0867E+01 4.7753E+00 2.0890E+01 5.0528E+00 2.0914E+01 5.3575E+004403 3102
 2.0938E+01 5.6927E+00 2.0961E+01 6.0629E+00 2.0985E+01 6.4735E+004403 3102
 2.1008E+01 6.9301E+00 2.1020E+01 7.1786E+00 2.1032E+01 7.4412E+004403 3102
 2.1044E+01 7.7199E+00 2.1056E+01 8.0150E+00 2.1067E+01 8.3293E+004403 3102
 2.1079E+01 8.6636E+00 2.1091E+01 9.0198E+00 2.1103E+01 9.4002E+004403 3102
 2.1115E+01 9.8071E+00 2.1126E+01 1.0243E+01 2.1138E+01 1.0711E+014403 3102
 2.1150E+01 1.1213E+01 2.1162E+01 1.1755E+01 2.1174E+01 1.2340E+014403 3102
 2.1186E+01 1.2974E+01 2.1197E+01 1.3662E+01 2.1209E+01 1.4410E+014403 3102
 2.1221E+01 1.5228E+01 2.1233E+01 1.6122E+01 2.1245E+01 1.7104E+014403 3102
 2.1256E+01 1.8185E+01 2.1268E+01 1.9381E+01 2.1280E+01 2.0706E+014403 3102
 2.1292E+01 2.2180E+01 2.1304E+01 2.3824E+01 2.1309E+01 2.4719E+014403 3102
 2.1315E+01 2.5663E+01 2.1321E+01 2.6666E+01 2.1327E+01 2.7726E+014403 3102
 2.1333E+01 2.8850E+01 2.1339E+01 3.0041E+01 2.1345E+01 3.1309E+014403 3102
 2.1351E+01 3.2652E+01 2.1357E+01 3.4081E+01 2.1363E+01 3.5594E+014403 3102
 2.1369E+01 3.7206E+01 2.1374E+01 3.8913E+01 2.1380E+01 4.0729E+014403 3102
 2.1386E+01 4.2654E+01 2.1392E+01 4.4703E+01 2.1398E+01 4.6874E+014403 3102
 2.1404E+01 4.9179E+01 2.1410E+01 5.1619E+01 2.1416E+01 5.4212E+014403 3102
 2.1422E+01 5.6948E+01 2.1428E+01 5.9846E+01 2.1433E+01 6.2905E+014403 3102
 2.1439E+01 6.6143E+01 2.1445E+01 6.9550E+01 2.1451E+01 7.3144E+014403 3102
 2.1457E+01 7.6918E+01 2.1463E+01 8.0889E+01 2.1469E+01 8.5042E+014403 3102
 2.1475E+01 8.9402E+01 2.1481E+01 9.3948E+01 2.1487E+01 9.8693E+014403 3102
 2.1493E+01 1.0363E+02 2.1498E+01 1.0876E+02 2.1504E+01 1.1408E+024403 3102
 2.1510E+01 1.1958E+02 2.1516E+01 1.2524E+02 2.1522E+01 1.3108E+024403 3102
 2.1528E+01 1.3706E+02 2.1540E+01 1.4945E+02 2.1546E+01 1.5582E+024403 3102
 2.1557E+01 1.6880E+02 2.1572E+01 1.8526E+02 2.1581E+01 1.9513E+024403 3102
 2.1596E+01 2.1125E+02 2.1614E+01 2.2949E+02 2.1619E+01 2.3516E+024403 3102
 2.1632E+01 2.4643E+02 2.1647E+01 2.5759E+02 2.1651E+01 2.6081E+024403 3102
 2.1656E+01 2.6376E+02 2.1666E+01 2.6881E+02 2.1671E+01 2.7088E+024403 3102
 2.1681E+01 2.7408E+02 2.1690E+01 2.7598E+02 2.1700E+01 2.7654E+024403 3102
 2.1705E+01 2.7631E+02 2.1715E+01 2.7486E+02 2.1724E+01 2.7209E+024403 3102
 2.1729E+01 2.7022E+02 2.1739E+01 2.6558E+02 2.1744E+01 2.6282E+024403 3102
 2.1748E+01 2.5978E+02 2.1758E+01 2.5291E+02 2.1773E+01 2.4088E+024403 3102
 2.1784E+01 2.3085E+02 2.1789E+01 2.2503E+02 2.1801E+01 2.1280E+024403 3102
 2.1819E+01 1.9351E+02 2.1837E+01 1.7380E+02 2.1848E+01 1.6077E+024403 3102
 2.1866E+01 1.4183E+02 2.1872E+01 1.3575E+02 2.1884E+01 1.2403E+024403 3102
 2.1890E+01 1.1841E+02 2.1902E+01 1.0770E+02 2.1913E+01 9.7745E+014403 3102
 2.1919E+01 9.3054E+01 2.1925E+01 8.8547E+01 2.1931E+01 8.4241E+014403 3102
 2.1937E+01 8.0129E+01 2.1943E+01 7.6206E+01 2.1949E+01 7.2462E+014403 3102
 2.1955E+01 6.8910E+01 2.1961E+01 6.5536E+01 2.1966E+01 6.2334E+014403 3102
 2.1972E+01 5.9296E+01 2.1978E+01 5.6425E+01 2.1984E+01 5.3707E+014403 3102
 2.1990E+01 5.1144E+01 2.1996E+01 4.8719E+01 2.2002E+01 4.6434E+014403 3102
 2.2008E+01 4.4281E+01 2.2014E+01 4.2251E+01 2.2020E+01 4.0334E+014403 3102
 2.2026E+01 3.8531E+01 2.2031E+01 3.6835E+01 2.2037E+01 3.5235E+014403 3102
 2.2043E+01 3.3728E+01 2.2049E+01 3.2308E+01 2.2055E+01 3.0974E+014403 3102
 2.2061E+01 2.9714E+01 2.2067E+01 2.8525E+01 2.2073E+01 2.7406E+014403 3102
 2.2079E+01 2.6350E+01 2.2085E+01 2.5353E+01 2.2090E+01 2.4411E+014403 3102
 2.2096E+01 2.3522E+01 2.2108E+01 2.1885E+01 2.2120E+01 2.0417E+014403 3102
 2.2132E+01 1.9098E+01 2.2144E+01 1.7907E+01 2.2155E+01 1.6831E+014403 3102
 2.2167E+01 1.5853E+01 2.2179E+01 1.4962E+01 2.2191E+01 1.4149E+014403 3102
 2.2203E+01 1.3405E+01 2.2214E+01 1.2722E+01 2.2226E+01 1.2092E+014403 3102
 2.2238E+01 1.1511E+01 2.2250E+01 1.0973E+01 2.2262E+01 1.0474E+014403 3102
 2.2273E+01 1.0010E+01 2.2285E+01 9.5784E+00 2.2297E+01 9.1756E+004403 3102
 2.2309E+01 8.7985E+00 2.2321E+01 8.4459E+00 2.2332E+01 8.1149E+004403 3102
 2.2344E+01 7.8042E+00 2.2356E+01 7.5118E+00 2.2368E+01 7.2363E+004403 3102
 2.2380E+01 6.9765E+00 2.2392E+01 6.7313E+00 2.2415E+01 6.2800E+004403 3102
 2.2439E+01 5.8748E+00 2.2462E+01 5.5094E+00 2.2486E+01 5.1790E+004403 3102
 2.2510E+01 4.8791E+00 2.2533E+01 4.6057E+00 2.2557E+01 4.3560E+004403 3102
 2.2580E+01 4.1273E+00 2.2604E+01 3.9174E+00 2.2628E+01 3.7242E+004403 3102
 2.2651E+01 3.5460E+00 2.2675E+01 3.3809E+00 2.2698E+01 3.2281E+004403 3102
 2.2722E+01 3.0863E+00 2.2746E+01 2.9546E+00 2.2769E+01 2.8317E+004403 3102
 2.2793E+01 2.7172E+00 2.2817E+01 2.6102E+00 2.2840E+01 2.5100E+004403 3102
 2.2864E+01 2.4161E+00 2.2887E+01 2.3281E+00 2.2911E+01 2.2453E+004403 3102
 2.2935E+01 2.1675E+00 2.2958E+01 2.0941E+00 2.3005E+01 1.9597E+004403 3102
 2.3053E+01 1.8397E+00 2.3100E+01 1.7322E+00 2.3147E+01 1.6354E+004403 3102
 2.3194E+01 1.5481E+00 2.3241E+01 1.4692E+00 2.3289E+01 1.3976E+004403 3102
 2.3336E+01 1.3325E+00 2.3383E+01 1.2732E+00 2.3430E+01 1.2191E+004403 3102
 2.3478E+01 1.1696E+00 2.3525E+01 1.1243E+00 2.3572E+01 1.0827E+004403 3102
 2.3619E+01 1.0445E+00 2.3666E+01 1.0094E+00 2.3714E+01 9.7716E-014403 3102
 2.3761E+01 9.4746E-01 2.3808E+01 9.2013E-01 2.3855E+01 8.9501E-014403 3102
 2.3903E+01 8.7187E-01 2.3950E+01 8.5060E-01 2.4044E+01 8.1311E-014403 3102
 2.4139E+01 7.8150E-01 2.4233E+01 7.5512E-01 2.4328E+01 7.3344E-014403 3102
 2.4422E+01 7.1601E-01 2.4517E+01 7.0252E-01 2.4611E+01 6.9268E-014403 3102
 2.4705E+01 6.8634E-01 2.4800E+01 6.8338E-01 2.4894E+01 6.8374E-014403 3102
 2.4989E+01 6.8742E-01 2.5083E+01 6.9451E-01 2.5178E+01 7.0515E-014403 3102
 2.5272E+01 7.1954E-01 2.5366E+01 7.3802E-01 2.5461E+01 7.6092E-014403 3102
 2.5555E+01 7.8876E-01 2.5650E+01 8.2214E-01 2.5697E+01 8.4112E-014403 3102
 2.5744E+01 8.6182E-01 2.5792E+01 8.8434E-01 2.5839E+01 9.0889E-014403 3102
 2.5886E+01 9.3562E-01 2.5933E+01 9.6472E-01 2.5980E+01 9.9641E-014403 3102
 2.6028E+01 1.0310E+00 2.6075E+01 1.0686E+00 2.6122E+01 1.1097E+004403 3102
 2.6169E+01 1.1546E+00 2.6216E+01 1.2038E+00 2.6264E+01 1.2576E+004403 3102
 2.6311E+01 1.3168E+00 2.6358E+01 1.3819E+00 2.6405E+01 1.4537E+004403 3102
 2.6453E+01 1.5331E+00 2.6500E+01 1.6211E+00 2.6547E+01 1.7190E+004403 3102
 2.6594E+01 1.8283E+00 2.6642E+01 1.9508E+00 2.6665E+01 2.0176E+004403 3102
 2.6689E+01 2.0885E+00 2.6712E+01 2.1640E+00 2.6736E+01 2.2443E+004403 3102
 2.6760E+01 2.3300E+00 2.6783E+01 2.4214E+00 2.6807E+01 2.5191E+004403 3102
 2.6830E+01 2.6238E+00 2.6854E+01 2.7360E+00 2.6878E+01 2.8565E+004403 3102
 2.6901E+01 2.9862E+00 2.6925E+01 3.1261E+00 2.6948E+01 3.2771E+004403 3102
 2.6972E+01 3.4404E+00 2.6996E+01 3.6180E+00 2.7019E+01 3.8109E+004403 3102
 2.7043E+01 4.0211E+00 2.7067E+01 4.2511E+00 2.7090E+01 4.5032E+004403 3102
 2.7114E+01 4.7804E+00 2.7137E+01 5.0866E+00 2.7161E+01 5.4257E+004403 3102
 2.7185E+01 5.8028E+00 2.7208E+01 6.2244E+00 2.7220E+01 6.4541E+004403 3102
 2.7232E+01 6.6978E+00 2.7244E+01 6.9567E+00 2.7255E+01 7.2322E+004403 3102
 2.7267E+01 7.5261E+00 2.7279E+01 7.8401E+00 2.7291E+01 8.1756E+004403 3102
 2.7303E+01 8.5350E+00 2.7314E+01 8.9214E+00 2.7326E+01 9.3365E+004403 3102
 2.7338E+01 9.7847E+00 2.7350E+01 1.0269E+01 2.7362E+01 1.0794E+014403 3102
 2.7373E+01 1.1363E+01 2.7385E+01 1.1985E+01 2.7397E+01 1.2663E+014403 3102
 2.7409E+01 1.3406E+01 2.7421E+01 1.4223E+01 2.7432E+01 1.5123E+014403 3102
 2.7444E+01 1.6116E+01 2.7456E+01 1.7218E+01 2.7468E+01 1.8442E+014403 3102
 2.7480E+01 1.9805E+01 2.7486E+01 2.0544E+01 2.7492E+01 2.1324E+014403 3102
 2.7497E+01 2.2150E+01 2.7503E+01 2.3023E+01 2.7509E+01 2.3945E+014403 3102
 2.7515E+01 2.4921E+01 2.7521E+01 2.5956E+01 2.7527E+01 2.7049E+014403 3102
 2.7533E+01 2.8206E+01 2.7539E+01 2.9430E+01 2.7545E+01 3.0729E+014403 3102
 2.7551E+01 3.2098E+01 2.7556E+01 3.3549E+01 2.7562E+01 3.5080E+014403 3102
 2.7568E+01 3.6704E+01 2.7574E+01 3.8414E+01 2.7580E+01 4.0223E+014403 3102
 2.7586E+01 4.2128E+01 2.7592E+01 4.4144E+01 2.7598E+01 4.6264E+014403 3102
 2.7604E+01 4.8494E+01 2.7610E+01 5.0839E+01 2.7615E+01 5.3309E+014403 3102
 2.7621E+01 5.5896E+01 2.7627E+01 5.8608E+01 2.7633E+01 6.1449E+014403 3102
 2.7639E+01 6.4424E+01 2.7645E+01 6.7525E+01 2.7651E+01 7.0761E+014403 3102
 2.7657E+01 7.4128E+01 2.7663E+01 7.7635E+01 2.7669E+01 8.1269E+014403 3102
 2.7674E+01 8.5034E+01 2.7680E+01 8.8927E+01 2.7686E+01 9.2952E+014403 3102
 2.7692E+01 9.7094E+01 2.7704E+01 1.0571E+02 2.7710E+01 1.1019E+024403 3102
 2.7722E+01 1.1940E+02 2.7728E+01 1.2413E+02 2.7739E+01 1.3378E+024403 3102
 2.7751E+01 1.4357E+02 2.7766E+01 1.5586E+02 2.7784E+01 1.7034E+024403 3102
 2.7798E+01 1.8184E+02 2.7816E+01 1.9455E+02 2.7822E+01 1.9843E+024403 3102
 2.7837E+01 2.0714E+02 2.7851E+01 2.1435E+02 2.7856E+01 2.1638E+024403 3102
 2.7871E+01 2.2126E+02 2.7885E+01 2.2420E+02 2.7890E+01 2.2473E+024403 3102
 2.7900E+01 2.2511E+02 2.7905E+01 2.2496E+02 2.7915E+01 2.2398E+024403 3102
 2.7924E+01 2.2209E+02 2.7939E+01 2.1765E+02 2.7944E+01 2.1575E+024403 3102
 2.7958E+01 2.0894E+02 2.7973E+01 2.0057E+02 2.7984E+01 1.9354E+024403 3102
 2.8002E+01 1.8075E+02 2.8019E+01 1.6683E+02 2.8037E+01 1.5228E+024403 3102
 2.8049E+01 1.4247E+02 2.8066E+01 1.2789E+02 2.8084E+01 1.1380E+024403 3102
 2.8102E+01 1.0050E+02 2.8114E+01 9.2171E+01 2.8120E+01 8.8188E+014403 3102
 2.8131E+01 8.0593E+01 2.8137E+01 7.6992E+01 2.8149E+01 7.0186E+014403 3102
 2.8155E+01 6.6981E+01 2.8161E+01 6.3910E+01 2.8167E+01 6.0964E+014403 3102
 2.8173E+01 5.8147E+01 2.8179E+01 5.5459E+01 2.8185E+01 5.2893E+014403 3102
 2.8190E+01 5.0450E+01 2.8196E+01 4.8121E+01 2.8202E+01 4.5908E+014403 3102
 2.8208E+01 4.3806E+01 2.8214E+01 4.1811E+01 2.8220E+01 3.9915E+014403 3102
 2.8226E+01 3.8121E+01 2.8232E+01 3.6422E+01 2.8238E+01 3.4814E+014403 3102
 2.8244E+01 3.3286E+01 2.8249E+01 3.1847E+01 2.8255E+01 3.0484E+014403 3102
 2.8261E+01 2.9196E+01 2.8267E+01 2.7976E+01 2.8273E+01 2.6826E+014403 3102
 2.8279E+01 2.5738E+01 2.8285E+01 2.4710E+01 2.8291E+01 2.3736E+014403 3102
 2.8297E+01 2.2817E+01 2.8303E+01 2.1948E+01 2.8308E+01 2.1127E+014403 3102
 2.8314E+01 2.0348E+01 2.8320E+01 1.9611E+01 2.8332E+01 1.8254E+014403 3102
 2.8344E+01 1.7035E+01 2.8356E+01 1.5937E+01 2.8367E+01 1.4945E+014403 3102
 2.8379E+01 1.4048E+01 2.8391E+01 1.3233E+01 2.8403E+01 1.2492E+014403 3102
 2.8415E+01 1.1816E+01 2.8427E+01 1.1197E+01 2.8438E+01 1.0629E+014403 3102
 2.8450E+01 1.0107E+01 2.8462E+01 9.6247E+00 2.8474E+01 9.1789E+004403 3102
 2.8486E+01 8.7656E+00 2.8497E+01 8.3819E+00 2.8509E+01 8.0243E+004403 3102
 2.8521E+01 7.6912E+00 2.8533E+01 7.3796E+00 2.8545E+01 7.0880E+004403 3102
 2.8556E+01 6.8141E+00 2.8568E+01 6.5572E+00 2.8580E+01 6.3153E+004403 3102
 2.8592E+01 6.0877E+00 2.8604E+01 5.8727E+00 2.8615E+01 5.6697E+004403 3102
 2.8639E+01 5.2959E+00 2.8663E+01 4.9601E+00 2.8686E+01 4.6572E+004403 3102
 2.8710E+01 4.3830E+00 2.8733E+01 4.1339E+00 2.8757E+01 3.9066E+004403 3102
 2.8781E+01 3.6988E+00 2.8804E+01 3.5083E+00 2.8828E+01 3.3330E+004403 3102
 2.8851E+01 3.1719E+00 2.8875E+01 3.0229E+00 2.8899E+01 2.8850E+004403 3102
 2.8922E+01 2.7572E+00 2.8946E+01 2.6384E+00 2.8970E+01 2.5279E+004403 3102
 2.8993E+01 2.4249E+00 2.9017E+01 2.3287E+00 2.9040E+01 2.2387E+004403 3102
 2.9064E+01 2.1545E+00 2.9088E+01 2.0755E+00 2.9111E+01 2.0013E+004403 3102
 2.9135E+01 1.9315E+00 2.9158E+01 1.8659E+00 2.9206E+01 1.7456E+004403 3102
 2.9253E+01 1.6382E+00 2.9300E+01 1.5421E+00 2.9347E+01 1.4557E+004403 3102
 2.9394E+01 1.3778E+00 2.9442E+01 1.3073E+00 2.9489E+01 1.2435E+004403 3102
 2.9536E+01 1.1855E+00 2.9583E+01 1.1326E+00 2.9631E+01 1.0844E+004403 3102
 2.9678E+01 1.0403E+00 2.9725E+01 9.9991E-01 2.9772E+01 9.6289E-014403 3102
 2.9819E+01 9.2892E-01 2.9867E+01 8.9770E-01 2.9914E+01 8.6899E-014403 3102
 2.9961E+01 8.4259E-01 3.0008E+01 8.1831E-01 3.0056E+01 7.9594E-014403 3102
 3.0103E+01 7.7540E-01 3.0150E+01 7.5650E-01 3.0244E+01 7.2316E-014403 3102
 3.0339E+01 6.9514E-01 3.0433E+01 6.7175E-01 3.0528E+01 6.5255E-014403 3102
 3.0622E+01 6.3715E-01 3.0717E+01 6.2525E-01 3.0811E+01 6.1664E-014403 3102
 3.0905E+01 6.1117E-01 3.1000E+01 6.0869E-01 3.1094E+01 6.0919E-014403 3102
 3.1189E+01 6.1266E-01 3.1283E+01 6.1924E-01 3.1378E+01 6.2899E-014403 3102
 3.1472E+01 6.4212E-01 3.1566E+01 6.5892E-01 3.1661E+01 6.7971E-014403 3102
 3.1755E+01 7.0494E-01 3.1850E+01 7.3518E-01 3.1897E+01 7.5240E-014403 3102
 3.1944E+01 7.7118E-01 3.1991E+01 7.9166E-01 3.2039E+01 8.1394E-014403 3102
 3.2086E+01 8.3822E-01 3.2133E+01 8.6463E-01 3.2180E+01 8.9343E-014403 3102
 3.2228E+01 9.2476E-01 3.2275E+01 9.5897E-01 3.2322E+01 9.9629E-014403 3102
 3.2369E+01 1.0371E+00 3.2416E+01 1.0818E+00 3.2464E+01 1.1307E+004403 3102
 3.2511E+01 1.1845E+00 3.2558E+01 1.2437E+00 3.2605E+01 1.3091E+004403 3102
 3.2652E+01 1.3814E+00 3.2700E+01 1.4617E+00 3.2747E+01 1.5510E+004403 3102
 3.2794E+01 1.6508E+00 3.2841E+01 1.7627E+00 3.2865E+01 1.8238E+004403 3102
 3.2889E+01 1.8888E+00 3.2912E+01 1.9579E+00 3.2936E+01 2.0315E+004403 3102
 3.2959E+01 2.1100E+00 3.2983E+01 2.1939E+00 3.3007E+01 2.2837E+004403 3102
 3.3030E+01 2.3799E+00 3.3054E+01 2.4831E+00 3.3077E+01 2.5941E+004403 3102
 3.3101E+01 2.7137E+00 3.3125E+01 2.8427E+00 3.3148E+01 2.9823E+004403 3102
 3.3172E+01 3.1336E+00 3.3195E+01 3.2981E+00 3.3219E+01 3.4772E+004403 3102
 3.3243E+01 3.6727E+00 3.3266E+01 3.8869E+00 3.3290E+01 4.1225E+004403 3102
 3.3313E+01 4.3824E+00 3.3337E+01 4.6700E+00 3.3361E+01 4.9900E+004403 3102
 3.3384E+01 5.3470E+00 3.3396E+01 5.5420E+00 3.3408E+01 5.7483E+004403 3102
 3.3420E+01 5.9678E+00 3.3432E+01 6.2011E+00 3.3443E+01 6.4499E+004403 3102
 3.3455E+01 6.7157E+00 3.3467E+01 7.0001E+00 3.3479E+01 7.3048E+004403 3102
 3.3491E+01 7.6326E+00 3.3502E+01 7.9848E+00 3.3514E+01 8.3652E+004403 3102
 3.3526E+01 8.7764E+00 3.3538E+01 9.2225E+00 3.3550E+01 9.7070E+004403 3102
 3.3561E+01 1.0235E+01 3.3573E+01 1.0812E+01 3.3585E+01 1.1445E+014403 3102
 3.3597E+01 1.2139E+01 3.3609E+01 1.2903E+01 3.3620E+01 1.3747E+014403 3102
 3.3632E+01 1.4679E+01 3.3644E+01 1.5712E+01 3.3656E+01 1.6860E+014403 3102
 3.3668E+01 1.8136E+01 3.3674E+01 1.8827E+01 3.3679E+01 1.9555E+014403 3102
 3.3685E+01 2.0324E+01 3.3691E+01 2.1135E+01 3.3697E+01 2.1992E+014403 3102
 3.3703E+01 2.2895E+01 3.3709E+01 2.3848E+01 3.3715E+01 2.4853E+014403 3102
 3.3721E+01 2.5916E+01 3.3727E+01 2.7034E+01 3.3733E+01 2.8213E+014403 3102
 3.3738E+01 2.9455E+01 3.3744E+01 3.0765E+01 3.3750E+01 3.2143E+014403 3102
 3.3756E+01 3.3591E+01 3.3762E+01 3.5116E+01 3.3768E+01 3.6718E+014403 3102
 3.3774E+01 3.8399E+01 3.3780E+01 4.0163E+01 3.3786E+01 4.2014E+014403 3102
 3.3792E+01 4.3952E+01 3.3797E+01 4.5980E+01 3.3803E+01 4.8097E+014403 3102
 3.3809E+01 5.0307E+01 3.3815E+01 5.2612E+01 3.3821E+01 5.5013E+014403 3102
 3.3827E+01 5.7513E+01 3.3833E+01 6.0106E+01 3.3839E+01 6.2806E+014403 3102
 3.3845E+01 6.5593E+01 3.3851E+01 6.8482E+01 3.3856E+01 7.1463E+014403 3102
 3.3868E+01 7.7707E+01 3.3874E+01 8.0961E+01 3.3886E+01 8.7725E+014403 3102
 3.3898E+01 9.4788E+01 3.3904E+01 9.8418E+01 3.3916E+01 1.0585E+024403 3102
 3.3921E+01 1.0964E+02 3.3933E+01 1.1731E+02 3.3951E+01 1.2890E+024403 3102
 3.3969E+01 1.4037E+02 3.3986E+01 1.5138E+02 3.4001E+01 1.5997E+024403 3102
 3.4019E+01 1.6927E+02 3.4027E+01 1.7298E+02 3.4041E+01 1.7907E+024403 3102
 3.4056E+01 1.8397E+02 3.4066E+01 1.8651E+02 3.4076E+01 1.8842E+024403 3102
 3.4085E+01 1.8970E+02 3.4100E+01 1.9037E+02 3.4115E+01 1.8954E+024403 3102
 3.4124E+01 1.8817E+02 3.4139E+01 1.8492E+02 3.4144E+01 1.8353E+024403 3102
 3.4159E+01 1.7851E+02 3.4173E+01 1.7231E+02 3.4184E+01 1.6708E+024403 3102
 3.4202E+01 1.5750E+02 3.4220E+01 1.4693E+02 3.4237E+01 1.3572E+024403 3102
 3.4249E+01 1.2805E+02 3.4267E+01 1.1649E+02 3.4285E+01 1.0508E+024403 3102
 3.4302E+01 9.4085E+01 3.4314E+01 8.7073E+01 3.4332E+01 7.7130E+014403 3102
 3.4338E+01 7.3990E+01 3.4349E+01 6.7983E+01 3.4355E+01 6.5121E+014403 3102
 3.4367E+01 5.9684E+01 3.4379E+01 5.4628E+01 3.4385E+01 5.2247E+014403 3102
 3.4397E+01 4.7765E+01 3.4403E+01 4.5666E+01 3.4408E+01 4.3656E+014403 3102
 3.4414E+01 4.1733E+01 3.4420E+01 3.9897E+01 3.4426E+01 3.8148E+014403 3102
 3.4432E+01 3.6479E+01 3.4438E+01 3.4888E+01 3.4444E+01 3.3375E+014403 3102
 3.4450E+01 3.1937E+01 3.4456E+01 3.0567E+01 3.4462E+01 2.9268E+014403 3102
 3.4467E+01 2.8031E+01 3.4473E+01 2.6859E+01 3.4479E+01 2.5747E+014403 3102
 3.4485E+01 2.4692E+01 3.4491E+01 2.3692E+01 3.4497E+01 2.2743E+014403 3102
 3.4503E+01 2.1844E+01 3.4509E+01 2.0991E+01 3.4515E+01 2.0182E+014403 3102
 3.4521E+01 1.9417E+01 3.4526E+01 1.8691E+01 3.4532E+01 1.8002E+014403 3102
 3.4544E+01 1.6731E+01 3.4556E+01 1.5587E+01 3.4568E+01 1.4555E+014403 3102
 3.4580E+01 1.3624E+01 3.4591E+01 1.2781E+01 3.4603E+01 1.2019E+014403 3102
 3.4615E+01 1.1325E+01 3.4627E+01 1.0694E+01 3.4639E+01 1.0119E+014403 3102
 3.4650E+01 9.5918E+00 3.4662E+01 9.1080E+00 3.4674E+01 8.6633E+004403 3102
 3.4686E+01 8.2534E+00 3.4698E+01 7.8742E+00 3.4709E+01 7.5228E+004403 3102
 3.4721E+01 7.1966E+00 3.4733E+01 6.8933E+00 3.4745E+01 6.6102E+004403 3102
 3.4757E+01 6.3455E+00 3.4768E+01 6.0979E+00 3.4780E+01 5.8656E+004403 3102
 3.4792E+01 5.6473E+00 3.4804E+01 5.4418E+00 3.4816E+01 5.2487E+004403 3102
 3.4839E+01 4.8937E+00 3.4863E+01 4.5761E+00 3.4886E+01 4.2908E+004403 3102
 3.4910E+01 4.0328E+00 3.4934E+01 3.7992E+00 3.4957E+01 3.5869E+004403 3102
 3.4981E+01 3.3931E+00 3.5004E+01 3.2155E+00 3.5028E+01 3.0528E+004403 3102
 3.5052E+01 2.9030E+00 3.5075E+01 2.7649E+00 3.5099E+01 2.6372E+004403 3102
 3.5123E+01 2.5190E+00 3.5146E+01 2.4093E+00 3.5170E+01 2.3072E+004403 3102
 3.5193E+01 2.2122E+00 3.5217E+01 2.1235E+00 3.5241E+01 2.0406E+004403 3102
 3.5264E+01 1.9631E+00 3.5288E+01 1.8904E+00 3.5311E+01 1.8222E+004403 3102
 3.5335E+01 1.7581E+00 3.5359E+01 1.6978E+00 3.5406E+01 1.5874E+004403 3102
 3.5453E+01 1.4890E+00 3.5500E+01 1.4009E+00 3.5547E+01 1.3217E+004403 3102
 3.5595E+01 1.2504E+00 3.5642E+01 1.1860E+00 3.5689E+01 1.1276E+004403 3102
 3.5736E+01 1.0745E+00 3.5783E+01 1.0262E+00 3.5831E+01 9.8218E-014403 3102
 3.5878E+01 9.4190E-01 3.5925E+01 9.0503E-01 3.5972E+01 8.7124E-014403 3102
 3.6020E+01 8.4023E-01 3.6067E+01 8.1173E-01 3.6114E+01 7.8553E-014403 3102
 3.6161E+01 7.6143E-01 3.6208E+01 7.3927E-01 3.6256E+01 7.1888E-014403 3102
 3.6303E+01 7.0010E-01 3.6350E+01 6.8285E-01 3.6444E+01 6.5243E-014403 3102
 3.6539E+01 6.2687E-01 3.6633E+01 6.0552E-01 3.6728E+01 5.8802E-014403 3102
 3.6822E+01 5.7397E-01 3.6917E+01 5.6314E-01 3.7011E+01 5.5528E-014403 3102
 3.7105E+01 5.5028E-01 3.7200E+01 5.4804E-01 3.7294E+01 5.4852E-014403 3102
 3.7389E+01 5.5172E-01 3.7483E+01 5.5773E-01 3.7578E+01 5.6670E-014403 3102
 3.7672E+01 5.7875E-01 3.7766E+01 5.9418E-01 3.7861E+01 6.1326E-014403 3102
 3.7955E+01 6.3644E-01 3.8050E+01 6.6422E-01 3.8097E+01 6.8006E-014403 3102
 3.8144E+01 6.9732E-01 3.8191E+01 7.1616E-01 3.8239E+01 7.3667E-014403 3102
 3.8286E+01 7.5901E-01 3.8333E+01 7.8332E-01 3.8380E+01 8.0985E-014403 3102
 3.8427E+01 8.3873E-01 3.8475E+01 8.7022E-01 3.8522E+01 9.0464E-014403 3102
 3.8569E+01 9.4229E-01 3.8616E+01 9.8350E-01 3.8663E+01 1.0287E+004403 3102
 3.8711E+01 1.0784E+00 3.8758E+01 1.1332E+00 3.8805E+01 1.1936E+004403 3102
 3.8852E+01 1.2605E+00 3.8900E+01 1.3349E+00 3.8947E+01 1.4177E+004403 3102
 3.8994E+01 1.5103E+00 3.9041E+01 1.6142E+00 3.9065E+01 1.6711E+004403 3102
 3.9088E+01 1.7315E+00 3.9112E+01 1.7958E+00 3.9136E+01 1.8644E+004403 3102
 3.9159E+01 1.9376E+00 3.9183E+01 2.0159E+00 3.9206E+01 2.0997E+004403 3102
 3.9230E+01 2.1896E+00 3.9254E+01 2.2862E+00 3.9277E+01 2.3901E+004403 3102
 3.9301E+01 2.5023E+00 3.9324E+01 2.6235E+00 3.9348E+01 2.7547E+004403 3102
 3.9372E+01 2.8972E+00 3.9395E+01 3.0522E+00 3.9419E+01 3.2215E+004403 3102
 3.9442E+01 3.4069E+00 3.9466E+01 3.6102E+00 3.9490E+01 3.8345E+004403 3102
 3.9513E+01 4.0830E+00 3.9537E+01 4.3587E+00 3.9560E+01 4.6664E+004403 3102
 3.9572E+01 4.8342E+00 3.9584E+01 5.0121E+00 3.9596E+01 5.2011E+004403 3102
 3.9608E+01 5.4024E+00 3.9620E+01 5.6168E+00 3.9631E+01 5.8458E+004403 3102
 3.9643E+01 6.0907E+00 3.9655E+01 6.3536E+00 3.9667E+01 6.6359E+004403 3102
 3.9679E+01 6.9400E+00 3.9690E+01 7.2680E+00 3.9702E+01 7.6227E+004403 3102
 3.9714E+01 8.0079E+00 3.9726E+01 8.4256E+00 3.9738E+01 8.8810E+004403 3102
 3.9749E+01 9.3783E+00 3.9761E+01 9.9232E+00 3.9773E+01 1.0520E+014403 3102
 3.9785E+01 1.1176E+01 3.9797E+01 1.1899E+01 3.9808E+01 1.2698E+014403 3102
 3.9820E+01 1.3579E+01 3.9832E+01 1.4555E+01 3.9844E+01 1.5635E+014403 3102
 3.9856E+01 1.6832E+01 3.9867E+01 1.8159E+01 3.9879E+01 1.9630E+014403 3102
 3.9885E+01 2.0423E+01 3.9891E+01 2.1258E+01 3.9897E+01 2.2138E+014403 3102
 3.9903E+01 2.3061E+01 3.9909E+01 2.4032E+01 3.9915E+01 2.5052E+014403 3102
 3.9920E+01 2.6123E+01 3.9926E+01 2.7248E+01 3.9932E+01 2.8429E+014403 3102
 3.9938E+01 2.9667E+01 3.9944E+01 3.0965E+01 3.9950E+01 3.2326E+014403 3102
 3.9956E+01 3.3746E+01 3.9962E+01 3.5232E+01 3.9968E+01 3.6787E+014403 3102
 3.9974E+01 3.8408E+01 3.9980E+01 4.0098E+01 3.9985E+01 4.1862E+014403 3102
 3.9991E+01 4.3698E+01 3.9997E+01 4.5606E+01 4.0003E+01 4.7585E+014403 3102
 4.0009E+01 4.9640E+01 4.0015E+01 5.1769E+01 4.0021E+01 5.3973E+014403 3102
 4.0033E+01 5.8602E+01 4.0044E+01 6.3527E+01 4.0050E+01 6.6090E+014403 3102
 4.0062E+01 7.1427E+01 4.0068E+01 7.4188E+01 4.0080E+01 7.9884E+014403 3102
 4.0086E+01 8.2818E+01 4.0098E+01 8.8813E+01 4.0109E+01 9.4958E+014403 3102
 4.0127E+01 1.0435E+02 4.0145E+01 1.1380E+02 4.0157E+01 1.2002E+024403 3102
 4.0171E+01 1.2759E+02 4.0189E+01 1.3621E+02 4.0204E+01 1.4282E+024403 3102
 4.0221E+01 1.4989E+02 4.0231E+01 1.5333E+02 4.0246E+01 1.5774E+024403 3102
 4.0261E+01 1.6117E+02 4.0275E+01 1.6356E+02 4.0285E+01 1.6453E+024403 3102
 4.0300E+01 1.6505E+02 4.0310E+01 1.6476E+02 4.0320E+01 1.6395E+024403 3102
 4.0329E+01 1.6266E+02 4.0344E+01 1.5982E+02 4.0349E+01 1.5864E+024403 3102
 4.0364E+01 1.5445E+02 4.0379E+01 1.4937E+02 4.0390E+01 1.4471E+024403 3102
 4.0408E+01 1.3694E+02 4.0426E+01 1.2840E+02 4.0443E+01 1.1933E+024403 3102
 4.0455E+01 1.1311E+02 4.0473E+01 1.0369E+02 4.0491E+01 9.4328E+014403 3102
 4.0508E+01 8.5204E+01 4.0520E+01 7.9337E+01 4.0538E+01 7.0928E+014403 3102
 4.0556E+01 6.3090E+01 4.0562E+01 6.0614E+01 4.0573E+01 5.5872E+014403 3102
 4.0585E+01 5.1425E+01 4.0591E+01 4.9314E+01 4.0603E+01 4.5307E+014403 3102
 4.0615E+01 4.1596E+01 4.0626E+01 3.8169E+01 4.0638E+01 3.5017E+014403 3102
 4.0650E+01 3.2128E+01 4.0662E+01 2.9491E+01 4.0668E+01 2.8259E+014403 3102
 4.0674E+01 2.7086E+01 4.0680E+01 2.5968E+01 4.0685E+01 2.4904E+014403 3102
 4.0691E+01 2.3888E+01 4.0697E+01 2.2923E+01 4.0703E+01 2.2004E+014403 3102
 4.0709E+01 2.1131E+01 4.0715E+01 2.0299E+01 4.0721E+01 1.9509E+014403 3102
 4.0733E+01 1.8046E+01 4.0744E+01 1.6725E+01 4.0756E+01 1.5532E+014403 3102
 4.0768E+01 1.4454E+01 4.0780E+01 1.3482E+01 4.0792E+01 1.2601E+014403 3102
 4.0803E+01 1.1805E+01 4.0815E+01 1.1083E+01 4.0827E+01 1.0428E+014403 3102
 4.0839E+01 9.8311E+00 4.0851E+01 9.2877E+00 4.0863E+01 8.7907E+004403 3102
 4.0874E+01 8.3362E+00 4.0886E+01 7.9184E+00 4.0898E+01 7.5345E+004403 3102
 4.0910E+01 7.1804E+00 4.0922E+01 6.8530E+00 4.0933E+01 6.5501E+004403 3102
 4.0945E+01 6.2684E+00 4.0957E+01 6.0064E+00 4.0969E+01 5.7621E+004403 3102
 4.0981E+01 5.5336E+00 4.0992E+01 5.3201E+00 4.1004E+01 5.1198E+004403 3102
 4.1016E+01 4.9314E+00 4.1028E+01 4.7544E+00 4.1040E+01 4.5878E+004403 3102
 4.1063E+01 4.2813E+00 4.1087E+01 4.0071E+00 4.1110E+01 3.7604E+004403 3102
 4.1134E+01 3.5376E+00 4.1158E+01 3.3354E+00 4.1181E+01 3.1512E+004403 3102
 4.1205E+01 2.9832E+00 4.1228E+01 2.8292E+00 4.1252E+01 2.6878E+004403 3102
 4.1276E+01 2.5576E+00 4.1299E+01 2.4374E+00 4.1323E+01 2.3263E+004403 3102
 4.1346E+01 2.2232E+00 4.1370E+01 2.1274E+00 4.1394E+01 2.0383E+004403 3102
 4.1417E+01 1.9552E+00 4.1441E+01 1.8777E+00 4.1465E+01 1.8051E+004403 3102
 4.1488E+01 1.7372E+00 4.1512E+01 1.6734E+00 4.1535E+01 1.6136E+004403 3102
 4.1559E+01 1.5573E+00 4.1583E+01 1.5042E+00 4.1606E+01 1.4542E+004403 3102
 4.1653E+01 1.3625E+00 4.1701E+01 1.2804E+00 4.1748E+01 1.2068E+004403 3102
 4.1795E+01 1.1404E+00 4.1842E+01 1.0804E+00 4.1889E+01 1.0261E+004403 3102
 4.1937E+01 9.7677E-01 4.1984E+01 9.3185E-01 4.2031E+01 8.9085E-014403 3102
 4.2078E+01 8.5342E-01 4.2126E+01 8.1912E-01 4.2173E+01 7.8766E-014403 3102
 4.2220E+01 7.5880E-01 4.2267E+01 7.3228E-01 4.2314E+01 7.0788E-014403 3102
 4.2362E+01 6.8545E-01 4.2409E+01 6.6478E-01 4.2456E+01 6.4577E-014403 3102
 4.2503E+01 6.2824E-01 4.2551E+01 6.1212E-01 4.2598E+01 5.9732E-014403 3102
 4.2645E+01 5.8369E-01 4.2739E+01 5.5970E-01 4.2834E+01 5.3967E-014403 3102
 4.2928E+01 5.2313E-01 4.3023E+01 5.0982E-01 4.3117E+01 4.9948E-014403 3102
 4.3212E+01 4.9185E-01 4.3306E+01 4.8689E-01 4.3400E+01 4.8444E-014403 3102
 4.3495E+01 4.8453E-01 4.3589E+01 4.8716E-01 4.3684E+01 4.9236E-014403 3102
 4.3778E+01 5.0029E-01 4.3873E+01 5.1108E-01 4.3967E+01 5.2499E-014403 3102
 4.4061E+01 5.4233E-01 4.4156E+01 5.6344E-01 4.4203E+01 5.7558E-014403 3102
 4.4250E+01 5.8886E-01 4.4298E+01 6.0339E-01 4.4345E+01 6.1924E-014403 3102
 4.4392E+01 6.3656E-01 4.4439E+01 6.5545E-01 4.4486E+01 6.7603E-014403 3102
 4.4534E+01 6.9849E-01 4.4581E+01 7.2298E-01 4.4628E+01 7.4971E-014403 3102
 4.4675E+01 7.7890E-01 4.4722E+01 8.1080E-01 4.4770E+01 8.4573E-014403 3102
 4.4817E+01 8.8404E-01 4.4864E+01 9.2611E-01 4.4911E+01 9.7240E-014403 3102
 4.4959E+01 1.0234E+00 4.5006E+01 1.0799E+00 4.5053E+01 1.1425E+004403 3102
 4.5100E+01 1.2121E+00 4.5147E+01 1.2897E+00 4.5195E+01 1.3767E+004403 3102
 4.5218E+01 1.4241E+00 4.5242E+01 1.4745E+00 4.5265E+01 1.5280E+004403 3102
 4.5289E+01 1.5849E+00 4.5313E+01 1.6456E+00 4.5336E+01 1.7104E+004403 3102
 4.5360E+01 1.7796E+00 4.5384E+01 1.8537E+00 4.5407E+01 1.9331E+004403 3102
 4.5431E+01 2.0183E+00 4.5454E+01 2.1101E+00 4.5478E+01 2.2089E+004403 3102
 4.5502E+01 2.3158E+00 4.5525E+01 2.4314E+00 4.5549E+01 2.5569E+004403 3102
 4.5572E+01 2.6933E+00 4.5596E+01 2.8422E+00 4.5620E+01 3.0050E+004403 3102
 4.5643E+01 3.1841E+00 4.5667E+01 3.3809E+00 4.5690E+01 3.5989E+004403 3102
 4.5714E+01 3.8411E+00 4.5738E+01 4.1114E+00 4.5749E+01 4.2589E+004403 3102
 4.5761E+01 4.4149E+00 4.5773E+01 4.5812E+00 4.5785E+01 4.7579E+004403 3102
 4.5797E+01 4.9466E+00 4.5808E+01 5.1479E+00 4.5820E+01 5.3635E+004403 3102
 4.5832E+01 5.5946E+00 4.5844E+01 5.8431E+00 4.5856E+01 6.1108E+004403 3102
 4.5867E+01 6.3999E+00 4.5879E+01 6.7127E+00 4.5891E+01 7.0518E+004403 3102
 4.5903E+01 7.4202E+00 4.5915E+01 7.8219E+00 4.5927E+01 8.2599E+004403 3102
 4.5938E+01 8.7390E+00 4.5950E+01 9.2644E+00 4.5962E+01 9.8412E+004403 3102
 4.5974E+01 1.0475E+01 4.5986E+01 1.1175E+01 4.5997E+01 1.1945E+014403 3102
 4.6009E+01 1.2795E+01 4.6021E+01 1.3734E+01 4.6033E+01 1.4770E+014403 3102
 4.6045E+01 1.5915E+01 4.6056E+01 1.7180E+01 4.6068E+01 1.8575E+014403 3102
 4.6080E+01 2.0114E+01 4.6092E+01 2.1807E+01 4.6104E+01 2.3668E+014403 3102
 4.6115E+01 2.5708E+01 4.6127E+01 2.7942E+01 4.6139E+01 3.0379E+014403 3102
 4.6151E+01 3.3031E+01 4.6163E+01 3.5905E+01 4.6174E+01 3.9012E+014403 3102
 4.6186E+01 4.2355E+01 4.6198E+01 4.5944E+01 4.6204E+01 4.7828E+014403 3102
 4.6216E+01 5.1775E+01 4.6222E+01 5.3835E+01 4.6233E+01 5.8132E+014403 3102
 4.6239E+01 6.0369E+01 4.6251E+01 6.4995E+01 4.6257E+01 6.7381E+014403 3102
 4.6269E+01 7.2298E+01 4.6281E+01 7.7375E+01 4.6287E+01 7.9971E+014403 3102
 4.6298E+01 8.5234E+01 4.6316E+01 9.3272E+01 4.6334E+01 1.0136E+024403 3102
 4.6357E+01 1.1193E+02 4.6375E+01 1.1947E+02 4.6390E+01 1.2537E+024403 3102
 4.6408E+01 1.3181E+02 4.6422E+01 1.3654E+02 4.6430E+01 1.3863E+024403 3102
 4.6442E+01 1.4171E+02 4.6451E+01 1.4380E+02 4.6466E+01 1.4625E+024403 3102
 4.6481E+01 1.4785E+02 4.6495E+01 1.4856E+02 4.6500E+01 1.4859E+024403 3102
 4.6510E+01 1.4837E+02 4.6519E+01 1.4774E+02 4.6529E+01 1.4672E+024403 3102
 4.6544E+01 1.4447E+02 4.6563E+01 1.4021E+02 4.6578E+01 1.3616E+024403 3102
 4.6588E+01 1.3276E+02 4.6604E+01 1.2709E+02 4.6621E+01 1.2083E+024403 3102
 4.6637E+01 1.1411E+02 4.6663E+01 1.0230E+02 4.6679E+01 9.5039E+014403 3102
 4.6695E+01 8.7800E+01 4.6706E+01 8.3042E+01 4.6722E+01 7.6068E+014403 3102
 4.6738E+01 6.9379E+01 4.6754E+01 6.3031E+01 4.6765E+01 5.9015E+014403 3102
 4.6770E+01 5.7074E+01 4.6781E+01 5.3342E+01 4.6792E+01 4.9810E+014403 3102
 4.6802E+01 4.6479E+01 4.6813E+01 4.3354E+01 4.6824E+01 4.0432E+014403 3102
 4.6834E+01 3.7714E+01 4.6845E+01 3.5190E+01 4.6856E+01 3.2861E+014403 3102
 4.6867E+01 3.0717E+01 4.6877E+01 2.8752E+01 4.6888E+01 2.6954E+014403 3102
 4.6899E+01 2.5318E+01 4.6909E+01 2.3832E+01 4.6920E+01 1.1149E+014403 3102
 4.6920E+01 1.2248E+01 5.0000E+01 1.1829E+01 5.6500E+01 1.1123E+014403 3102
 6.3000E+01 1.0417E+01 7.1000E+01 9.8036E+00 7.9000E+01 9.1899E+004403 3102
 8.9500E+01 8.6239E+00 1.0000E+02 8.0575E+00 1.1500E+02 7.5049E+004403 3102
 1.3000E+02 6.9523E+00 1.6000E+02 6.1810E+00 2.0000E+02 5.4433E+004403 3102
 2.5000E+02 4.7905E+00 2.8500E+02 4.4736E+00 3.2000E+02 4.1566E+004403 3102
 4.0000E+02 3.6548E+00 5.0000E+02 3.2134E+00 5.6500E+02 3.0137E+004403 3102
 6.3000E+02 2.8137E+00 7.1000E+02 2.6432E+00 7.9000E+02 2.4728E+004403 3102
 8.9500E+02 2.3190E+00 1.0000E+03 2.1652E+00 1.1500E+03 2.0194E+004403 3102
 1.3000E+03 1.8736E+00 1.6000E+03 1.6764E+00 2.0000E+03 1.4941E+004403 3102
 2.5000E+03 1.3389E+00 2.7265E+03 1.2896E+00 2.8632E+03 1.2598E+004403 3102
 3.0000E+03 1.2300E+00 3.0000E+03 1.2416E+00 3.3506E+03 1.1833E+004403 3102
 3.4872E+03 1.1637E+00 3.7082E+03 1.1321E+00 4.0617E+03 1.0882E+004403 3102
 4.2140E+03 1.0714E+00 4.4157E+03 1.0493E+00 4.8907E+03 1.0036E+004403 3102
 4.9374E+03 9.9970E-01 5.3481E+03 9.6528E-01 5.8901E+03 9.2608E-014403 3102
 5.9984E+03 9.1825E-01 6.3941E+03 8.9307E-01 7.1158E+03 8.5258E-014403 3102
 7.1505E+03 8.5063E-01 8.0243E+03 8.0898E-01 8.4355E+03 7.9193E-014403 3102
 8.6805E+03 7.8177E-01 9.5393E+03 7.5031E-01 1.0000E+04 7.3506E-014403 3102
 1.1326E+04 6.9917E-01 1.2571E+04 6.7047E-01 1.2690E+04 6.6810E-014403 3102
 1.4118E+04 6.3990E-01 1.4929E+04 6.2633E-01 1.5914E+04 6.0985E-014403 3102
 1.7267E+04 5.9017E-01 1.8142E+04 5.7893E-01 1.9044E+04 5.6739E-014403 3102
 2.0000E+04 5.5647E-01 2.2134E+04 5.3216E-01 2.4573E+04 5.0833E-014403 3102
 2.7108E+04 4.8716E-01 2.7541E+04 4.8357E-01 3.0000E+04 4.6596E-014403 3102
 3.2237E+04 4.4993E-01 3.5428E+04 4.2992E-01 3.8414E+04 4.1351E-014403 3102
 4.0000E+04 4.0555E-01 4.2295E+04 3.9404E-01 4.5986E+04 3.7747E-014403 3102
 5.0000E+04 3.6156E-01 5.4772E+04 3.4431E-01 6.0000E+04 3.2789E-014403 3102
 6.4807E+04 3.1429E-01 7.0000E+04 3.0122E-01 7.7374E+04 2.8485E-014403 3102
 8.0000E+04 2.7980E-01 8.4853E+04 2.7049E-01 9.0000E+04 2.6187E-014403 3102
 9.2402E+04 2.5784E-01 1.0000E+05 2.4664E-01 1.0411E+05 2.4059E-014403 3102
 1.1171E+05 2.3032E-01 1.2047E+05 2.1981E-01 1.2894E+05 2.1076E-014403 3102
 1.3733E+05 2.0272E-01 1.3733E+05 2.0272E-01 1.3800E+05 2.0208E-014403 3102
 1.4691E+05 1.9143E-01 1.5000E+05 1.8800E-01 1.6087E+05 1.7856E-014403 3102
 1.7080E+05 1.7085E-01 1.7571E+05 1.6732E-01 1.7600E+05 1.6712E-014403 3102
 1.8762E+05 1.5718E-01 2.0000E+05 1.4783E-01 2.1206E+05 1.4010E-014403 3102
 2.1300E+05 1.3949E-01 2.2442E+05 1.3164E-01 2.2578E+05 1.3079E-014403 3102
 2.3469E+05 1.2525E-01 2.3932E+05 1.2257E-01 2.3932E+05 1.2257E-014403 3102
 2.4000E+05 1.2218E-01 2.5000E+05 1.1576E-01 2.6617E+05 1.0852E-014403 3102
 2.7779E+05 1.0385E-01 2.9241E+05 9.8505E-02 3.0000E+05 9.6026E-024403 3102
 3.0092E+05 9.5727E-02 3.0092E+05 9.5727E-02 3.0100E+05 9.5700E-024403 3102
 3.2153E+05 9.0458E-02 3.4024E+05 8.6194E-02 3.4939E+05 8.4196E-024403 3102
 3.4939E+05 8.4193E-02 3.5000E+05 8.4062E-02 3.5589E+05 8.2776E-024403 3102
 3.7106E+05 7.9468E-02 3.9011E+05 7.5674E-02 4.0000E+05 7.3844E-024403 3102
 4.0998E+05 7.2770E-02 4.3623E+05 6.9941E-02 4.3623E+05 6.9941E-024403 3102
 4.3700E+05 6.9858E-02 4.6744E+05 6.6380E-02 5.0000E+05 6.3016E-024403 3102
 5.0288E+05 6.2720E-02 5.0288E+05 6.2720E-02 5.0300E+05 6.2705E-024403 3102
 5.0591E+05 6.2346E-02 5.0591E+05 6.2343E-02 5.0600E+05 6.2334E-024403 3102
 5.3645E+05 5.8548E-02 5.4630E+05 5.7424E-02 5.4630E+05 5.7424E-024403 3102
 5.5000E+05 5.7002E-02 5.5337E+05 5.6616E-02 5.5337E+05 5.6616E-024403 3102
 5.5400E+05 5.6544E-02 5.6852E+05 5.4981E-02 5.6900E+05 5.4927E-024403 3102
 5.7357E+05 5.4433E-02 5.7400E+05 5.4388E-02 5.8000E+05 5.3740E-024403 3102
 5.9780E+05 5.1820E-02 5.9780E+05 5.1820E-02 5.9900E+05 5.1691E-024403 3102
 6.0000E+05 5.1595E-02 6.2608E+05 4.9134E-02 6.3617E+05 4.8183E-024403 3102
 6.3618E+05 4.8180E-02 6.3700E+05 4.8103E-02 6.5000E+05 4.6877E-024403 3102
 6.6748E+05 4.5534E-02 6.6800E+05 4.5495E-02 6.9777E+05 4.3208E-024403 3102
 6.9777E+05 4.3208E-02 6.9800E+05 4.3190E-02 7.0000E+05 4.3037E-024403 3102
 7.1696E+05 4.1817E-02 7.2706E+05 4.1087E-02 7.2800E+05 4.1022E-024403 3102
 7.4220E+05 3.9999E-02 7.4220E+05 3.9999E-02 7.4300E+05 3.9942E-024403 3102
 7.5000E+05 3.9437E-02 7.6745E+05 3.8315E-02 7.8159E+05 3.7406E-024403 3102
 7.8200E+05 3.7382E-02 7.8764E+05 3.7018E-02 7.8765E+05 3.7018E-024403 3102
 7.8800E+05 3.6997E-02 7.9774E+05 3.6369E-02 7.9774E+05 3.6369E-024403 3102
 7.9800E+05 3.6354E-02 8.0000E+05 3.6225E-02 8.0784E+05 3.5720E-024403 3102
 8.0784E+05 3.5720E-02 8.0800E+05 3.5711E-02 8.1794E+05 3.5071E-024403 3102
 8.1800E+05 3.5068E-02 8.2804E+05 3.4422E-02 8.2900E+05 3.4362E-024403 3102
 8.3813E+05 3.3776E-02 8.3814E+05 3.3776E-02 8.3900E+05 3.3719E-024403 3102
 8.4823E+05 3.3127E-02 8.4823E+05 3.3127E-02 8.4900E+05 3.3076E-024403 3102
 8.5833E+05 3.2478E-02 8.5833E+05 3.2478E-02 8.5900E+05 3.2433E-024403 3102
 8.6843E+05 3.1829E-02 8.6900E+05 3.1793E-02 8.7853E+05 3.1180E-024403 3102
 8.7900E+05 3.1150E-02 8.8000E+05 3.1085E-02 8.8358E+05 3.0854E-024403 3102
 8.8400E+05 3.0827E-02 8.8862E+05 3.0531E-02 8.8863E+05 3.0531E-024403 3102
 8.8900E+05 3.0508E-02 8.9367E+05 3.0208E-02 8.9367E+05 3.0205E-024403 3102
 8.9400E+05 3.0185E-02 8.9872E+05 2.9892E-02 8.9872E+05 2.9892E-024403 3102
 8.9900E+05 2.9874E-02 9.0000E+05 2.9812E-02 9.0882E+05 2.9352E-024403 3102
 9.0882E+05 2.9352E-02 9.3724E+05 2.7870E-02 9.5000E+05 2.7251E-024403 3102
 1.0000E+06 2.5542E-02 1.0954E+06 2.4534E-02 1.1465E+06 2.4061E-024403 3102
 1.2000E+06 2.3566E-02 1.3471E+06 2.3783E-02 1.4000E+06 2.3861E-024403 3102
 1.5840E+06 2.5878E-02 1.5841E+06 2.5878E-02 1.5920E+06 2.5965E-024403 3102
 1.6000E+06 2.6053E-02 1.8000E+06 2.7079E-02 2.0000E+06 2.8898E-024403 3102
 2.0566E+06 2.9099E-02 2.2051E+06 2.9629E-02 2.3644E+06 3.0197E-024403 3102
 2.3976E+06 3.0304E-02 2.5000E+06 3.0642E-02 2.6166E+06 3.0355E-024403 3102
 2.8663E+06 2.9739E-02 3.0000E+06 2.9444E-02 3.3118E+06 2.7871E-024403 3102
 3.4024E+06 2.7469E-02 3.5428E+06 2.6846E-02 3.7900E+06 2.5870E-024403 3102
 3.8414E+06 2.5667E-02 4.0000E+06 2.5097E-02 4.1131E+06 2.3669E-024403 3102
 4.2600E+06 2.1987E-02 4.3870E+06 2.0672E-02 4.5328E+06 1.9300E-024403 3102
 4.6882E+06 1.7980E-02 4.7973E+06 1.7132E-02 4.9315E+06 1.6168E-024403 3102
 5.0000E+06 1.5706E-02 5.1153E+06 1.4600E-02 5.2183E+06 1.3696E-024403 3102
 5.3508E+06 1.2638E-02 5.4644E+06 1.1816E-02 5.5936E+06 1.0963E-024403 3102
 5.7301E+06 1.0148E-02 5.8251E+06 9.6268E-03 5.9411E+06 9.0371E-034403 3102
 6.0000E+06 8.7560E-03 6.0992E+06 8.1436E-03 6.2000E+06 7.5743E-034403 3102
 6.2543E+06 7.3479E-03 6.3090E+06 7.1197E-03 6.4038E+06 6.7094E-034403 3102
 6.5000E+06 6.3231E-03 6.5605E+06 6.0420E-03 6.6677E+06 5.5797E-034403 3102
 6.7801E+06 5.1401E-03 6.8578E+06 4.8602E-03 6.9523E+06 4.5447E-034403 3102
 7.0000E+06 4.3946E-03 7.1178E+06 4.0845E-03 7.2225E+06 3.8309E-034403 3102
 7.3564E+06 3.5346E-03 7.4704E+06 3.3040E-03 7.5994E+06 3.0651E-034403 3102
 7.7348E+06 2.8367E-03 7.7973E+06 2.7394E-03 7.7987E+06 2.7373E-034403 3102
 7.8285E+06 2.6909E-03 7.8849E+06 2.6091E-03 7.8862E+06 2.6071E-034403 3102
 7.9424E+06 2.5257E-03 8.0000E+06 2.4469E-03 8.1002E+06 2.3287E-034403 3102
 8.1187E+06 2.3070E-03 8.2704E+06 2.1422E-03 8.3996E+06 2.0134E-034403 3102
 8.4853E+06 1.9346E-03 8.5000E+06 1.9211E-03 8.5458E+06 1.8790E-034403 3102
 8.7053E+06 1.7450E-03 8.8514E+06 1.6326E-03 9.0000E+06 1.5274E-034403 3102
 9.0000E+06 1.5274E-03 9.0000E+06 1.5274E-03 9.1720E+06 1.4165E-034403 3102
 9.3185E+06 1.3298E-03 9.4844E+06 1.2396E-03 9.4868E+06 1.2384E-034403 3102
 9.5000E+06 1.2317E-03 9.6108E+06 1.1760E-03 9.8034E+06 1.0866E-034403 3102
 1.0000E+07 1.0040E-03 1.0000E+07 1.0040E-03 1.0000E+07 1.0040E-034403 3102
 1.0300E+07 9.4462E-04 1.0302E+07 9.4426E-04 1.0333E+07 9.3813E-044403 3102
 1.0500E+07 9.0802E-04 1.0620E+07 8.8634E-04 1.0704E+07 8.7252E-044403 3102
 1.0706E+07 8.7222E-04 1.0950E+07 8.3203E-04 1.1000E+07 8.2450E-044403 3102
 1.1314E+07 7.7752E-04 1.1500E+07 7.5219E-04 1.1652E+07 7.3153E-044403 3102
 1.2000E+07 6.8826E-04 1.2248E+07 6.8063E-04 1.2500E+07 6.7292E-044403 3102
 1.2688E+07 6.6712E-04 1.3000E+07 6.5853E-04 1.3248E+07 6.5172E-044403 3102
 1.3500E+07 6.4478E-04 1.3796E+07 6.3662E-04 1.4000E+07 6.3168E-044403 3102
 1.4249E+07 6.2570E-04 1.4500E+07 6.1960E-04 1.4749E+07 6.1359E-044403 3102
 1.5000E+07 6.0752E-04 1.5253E+07 5.9915E-04 1.5346E+07 5.9610E-044403 3102
 1.5489E+07 5.9134E-04 1.5500E+07 5.9098E-04 1.5635E+07 5.8650E-044403 3102
 1.5655E+07 5.8587E-04 1.5913E+07 5.7732E-04 1.6000E+07 5.7445E-044403 3102
 1.6046E+07 5.7289E-04 1.6052E+07 5.7271E-04 1.6160E+07 5.6954E-044403 3102
 1.6379E+07 5.6308E-04 1.6393E+07 5.6266E-04 1.6500E+07 5.5952E-044403 3102
 1.6659E+07 5.5480E-04 1.6781E+07 5.5121E-04 1.6898E+07 5.4777E-044403 3102
 1.6955E+07 5.4610E-04 1.7000E+07 5.4490E-04 1.7167E+07 5.4048E-044403 3102
 1.7206E+07 5.3943E-04 1.7320E+07 5.3638E-04 1.7371E+07 5.3503E-044403 3102
 1.7500E+07 5.3162E-04 1.7599E+07 5.2899E-04 1.7683E+07 5.2678E-044403 3102
 1.7985E+07 5.1877E-04 1.8000E+07 5.1841E-04 1.8239E+07 5.1270E-044403 3102
 1.8344E+07 5.1018E-04 1.8500E+07 5.0648E-04 1.8637E+07 5.0319E-044403 3102
 1.8664E+07 5.0256E-04 1.8966E+07 4.9535E-04 1.8969E+07 4.9526E-044403 3102
 1.9000E+07 4.9460E-04 1.9130E+07 4.9176E-04 1.9317E+07 4.8773E-044403 3102
 1.9500E+07 4.8378E-04 1.9558E+07 4.8252E-04 1.9560E+07 4.8246E-044403 3102
 1.9852E+07 4.7618E-04 2.0000E+07 4.7295E-04                      4403 3102
                                                                  4403 3  0
