RU-102N,G    1.0000+00* JEF-2.2                                   4402 3102
                                                                  4402 3102
 4.41020+04 1.0103E+02          0         99          0          04402 3102
 3.0000E+02 6.2383E+06          0          0          1       15364402 3102
       1536          2                                            4402 3102
 1.0000E-05 6.5319E+01 1.0866E-05 6.2661E+01 1.1794E-05 6.0146E+014402 3102
 1.2665E-05 5.8043E+01 1.3588E-05 5.6036E+01 1.4462E-05 5.4317E+014402 3102
 1.5382E-05 5.2667E+01 1.6259E-05 5.1228E+01 1.7176E-05 4.9841E+014402 3102
 1.8899E-05 4.7515E+01 2.0764E-05 4.5332E+01 2.2499E-05 4.3550E+014402 3102
 2.4352E-05 4.1860E+01 2.5753E-05 4.0706E+01 2.7220E-05 3.9594E+014402 3102
 2.8756E-05 3.8523E+01 3.0363E-05 3.7489E+01 3.3256E-05 3.5822E+014402 3102
 3.6374E-05 3.4253E+01 3.9284E-05 3.2961E+01 4.2385E-05 3.1732E+014402 3102
 4.5307E-05 3.0692E+01 4.8395E-05 2.9697E+01 5.2800E-05 2.8432E+014402 3102
 5.7534E-05 2.7238E+01 6.1962E-05 2.6247E+01 6.6672E-05 2.5304E+014402 3102
 7.1118E-05 2.4500E+01 7.5810E-05 2.3730E+01 8.0270E-05 2.3062E+014402 3102
 8.4948E-05 2.2419E+01 9.1195E-05 2.1638E+01 9.7820E-05 2.0893E+014402 3102
 1.0409E-04 2.0254E+01 1.1069E-04 1.9641E+01 1.1671E-04 1.9128E+014402 3102
 1.2300E-04 1.8633E+01 1.2957E-04 1.8155E+01 1.3643E-04 1.7693E+014402 3102
 1.4633E-04 1.7085E+01 1.5682E-04 1.6505E+01 1.6675E-04 1.6006E+014402 3102
 1.7720E-04 1.5527E+01 1.8674E-04 1.5126E+01 1.9670E-04 1.4738E+014402 3102
 2.1796E-04 1.4002E+01 2.3761E-04 1.3411E+01 2.5872E-04 1.2853E+014402 3102
 2.7848E-04 1.2389E+01 2.9948E-04 1.1947E+01 3.3054E-04 1.1372E+014402 3102
 3.6424E-04 1.0834E+01 3.9551E-04 1.0397E+01 4.2899E-04 9.9836E+004402 3102
 4.6041E-04 9.6371E+00 4.9374E-04 9.3065E+00 5.2528E-04 9.0229E+004402 3102
 5.5849E-04 8.7508E+00 6.0714E-04 8.3931E+00 6.5928E-04 8.0546E+004402 3102
 7.0819E-04 7.7718E+00 7.6008E-04 7.5020E+00 8.0917E-04 7.2710E+004402 3102
 8.6087E-04 7.0494E+00 9.1010E-04 6.8562E+00 9.6166E-04 6.6700E+004402 3102
 1.0299E-03 6.4453E+00 1.1021E-03 6.2306E+00 1.1706E-03 6.0457E+004402 3102
 1.2426E-03 5.8680E+00 1.3771E-03 5.5740E+00 1.5235E-03 5.2994E+004402 3102
 1.6275E-03 5.1273E+00 1.7373E-03 4.9626E+00 1.8416E-03 4.8200E+004402 3102
 1.9510E-03 4.6828E+00 2.1560E-03 4.4547E+00 2.3786E-03 4.2411E+004402 3102
 2.5850E-03 4.0682E+00 2.8061E-03 3.9046E+00 3.0135E-03 3.7678E+004402 3102
 3.2336E-03 3.6373E+00 3.4099E-03 3.5420E+00 3.5942E-03 3.4501E+004402 3102
 3.7866E-03 3.3612E+00 3.9876E-03 3.2754E+00 4.3510E-03 3.1357E+004402 3102
 4.7416E-03 3.0037E+00 5.1071E-03 2.8943E+00 5.4957E-03 2.7901E+004402 3102
 5.8626E-03 2.7013E+00 6.2497E-03 2.6163E+00 6.7903E-03 2.5100E+004402 3102
 7.3693E-03 2.4093E+00 7.9127E-03 2.3251E+00 8.4890E-03 2.2448E+004402 3102
 9.0344E-03 2.1760E+00 9.6086E-03 2.1100E+00 1.0156E-02 2.0523E+004402 3102
 1.0728E-02 1.9968E+00 1.1609E-02 1.9195E+00 1.2550E-02 1.8462E+004402 3102
 1.3435E-02 1.7844E+00 1.4371E-02 1.7253E+00 1.5259E-02 1.6743E+004402 3102
 1.6193E-02 1.6254E+00 1.7083E-02 1.5825E+00 1.8014E-02 1.5411E+004402 3102
 1.9766E-02 1.4713E+00 2.1657E-02 1.4056E+00 2.3420E-02 1.3517E+004402 3102
 2.5300E-02 1.3005E+00 2.7724E-02 1.2424E+00 3.0339E-02 1.1876E+004402 3102
 3.2778E-02 1.1425E+00 3.5378E-02 1.0997E+00 3.7828E-02 1.0635E+004402 3102
 4.0417E-02 1.0289E+00 4.2875E-02 9.9901E-01 4.5456E-02 9.7031E-014402 3102
 5.0285E-02 9.2266E-01 5.5534E-02 8.7797E-01 6.0398E-02 8.4183E-014402 3102
 6.5612E-02 8.0764E-01 7.0502E-02 7.7910E-01 7.5691E-02 7.5190E-014402 3102
 8.0598E-02 7.2863E-01 8.5769E-02 7.0631E-01 9.0480E-02 6.8768E-014402 3102
 9.5404E-02 6.6970E-01 1.0055E-01 6.5238E-01 1.0592E-01 6.3567E-014402 3102
 1.1564E-01 6.0846E-01 1.2608E-01 5.8271E-01 1.3585E-01 5.6134E-014402 3102
 1.4624E-01 5.4102E-01 1.5604E-01 5.2373E-01 1.6639E-01 5.0717E-014402 3102
 1.7623E-01 4.9283E-01 1.8655E-01 4.7908E-01 2.0588E-01 4.5612E-014402 3102
 2.2686E-01 4.3449E-01 2.4633E-01 4.1694E-01 2.6717E-01 4.0033E-014402 3102
 2.8674E-01 3.8642E-01 3.0749E-01 3.7314E-01 3.2713E-01 3.6176E-014402 3102
 3.4780E-01 3.5084E-01 3.6666E-01 3.4169E-01 3.8636E-01 3.3286E-014402 3102
 4.0694E-01 3.2434E-01 4.2842E-01 3.1615E-01 4.6729E-01 3.0277E-014402 3102
 5.0905E-01 2.9007E-01 5.4813E-01 2.7953E-01 5.8967E-01 2.6949E-014402 3102
 6.2891E-01 2.6094E-01 6.7030E-01 2.5275E-01 7.0793E-01 2.4594E-014402 3102
 7.4731E-01 2.3937E-01 7.8849E-01 2.3304E-01 8.3155E-01 2.2696E-014402 3102
 9.0920E-01 2.1708E-01 9.9280E-01 2.0773E-01 1.0709E+00 2.0000E-014402 3102
 1.1540E+00 1.9266E-01 1.2325E+00 1.8643E-01 1.3153E+00 1.8046E-014402 3102
 1.3905E+00 1.7551E-01 1.4692E+00 1.7074E-01 1.5516E+00 1.6615E-014402 3102
 1.6378E+00 1.6173E-01 1.7930E+00 1.5459E-01 1.9603E+00 1.4785E-014402 3102
 2.1164E+00 1.4228E-01 2.2828E+00 1.3700E-01 2.4396E+00 1.3252E-014402 3102
 2.6053E+00 1.2824E-01 2.7555E+00 1.2469E-01 2.9129E+00 1.2128E-014402 3102
 3.0778E+00 1.1799E-01 3.2503E+00 1.1482E-01 3.5606E+00 1.0971E-014402 3102
 3.8953E+00 1.0489E-01 4.2075E+00 1.0093E-01 4.5403E+00 9.7158E-024402 3102
 4.8539E+00 9.3967E-02 5.1853E+00 9.0915E-02 5.4857E+00 8.8391E-024402 3102
 5.8005E+00 8.5960E-02 6.1301E+00 8.3618E-02 6.4753E+00 8.1365E-024402 3102
 7.0959E+00 7.7731E-02 7.7653E+00 7.4306E-02 8.3896E+00 7.1489E-024402 3102
 9.0553E+00 6.8813E-02 9.6824E+00 6.6548E-02 1.0345E+01 6.4382E-024402 3102
 1.0946E+01 6.2592E-02 1.1575E+01 6.0868E-02 1.2235E+01 5.9207E-024402 3102
 1.2925E+01 5.7608E-02 1.4166E+01 5.5031E-02 1.5505E+01 5.2604E-024402 3102
 1.6754E+01 5.0608E-02 1.8085E+01 4.8713E-02 1.9339E+01 4.7109E-024402 3102
 2.0665E+01 4.5575E-02 2.1867E+01 4.4308E-02 2.3126E+01 4.3087E-024402 3102
 2.4444E+01 4.1912E-02 2.5825E+01 4.0779E-02 2.8307E+01 3.8956E-024402 3102
 3.0985E+01 3.7240E-02 3.3482E+01 3.5828E-02 3.6145E+01 3.4488E-024402 3102
 3.8653E+01 3.3355E-02 4.1305E+01 3.2271E-02 4.3708E+01 3.1376E-024402 3102
 4.6226E+01 3.0515E-02 4.8863E+01 2.9685E-02 5.1625E+01 2.8886E-024402 3102
 5.6589E+01 2.7600E-02 6.1945E+01 2.6392E-02 6.6940E+01 2.5400E-024402 3102
 7.2265E+01 2.4460E-02 7.7282E+01 2.3666E-02 7.9933E+01 2.3278E-024402 3102
 8.7390E+01 2.2290E-02 9.5063E+01 2.1405E-02 1.0046E+02 2.0851E-024402 3102
 1.0322E+02 2.0588E-02 1.0819E+02 2.0148E-02 1.1315E+02 1.9749E-024402 3102
 1.1851E+02 1.9365E-02 1.2636E+02 1.8902E-02 1.2886E+02 1.8786E-024402 3102
 1.3385E+02 1.8618E-02 1.3652E+02 1.8576E-02 1.3918E+02 1.8582E-024402 3102
 1.4184E+02 1.8655E-02 1.4317E+02 1.8727E-02 1.4450E+02 1.8831E-024402 3102
 1.4576E+02 1.8967E-02 1.4701E+02 1.9148E-02 1.4827E+02 1.9390E-024402 3102
 1.4952E+02 1.9711E-02 1.5078E+02 2.0140E-02 1.5203E+02 2.0715E-024402 3102
 1.5266E+02 2.1075E-02 1.5328E+02 2.1505E-02 1.5391E+02 2.2014E-024402 3102
 1.5454E+02 2.2623E-02 1.5520E+02 2.3402E-02 1.5586E+02 2.4362E-024402 3102
 1.5653E+02 2.5559E-02 1.5719E+02 2.7060E-02 1.5752E+02 2.7959E-024402 3102
 1.5785E+02 2.8994E-02 1.5818E+02 3.0183E-02 1.5852E+02 3.1556E-024402 3102
 1.5885E+02 3.3151E-02 1.5918E+02 3.5020E-02 1.5951E+02 3.7227E-024402 3102
 1.5984E+02 3.9859E-02 1.6017E+02 4.3025E-02 1.6034E+02 4.4852E-024402 3102
 1.6050E+02 4.6871E-02 1.6067E+02 4.9117E-02 1.6084E+02 5.1627E-024402 3102
 1.6100E+02 5.4445E-02 1.6117E+02 5.7621E-02 1.6133E+02 6.1219E-024402 3102
 1.6150E+02 6.5310E-02 1.6166E+02 6.9991E-02 1.6183E+02 7.5381E-024402 3102
 1.6200E+02 8.1632E-02 1.6216E+02 8.8928E-02 1.6233E+02 9.7528E-024402 3102
 1.6241E+02 1.0242E-01 1.6249E+02 1.0777E-01 1.6258E+02 1.1365E-014402 3102
 1.6266E+02 1.2013E-01 1.6274E+02 1.2728E-01 1.6282E+02 1.3521E-014402 3102
 1.6291E+02 1.4404E-01 1.6299E+02 1.5391E-01 1.6307E+02 1.6499E-014402 3102
 1.6316E+02 1.7748E-01 1.6324E+02 1.9166E-01 1.6332E+02 2.0784E-014402 3102
 1.6340E+02 2.2644E-01 1.6345E+02 2.3679E-01 1.6349E+02 2.4795E-014402 3102
 1.6353E+02 2.6005E-01 1.6357E+02 2.7312E-01 1.6361E+02 2.8731E-014402 3102
 1.6365E+02 3.0278E-01 1.6369E+02 3.1972E-01 1.6374E+02 3.3825E-014402 3102
 1.6378E+02 3.5863E-01 1.6382E+02 3.8115E-01 1.6386E+02 4.0621E-014402 3102
 1.6390E+02 4.3409E-01 1.6394E+02 4.6544E-01 1.6398E+02 5.0073E-014402 3102
 1.6403E+02 5.4091E-01 1.6407E+02 5.8677E-01 1.6409E+02 6.1223E-014402 3102
 1.6411E+02 6.3963E-01 1.6413E+02 6.6915E-01 1.6415E+02 7.0102E-014402 3102
 1.6417E+02 7.3569E-01 1.6419E+02 7.7309E-01 1.6421E+02 8.1371E-014402 3102
 1.6423E+02 8.5790E-01 1.6425E+02 9.0605E-01 1.6427E+02 9.5861E-014402 3102
 1.6430E+02 1.0160E+00 1.6432E+02 1.0789E+00 1.6434E+02 1.1481E+004402 3102
 1.6436E+02 1.2235E+00 1.6438E+02 1.3063E+00 1.6440E+02 1.3971E+004402 3102
 1.6442E+02 1.4967E+00 1.6444E+02 1.6060E+00 1.6446E+02 1.7258E+004402 3102
 1.6448E+02 1.8570E+00 1.6450E+02 2.0013E+00 1.6452E+02 2.1583E+004402 3102
 1.6454E+02 2.3296E+00 1.6456E+02 2.5162E+00 1.6459E+02 2.7201E+004402 3102
 1.6461E+02 2.9402E+00 1.6463E+02 3.1783E+00 1.6465E+02 3.4351E+004402 3102
 1.6467E+02 3.7128E+00 1.6469E+02 4.0090E+00 1.6471E+02 4.3254E+004402 3102
 1.6473E+02 4.6622E+00 1.6475E+02 5.0193E+00 1.6478E+02 5.5930E+004402 3102
 1.6481E+02 6.2072E+00 1.6483E+02 6.6410E+00 1.6487E+02 7.3184E+004402 3102
 1.6490E+02 8.0216E+00 1.6493E+02 8.7466E+00 1.6498E+02 9.9669E+004402 3102
 1.6501E+02 1.0693E+01 1.6504E+02 1.1390E+01 1.6506E+02 1.1834E+014402 3102
 1.6509E+02 1.2462E+01 1.6512E+02 1.3026E+01 1.6515E+02 1.3497E+014402 3102
 1.6517E+02 1.3747E+01 1.6518E+02 1.3859E+01 1.6520E+02 1.4061E+014402 3102
 1.6523E+02 1.4297E+01 1.6525E+02 1.4452E+01 1.6528E+02 1.4522E+014402 3102
 1.6529E+02 1.4527E+01 1.6532E+02 1.4482E+01 1.6534E+02 1.4405E+014402 3102
 1.6535E+02 1.4290E+01 1.6538E+02 1.4095E+01 1.6540E+02 1.3848E+014402 3102
 1.6542E+02 1.3612E+01 1.6544E+02 1.3204E+01 1.6547E+02 1.2737E+014402 3102
 1.6550E+02 1.2218E+01 1.6554E+02 1.1262E+01 1.6560E+02 1.0022E+014402 3102
 1.6564E+02 8.9567E+00 1.6570E+02 7.6975E+00 1.6572E+02 7.2937E+004402 3102
 1.6576E+02 6.3246E+00 1.6578E+02 5.9579E+00 1.6580E+02 5.6067E+004402 3102
 1.6581E+02 5.2679E+00 1.6583E+02 4.9440E+00 1.6585E+02 4.6353E+004402 3102
 1.6587E+02 4.3436E+00 1.6589E+02 4.0658E+00 1.6591E+02 3.8034E+004402 3102
 1.6592E+02 3.5561E+00 1.6594E+02 3.3251E+00 1.6596E+02 3.1073E+004402 3102
 1.6598E+02 2.9035E+00 1.6600E+02 2.7134E+00 1.6601E+02 2.5371E+004402 3102
 1.6603E+02 2.3723E+00 1.6605E+02 2.2193E+00 1.6607E+02 2.0774E+004402 3102
 1.6609E+02 1.9466E+00 1.6610E+02 1.8250E+00 1.6612E+02 1.7126E+004402 3102
 1.6614E+02 1.6088E+00 1.6616E+02 1.5135E+00 1.6618E+02 1.4250E+004402 3102
 1.6619E+02 1.3434E+00 1.6621E+02 1.2681E+00 1.6623E+02 1.1990E+004402 3102
 1.6625E+02 1.1349E+00 1.6627E+02 1.0757E+00 1.6628E+02 1.0210E+004402 3102
 1.6630E+02 9.7066E-01 1.6632E+02 9.2383E-01 1.6634E+02 8.8045E-014402 3102
 1.6636E+02 8.4022E-01 1.6638E+02 8.0306E-01 1.6639E+02 7.6832E-014402 3102
 1.6641E+02 7.3598E-01 1.6643E+02 7.0584E-01 1.6645E+02 6.7784E-014402 3102
 1.6648E+02 6.2687E-01 1.6652E+02 5.8217E-01 1.6656E+02 5.4263E-014402 3102
 1.6659E+02 5.0744E-01 1.6663E+02 4.7588E-01 1.6666E+02 4.4759E-014402 3102
 1.6670E+02 4.2196E-01 1.6674E+02 3.9878E-01 1.6677E+02 3.7760E-014402 3102
 1.6681E+02 3.5829E-01 1.6684E+02 3.4053E-01 1.6688E+02 3.2424E-014402 3102
 1.6692E+02 3.0916E-01 1.6695E+02 2.9525E-01 1.6703E+02 2.7033E-014402 3102
 1.6710E+02 2.4871E-01 1.6717E+02 2.2982E-01 1.6724E+02 2.1320E-014402 3102
 1.6731E+02 1.9850E-01 1.6739E+02 1.8541E-01 1.6746E+02 1.7372E-014402 3102
 1.6753E+02 1.6322E-01 1.6760E+02 1.5376E-01 1.6768E+02 1.4520E-014402 3102
 1.6775E+02 1.3744E-01 1.6782E+02 1.3036E-01 1.6789E+02 1.2389E-014402 3102
 1.6797E+02 1.1797E-01 1.6804E+02 1.1252E-01 1.6818E+02 1.0288E-014402 3102
 1.6833E+02 9.4624E-02 1.6847E+02 8.7497E-02 1.6862E+02 8.1304E-024402 3102
 1.6876E+02 7.5887E-02 1.6891E+02 7.1125E-02 1.6905E+02 6.6911E-024402 3102
 1.6919E+02 6.3166E-02 1.6934E+02 5.9822E-02 1.6948E+02 5.6827E-024402 3102
 1.6963E+02 5.4133E-02 1.6977E+02 5.1701E-02 1.7006E+02 4.7488E-024402 3102
 1.7035E+02 4.3971E-02 1.7064E+02 4.1007E-02 1.7093E+02 3.8488E-024402 3102
 1.7122E+02 3.6331E-02 1.7151E+02 3.4467E-02 1.7180E+02 3.2846E-024402 3102
 1.7209E+02 3.1427E-02 1.7238E+02 3.0178E-02 1.7266E+02 2.9074E-024402 3102
 1.7295E+02 2.8097E-02 1.7353E+02 2.6435E-02 1.7411E+02 2.5074E-024402 3102
 1.7469E+02 2.3952E-02 1.7529E+02 2.2976E-02 1.7590E+02 2.2158E-024402 3102
 1.7650E+02 2.1464E-02 1.7711E+02 2.0870E-02 1.7771E+02 2.0358E-024402 3102
 1.7832E+02 1.9915E-02 1.7953E+02 1.9181E-02 1.8074E+02 1.8596E-024402 3102
 1.8195E+02 1.8123E-02 1.8316E+02 1.7733E-02 1.8437E+02 1.7407E-024402 3102
 1.8564E+02 1.7117E-02 1.8690E+02 1.6869E-02 1.8943E+02 1.6463E-024402 3102
 1.9196E+02 1.6139E-02 1.9449E+02 1.5874E-02 1.9714E+02 1.5641E-024402 3102
 2.0243E+02 1.5261E-02 2.0508E+02 1.5101E-02 2.0985E+02 1.4847E-024402 3102
 2.1462E+02 1.4624E-02 2.2417E+02 1.4243E-02 2.3444E+02 1.3895E-024402 3102
 2.4472E+02 1.3591E-02 2.5432E+02 1.3337E-02 2.6392E+02 1.3109E-024402 3102
 2.8436E+02 1.2699E-02 2.9400E+02 1.2542E-02 3.0364E+02 1.2411E-024402 3102
 3.1637E+02 1.2277E-02 3.2273E+02 1.2265E-02 3.2336E+02 1.2130E-024402 3102
 3.2368E+02 1.1773E-02 3.2400E+02 1.1140E-02 3.2954E+02 1.0067E-024402 3102
 3.3509E+02 1.0117E-02 3.4063E+02 1.0194E-02 3.4617E+02 1.0307E-024402 3102
 3.5201E+02 1.0478E-02 3.5785E+02 1.0723E-02 3.6077E+02 1.0883E-024402 3102
 3.6369E+02 1.1078E-02 3.6661E+02 1.1315E-02 3.6953E+02 1.1605E-024402 3102
 3.7237E+02 1.1952E-02 3.7522E+02 1.2383E-02 3.7806E+02 1.2925E-024402 3102
 3.8091E+02 1.3611E-02 3.8233E+02 1.4024E-02 3.8375E+02 1.4501E-024402 3102
 3.8517E+02 1.5048E-02 3.8660E+02 1.5683E-02 3.8802E+02 1.6422E-024402 3102
 3.8944E+02 1.7290E-02 3.9087E+02 1.8319E-02 3.9229E+02 1.9549E-024402 3102
 3.9371E+02 2.1037E-02 3.9513E+02 2.2844E-02 3.9584E+02 2.3898E-024402 3102
 3.9656E+02 2.5086E-02 3.9727E+02 2.6421E-02 3.9798E+02 2.7926E-024402 3102
 3.9869E+02 2.9634E-02 3.9940E+02 3.1579E-02 4.0011E+02 3.3809E-024402 3102
 4.0082E+02 3.6382E-02 4.0154E+02 3.9373E-02 4.0225E+02 4.2875E-024402 3102
 4.0296E+02 4.7009E-02 4.0367E+02 5.1913E-02 4.0403E+02 5.4723E-024402 3102
 4.0438E+02 5.7827E-02 4.0474E+02 6.1263E-02 4.0509E+02 6.5074E-024402 3102
 4.0545E+02 6.9317E-02 4.0580E+02 7.4056E-02 4.0616E+02 7.9374E-024402 3102
 4.0651E+02 8.5366E-02 4.0687E+02 9.2156E-02 4.0723E+02 9.9890E-024402 3102
 4.0758E+02 1.0875E-01 4.0794E+02 1.1894E-01 4.0829E+02 1.3077E-014402 3102
 4.0847E+02 1.3741E-01 4.0865E+02 1.4462E-01 4.0883E+02 1.5246E-014402 3102
 4.0900E+02 1.6100E-01 4.0918E+02 1.7033E-01 4.0936E+02 1.8055E-014402 3102
 4.0954E+02 1.9179E-01 4.0972E+02 2.0416E-01 4.0989E+02 2.1785E-014402 3102
 4.1007E+02 2.3303E-01 4.1025E+02 2.4994E-01 4.1043E+02 2.6884E-014402 3102
 4.1061E+02 2.9006E-01 4.1078E+02 3.1402E-01 4.1096E+02 3.4121E-014402 3102
 4.1105E+02 3.5620E-01 4.1114E+02 3.7224E-01 4.1123E+02 3.8943E-014402 3102
 4.1132E+02 4.0789E-01 4.1141E+02 4.2776E-01 4.1149E+02 4.4917E-014402 3102
 4.1158E+02 4.7233E-01 4.1167E+02 4.9737E-01 4.1176E+02 5.2454E-014402 3102
 4.1185E+02 5.5410E-01 4.1194E+02 5.8634E-01 4.1203E+02 6.2160E-014402 3102
 4.1212E+02 6.6029E-01 4.1221E+02 7.0288E-01 4.1229E+02 7.4999E-014402 3102
 4.1238E+02 8.0219E-01 4.1247E+02 8.6035E-01 4.1252E+02 8.9200E-014402 3102
 4.1256E+02 9.2547E-01 4.1261E+02 9.6106E-01 4.1265E+02 9.9888E-014402 3102
 4.1269E+02 1.0391E+00 4.1274E+02 1.0820E+00 4.1278E+02 1.1278E+004402 3102
 4.1283E+02 1.1768E+00 4.1287E+02 1.2295E+00 4.1292E+02 1.2860E+004402 3102
 4.1296E+02 1.3471E+00 4.1301E+02 1.4131E+00 4.1305E+02 1.4848E+004402 3102
 4.1309E+02 1.5627E+00 4.1314E+02 1.6480E+00 4.1318E+02 1.7414E+004402 3102
 4.1323E+02 1.8446E+00 4.1327E+02 1.9586E+00 4.1332E+02 2.0858E+004402 3102
 4.1336E+02 2.2278E+00 4.1338E+02 2.3057E+00 4.1341E+02 2.3879E+004402 3102
 4.1343E+02 2.4754E+00 4.1345E+02 2.5685E+00 4.1347E+02 2.6683E+004402 3102
 4.1349E+02 2.7743E+00 4.1352E+02 2.8875E+00 4.1354E+02 3.0087E+004402 3102
 4.1356E+02 3.1390E+00 4.1358E+02 3.2781E+00 4.1361E+02 3.4274E+004402 3102
 4.1363E+02 3.5878E+00 4.1365E+02 3.7609E+00 4.1367E+02 3.9463E+004402 3102
 4.1369E+02 4.1468E+00 4.1372E+02 4.3617E+00 4.1374E+02 4.5942E+004402 3102
 4.1376E+02 4.8437E+00 4.1378E+02 5.1125E+00 4.1381E+02 5.4022E+004402 3102
 4.1383E+02 5.7158E+00 4.1385E+02 6.0522E+00 4.1387E+02 6.4146E+004402 3102
 4.1389E+02 6.8047E+00 4.1392E+02 7.2266E+00 4.1394E+02 7.6783E+004402 3102
 4.1396E+02 8.1638E+00 4.1398E+02 8.6852E+00 4.1401E+02 9.2472E+004402 3102
 4.1403E+02 9.8471E+00 4.1405E+02 1.0489E+01 4.1407E+02 1.1176E+014402 3102
 4.1410E+02 1.1913E+01 4.1412E+02 1.2696E+01 4.1414E+02 1.3531E+014402 3102
 4.1416E+02 1.4418E+01 4.1418E+02 1.5364E+01 4.1421E+02 1.6363E+014402 3102
 4.1423E+02 1.7421E+01 4.1425E+02 1.8538E+01 4.1427E+02 1.9721E+014402 3102
 4.1430E+02 2.0962E+01 4.1432E+02 2.2265E+01 4.1434E+02 2.3630E+014402 3102
 4.1436E+02 2.5065E+01 4.1438E+02 2.6557E+01 4.1441E+02 2.8116E+014402 3102
 4.1443E+02 2.9730E+01 4.1447E+02 3.3139E+01 4.1450E+02 3.4921E+014402 3102
 4.1454E+02 3.8644E+01 4.1461E+02 4.4522E+01 4.1465E+02 4.8593E+014402 3102
 4.1477E+02 5.9875E+01 4.1483E+02 6.4789E+01 4.1486E+02 6.7584E+014402 3102
 4.1490E+02 7.0238E+01 4.1495E+02 7.4237E+01 4.1498E+02 7.6351E+014402 3102
 4.1502E+02 7.8208E+01 4.1504E+02 7.9294E+01 4.1507E+02 8.0551E+014402 3102
 4.1511E+02 8.1781E+01 4.1515E+02 8.2752E+01 4.1520E+02 8.3074E+014402 3102
 4.1525E+02 8.2736E+01 4.1531E+02 8.1181E+01 4.1534E+02 8.0141E+014402 3102
 4.1538E+02 7.8485E+01 4.1542E+02 7.6253E+01 4.1545E+02 7.4122E+014402 3102
 4.1547E+02 7.2726E+01 4.1551E+02 6.9728E+01 4.1554E+02 6.7578E+014402 3102
 4.1558E+02 6.4183E+01 4.1566E+02 5.6956E+01 4.1581E+02 4.3372E+014402 3102
 4.1583E+02 4.0986E+01 4.1587E+02 3.7515E+01 4.1594E+02 3.2077E+014402 3102
 4.1597E+02 3.0035E+01 4.1599E+02 2.8085E+01 4.1602E+02 2.6216E+014402 3102
 4.1605E+02 2.4438E+01 4.1607E+02 2.2751E+01 4.1610E+02 2.1162E+014402 3102
 4.1613E+02 1.9658E+01 4.1616E+02 1.8250E+01 4.1618E+02 1.6926E+014402 3102
 4.1621E+02 1.5692E+01 4.1624E+02 1.4537E+01 4.1626E+02 1.3463E+014402 3102
 4.1629E+02 1.2467E+01 4.1632E+02 1.1547E+01 4.1634E+02 1.0694E+014402 3102
 4.1637E+02 9.9101E+00 4.1640E+02 9.1855E+00 4.1642E+02 8.5216E+004402 3102
 4.1645E+02 7.9097E+00 4.1648E+02 7.3487E+00 4.1650E+02 6.8349E+004402 3102
 4.1653E+02 6.3663E+00 4.1656E+02 5.9361E+00 4.1658E+02 5.5442E+004402 3102
 4.1661E+02 5.1848E+00 4.1664E+02 4.8576E+00 4.1667E+02 4.5575E+004402 3102
 4.1669E+02 4.2832E+00 4.1672E+02 4.0324E+00 4.1675E+02 3.8038E+004402 3102
 4.1677E+02 3.5936E+00 4.1680E+02 3.4017E+00 4.1683E+02 3.2249E+004402 3102
 4.1685E+02 3.0630E+00 4.1688E+02 2.9135E+00 4.1691E+02 2.7758E+004402 3102
 4.1693E+02 2.6486E+00 4.1696E+02 2.5315E+00 4.1699E+02 2.4225E+004402 3102
 4.1701E+02 2.3218E+00 4.1704E+02 2.2278E+00 4.1707E+02 2.1405E+004402 3102
 4.1710E+02 2.0587E+00 4.1712E+02 1.9823E+00 4.1715E+02 1.9106E+004402 3102
 4.1718E+02 1.8436E+00 4.1720E+02 1.7803E+00 4.1723E+02 1.7210E+004402 3102
 4.1728E+02 1.6118E+00 4.1734E+02 1.5138E+00 4.1739E+02 1.4257E+004402 3102
 4.1744E+02 1.3458E+00 4.1750E+02 1.2732E+00 4.1755E+02 1.2067E+004402 3102
 4.1761E+02 1.1458E+00 4.1766E+02 1.0897E+00 4.1771E+02 1.0380E+004402 3102
 4.1777E+02 9.8996E-01 4.1782E+02 9.4550E-01 4.1787E+02 9.0414E-014402 3102
 4.1793E+02 8.6559E-01 4.1798E+02 8.2951E-01 4.1804E+02 7.9582E-014402 3102
 4.1809E+02 7.6424E-01 4.1814E+02 7.3459E-01 4.1820E+02 7.0666E-014402 3102
 4.1825E+02 6.8041E-01 4.1836E+02 6.3228E-01 4.1847E+02 5.8924E-014402 3102
 4.1857E+02 5.5064E-01 4.1868E+02 5.1581E-01 4.1879E+02 4.8433E-014402 3102
 4.1890E+02 4.5572E-01 4.1900E+02 4.2968E-01 4.1911E+02 4.0587E-014402 3102
 4.1922E+02 3.8408E-01 4.1932E+02 3.6404E-01 4.1943E+02 3.4561E-014402 3102
 4.1954E+02 3.2858E-01 4.1965E+02 3.1285E-01 4.1975E+02 2.9825E-014402 3102
 4.1986E+02 2.8470E-01 4.1997E+02 2.7208E-01 4.2008E+02 2.6033E-014402 3102
 4.2029E+02 2.3908E-01 4.2051E+02 2.2043E-01 4.2072E+02 2.0396E-014402 3102
 4.2094E+02 1.8935E-01 4.2115E+02 1.7633E-01 4.2137E+02 1.6468E-014402 3102
 4.2158E+02 1.5421E-01 4.2180E+02 1.4477E-01 4.2201E+02 1.3622E-014402 3102
 4.2223E+02 1.2846E-01 4.2244E+02 1.2140E-01 4.2266E+02 1.1494E-014402 3102
 4.2287E+02 1.0904E-01 4.2309E+02 1.0362E-01 4.2352E+02 9.4024E-024402 3102
 4.2395E+02 8.5803E-02 4.2437E+02 7.8710E-02 4.2480E+02 7.2553E-024402 3102
 4.2523E+02 6.7176E-02 4.2566E+02 6.2452E-02 4.2609E+02 5.8279E-024402 3102
 4.2652E+02 5.4574E-02 4.2695E+02 5.1270E-02 4.2738E+02 4.8312E-024402 3102
 4.2781E+02 4.5657E-02 4.2824E+02 4.3272E-02 4.2910E+02 3.9138E-024402 3102
 4.2996E+02 3.5683E-02 4.3082E+02 3.2781E-02 4.3168E+02 3.0322E-024402 3102
 4.3254E+02 2.8219E-02 4.3340E+02 2.6406E-02 4.3426E+02 2.4832E-024402 3102
 4.3512E+02 2.3457E-02 4.3598E+02 2.2248E-02 4.3684E+02 2.1180E-024402 3102
 4.3770E+02 2.0239E-02 4.3942E+02 1.8640E-02 4.4114E+02 1.7335E-024402 3102
 4.4286E+02 1.6264E-02 4.4457E+02 1.5373E-02 4.4629E+02 1.4624E-024402 3102
 4.4801E+02 1.3988E-02 4.4973E+02 1.3442E-02 4.5145E+02 1.2970E-024402 3102
 4.5317E+02 1.2561E-02 4.5661E+02 1.1885E-02 4.6005E+02 1.1350E-024402 3102
 4.6349E+02 1.0921E-02 4.6692E+02 1.0570E-02 4.7036E+02 1.0278E-024402 3102
 4.7380E+02 1.0033E-02 4.7724E+02 9.8246E-03 4.8412E+02 9.4880E-034402 3102
 4.9099E+02 9.2278E-03 4.9787E+02 9.0207E-03 5.0475E+02 8.8515E-034402 3102
 5.1162E+02 8.7098E-03 5.1850E+02 8.5890E-03 5.2538E+02 8.4842E-034402 3102
 5.3861E+02 8.3154E-03 5.5185E+02 8.1773E-03 5.7833E+02 7.9592E-034402 3102
 5.9259E+02 7.8630E-03 6.2113E+02 7.6998E-03 6.4872E+02 7.5685E-034402 3102
 6.7536E+02 7.4599E-03 7.1705E+02 7.3182E-03 7.5881E+02 7.2055E-034402 3102
 7.9895E+02 7.1233E-03 8.2720E+02 7.0813E-03 8.5545E+02 7.0537E-034402 3102
 8.6921E+02 7.0460E-03 8.9671E+02 7.0438E-03 9.3797E+02 7.0805E-034402 3102
 9.5860E+02 7.1220E-03 9.8611E+02 7.2094E-03 9.9986E+02 7.2704E-034402 3102
 1.0205E+03 7.3897E-03 1.0411E+03 7.5517E-03 1.0618E+03 7.7714E-034402 3102
 1.0755E+03 7.9605E-03 1.0821E+03 8.0670E-03 1.0954E+03 8.3164E-034402 3102
 1.1020E+03 8.4627E-03 1.1153E+03 8.8094E-03 1.1285E+03 9.2467E-034402 3102
 1.1351E+03 9.5094E-03 1.1451E+03 9.9730E-03 1.1550E+03 1.0541E-024402 3102
 1.1649E+03 1.1247E-02 1.1716E+03 1.1816E-02 1.1749E+03 1.2137E-024402 3102
 1.1815E+03 1.2866E-02 1.1851E+03 1.3313E-02 1.1922E+03 1.4352E-024402 3102
 1.1958E+03 1.4956E-02 1.2011E+03 1.5992E-02 1.2047E+03 1.6788E-024402 3102
 1.2100E+03 1.8173E-02 1.2154E+03 1.9843E-02 1.2171E+03 2.0477E-024402 3102
 1.2207E+03 2.1882E-02 1.2243E+03 2.3502E-02 1.2260E+03 2.4406E-024402 3102
 1.2296E+03 2.6438E-02 1.2314E+03 2.7582E-02 1.2350E+03 3.0179E-024402 3102
 1.2367E+03 3.1656E-02 1.2385E+03 3.3272E-02 1.2403E+03 3.5048E-024402 3102
 1.2421E+03 3.7001E-02 1.2439E+03 3.9157E-02 1.2457E+03 4.1547E-024402 3102
 1.2483E+03 4.5629E-02 1.2510E+03 5.0474E-02 1.2519E+03 5.2288E-024402 3102
 1.2537E+03 5.6269E-02 1.2555E+03 6.0783E-02 1.2563E+03 6.3272E-024402 3102
 1.2581E+03 6.8786E-02 1.2590E+03 7.1847E-02 1.2608E+03 7.8686E-024402 3102
 1.2617E+03 8.2510E-02 1.2626E+03 8.6644E-02 1.2635E+03 9.1123E-024402 3102
 1.2644E+03 9.5986E-02 1.2653E+03 1.0128E-01 1.2661E+03 1.0705E-014402 3102
 1.2670E+03 1.1337E-01 1.2679E+03 1.2030E-01 1.2688E+03 1.2793E-014402 3102
 1.2697E+03 1.3634E-01 1.2706E+03 1.4565E-01 1.2715E+03 1.5597E-014402 3102
 1.2724E+03 1.6749E-01 1.2733E+03 1.8041E-01 1.2737E+03 1.8748E-014402 3102
 1.2746E+03 2.0294E-01 1.2751E+03 2.1144E-01 1.2755E+03 2.2050E-014402 3102
 1.2760E+03 2.3016E-01 1.2764E+03 2.4050E-01 1.2768E+03 2.5155E-014402 3102
 1.2773E+03 2.6344E-01 1.2777E+03 2.7618E-01 1.2782E+03 2.8993E-014402 3102
 1.2786E+03 3.0472E-01 1.2791E+03 3.2074E-01 1.2795E+03 3.3805E-014402 3102
 1.2800E+03 3.5688E-01 1.2804E+03 3.7731E-01 1.2809E+03 3.9964E-014402 3102
 1.2813E+03 4.2400E-01 1.2817E+03 4.5076E-01 1.2822E+03 4.8019E-014402 3102
 1.2826E+03 5.1265E-01 1.2831E+03 5.4847E-01 1.2835E+03 5.8832E-014402 3102
 1.2838E+03 6.0992E-01 1.2840E+03 6.3264E-01 1.2842E+03 6.5679E-014402 3102
 1.2844E+03 6.8237E-01 1.2846E+03 7.0951E-01 1.2849E+03 7.3819E-014402 3102
 1.2851E+03 7.6883E-01 1.2853E+03 8.0146E-01 1.2855E+03 8.3624E-014402 3102
 1.2858E+03 8.7320E-01 1.2860E+03 9.1289E-01 1.2862E+03 9.5539E-014402 3102
 1.2864E+03 1.0010E+00 1.2866E+03 1.0497E+00 1.2869E+03 1.1024E+004402 3102
 1.2871E+03 1.1593E+00 1.2873E+03 1.2207E+00 1.2875E+03 1.2868E+004402 3102
 1.2878E+03 1.3590E+00 1.2880E+03 1.4374E+00 1.2882E+03 1.5230E+004402 3102
 1.2884E+03 1.6161E+00 1.2887E+03 1.7187E+00 1.2889E+03 1.8315E+004402 3102
 1.2890E+03 1.9242E+00 1.2892E+03 1.9895E+00 1.2892E+03 2.0231E+004402 3102
 1.2893E+03 2.1119E+00 1.2895E+03 2.2076E+00 1.2897E+03 2.3307E+004402 3102
 1.2898E+03 2.4184E+00 1.2899E+03 2.5122E+00 1.2900E+03 2.6107E+004402 3102
 1.2901E+03 2.7153E+00 1.2902E+03 2.8265E+00 1.2903E+03 2.9460E+004402 3102
 1.2904E+03 3.0722E+00 1.2905E+03 3.2083E+00 1.2907E+03 3.3525E+004402 3102
 1.2908E+03 3.5084E+00 1.2909E+03 3.6743E+00 1.2910E+03 3.8527E+004402 3102
 1.2911E+03 4.0450E+00 1.2912E+03 4.1477E+00 1.2912E+03 4.2545E+004402 3102
 1.2913E+03 4.3658E+00 1.2913E+03 4.4795E+00 1.2914E+03 4.6001E+004402 3102
 1.2914E+03 4.7259E+00 1.2915E+03 4.8572E+00 1.2915E+03 4.9919E+004402 3102
 1.2916E+03 5.1351E+00 1.2917E+03 5.2850E+00 1.2917E+03 5.4419E+004402 3102
 1.2918E+03 5.6033E+00 1.2918E+03 5.7757E+00 1.2919E+03 5.9533E+004402 3102
 1.2919E+03 6.1434E+00 1.2920E+03 6.3397E+00 1.2920E+03 6.5501E+004402 3102
 1.2921E+03 6.7721E+00 1.2922E+03 7.0064E+00 1.2922E+03 7.2497E+004402 3102
 1.2923E+03 7.5117E+00 1.2923E+03 7.7896E+00 1.2924E+03 8.0846E+004402 3102
 1.2924E+03 8.3925E+00 1.2925E+03 8.7262E+00 1.2925E+03 9.0821E+004402 3102
 1.2926E+03 9.4623E+00 1.2927E+03 9.8618E+00 1.2927E+03 1.0297E+014402 3102
 1.2928E+03 1.0757E+01 1.2928E+03 1.1259E+01 1.2929E+03 1.1790E+014402 3102
 1.2929E+03 1.2373E+01 1.2930E+03 1.3003E+01 1.2930E+03 1.3337E+014402 3102
 1.2930E+03 1.3685E+01 1.2931E+03 1.4410E+01 1.2931E+03 1.4802E+014402 3102
 1.2932E+03 1.5210E+01 1.2932E+03 1.5636E+01 1.2932E+03 1.6079E+014402 3102
 1.2932E+03 1.6542E+01 1.2933E+03 1.7024E+01 1.2933E+03 1.7528E+014402 3102
 1.2933E+03 1.8033E+01 1.2934E+03 1.8580E+01 1.2934E+03 1.9151E+014402 3102
 1.2934E+03 1.9747E+01 1.2934E+03 2.0368E+01 1.2935E+03 2.1017E+014402 3102
 1.2935E+03 2.1694E+01 1.2935E+03 2.2401E+01 1.2936E+03 2.3112E+014402 3102
 1.2936E+03 2.3881E+01 1.2936E+03 2.4684E+01 1.2936E+03 2.5521E+014402 3102
 1.2937E+03 2.6363E+01 1.2937E+03 2.7273E+01 1.2937E+03 2.8222E+014402 3102
 1.2937E+03 2.9211E+01 1.2938E+03 3.0205E+01 1.2938E+03 3.1279E+014402 3102
 1.2938E+03 3.2397E+01 1.2939E+03 3.3562E+01 1.2939E+03 3.4774E+014402 3102
 1.2939E+03 3.6036E+01 1.2939E+03 3.7349E+01 1.2940E+03 4.0081E+014402 3102
 1.2941E+03 4.3081E+01 1.2941E+03 4.6311E+01 1.2942E+03 4.9780E+014402 3102
 1.2942E+03 5.3429E+01 1.2942E+03 5.5380E+01 1.2943E+03 5.9476E+014402 3102
 1.2943E+03 6.1621E+01 1.2944E+03 6.6109E+01 1.2944E+03 6.8451E+014402 3102
 1.2945E+03 7.3240E+01 1.2945E+03 7.5774E+01 1.2946E+03 8.0935E+014402 3102
 1.2946E+03 8.6431E+01 1.2947E+03 9.4999E+01 1.2948E+03 1.0413E+024402 3102
 1.2949E+03 1.1364E+02 1.2949E+03 1.2003E+02 1.2950E+03 1.2995E+024402 3102
 1.2952E+03 1.4975E+02 1.2953E+03 1.6568E+02 1.2954E+03 1.7450E+024402 3102
 1.2955E+03 1.8265E+02 1.2955E+03 1.8768E+02 1.2956E+03 1.9433E+024402 3102
 1.2957E+03 1.9996E+02 1.2957E+03 2.0156E+02 1.2958E+03 2.0547E+024402 3102
 1.2958E+03 2.0649E+02 1.2959E+03 2.0860E+02 1.2960E+03 2.0930E+024402 3102
 1.2960E+03 2.0921E+02 1.2961E+03 2.0855E+02 1.2962E+03 2.0637E+024402 3102
 1.2962E+03 2.0533E+02 1.2963E+03 2.0137E+02 1.2963E+03 1.9805E+024402 3102
 1.2964E+03 1.9415E+02 1.2964E+03 1.8984E+02 1.2965E+03 1.8669E+024402 3102
 1.2966E+03 1.7985E+02 1.2967E+03 1.6858E+02 1.2968E+03 1.5632E+024402 3102
 1.2968E+03 1.4772E+02 1.2970E+03 1.3480E+02 1.2971E+03 1.2177E+024402 3102
 1.2972E+03 1.0906E+02 1.2973E+03 1.0092E+02 1.2974E+03 8.9263E+014402 3102
 1.2974E+03 8.5530E+01 1.2975E+03 7.8467E+01 1.2975E+03 7.5047E+014402 3102
 1.2976E+03 6.8627E+01 1.2977E+03 6.2648E+01 1.2977E+03 5.9788E+014402 3102
 1.2978E+03 5.4477E+01 1.2978E+03 5.1951E+01 1.2978E+03 4.9536E+014402 3102
 1.2979E+03 4.7228E+01 1.2979E+03 4.5084E+01 1.2979E+03 4.2982E+014402 3102
 1.2980E+03 4.0980E+01 1.2980E+03 3.9075E+01 1.2981E+03 3.7313E+014402 3102
 1.2981E+03 3.5591E+01 1.2981E+03 3.4000E+01 1.2982E+03 3.2448E+014402 3102
 1.2982E+03 3.1015E+01 1.2982E+03 2.9620E+01 1.2983E+03 2.8299E+014402 3102
 1.2983E+03 2.7049E+01 1.2984E+03 2.5897E+01 1.2984E+03 2.4777E+014402 3102
 1.2984E+03 2.3746E+01 1.2985E+03 2.2744E+01 1.2985E+03 2.1822E+014402 3102
 1.2985E+03 2.0925E+01 1.2986E+03 2.0078E+01 1.2986E+03 1.9277E+014402 3102
 1.2986E+03 1.8541E+01 1.2987E+03 1.7824E+01 1.2987E+03 1.7165E+014402 3102
 1.2988E+03 1.6523E+01 1.2988E+03 1.5932E+01 1.2989E+03 1.4812E+014402 3102
 1.2989E+03 1.3820E+01 1.2990E+03 1.2915E+01 1.2991E+03 1.2111E+014402 3102
 1.2992E+03 1.1373E+01 1.2992E+03 1.0713E+01 1.2993E+03 1.0113E+014402 3102
 1.2994E+03 9.5659E+00 1.2995E+03 9.0587E+00 1.2995E+03 8.5999E+004402 3102
 1.2996E+03 8.1779E+00 1.2997E+03 7.7886E+00 1.2997E+03 7.4240E+004402 3102
 1.2998E+03 7.0906E+00 1.2999E+03 6.7809E+00 1.3000E+03 6.4925E+004402 3102
 1.3000E+03 6.2197E+00 1.3001E+03 5.9682E+00 1.3002E+03 5.7326E+004402 3102
 1.3003E+03 5.5115E+00 1.3003E+03 5.3008E+00 1.3004E+03 5.1053E+004402 3102
 1.3005E+03 4.9208E+00 1.3005E+03 4.7467E+00 1.3007E+03 4.4241E+004402 3102
 1.3008E+03 4.1364E+00 1.3010E+03 3.8752E+00 1.3011E+03 3.6402E+004402 3102
 1.3013E+03 3.4252E+00 1.3014E+03 3.2292E+00 1.3016E+03 3.0500E+004402 3102
 1.3017E+03 2.8867E+00 1.3019E+03 2.7355E+00 1.3020E+03 2.5970E+004402 3102
 1.3022E+03 2.4681E+00 1.3023E+03 2.3496E+00 1.3025E+03 2.2388E+004402 3102
 1.3026E+03 2.1365E+00 1.3027E+03 2.0406E+00 1.3029E+03 1.9517E+004402 3102
 1.3030E+03 1.8680E+00 1.3032E+03 1.7901E+00 1.3033E+03 1.7167E+004402 3102
 1.3035E+03 1.6481E+00 1.3036E+03 1.5833E+00 1.3038E+03 1.5222E+004402 3102
 1.3039E+03 1.4647E+00 1.3041E+03 1.4108E+00 1.3042E+03 1.3595E+004402 3102
 1.3044E+03 1.3113E+00 1.3047E+03 1.2221E+00 1.3049E+03 1.1417E+004402 3102
 1.3052E+03 1.0691E+00 1.3055E+03 1.0033E+00 1.3058E+03 9.4343E-014402 3102
 1.3061E+03 8.8862E-01 1.3064E+03 8.3867E-01 1.3067E+03 7.9285E-014402 3102
 1.3070E+03 7.5073E-01 1.3073E+03 7.1191E-01 1.3076E+03 6.7605E-014402 3102
 1.3079E+03 6.4287E-01 1.3082E+03 6.1210E-01 1.3085E+03 5.8341E-014402 3102
 1.3088E+03 5.5681E-01 1.3091E+03 5.3200E-01 1.3093E+03 5.0884E-014402 3102
 1.3096E+03 4.8717E-01 1.3099E+03 4.6687E-01 1.3102E+03 4.4784E-014402 3102
 1.3105E+03 4.2996E-01 1.3108E+03 4.1309E-01 1.3111E+03 3.9726E-014402 3102
 1.3114E+03 3.8234E-01 1.3117E+03 3.6827E-01 1.3123E+03 3.4240E-014402 3102
 1.3129E+03 3.1920E-01 1.3134E+03 2.9828E-01 1.3140E+03 2.7939E-014402 3102
 1.3146E+03 2.6227E-01 1.3152E+03 2.4670E-01 1.3158E+03 2.3249E-014402 3102
 1.3164E+03 2.1951E-01 1.3170E+03 2.0760E-01 1.3176E+03 1.9667E-014402 3102
 1.3181E+03 1.8658E-01 1.3187E+03 1.7729E-01 1.3193E+03 1.6869E-014402 3102
 1.3199E+03 1.6073E-01 1.3205E+03 1.5331E-01 1.3211E+03 1.4643E-014402 3102
 1.3222E+03 1.3403E-01 1.3234E+03 1.2319E-01 1.3240E+03 1.1827E-014402 3102
 1.3252E+03 1.0932E-01 1.3258E+03 1.0524E-01 1.3269E+03 9.7768E-024402 3102
 1.3275E+03 9.4343E-02 1.3281E+03 9.1114E-02 1.3293E+03 8.5158E-024402 3102
 1.3305E+03 7.9783E-02 1.3316E+03 7.4933E-02 1.3328E+03 7.0537E-024402 3102
 1.3340E+03 6.6548E-02 1.3351E+03 6.2910E-02 1.3363E+03 5.9586E-024402 3102
 1.3375E+03 5.6542E-02 1.3387E+03 5.3748E-02 1.3398E+03 5.1174E-024402 3102
 1.3422E+03 4.6606E-02 1.3445E+03 4.2686E-02 1.3457E+03 4.0932E-024402 3102
 1.3480E+03 3.7774E-02 1.3492E+03 3.6349E-02 1.3516E+03 3.3766E-024402 3102
 1.3551E+03 3.0456E-02 1.3574E+03 2.8559E-02 1.3586E+03 2.7690E-024402 3102
 1.3621E+03 2.5362E-02 1.3645E+03 2.4001E-02 1.3691E+03 2.1660E-024402 3102
 1.3715E+03 2.0651E-02 1.3762E+03 1.8891E-02 1.3809E+03 1.7416E-024402 3102
 1.3832E+03 1.6766E-02 1.3879E+03 1.5612E-02 1.3949E+03 1.4179E-024402 3102
 1.4020E+03 1.3022E-02 1.4067E+03 1.2370E-02 1.4137E+03 1.1534E-024402 3102
 1.4207E+03 1.0835E-02 1.4278E+03 1.0245E-02 1.4372E+03 9.5895E-034402 3102
 1.4418E+03 9.3074E-03 1.4516E+03 8.7974E-03 1.4567E+03 8.5671E-034402 3102
 1.4670E+03 8.1658E-03 1.4823E+03 7.6804E-03 1.4925E+03 7.4162E-034402 3102
 1.5078E+03 7.0868E-03 1.5232E+03 6.8189E-03 1.5385E+03 6.5975E-034402 3102
 1.5538E+03 6.4117E-03 1.5793E+03 6.1615E-03 1.5896E+03 6.0774E-034402 3102
 1.6049E+03 5.9653E-03 1.6062E+03 5.9769E-03 1.6068E+03 6.2194E-034402 3102
 1.6071E+03 6.8787E-03 1.6073E+03 7.6206E-03 1.6074E+03 8.8665E-034402 3102
 1.6076E+03 1.0921E-02 1.6078E+03 1.4189E-02 1.6079E+03 1.9230E-024402 3102
 1.6081E+03 2.6708E-02 1.6082E+03 3.7605E-02 1.6084E+03 5.2806E-024402 3102
 1.6086E+03 7.3629E-02 1.6087E+03 1.0094E-01 1.6089E+03 1.3611E-014402 3102
 1.6090E+03 1.7978E-01 1.6092E+03 2.3234E-01 1.6094E+03 2.9327E-014402 3102
 1.6095E+03 3.6261E-01 1.6097E+03 4.3817E-01 1.6098E+03 5.1903E-014402 3102
 1.6100E+03 5.9302E-03 1.6100E+03 1.2000E+00 1.6304E+03 1.1525E+004402 3102
 1.6513E+03 1.1065E+00 1.6726E+03 1.0620E+00 1.6944E+03 1.0188E+004402 3102
 1.7167E+03 9.7696E-01 1.7395E+03 9.3649E-01 1.7628E+03 8.9731E-014402 3102
 1.7867E+03 8.5942E-01 1.8112E+03 8.2277E-01 1.8362E+03 7.8735E-014402 3102
 1.8619E+03 7.5311E-01 1.8882E+03 7.2003E-01 1.9151E+03 6.8808E-014402 3102
 1.9427E+03 6.5724E-01 1.9710E+03 6.2747E-01 2.0000E+03 5.9875E-014402 3102
 2.4647E+03 5.8756E-01 3.0000E+03 5.7722E-01 3.4358E+03 5.6309E-014402 3102
 3.9131E+03 5.4986E-01 4.4338E+03 5.3745E-01 5.0000E+03 5.2578E-014402 3102
 5.4560E+03 5.1037E-01 5.9437E+03 4.9570E-01 6.4550E+03 4.8195E-014402 3102
 7.0000E+03 4.6882E-01 7.6794E+03 4.4943E-01 8.4118E+03 4.3114E-014402 3102
 9.1778E+03 4.1435E-01 1.0000E+04 3.9845E-01 1.0490E+04 3.8628E-014402 3102
 1.1001E+04 3.7455E-01 1.1533E+04 3.6324E-01 1.2089E+04 3.5233E-014402 3102
 1.2643E+04 3.4224E-01 1.3219E+04 3.3249E-01 1.3818E+04 3.2306E-014402 3102
 1.4442E+04 3.1395E-01 1.5709E+04 2.9727E-01 1.7074E+04 2.8164E-014402 3102
 1.8486E+04 2.6749E-01 2.0000E+04 2.5418E-01 2.0939E+04 2.4616E-014402 3102
 2.1918E+04 2.3844E-01 2.2938E+04 2.3099E-01 2.4000E+04 2.2380E-014402 3102
 2.5389E+04 2.1518E-01 2.6850E+04 2.0694E-01 2.8386E+04 1.9906E-014402 3102
 3.0000E+04 1.9152E-01 3.2131E+04 1.8253E-01 3.4396E+04 1.7401E-014402 3102
 3.6721E+04 1.6621E-01 3.9185E+04 1.5881E-01 4.1711E+04 1.5201E-014402 3102
 4.4382E+04 1.4554E-01 4.7116E+04 1.3956E-01 5.0000E+04 1.3387E-014402 3102
 5.4556E+04 1.2747E-01 5.9461E+04 1.2144E-01 6.4547E+04 1.1597E-014402 3102
 7.0000E+04 1.1080E-01 7.6803E+04 1.0620E-01 8.4138E+04 1.0187E-014402 3102
 9.1789E+04 9.7896E-02 1.0000E+05 9.4137E-02 1.0699E+05 9.2007E-024402 3102
 1.1436E+05 8.9955E-02 1.3000E+05 8.6132E-02 1.4441E+05 8.3555E-024402 3102
 1.6000E+05 8.1115E-02 1.7919E+05 7.9487E-02 2.0000E+05 7.7940E-024402 3102
 2.4000E+05 7.7714E-02 3.0000E+05 7.7439E-02 3.7000E+05 7.9116E-024402 3102
 3.8877E+05 7.7030E-02 4.0834E+05 7.5014E-02 4.5000E+05 7.1181E-024402 3102
 4.7970E+05 6.6924E-02 4.7970E+05 6.6924E-02 4.8219E+05 6.6590E-024402 3102
 4.8470E+05 6.6258E-02 4.8974E+05 6.5599E-02 4.9485E+05 6.4946E-024402 3102
 5.0000E+05 6.4300E-02 5.1034E+05 6.3043E-02 5.2090E+05 6.1809E-024402 3102
 5.3167E+05 6.0600E-02 5.4267E+05 5.9415E-02 5.5000E+05 5.8650E-024402 3102
 5.6930E+05 5.6731E-02 5.8166E+05 5.5567E-02 6.3864E+05 5.4126E-024402 3102
 7.0000E+05 5.2747E-02 7.7212E+05 5.3153E-02 8.5000E+05 5.3553E-024402 3102
 9.5304E+05 5.7138E-02 9.5304E+05 5.7138E-02 1.0000E+06 5.8716E-024402 3102
 1.0571E+06 5.9928E-02 1.1169E+06 6.1154E-02 1.1169E+06 6.1155E-024402 3102
 1.2054E+06 6.2894E-02 1.3000E+06 6.4669E-02 1.3970E+06 6.6190E-024402 3102
 1.5000E+06 6.7730E-02 1.5371E+06 6.8267E-02 1.6000E+06 6.8434E-024402 3102
 1.6158E+06 6.8474E-02 1.6158E+06 6.8474E-02 1.7136E+06 6.8719E-024402 3102
 1.8168E+06 6.8964E-02 1.8168E+06 6.8964E-02 1.8925E+06 6.9135E-024402 3102
 1.8926E+06 6.9135E-02 2.0000E+06 6.9367E-02 2.0602E+06 6.8953E-024402 3102
 2.0905E+06 6.8751E-02 2.1763E+06 6.8195E-02 2.1763E+06 6.8195E-024402 3102
 2.2410E+06 6.7793E-02 2.2834E+06 6.7538E-02 2.3408E+06 6.7201E-024402 3102
 2.4000E+06 6.6863E-02 2.4661E+06 6.6497E-02 2.4955E+06 6.6338E-024402 3102
 2.5000E+06 6.6314E-02 2.6403E+06 6.5588E-02 2.6762E+06 6.5410E-024402 3102
 2.6762E+06 6.5410E-02 2.7328E+06 6.5134E-02 2.7462E+06 6.5070E-024402 3102
 2.7462E+06 6.5070E-02 2.8242E+06 6.4703E-02 2.8421E+06 6.4621E-024402 3102
 2.9198E+06 6.4270E-02 3.0000E+06 6.3920E-02 3.0582E+06 6.1160E-024402 3102
 3.1179E+06 5.8498E-02 3.1794E+06 5.5931E-02 3.2426E+06 5.3456E-024402 3102
 3.3044E+06 5.1188E-02 3.3678E+06 4.8999E-02 3.4330E+06 4.6886E-024402 3102
 3.5000E+06 4.4848E-02 3.5608E+06 4.3106E-02 3.6232E+06 4.1420E-024402 3102
 3.6872E+06 3.9787E-02 3.7527E+06 3.8207E-02 3.7534E+06 3.8192E-024402 3102
 3.8735E+06 3.5523E-02 4.0000E+06 3.2995E-02 4.0556E+06 3.1963E-024402 3102
 4.1606E+06 3.0140E-02 4.2696E+06 2.8401E-02 4.3826E+06 2.6745E-024402 3102
 4.5000E+06 2.5169E-02 4.6180E+06 2.3714E-02 4.7406E+06 2.2329E-024402 3102
 4.8678E+06 2.1010E-02 5.0000E+06 1.9755E-02 5.1175E+06 1.8357E-024402 3102
 5.2398E+06 1.7036E-02 5.3672E+06 1.5790E-02 5.5000E+06 1.4616E-024402 3102
 5.6181E+06 1.3666E-02 5.7406E+06 1.2765E-02 5.8679E+06 1.1910E-024402 3102
 6.0000E+06 1.1101E-02 6.1187E+06 1.0434E-02 6.2414E+06 9.7991E-034402 3102
 6.3684E+06 9.1944E-03 6.5000E+06 8.6188E-03 6.6191E+06 8.1379E-034402 3102
 6.7420E+06 7.6780E-03 6.8689E+06 7.2385E-03 7.0000E+06 6.8186E-034402 3102
 7.1189E+06 6.4052E-03 7.2418E+06 6.0110E-03 7.3687E+06 5.6355E-034402 3102
 7.5000E+06 5.2780E-03 7.5989E+06 5.0274E-03 7.7004E+06 4.7858E-034402 3102
 7.8045E+06 4.5532E-03 7.9113E+06 4.3292E-03 7.9127E+06 4.3264E-034402 3102
 8.0000E+06 4.1536E-03 8.1197E+06 3.9309E-03 8.2428E+06 3.7173E-034402 3102
 8.3695E+06 3.5126E-03 8.5000E+06 3.3166E-03 8.6200E+06 3.1484E-034402 3102
 8.7432E+06 2.9868E-03 8.8698E+06 2.8316E-03 9.0000E+06 2.6825E-034402 3102
 9.1202E+06 2.5536E-03 9.2436E+06 2.4294E-03 9.3701E+06 2.3098E-034402 3102
 9.5000E+06 2.1947E-03 9.6782E+06 2.0484E-03 9.8630E+06 1.9096E-034402 3102
 9.8647E+06 1.9083E-03 1.0000E+07 1.8142E-03 1.0053E+07 1.8102E-034402 3102
 1.0055E+07 1.8101E-03 1.0275E+07 1.7940E-03 1.0500E+07 1.7780E-034402 3102
 1.0748E+07 1.7610E-03 1.1000E+07 1.7442E-03 1.1248E+07 1.7282E-034402 3102
 1.1500E+07 1.7125E-03 1.1748E+07 1.6975E-03 1.2000E+07 1.6827E-034402 3102
 1.2204E+07 1.6710E-03 1.2207E+07 1.6709E-03 1.2500E+07 1.6546E-034402 3102
 1.2748E+07 1.6412E-03 1.3000E+07 1.6280E-03 1.3248E+07 1.6153E-034402 3102
 1.3500E+07 1.6028E-03 1.3748E+07 1.5908E-03 1.4000E+07 1.5789E-034402 3102
 1.4249E+07 1.5675E-03 1.4500E+07 1.5562E-03 1.4749E+07 1.5453E-034402 3102
 1.5000E+07 1.5346E-03 1.5249E+07 1.5651E-03 1.5500E+07 1.5959E-034402 3102
 1.5749E+07 1.6266E-03 1.6000E+07 1.6577E-03 1.6249E+07 1.6885E-034402 3102
 1.6500E+07 1.7198E-03 1.6749E+07 1.7508E-03 1.7000E+07 1.7823E-034402 3102
 1.7249E+07 1.8135E-03 1.7500E+07 1.8451E-03 1.7749E+07 1.8765E-034402 3102
 1.8000E+07 1.9083E-03 1.8249E+07 1.9399E-03 1.8500E+07 1.9718E-034402 3102
 1.8749E+07 2.0036E-03 1.9000E+07 2.0357E-03 1.9249E+07 2.0676E-034402 3102
 1.9500E+07 2.0999E-03 1.9749E+07 2.1320E-03 2.0000E+07 2.1644E-034402 3102
                                                                  4402 3  0
