S - 33N,G    1.0000+00* JEF-2.2                                   1633 3102
                                                                  1633 3102
 1.60330+04 3.2688E+01          0         99          0          01633 3102
 3.0000E+02 1.1419E+07          0          0          1       17391633 3102
       1739          2                                            1633 3102
 1.0000E-05 1.7611E+01 1.0772E-05 1.6969E+01 1.1544E-05 1.6392E+011633 3102
 1.2701E-05 1.5627E+01 1.4245E-05 1.4756E+01 1.5403E-05 1.4190E+011633 3102
 1.6174E-05 1.3848E+01 1.7718E-05 1.3231E+01 1.9261E-05 1.2690E+011633 3102
 2.0805E-05 1.2210E+01 2.2349E-05 1.1780E+01 2.4664E-05 1.1214E+011633 3102
 2.5436E-05 1.1042E+01 2.8523E-05 1.0428E+01 3.1610E-05 9.9055E+001633 3102
 3.4697E-05 9.4546E+00 3.7784E-05 9.0601E+00 4.0872E-05 8.7112E+001633 3102
 4.3187E-05 8.4745E+00 4.5502E-05 8.2560E+00 4.7046E-05 8.1195E+001633 3102
 5.1677E-05 7.7471E+00 5.3220E-05 7.6339E+00 5.9395E-05 7.2263E+001633 3102
 6.5569E-05 6.8776E+00 7.1743E-05 6.5750E+00 7.7918E-05 6.3091E+001633 3102
 8.4092E-05 6.0731E+00 8.8723E-05 5.9124E+00 9.3353E-05 5.7639E+001633 3102
 9.6440E-05 5.6709E+00 1.0570E-04 5.4167E+00 1.0879E-04 5.3393E+001633 3102
 1.1805E-04 5.1256E+00 1.2731E-04 4.9356E+00 1.3349E-04 4.8201E+001633 3102
 1.4584E-04 4.6114E+00 1.5818E-04 4.4278E+00 1.7053E-04 4.2644E+001633 3102
 1.8288E-04 4.1180E+00 2.0140E-04 3.9240E+00 2.2610E-04 3.7035E+001633 3102
 2.4462E-04 3.5606E+00 2.5697E-04 3.4740E+00 2.8167E-04 3.3183E+001633 3102
 3.0637E-04 3.1818E+00 3.3106E-04 3.0608E+00 3.5576E-04 2.9527E+001633 3102
 3.9281E-04 2.8101E+00 4.0516E-04 2.7670E+00 4.4220E-04 2.6486E+001633 3102
 4.7925E-04 2.5442E+00 5.0395E-04 2.4811E+00 5.5334E-04 2.3678E+001633 3102
 6.0273E-04 2.2688E+00 6.5213E-04 2.1812E+00 7.0152E-04 2.1030E+001633 3102
 7.7562E-04 2.0000E+00 8.0031E-04 1.9689E+00 8.7440E-04 1.8837E+001633 3102
 9.4850E-04 1.8086E+00 9.9789E-04 1.7632E+00 1.0967E-03 1.6819E+001633 3102
 1.1955E-03 1.6109E+00 1.2943E-03 1.5482E+00 1.3930E-03 1.4923E+001633 3102
 1.5412E-03 1.4187E+00 1.5906E-03 1.3965E+00 1.7388E-03 1.3357E+001633 3102
 1.8870E-03 1.2822E+00 1.9858E-03 1.2499E+00 2.1834E-03 1.1921E+001633 3102
 2.3809E-03 1.1416E+00 2.5785E-03 1.0970E+00 2.7761E-03 1.0573E+001633 3102
 3.0725E-03 1.0050E+00 3.1713E-03 9.8923E-01 3.4676E-03 9.4602E-011633 3102
 3.7640E-03 9.0800E-01 3.9616E-03 8.8506E-01 4.3567E-03 8.4395E-011633 3102
 4.7519E-03 8.0809E-01 5.1470E-03 7.7643E-01 5.5422E-03 7.4823E-011633 3102
 6.1349E-03 7.1116E-01 6.3325E-03 6.9998E-01 6.9252E-03 6.6935E-011633 3102
 7.5180E-03 6.4243E-01 7.9131E-03 6.2618E-01 8.7034E-03 5.9708E-011633 3102
 9.4938E-03 5.7169E-01 1.0284E-02 5.4929E-01 1.1074E-02 5.2932E-011633 3102
 1.2260E-02 5.0308E-01 1.2655E-02 4.9517E-01 1.3840E-02 4.7349E-011633 3102
 1.5026E-02 4.5442E-01 1.5816E-02 4.4293E-01 1.7397E-02 4.2232E-011633 3102
 1.8978E-02 4.0435E-01 2.0558E-02 3.8850E-01 2.2139E-02 3.7437E-011633 3102
 2.4510E-02 3.5580E-01 2.5300E-02 3.5020E-01 2.7704E-02 3.3466E-011633 3102
 3.0908E-02 3.1684E-01 3.1709E-02 3.1281E-01 3.4914E-02 2.9811E-011633 3102
 3.8119E-02 2.8531E-01 4.1324E-02 2.7402E-01 4.4528E-02 2.6397E-011633 3102
 4.9336E-02 2.5078E-01 5.0938E-02 2.4680E-01 5.5745E-02 2.3592E-011633 3102
 6.2154E-02 2.2342E-01 6.3757E-02 2.2060E-01 7.0166E-02 2.1028E-011633 3102
 7.6576E-02 2.0129E-01 8.2985E-02 1.9336E-01 8.9395E-02 1.8630E-011633 3102
 9.9009E-02 1.7702E-01 1.0221E-01 1.7422E-01 1.1183E-01 1.6656E-011633 3102
 1.2465E-01 1.5776E-01 1.2785E-01 1.5578E-01 1.4067E-01 1.4851E-011633 3102
 1.5349E-01 1.4217E-01 1.6631E-01 1.3658E-01 1.7913E-01 1.3161E-011633 3102
 1.9836E-01 1.2506E-01 2.0477E-01 1.2309E-01 2.2399E-01 1.1768E-011633 3102
 2.4963E-01 1.1147E-01 2.6886E-01 1.0741E-01 2.8168E-01 1.0493E-011633 3102
 3.0732E-01 1.0047E-01 3.3295E-01 9.6517E-02 3.5859E-01 9.3001E-021633 3102
 3.8423E-01 8.9848E-02 4.2269E-01 8.5662E-02 4.3551E-01 8.4390E-021633 3102
 4.7396E-01 8.0891E-02 5.1242E-01 7.7791E-02 5.3806E-01 7.5918E-021633 3102
 5.8933E-01 7.2545E-02 6.4061E-01 6.9575E-02 6.9189E-01 6.6943E-021633 3102
 7.4316E-01 6.4598E-02 8.2007E-01 6.1489E-02 8.4571E-01 6.0547E-021633 3102
 9.2263E-01 5.7970E-02 9.9954E-01 5.5686E-02 1.0508E+00 5.4312E-021633 3102
 1.1534E+00 5.1846E-02 1.2559E+00 4.9678E-02 1.3585E+00 4.7762E-021633 3102
 1.4610E+00 4.6057E-02 1.6148E+00 4.3802E-02 1.6661E+00 4.3120E-021633 3102
 1.8200E+00 4.1259E-02 1.9738E+00 3.9611E-02 2.0763E+00 3.8620E-021633 3102
 2.2814E+00 3.6845E-02 2.4865E+00 3.5287E-02 2.6916E+00 3.3912E-021633 3102
 2.8967E+00 3.2688E-02 3.2044E+00 3.1072E-02 3.3070E+00 3.0584E-021633 3102
 3.6146E+00 2.9253E-02 3.9223E+00 2.8076E-02 4.1274E+00 2.7368E-021633 3102
 4.5376E+00 2.6100E-02 4.9478E+00 2.4989E-02 5.3580E+00 2.4008E-021633 3102
 5.7682E+00 2.3136E-02 6.3835E+00 2.1985E-02 6.5886E+00 2.1637E-021633 3102
 7.2039E+00 2.0689E-02 7.8192E+00 1.9852E-02 8.2294E+00 1.9348E-021633 3102
 9.0498E+00 1.8445E-02 9.8703E+00 1.7655E-02 1.0691E+01 1.6958E-021633 3102
 1.1511E+01 1.6338E-02 1.2742E+01 1.5520E-02 1.3152E+01 1.5273E-021633 3102
 1.4383E+01 1.4598E-02 1.5613E+01 1.4003E-02 1.6434E+01 1.3645E-021633 3102
 1.8074E+01 1.3003E-02 1.9715E+01 1.2441E-02 2.1356E+01 1.1945E-021633 3102
 2.2997E+01 1.1504E-02 2.5458E+01 1.0922E-02 2.6279E+01 1.0746E-021633 3102
 2.8740E+01 1.0266E-02 3.1201E+01 9.8423E-03 3.2842E+01 9.5869E-031633 3102
 3.6123E+01 9.1291E-03 3.9405E+01 8.7289E-03 4.2687E+01 8.3753E-031633 3102
 4.5968E+01 8.0601E-03 5.0891E+01 7.6447E-03 5.2532E+01 7.5193E-031633 3102
 5.7454E+01 7.1758E-03 6.2377E+01 6.8729E-03 6.5658E+01 6.6901E-031633 3102
 7.2222E+01 6.3621E-03 7.8785E+01 6.0751E-03 8.5348E+01 5.8213E-031633 3102
 9.1912E+01 5.5949E-03 1.0176E+02 5.2962E-03 1.0504E+02 5.2059E-031633 3102
 1.1488E+02 4.9584E-03 1.2473E+02 4.7399E-03 1.3129E+02 4.6079E-031633 3102
 1.4442E+02 4.3707E-03 1.5754E+02 4.1629E-03 1.7067E+02 3.9789E-031633 3102
 1.8380E+02 3.8145E-03 2.0349E+02 3.5973E-03 2.1005E+02 3.5316E-031633 3102
 2.2974E+02 3.3511E-03 2.4943E+02 3.1917E-03 2.6256E+02 3.0952E-031633 3102
 2.8881E+02 2.9216E-03 3.1506E+02 2.7694E-03 3.4132E+02 2.6345E-031633 3102
 3.6757E+02 2.5137E-03 3.9382E+02 2.4048E-03 4.2008E+02 2.3059E-031633 3102
 4.5946E+02 2.1731E-03 4.9884E+02 2.0558E-03 5.2509E+02 1.9848E-031633 3102
 5.5134E+02 1.9188E-03 5.7760E+02 1.8572E-03 6.3010E+02 1.7454E-031633 3102
 6.8261E+02 1.6464E-03 7.3511E+02 1.5580E-03 7.8762E+02 1.4784E-031633 3102
 8.4013E+02 1.4064E-03 8.9263E+02 1.3407E-03 9.7139E+02 1.2523E-031633 3102
 1.0502E+03 1.1742E-03 1.1552E+03 1.0828E-03 1.2602E+03 1.0035E-031633 3102
 1.3127E+03 9.6754E-04 1.4177E+03 9.0205E-04 1.4702E+03 8.7213E-041633 3102
 1.5752E+03 8.1712E-04 1.6802E+03 7.6775E-04 1.7852E+03 7.2318E-041633 3102
 1.8903E+03 6.8276E-04 1.9953E+03 6.4594E-04 2.2053E+03 5.8138E-041633 3102
 2.3103E+03 5.5293E-04 2.5203E+03 5.0235E-04 2.8354E+03 4.3923E-041633 3102
 3.1504E+03 3.8782E-04 3.3604E+03 3.5863E-04 3.6755E+03 3.2090E-041633 3102
 3.8855E+03 2.9910E-04 4.2005E+03 2.7050E-04 4.4106E+03 2.5376E-041633 3102
 4.8306E+03 2.2484E-04 5.2507E+03 2.0086E-04 5.8807E+03 1.7198E-041633 3102
 6.5108E+03 1.4952E-04 7.1409E+03 1.3193E-04 8.1910E+03 1.1079E-041633 3102
 8.8211E+03 1.0220E-04 9.6612E+03 9.5485E-05 1.0081E+04 9.4603E-051633 3102
 1.0711E+04 9.8069E-05 1.1341E+04 1.1257E-04 1.1656E+04 1.2878E-041633 3102
 1.1971E+04 1.5819E-04 1.2234E+04 2.0349E-04 1.2444E+04 2.6892E-041633 3102
 1.2575E+04 3.3620E-04 1.2654E+04 3.9359E-04 1.2733E+04 4.7100E-041633 3102
 1.2785E+04 5.3859E-04 1.2864E+04 6.7611E-04 1.2930E+04 8.4113E-041633 3102
 1.2969E+04 9.7434E-04 1.3035E+04 1.2861E-03 1.3074E+04 1.5564E-031633 3102
 1.3114E+04 1.9270E-03 1.3140E+04 2.2560E-03 1.3179E+04 2.9404E-031633 3102
 1.3219E+04 4.0032E-03 1.3251E+04 5.4057E-03 1.3264E+04 6.1877E-031633 3102
 1.3284E+04 7.7261E-03 1.3291E+04 8.3722E-03 1.3310E+04 1.0910E-021633 3102
 1.3324E+04 1.3257E-02 1.3337E+04 1.6463E-02 1.3343E+04 1.8540E-021633 3102
 1.3350E+04 2.1022E-02 1.3360E+04 2.5817E-02 1.3366E+04 3.0007E-021633 3102
 1.3369E+04 3.2493E-02 1.3373E+04 3.5301E-02 1.3376E+04 3.8489E-021633 3102
 1.3379E+04 4.2126E-02 1.3383E+04 4.6301E-02 1.3384E+04 4.8626E-021633 3102
 1.3386E+04 5.1131E-02 1.3389E+04 5.6766E-02 1.3391E+04 5.9961E-021633 3102
 1.3392E+04 6.3413E-02 1.3394E+04 6.7172E-02 1.3396E+04 7.1277E-021633 3102
 1.3397E+04 7.5768E-02 1.3399E+04 8.0698E-02 1.3401E+04 8.6124E-021633 3102
 1.3402E+04 9.2113E-02 1.3404E+04 9.8748E-02 1.3406E+04 1.0612E-011633 3102
 1.3407E+04 1.1436E-01 1.3408E+04 1.1883E-01 1.3409E+04 1.2358E-011633 3102
 1.3410E+04 1.2862E-01 1.3410E+04 1.3397E-01 1.3411E+04 1.3966E-011633 3102
 1.3412E+04 1.4572E-01 1.3413E+04 1.5218E-01 1.3414E+04 1.5908E-011633 3102
 1.3415E+04 1.6646E-01 1.3415E+04 1.7436E-01 1.3416E+04 1.8294E-011633 3102
 1.3417E+04 1.9204E-01 1.3418E+04 2.0184E-01 1.3419E+04 2.1239E-011633 3102
 1.3420E+04 2.2379E-01 1.3420E+04 2.3612E-01 1.3421E+04 2.4947E-011633 3102
 1.3422E+04 2.6397E-01 1.3423E+04 2.7974E-01 1.3424E+04 2.9693E-011633 3102
 1.3424E+04 3.1570E-01 1.3425E+04 3.3625E-01 1.3426E+04 3.5880E-011633 3102
 1.3426E+04 3.7089E-01 1.3427E+04 3.8358E-01 1.3427E+04 3.9689E-011633 3102
 1.3428E+04 4.1087E-01 1.3428E+04 4.2556E-01 1.3429E+04 4.4099E-011633 3102
 1.3429E+04 4.5722E-01 1.3429E+04 4.7429E-01 1.3430E+04 4.9225E-011633 3102
 1.3430E+04 5.1115E-01 1.3431E+04 5.3105E-01 1.3431E+04 5.5201E-011633 3102
 1.3431E+04 5.7408E-01 1.3432E+04 5.9732E-01 1.3432E+04 6.2180E-011633 3102
 1.3433E+04 6.4758E-01 1.3433E+04 6.7473E-01 1.3433E+04 7.0330E-011633 3102
 1.3434E+04 7.3337E-01 1.3434E+04 7.6499E-01 1.3435E+04 7.9823E-011633 3102
 1.3435E+04 8.3314E-01 1.3436E+04 8.6978E-01 1.3436E+04 9.0818E-011633 3102
 1.3436E+04 9.4839E-01 1.3437E+04 9.9043E-01 1.3437E+04 1.0343E+001633 3102
 1.3438E+04 1.0801E+00 1.3438E+04 1.1276E+00 1.3438E+04 1.1770E+001633 3102
 1.3439E+04 1.2282E+00 1.3439E+04 1.2810E+00 1.3440E+04 1.3355E+001633 3102
 1.3440E+04 1.4486E+00 1.3441E+04 1.5665E+00 1.3443E+04 1.7822E+001633 3102
 1.3444E+04 2.0081E+00 1.3445E+04 2.0790E+00 1.3446E+04 2.1797E+001633 3102
 1.3446E+04 2.2683E+00 1.3447E+04 2.3202E+00 1.3447E+04 2.3654E+001633 3102
 1.3448E+04 2.4033E+00 1.3448E+04 2.4334E+00 1.3449E+04 2.4552E+001633 3102
 1.3449E+04 2.4684E+00 1.3450E+04 2.4727E+00 1.3450E+04 2.4715E+001633 3102
 1.3451E+04 2.4545E+00 1.3452E+04 2.4323E+00 1.3452E+04 2.4019E+001633 3102
 1.3453E+04 2.3637E+00 1.3453E+04 2.3182E+00 1.3454E+04 2.2661E+001633 3102
 1.3454E+04 2.2081E+00 1.3455E+04 2.1437E+00 1.3455E+04 2.0761E+001633 3102
 1.3456E+04 1.9314E+00 1.3457E+04 1.8558E+00 1.3458E+04 1.7019E+001633 3102
 1.3459E+04 1.5314E+00 1.3460E+04 1.4400E+00 1.3461E+04 1.2678E+001633 3102
 1.3462E+04 1.1867E+00 1.3462E+04 1.1098E+00 1.3463E+04 1.0374E+001633 3102
 1.3463E+04 9.7049E-01 1.3464E+04 9.0698E-01 1.3465E+04 8.4787E-011633 3102
 1.3465E+04 7.9300E-01 1.3466E+04 7.4294E-01 1.3467E+04 6.9590E-011633 3102
 1.3467E+04 6.5245E-01 1.3468E+04 6.1237E-01 1.3469E+04 5.7595E-011633 3102
 1.3469E+04 5.4180E-01 1.3470E+04 5.1030E-01 1.3470E+04 4.8124E-011633 3102
 1.3471E+04 4.5480E-01 1.3472E+04 4.2996E-01 1.3472E+04 4.0698E-011633 3102
 1.3473E+04 3.8570E-01 1.3474E+04 3.6626E-01 1.3474E+04 3.4792E-011633 3102
 1.3475E+04 3.3088E-01 1.3476E+04 3.1502E-01 1.3477E+04 2.8666E-011633 3102
 1.3477E+04 2.7376E-01 1.3479E+04 2.5057E-01 1.3480E+04 2.3002E-011633 3102
 1.3481E+04 2.2067E-01 1.3482E+04 2.0370E-01 1.3483E+04 1.9587E-011633 3102
 1.3484E+04 1.8161E-01 1.3485E+04 1.6874E-01 1.3486E+04 1.5727E-011633 3102
 1.3488E+04 1.4685E-01 1.3489E+04 1.3749E-01 1.3490E+04 1.2893E-011633 3102
 1.3491E+04 1.2120E-01 1.3493E+04 1.1409E-01 1.3494E+04 1.0763E-011633 3102
 1.3495E+04 1.0166E-01 1.3497E+04 9.6215E-02 1.3499E+04 8.6518E-021633 3102
 1.3500E+04 8.2193E-02 1.3503E+04 7.4488E-02 1.3506E+04 6.7817E-021633 3102
 1.3507E+04 6.4823E-02 1.3509E+04 5.9381E-02 1.3513E+04 5.2410E-021633 3102
 1.3517E+04 4.6615E-02 1.3520E+04 4.3266E-02 1.3522E+04 4.0266E-021633 3102
 1.3525E+04 3.7567E-02 1.3527E+04 3.5129E-02 1.3530E+04 3.2920E-021633 3102
 1.3535E+04 2.9083E-02 1.3537E+04 2.7412E-02 1.3542E+04 2.4474E-021633 3102
 1.3548E+04 2.1984E-02 1.3555E+04 1.8906E-02 1.3563E+04 1.6433E-021633 3102
 1.3571E+04 1.4416E-02 1.3576E+04 1.3271E-02 1.3583E+04 1.1795E-021633 3102
 1.3596E+04 9.8318E-03 1.3601E+04 9.1808E-03 1.3611E+04 8.0591E-031633 3102
 1.3622E+04 7.1317E-03 1.3637E+04 6.0153E-03 1.3652E+04 5.1430E-031633 3102
 1.3667E+04 4.4484E-03 1.3693E+04 3.5694E-03 1.3713E+04 3.0441E-031633 3102
 1.3744E+04 2.4494E-03 1.3764E+04 2.1459E-03 1.3795E+04 1.7877E-031633 3102
 1.3826E+04 1.5137E-03 1.3856E+04 1.2993E-03 1.3907E+04 1.0332E-031633 3102
 1.3948E+04 8.7704E-04 1.4009E+04 7.0326E-04 1.4111E+04 5.1381E-041633 3102
 1.4234E+04 3.7689E-04 1.4336E+04 3.0346E-04 1.4438E+04 2.5164E-041633 3102
 1.4560E+04 2.0724E-04 1.4764E+04 1.5889E-04 1.5009E+04 1.2392E-041633 3102
 1.5254E+04 1.0210E-04 1.5498E+04 8.7529E-05 1.5743E+04 7.7310E-051633 3102
 1.6151E+04 6.5979E-05 1.6886E+04 5.4898E-05 1.7538E+04 5.0081E-051633 3102
 1.8354E+04 4.7823E-05 1.9170E+04 4.8989E-05 2.0149E+04 5.6283E-051633 3102
 2.0721E+04 6.5805E-05 2.1210E+04 8.0111E-05 2.1618E+04 1.0021E-041633 3102
 2.1863E+04 1.1862E-04 2.2067E+04 1.3992E-04 2.2271E+04 1.6966E-041633 3102
 2.2516E+04 2.2382E-04 2.2720E+04 2.9629E-04 2.2842E+04 3.6064E-041633 3102
 2.2965E+04 4.5094E-04 2.3107E+04 6.1101E-04 2.3230E+04 8.3304E-041633 3102
 2.3332E+04 1.1309E-03 2.3393E+04 1.3962E-03 2.3454E+04 1.7700E-031633 3102
 2.3495E+04 2.1110E-03 2.3556E+04 2.8459E-03 2.3577E+04 3.1790E-031633 3102
 2.3617E+04 4.0502E-03 2.3638E+04 4.6277E-03 2.3668E+04 5.7470E-031633 3102
 2.3689E+04 6.7439E-03 2.3699E+04 7.3429E-03 2.3719E+04 8.8075E-031633 3102
 2.3735E+04 1.0206E-02 2.3740E+04 1.0748E-02 2.3750E+04 1.1973E-021633 3102
 2.3755E+04 1.2665E-02 2.3760E+04 1.3419E-02 2.3765E+04 1.4241E-021633 3102
 2.3770E+04 1.5142E-02 2.3776E+04 1.6129E-02 2.3781E+04 1.7216E-021633 3102
 2.3786E+04 1.8416E-02 2.3791E+04 1.9743E-02 2.3796E+04 2.1215E-021633 3102
 2.3801E+04 2.2857E-02 2.3804E+04 2.3751E-02 2.3809E+04 2.5701E-021633 3102
 2.3811E+04 2.6767E-02 2.3814E+04 2.7899E-02 2.3816E+04 2.9104E-021633 3102
 2.3819E+04 3.0387E-02 2.3821E+04 3.1755E-02 2.3824E+04 3.3216E-021633 3102
 2.3827E+04 3.4778E-02 2.3829E+04 3.6451E-02 2.3832E+04 3.8245E-021633 3102
 2.3834E+04 4.0171E-02 2.3837E+04 4.2243E-02 2.3839E+04 4.4475E-021633 3102
 2.3842E+04 4.6883E-02 2.3844E+04 4.9486E-02 2.3847E+04 5.2304E-021633 3102
 2.3849E+04 5.5362E-02 2.3852E+04 5.8685E-02 2.3855E+04 6.2303E-021633 3102
 2.3857E+04 6.6250E-02 2.3860E+04 7.0564E-02 2.3862E+04 7.5289E-021633 3102
 2.3863E+04 7.7832E-02 2.3865E+04 8.0477E-02 2.3866E+04 8.3273E-021633 3102
 2.3867E+04 8.6185E-02 2.3869E+04 8.9268E-02 2.3870E+04 9.2481E-021633 3102
 2.3871E+04 9.5886E-02 2.3872E+04 9.9439E-02 2.3874E+04 1.0321E-011633 3102
 2.3875E+04 1.0714E-01 2.3876E+04 1.1132E-01 2.3878E+04 1.1569E-011633 3102
 2.3879E+04 1.2034E-01 2.3880E+04 1.2520E-01 2.3881E+04 1.3037E-011633 3102
 2.3883E+04 1.3578E-01 2.3884E+04 1.4153E-01 2.3885E+04 1.4756E-011633 3102
 2.3886E+04 1.5398E-01 2.3888E+04 1.6071E-01 2.3889E+04 1.6787E-011633 3102
 2.3890E+04 1.7537E-01 2.3892E+04 1.8334E-01 2.3893E+04 1.9170E-011633 3102
 2.3894E+04 2.0057E-01 2.3895E+04 2.0985E-01 2.3897E+04 2.1969E-011633 3102
 2.3898E+04 2.2996E-01 2.3899E+04 2.4082E-01 2.3900E+04 2.5211E-011633 3102
 2.3902E+04 2.6392E-01 2.3903E+04 2.7622E-01 2.3905E+04 2.9334E-011633 3102
 2.3906E+04 3.1126E-01 2.3908E+04 3.2987E-01 2.3910E+04 3.4892E-011633 3102
 2.3911E+04 3.6843E-01 2.3913E+04 3.8807E-01 2.3918E+04 4.4451E-011633 3102
 2.3920E+04 4.6134E-01 2.3922E+04 4.7647E-01 2.3923E+04 4.8944E-011633 3102
 2.3925E+04 5.0001E-01 2.3927E+04 5.0780E-01 2.3928E+04 5.1254E-011633 3102
 2.3930E+04 5.1410E-01 2.3932E+04 5.1243E-01 2.3933E+04 5.0758E-011633 3102
 2.3935E+04 4.9969E-01 2.3937E+04 4.8903E-01 2.3938E+04 4.7591E-011633 3102
 2.3940E+04 4.6070E-01 2.3942E+04 4.4382E-01 2.3944E+04 4.2579E-011633 3102
 2.3945E+04 4.0678E-01 2.3947E+04 3.8728E-01 2.3950E+04 3.4821E-011633 3102
 2.3955E+04 2.9255E-01 2.3959E+04 2.5911E-01 2.3960E+04 2.4369E-011633 3102
 2.3962E+04 2.2910E-01 2.3964E+04 2.1551E-01 2.3966E+04 2.0274E-011633 3102
 2.3967E+04 1.9089E-01 2.3969E+04 1.7979E-01 2.3971E+04 1.6952E-011633 3102
 2.3972E+04 1.5991E-01 2.3974E+04 1.5103E-01 2.3976E+04 1.4273E-011633 3102
 2.3977E+04 1.3505E-01 2.3979E+04 1.2787E-01 2.3981E+04 1.2122E-011633 3102
 2.3983E+04 1.1504E-01 2.3984E+04 1.0927E-01 2.3986E+04 1.0386E-011633 3102
 2.3988E+04 9.8841E-02 2.3989E+04 9.4124E-02 2.3993E+04 8.5613E-021633 3102
 2.3996E+04 7.8164E-02 2.3998E+04 7.4781E-02 2.4001E+04 6.8595E-021633 3102
 2.4003E+04 6.5766E-02 2.4006E+04 6.0603E-02 2.4008E+04 5.8246E-021633 3102
 2.4012E+04 5.3914E-02 2.4015E+04 5.0023E-02 2.4018E+04 4.6525E-021633 3102
 2.4022E+04 4.3371E-02 2.4025E+04 4.0526E-02 2.4029E+04 3.7938E-021633 3102
 2.4032E+04 3.5585E-02 2.4035E+04 3.3440E-02 2.4039E+04 3.1486E-021633 3102
 2.4042E+04 2.9690E-02 2.4046E+04 2.8041E-02 2.4049E+04 2.6523E-021633 3102
 2.4056E+04 2.3835E-02 2.4059E+04 2.2638E-02 2.4066E+04 2.0500E-021633 3102
 2.4069E+04 1.9540E-02 2.4076E+04 1.7810E-02 2.4080E+04 1.7031E-021633 3102
 2.4087E+04 1.5614E-02 2.4093E+04 1.4368E-02 2.4104E+04 1.2757E-021633 3102
 2.4114E+04 1.1404E-02 2.4121E+04 1.0619E-02 2.4127E+04 9.9091E-031633 3102
 2.4134E+04 9.2684E-03 2.4148E+04 8.1589E-03 2.4155E+04 7.6769E-031633 3102
 2.4168E+04 6.8328E-03 2.4175E+04 6.4622E-03 2.4189E+04 5.8055E-031633 3102
 2.4209E+04 4.9929E-03 2.4223E+04 4.5425E-03 2.4243E+04 3.9732E-031633 3102
 2.4264E+04 3.5044E-03 2.4284E+04 3.1143E-03 2.4298E+04 2.8899E-031633 3102
 2.4311E+04 2.6891E-03 2.4339E+04 2.3445E-03 2.4380E+04 1.9401E-031633 3102
 2.4420E+04 1.6323E-03 2.4448E+04 1.4663E-03 2.4489E+04 1.2614E-031633 3102
 2.4529E+04 1.0970E-03 2.4570E+04 9.6303E-04 2.4639E+04 7.8915E-041633 3102
 2.4693E+04 6.8251E-04 2.4775E+04 5.5927E-04 2.4829E+04 4.9514E-041633 3102
 2.4911E+04 4.1826E-04 2.5075E+04 3.1105E-04 2.5211E+04 2.5130E-041633 3102
 2.5429E+04 1.8750E-04 2.5702E+04 1.3845E-04 2.6029E+04 1.0294E-041633 3102
 2.6301E+04 8.3868E-05 2.6683E+04 6.6074E-05 2.7228E+04 5.0525E-051633 3102
 2.7883E+04 3.9648E-05 2.8428E+04 3.3951E-05 2.8973E+04 2.9997E-051633 3102
 2.9627E+04 2.6677E-05 3.0718E+04 2.3186E-05 3.2680E+04 2.0204E-051633 3102
 3.4425E+04 1.9404E-05 3.6606E+04 1.9982E-05 3.9223E+04 2.2991E-051633 3102
 4.1404E+04 2.8379E-05 4.3148E+04 3.6194E-05 4.4239E+04 4.3982E-051633 3102
 4.4893E+04 5.0417E-05 4.5547E+04 5.8818E-05 4.5983E+04 6.5925E-051633 3102
 4.6638E+04 7.9812E-05 4.7292E+04 9.9484E-05 4.7837E+04 1.2294E-041633 3102
 4.8164E+04 1.4171E-04 4.8491E+04 1.6561E-04 4.8709E+04 1.8539E-041633 3102
 4.9037E+04 2.2305E-04 4.9309E+04 2.6471E-04 4.9473E+04 2.9601E-041633 3102
 4.9582E+04 3.2027E-04 4.9745E+04 3.6306E-04 4.9909E+04 4.1564E-041633 3102
 5.0072E+04 4.8131E-04 5.0182E+04 5.3470E-04 5.0345E+04 6.3423E-041633 3102
 5.0400E+04 6.7400E-04 5.0509E+04 7.6631E-04 5.0563E+04 8.2012E-041633 3102
 5.0672E+04 9.4726E-04 5.0781E+04 1.1082E-03 5.0836E+04 1.2053E-031633 3102
 5.0945E+04 1.4441E-03 5.1108E+04 1.9695E-03 5.1136E+04 2.0851E-031633 3102
 5.1163E+04 2.2123E-03 5.1190E+04 2.3518E-03 5.1217E+04 2.5053E-031633 3102
 5.1245E+04 2.6749E-03 5.1272E+04 2.8628E-03 5.1299E+04 3.0710E-031633 3102
 5.1313E+04 3.1837E-03 5.1326E+04 3.3035E-03 5.1340E+04 3.4303E-031633 3102
 5.1354E+04 3.5647E-03 5.1367E+04 3.7074E-03 5.1381E+04 3.8589E-031633 3102
 5.1395E+04 4.0202E-03 5.1408E+04 4.1918E-03 5.1422E+04 4.3749E-031633 3102
 5.1436E+04 4.5704E-03 5.1449E+04 4.7795E-03 5.1463E+04 5.0034E-031633 3102
 5.1476E+04 5.2435E-03 5.1490E+04 5.5014E-03 5.1504E+04 5.7790E-031633 3102
 5.1517E+04 6.0781E-03 5.1531E+04 6.4003E-03 5.1538E+04 6.5712E-031633 3102
 5.1545E+04 6.7489E-03 5.1551E+04 6.9344E-03 5.1558E+04 7.1273E-031633 3102
 5.1565E+04 7.3287E-03 5.1572E+04 7.5384E-03 5.1579E+04 7.7574E-031633 3102
 5.1585E+04 7.9857E-03 5.1592E+04 8.2245E-03 5.1599E+04 8.4736E-031633 3102
 5.1606E+04 8.7344E-03 5.1613E+04 9.0069E-03 5.1620E+04 9.2925E-031633 3102
 5.1626E+04 9.5911E-03 5.1633E+04 9.9045E-03 5.1640E+04 1.0233E-021633 3102
 5.1647E+04 1.0578E-02 5.1654E+04 1.0939E-02 5.1660E+04 1.1320E-021633 3102
 5.1667E+04 1.1719E-02 5.1674E+04 1.2140E-02 5.1681E+04 1.2582E-021633 3102
 5.1688E+04 1.3048E-02 5.1694E+04 1.3539E-02 5.1701E+04 1.4058E-021633 3102
 5.1708E+04 1.4605E-02 5.1715E+04 1.5183E-02 5.1722E+04 1.5794E-021633 3102
 5.1729E+04 1.6441E-02 5.1735E+04 1.7124E-02 5.1742E+04 1.7850E-021633 3102
 5.1749E+04 1.8617E-02 5.1756E+04 1.9432E-02 5.1763E+04 2.0296E-021633 3102
 5.1769E+04 2.1215E-02 5.1776E+04 2.2189E-02 5.1783E+04 2.3227E-021633 3102
 5.1790E+04 2.4329E-02 5.1797E+04 2.5502E-02 5.1804E+04 2.6749E-021633 3102
 5.1810E+04 2.8079E-02 5.1817E+04 2.9491E-02 5.1824E+04 3.0997E-021633 3102
 5.1831E+04 3.2597E-02 5.1838E+04 3.4300E-02 5.1844E+04 3.6108E-021633 3102
 5.1851E+04 3.8030E-02 5.1858E+04 4.0066E-02 5.1865E+04 4.2223E-021633 3102
 5.1872E+04 4.4499E-02 5.1880E+04 4.7339E-02 5.1888E+04 5.0339E-021633 3102
 5.1896E+04 5.3494E-02 5.1904E+04 5.6788E-02 5.1912E+04 6.0195E-021633 3102
 5.1920E+04 6.3679E-02 5.1928E+04 6.7191E-02 5.1944E+04 7.4079E-021633 3102
 5.1960E+04 8.0235E-02 5.1968E+04 8.2804E-02 5.1976E+04 8.4914E-021633 3102
 5.1984E+04 8.6482E-02 5.1992E+04 8.7444E-02 5.2000E+04 8.7759E-021633 3102
 5.2008E+04 8.7412E-02 5.2016E+04 8.6420E-02 5.2024E+04 8.4824E-021633 3102
 5.2032E+04 8.2691E-02 5.2040E+04 8.0103E-02 5.2048E+04 7.7153E-021633 3102
 5.2056E+04 7.3935E-02 5.2064E+04 7.0540E-02 5.2072E+04 6.7047E-021633 3102
 5.2080E+04 6.3539E-02 5.2096E+04 5.6661E-02 5.2120E+04 4.7244E-021633 3102
 5.2138E+04 4.1264E-02 5.2148E+04 3.8342E-02 5.2157E+04 3.5653E-021633 3102
 5.2167E+04 3.3183E-02 5.2176E+04 3.0920E-02 5.2186E+04 2.8848E-021633 3102
 5.2196E+04 2.6952E-02 5.2205E+04 2.5217E-02 5.2215E+04 2.3629E-021633 3102
 5.2225E+04 2.2175E-02 5.2234E+04 2.0842E-02 5.2244E+04 1.9618E-021633 3102
 5.2254E+04 1.8495E-02 5.2263E+04 1.7462E-02 5.2273E+04 1.6511E-021633 3102
 5.2282E+04 1.5635E-02 5.2292E+04 1.4826E-02 5.2302E+04 1.4079E-021633 3102
 5.2311E+04 1.3388E-02 5.2321E+04 1.2747E-02 5.2331E+04 1.2153E-021633 3102
 5.2350E+04 1.1088E-02 5.2359E+04 1.0611E-02 5.2379E+04 9.7517E-031633 3102
 5.2388E+04 9.3645E-03 5.2408E+04 8.6642E-03 5.2427E+04 8.0506E-031633 3102
 5.2437E+04 7.7724E-03 5.2456E+04 7.2677E-03 5.2475E+04 6.8227E-031633 3102
 5.2494E+04 6.4276E-03 5.2514E+04 6.0780E-03 5.2533E+04 5.7683E-031633 3102
 5.2552E+04 5.4940E-03 5.2571E+04 5.2511E-03 5.2591E+04 5.0366E-031633 3102
 5.2610E+04 4.8475E-03 5.2629E+04 4.6816E-03 5.2648E+04 4.5370E-031633 3102
 5.2668E+04 4.4120E-03 5.2687E+04 4.3052E-03 5.2725E+04 4.1423E-031633 3102
 5.2745E+04 4.0846E-03 5.2783E+04 4.0142E-03 5.2802E+04 4.0011E-031633 3102
 5.2841E+04 4.0194E-03 5.2860E+04 4.0513E-03 5.2899E+04 4.1639E-031633 3102
 5.2918E+04 4.2463E-03 5.2957E+04 4.4700E-03 5.2976E+04 4.6148E-031633 3102
 5.2995E+04 4.7846E-03 5.3014E+04 4.9822E-03 5.3034E+04 5.2111E-031633 3102
 5.3053E+04 5.4752E-03 5.3072E+04 5.7780E-03 5.3082E+04 5.9458E-031633 3102
 5.3101E+04 6.3210E-03 5.3111E+04 6.5297E-03 5.3130E+04 6.9944E-031633 3102
 5.3140E+04 7.2531E-03 5.3159E+04 7.8305E-03 5.3168E+04 8.1527E-031633 3102
 5.3178E+04 8.4999E-03 5.3188E+04 8.8743E-03 5.3197E+04 9.2783E-031633 3102
 5.3207E+04 9.7146E-03 5.3217E+04 1.0186E-02 5.3226E+04 1.0696E-021633 3102
 5.3236E+04 1.1249E-02 5.3245E+04 1.1848E-02 5.3255E+04 1.2497E-021633 3102
 5.3265E+04 1.3201E-02 5.3274E+04 1.3966E-02 5.3284E+04 1.4797E-021633 3102
 5.3294E+04 1.5699E-02 5.3303E+04 1.6680E-02 5.3313E+04 1.7744E-021633 3102
 5.3322E+04 1.8900E-02 5.3332E+04 2.0153E-02 5.3342E+04 2.1508E-021633 3102
 5.3351E+04 2.2972E-02 5.3361E+04 2.4545E-02 5.3370E+04 2.6061E-021633 3102
 5.3378E+04 2.7666E-02 5.3387E+04 2.9355E-02 5.3396E+04 3.1118E-021633 3102
 5.3404E+04 3.2945E-02 5.3413E+04 3.4814E-02 5.3422E+04 3.6698E-021633 3102
 5.3448E+04 4.2118E-02 5.3457E+04 4.3695E-02 5.3465E+04 4.5071E-021633 3102
 5.3474E+04 4.6201E-02 5.3483E+04 4.7038E-02 5.3491E+04 4.7548E-021633 3102
 5.3500E+04 4.7707E-02 5.3509E+04 4.7510E-02 5.3517E+04 4.6963E-021633 3102
 5.3526E+04 4.6091E-02 5.3535E+04 4.4929E-02 5.3543E+04 4.3521E-021633 3102
 5.3552E+04 4.1918E-02 5.3561E+04 4.0170E-02 5.3570E+04 3.8330E-021633 3102
 5.3578E+04 3.6438E-02 5.3587E+04 3.4537E-02 5.3604E+04 3.0811E-021633 3102
 5.3630E+04 2.5711E-02 5.3651E+04 2.2282E-02 5.3662E+04 2.0537E-021633 3102
 5.3674E+04 1.8946E-02 5.3686E+04 1.7502E-02 5.3697E+04 1.6190E-021633 3102
 5.3709E+04 1.5002E-02 5.3721E+04 1.3924E-02 5.3732E+04 1.2948E-021633 3102
 5.3744E+04 1.2061E-02 5.3756E+04 1.1256E-02 5.3767E+04 1.0523E-021633 3102
 5.3779E+04 9.8556E-03 5.3791E+04 9.2463E-03 5.3802E+04 8.6899E-031633 3102
 5.3814E+04 8.1800E-03 5.3825E+04 7.7127E-03 5.3849E+04 6.8876E-031633 3102
 5.3860E+04 6.5230E-03 5.3884E+04 5.8750E-03 5.3907E+04 5.3187E-031633 3102
 5.3919E+04 5.0699E-03 5.3942E+04 4.6222E-03 5.3954E+04 4.4204E-031633 3102
 5.3977E+04 4.0552E-03 5.4012E+04 3.5883E-03 5.4035E+04 3.3214E-031633 3102
 5.4047E+04 3.1994E-03 5.4082E+04 2.8734E-03 5.4105E+04 2.6832E-031633 3102
 5.4152E+04 2.3572E-03 5.4175E+04 2.2169E-03 5.4222E+04 1.9730E-031633 3102
 5.4268E+04 1.7690E-03 5.4292E+04 1.6793E-03 5.4338E+04 1.5202E-031633 3102
 5.4408E+04 1.3228E-03 5.4478E+04 1.1635E-03 5.4525E+04 1.0736E-031633 3102
 5.4595E+04 9.5822E-04 5.4711E+04 8.0570E-04 5.4758E+04 7.5525E-041633 3102
 5.4851E+04 6.6840E-04 5.4944E+04 5.9655E-04 5.5084E+04 5.0983E-041633 3102
 5.5224E+04 4.4170E-04 5.5364E+04 3.8708E-04 5.5457E+04 3.5643E-041633 3102
 5.5597E+04 3.1722E-04 5.5784E+04 2.7479E-04 5.6063E+04 2.2616E-041633 3102
 5.6250E+04 2.0093E-04 5.6530E+04 1.7071E-04 5.6809E+04 1.4718E-041633 3102
 5.7089E+04 1.2846E-04 5.7555E+04 1.0479E-04 5.7835E+04 9.3815E-051633 3102
 5.8301E+04 7.9317E-05 5.8674E+04 7.0241E-05 5.9234E+04 5.9623E-051633 3102
 5.9793E+04 5.1591E-05 6.0353E+04 4.5397E-05 6.1285E+04 3.7904E-051633 3102
 6.2590E+04 3.1278E-05 6.4082E+04 2.7125E-05 6.4828E+04 2.6013E-051633 3102
 6.6320E+04 2.5365E-05 6.8185E+04 2.7565E-05 6.9677E+04 3.2629E-051633 3102
 7.0610E+04 3.8250E-05 7.1728E+04 4.9405E-05 7.2101E+04 5.4814E-051633 3102
 7.2661E+04 6.5397E-05 7.3314E+04 8.3363E-05 7.3780E+04 1.0214E-041633 3102
 7.4060E+04 1.1705E-04 7.4339E+04 1.3584E-04 7.4526E+04 1.5122E-041633 3102
 7.4806E+04 1.8008E-04 7.5085E+04 2.1864E-04 7.5365E+04 2.7173E-041633 3102
 7.5598E+04 3.3290E-04 7.5738E+04 3.8040E-04 7.5878E+04 4.3909E-041633 3102
 7.5971E+04 4.8624E-04 7.6111E+04 5.7284E-04 7.6251E+04 6.8512E-041633 3102
 7.6391E+04 8.3532E-04 7.6624E+04 1.2187E-03 7.6670E+04 1.3271E-031633 3102
 7.6717E+04 1.4506E-03 7.6764E+04 1.5914E-03 7.6787E+04 1.6694E-031633 3102
 7.6834E+04 1.8444E-03 7.6857E+04 1.9423E-03 7.6880E+04 2.0482E-031633 3102
 7.6904E+04 2.1627E-03 7.6927E+04 2.2870E-03 7.6950E+04 2.4222E-031633 3102
 7.6974E+04 2.5695E-03 7.6997E+04 2.7303E-03 7.7020E+04 2.9064E-031633 3102
 7.7043E+04 3.0996E-03 7.7067E+04 3.3114E-03 7.7078E+04 3.4253E-031633 3102
 7.7090E+04 3.5452E-03 7.7102E+04 3.6716E-03 7.7113E+04 3.8045E-031633 3102
 7.7125E+04 3.9447E-03 7.7137E+04 4.0923E-03 7.7148E+04 4.2482E-031633 3102
 7.7160E+04 4.4128E-03 7.7172E+04 4.5868E-03 7.7183E+04 4.7707E-031633 3102
 7.7195E+04 4.9655E-03 7.7207E+04 5.1717E-03 7.7218E+04 5.3905E-031633 3102
 7.7230E+04 5.6226E-03 7.7242E+04 5.8694E-03 7.7253E+04 6.1315E-031633 3102
 7.7265E+04 6.4108E-03 7.7277E+04 6.7080E-03 7.7288E+04 7.0251E-031633 3102
 7.7300E+04 7.3633E-03 7.7312E+04 7.7248E-03 7.7323E+04 8.1110E-031633 3102
 7.7335E+04 8.5245E-03 7.7346E+04 8.9670E-03 7.7358E+04 9.4416E-031633 3102
 7.7370E+04 9.9502E-03 7.7381E+04 1.0496E-02 7.7393E+04 1.1083E-021633 3102
 7.7405E+04 1.1712E-02 7.7416E+04 1.2388E-02 7.7422E+04 1.2744E-021633 3102
 7.7428E+04 1.3114E-02 7.7434E+04 1.3498E-02 7.7440E+04 1.3895E-021633 3102
 7.7446E+04 1.4307E-02 7.7451E+04 1.4735E-02 7.7457E+04 1.5178E-021633 3102
 7.7463E+04 1.5636E-02 7.7469E+04 1.6111E-02 7.7475E+04 1.6603E-021633 3102
 7.7481E+04 1.7112E-02 7.7486E+04 1.7637E-02 7.7492E+04 1.8182E-021633 3102
 7.7498E+04 1.8744E-02 7.7504E+04 1.9325E-02 7.7510E+04 1.9923E-021633 3102
 7.7516E+04 2.0554E-02 7.7522E+04 2.1203E-02 7.7528E+04 2.1872E-021633 3102
 7.7533E+04 2.2559E-02 7.7545E+04 2.3987E-02 7.7557E+04 2.5475E-021633 3102
 7.7569E+04 2.7017E-02 7.7581E+04 2.8594E-02 7.7593E+04 3.0188E-021633 3102
 7.7605E+04 3.1769E-02 7.7641E+04 3.6098E-02 7.7652E+04 3.7265E-021633 3102
 7.7664E+04 3.8224E-02 7.7676E+04 3.8936E-02 7.7688E+04 3.9373E-021633 3102
 7.7700E+04 3.9515E-02 7.7712E+04 3.9355E-02 7.7724E+04 3.8901E-021633 3102
 7.7736E+04 3.8172E-02 7.7748E+04 3.7199E-02 7.7759E+04 3.6019E-021633 3102
 7.7771E+04 3.4676E-02 7.7783E+04 3.3211E-02 7.7795E+04 3.1668E-021633 3102
 7.7807E+04 3.0083E-02 7.7819E+04 2.8491E-02 7.7843E+04 2.5380E-021633 3102
 7.7867E+04 2.2466E-02 7.7902E+04 1.8617E-02 7.7926E+04 1.6421E-021633 3102
 7.7938E+04 1.5434E-02 7.7963E+04 1.3663E-02 7.7975E+04 1.2871E-021633 3102
 7.7999E+04 1.1454E-02 7.8011E+04 1.0820E-02 7.8035E+04 9.6851E-031633 3102
 7.8059E+04 8.7036E-03 7.8071E+04 8.2632E-03 7.8095E+04 7.4694E-031633 3102
 7.8107E+04 7.1118E-03 7.8131E+04 6.4647E-03 7.8143E+04 6.1716E-031633 3102
 7.8167E+04 5.6396E-03 7.8191E+04 5.1701E-03 7.8227E+04 4.5644E-031633 3102
 7.8263E+04 4.0557E-03 7.8275E+04 3.9049E-03 7.8299E+04 3.6263E-031633 3102
 7.8324E+04 3.3748E-03 7.8348E+04 3.1478E-03 7.8372E+04 2.9425E-031633 3102
 7.8396E+04 2.7561E-03 7.8444E+04 2.4317E-03 7.8468E+04 2.2902E-031633 3102
 7.8516E+04 2.0413E-03 7.8540E+04 1.9315E-03 7.8588E+04 1.7367E-031633 3102
 7.8636E+04 1.5695E-03 7.8709E+04 1.3602E-03 7.8781E+04 1.1898E-031633 3102
 7.8853E+04 1.0493E-03 7.8901E+04 9.6898E-04 7.8973E+04 8.6462E-041633 3102
 7.9094E+04 7.2475E-04 7.9142E+04 6.7804E-04 7.9238E+04 5.9720E-041633 3102
 7.9334E+04 5.2999E-04 7.9479E+04 4.4861E-04 7.9623E+04 3.8466E-041633 3102
 7.9768E+04 3.3351E-04 7.9864E+04 3.0490E-04 8.0008E+04 2.6845E-041633 3102
 8.0153E+04 2.3822E-04 8.0297E+04 2.1287E-04 8.0490E+04 1.8497E-041633 3102
 8.0778E+04 1.5247E-04 8.1067E+04 1.2794E-04 8.1356E+04 1.0898E-041633 3102
 8.1837E+04 8.5739E-05 8.2415E+04 6.6683E-05 8.2896E+04 5.5409E-051633 3102
 8.3474E+04 4.5420E-05 8.4052E+04 3.8025E-05 8.5014E+04 2.9364E-051633 3102
 8.6169E+04 2.2609E-05 8.7132E+04 1.8768E-05 8.7902E+04 1.6448E-051633 3102
 8.9057E+04 1.3814E-05 9.0983E+04 1.0872E-05 9.3293E+04 8.7191E-061633 3102
 9.5604E+04 7.4120E-06 9.7914E+04 6.6184E-06 1.0022E+05 6.1777E-061633 3102
 1.0254E+05 6.0151E-06 1.0485E+05 6.1089E-06 1.0716E+05 6.4824E-061633 3102
 1.1062E+05 7.7566E-06 1.1255E+05 9.0443E-06 1.1486E+05 1.1567E-051633 3102
 1.1678E+05 1.5132E-05 1.1832E+05 1.9797E-05 1.1929E+05 2.4156E-051633 3102
 1.2044E+05 3.1931E-05 1.2140E+05 4.2058E-05 1.2198E+05 5.0828E-051633 3102
 1.2256E+05 6.2822E-05 1.2304E+05 7.6551E-05 1.2333E+05 8.7144E-051633 3102
 1.2362E+05 1.0017E-04 1.2381E+05 1.1058E-04 1.2410E+05 1.2958E-041633 3102
 1.2439E+05 1.5405E-04 1.2468E+05 1.8626E-04 1.2487E+05 2.1375E-041633 3102
 1.2516E+05 2.6809E-04 1.2525E+05 2.9088E-04 1.2545E+05 3.4615E-041633 3102
 1.2554E+05 3.7990E-04 1.2574E+05 4.6398E-04 1.2602E+05 6.5377E-041633 3102
 1.2612E+05 7.4240E-04 1.2622E+05 8.5046E-04 1.2627E+05 9.1368E-041633 3102
 1.2631E+05 9.8392E-04 1.2636E+05 1.0624E-03 1.2641E+05 1.1503E-031633 3102
 1.2646E+05 1.2492E-03 1.2651E+05 1.3608E-03 1.2653E+05 1.4224E-031633 3102
 1.2655E+05 1.4881E-03 1.2658E+05 1.5583E-03 1.2660E+05 1.6330E-031633 3102
 1.2663E+05 1.7134E-03 1.2665E+05 1.7996E-03 1.2667E+05 1.8921E-031633 3102
 1.2670E+05 1.9911E-03 1.2672E+05 2.0981E-03 1.2675E+05 2.2130E-031633 3102
 1.2677E+05 2.3375E-03 1.2679E+05 2.4715E-03 1.2682E+05 2.6170E-031633 3102
 1.2684E+05 2.7744E-03 1.2686E+05 2.8583E-03 1.2687E+05 2.9452E-031633 3102
 1.2688E+05 3.0359E-03 1.2689E+05 3.1304E-03 1.2690E+05 3.2299E-031633 3102
 1.2692E+05 3.3328E-03 1.2693E+05 3.4401E-03 1.2694E+05 3.5522E-031633 3102
 1.2695E+05 3.6702E-03 1.2696E+05 3.7925E-03 1.2698E+05 3.9201E-031633 3102
 1.2699E+05 4.0535E-03 1.2700E+05 4.1941E-03 1.2701E+05 4.3398E-031633 3102
 1.2702E+05 4.4934E-03 1.2704E+05 4.6526E-03 1.2705E+05 4.8203E-031633 3102
 1.2706E+05 4.9943E-03 1.2707E+05 5.1760E-03 1.2708E+05 5.3659E-031633 3102
 1.2710E+05 5.5658E-03 1.2711E+05 5.7729E-03 1.2712E+05 5.9891E-031633 3102
 1.2713E+05 6.2145E-03 1.2714E+05 6.4514E-03 1.2716E+05 6.6961E-031633 3102
 1.2717E+05 6.9507E-03 1.2718E+05 7.2152E-03 1.2719E+05 7.4456E-031633 3102
 1.2720E+05 7.6807E-03 1.2721E+05 7.9226E-03 1.2722E+05 8.1713E-031633 3102
 1.2723E+05 8.4264E-03 1.2724E+05 8.6879E-03 1.2725E+05 8.9553E-031633 3102
 1.2726E+05 9.2282E-03 1.2728E+05 9.7905E-03 1.2730E+05 1.0363E-021633 3102
 1.2732E+05 1.0942E-02 1.2734E+05 1.1517E-02 1.2736E+05 1.2079E-021633 3102
 1.2740E+05 1.3094E-02 1.2742E+05 1.3519E-02 1.2744E+05 1.3868E-021633 3102
 1.2746E+05 1.4128E-02 1.2748E+05 1.4287E-02 1.2750E+05 1.4338E-021633 3102
 1.2752E+05 1.4280E-02 1.2754E+05 1.4113E-02 1.2756E+05 1.3847E-021633 3102
 1.2758E+05 1.3492E-02 1.2760E+05 1.3060E-02 1.2762E+05 1.2571E-021633 3102
 1.2764E+05 1.2038E-02 1.2766E+05 1.1476E-02 1.2768E+05 1.0897E-021633 3102
 1.2770E+05 1.0320E-02 1.2774E+05 9.1883E-03 1.2778E+05 8.1322E-031633 3102
 1.2784E+05 6.6926E-03 1.2789E+05 5.8191E-03 1.2791E+05 5.4316E-031633 3102
 1.2796E+05 4.7457E-03 1.2798E+05 4.4432E-03 1.2802E+05 3.9085E-031633 3102
 1.2805E+05 3.6725E-03 1.2809E+05 3.2545E-03 1.2814E+05 2.8984E-031633 3102
 1.2816E+05 2.7401E-03 1.2820E+05 2.4577E-03 1.2823E+05 2.3315E-031633 3102
 1.2827E+05 2.1052E-03 1.2829E+05 2.0035E-03 1.2834E+05 1.8201E-031633 3102
 1.2839E+05 1.6597E-03 1.2845E+05 1.4548E-03 1.2852E+05 1.2845E-031633 3102
 1.2859E+05 1.1416E-03 1.2863E+05 1.0591E-03 1.2868E+05 9.8505E-041633 3102
 1.2877E+05 8.5765E-04 1.2881E+05 8.0285E-04 1.2891E+05 7.0767E-041633 3102
 1.2895E+05 6.6620E-04 1.2904E+05 5.9336E-04 1.2913E+05 5.3171E-041633 3102
 1.2927E+05 4.5569E-04 1.2940E+05 3.9470E-04 1.2954E+05 3.4511E-041633 3102
 1.2963E+05 3.1703E-04 1.2976E+05 2.8089E-04 1.2990E+05 2.5060E-041633 3102
 1.2999E+05 2.3307E-04 1.3017E+05 2.0302E-04 1.3035E+05 1.7841E-041633 3102
 1.3062E+05 1.4910E-04 1.3089E+05 1.2647E-04 1.3116E+05 1.0863E-041633 3102
 1.3135E+05 9.8758E-05 1.3162E+05 8.6303E-05 1.3189E+05 7.6074E-051633 3102
 1.3216E+05 6.7573E-05 1.3234E+05 6.2682E-05 1.3288E+05 5.0835E-051633 3102
 1.3342E+05 4.2081E-05 1.3397E+05 3.5434E-05 1.3487E+05 2.7439E-051633 3102
 1.3596E+05 2.1023E-05 1.3686E+05 1.7291E-05 1.3758E+05 1.5001E-051633 3102
 1.3867E+05 1.2364E-05 1.4048E+05 9.3502E-06 1.4264E+05 7.0624E-061633 3102
 1.4445E+05 5.7894E-06 1.4734E+05 4.4331E-06 1.5096E+05 3.3988E-061633 3102
 1.5530E+05 2.6644E-06 1.5891E+05 2.2861E-06 1.6542E+05 1.9045E-061633 3102
 1.6832E+05 1.8168E-06 1.7410E+05 1.7533E-06 1.8133E+05 1.8711E-061633 3102
 1.8567E+05 2.0692E-06 1.8856E+05 2.2759E-06 1.9218E+05 2.6550E-061633 3102
 1.9652E+05 3.3891E-06 2.0013E+05 4.4114E-06 2.0339E+05 5.9390E-061633 3102
 2.0519E+05 7.2296E-06 2.0736E+05 9.5089E-06 2.0917E+05 1.2441E-051633 3102
 2.1026E+05 1.4951E-05 2.1134E+05 1.8347E-05 2.1261E+05 2.4073E-051633 3102
 2.1315E+05 2.7407E-05 2.1369E+05 3.1503E-05 2.1405E+05 3.4775E-051633 3102
 2.1459E+05 4.0746E-05 2.1514E+05 4.8424E-05 2.1568E+05 5.8522E-051633 3102
 2.1604E+05 6.7128E-05 2.1658E+05 8.4112E-05 2.1676E+05 9.1227E-051633 3102
 2.1713E+05 1.0847E-04 2.1731E+05 1.1897E-04 2.1767E+05 1.4509E-041633 3102
 2.1785E+05 1.6146E-04 2.1821E+05 2.0379E-04 2.1839E+05 2.3135E-041633 3102
 2.1875E+05 3.0587E-04 2.1893E+05 3.5682E-04 2.1911E+05 4.2123E-041633 3102
 2.1920E+05 4.6000E-04 2.1930E+05 5.0401E-04 2.1934E+05 5.2825E-041633 3102
 2.1939E+05 5.5433E-04 2.1943E+05 5.8230E-04 2.1948E+05 6.1231E-041633 3102
 2.1952E+05 6.4458E-04 2.1957E+05 6.7930E-04 2.1961E+05 7.1671E-041633 3102
 2.1966E+05 7.5698E-04 2.1970E+05 8.0058E-04 2.1975E+05 8.4775E-041633 3102
 2.1979E+05 8.9884E-04 2.1984E+05 9.5423E-04 2.1988E+05 1.0144E-031633 3102
 2.1993E+05 1.0795E-03 2.1995E+05 1.1142E-03 2.1997E+05 1.1504E-031633 3102
 2.2000E+05 1.1883E-03 2.2002E+05 1.2278E-03 2.2004E+05 1.2690E-031633 3102
 2.2006E+05 1.3120E-03 2.2009E+05 1.3569E-03 2.2011E+05 1.4038E-031633 3102
 2.2013E+05 1.4528E-03 2.2015E+05 1.5039E-03 2.2018E+05 1.5572E-031633 3102
 2.2020E+05 1.6128E-03 2.2022E+05 1.6708E-03 2.2024E+05 1.7313E-031633 3102
 2.2027E+05 1.7944E-03 2.2029E+05 1.8601E-03 2.2031E+05 1.9285E-031633 3102
 2.2033E+05 1.9996E-03 2.2036E+05 2.0736E-03 2.2038E+05 2.1499E-031633 3102
 2.2040E+05 2.2181E-03 2.2042E+05 2.2883E-03 2.2044E+05 2.3605E-031633 3102
 2.2046E+05 2.4348E-03 2.2048E+05 2.5110E-03 2.2050E+05 2.5891E-031633 3102
 2.2052E+05 2.6690E-03 2.2053E+05 2.7501E-03 2.2055E+05 2.8331E-031633 3102
 2.2057E+05 2.9173E-03 2.2059E+05 3.0026E-03 2.2061E+05 3.0888E-031633 3102
 2.2063E+05 3.1753E-03 2.2065E+05 3.2620E-03 2.2069E+05 3.4337E-031633 3102
 2.2073E+05 3.6012E-03 2.2077E+05 3.7600E-03 2.2081E+05 3.9055E-031633 3102
 2.2088E+05 4.1375E-03 2.2092E+05 4.2152E-03 2.2096E+05 4.2629E-031633 3102
 2.2100E+05 4.2783E-03 2.2104E+05 4.2606E-03 2.2108E+05 4.2107E-031633 3102
 2.2112E+05 4.1307E-03 2.2116E+05 4.0243E-03 2.2119E+05 3.8952E-031633 3102
 2.2123E+05 3.7484E-03 2.2127E+05 3.5886E-03 2.2131E+05 3.4208E-031633 3102
 2.2135E+05 3.2482E-03 2.2139E+05 3.0748E-03 2.2143E+05 2.9035E-031633 3102
 2.2147E+05 2.7369E-03 2.2158E+05 2.2760E-03 2.2170E+05 1.8952E-031633 3102
 2.2177E+05 1.6821E-03 2.2188E+05 1.4131E-03 2.2200E+05 1.1960E-031633 3102
 2.2211E+05 1.0204E-03 2.2218E+05 9.2195E-04 2.2230E+05 7.9726E-041633 3102
 2.2241E+05 6.9467E-04 2.2252E+05 6.0973E-04 2.2259E+05 5.6102E-041633 3102
 2.2271E+05 4.9782E-04 2.2282E+05 4.4442E-04 2.2289E+05 4.1330E-041633 3102
 2.2304E+05 3.5971E-04 2.2319E+05 3.1568E-04 2.2327E+05 2.9657E-041633 3102
 2.2342E+05 2.6310E-04 2.2364E+05 2.2239E-04 2.2387E+05 1.9034E-041633 3102
 2.2402E+05 1.7262E-04 2.2424E+05 1.5028E-04 2.2447E+05 1.3199E-041633 3102
 2.2469E+05 1.1680E-04 2.2507E+05 9.6712E-05 2.2552E+05 7.8729E-051633 3102
 2.2597E+05 6.5307E-05 2.2627E+05 5.8172E-05 2.2672E+05 4.9470E-051633 3102
 2.2717E+05 4.2579E-05 2.2762E+05 3.7032E-05 2.2837E+05 2.9926E-051633 3102
 2.2882E+05 2.6603E-05 2.2942E+05 2.2971E-05 2.3002E+05 2.0034E-051633 3102
 2.3092E+05 1.6584E-05 2.3181E+05 1.3957E-05 2.3271E+05 1.1910E-051633 3102
 2.3421E+05 9.3815E-06 2.3601E+05 7.2894E-06 2.3781E+05 5.8326E-061633 3102
 2.3961E+05 4.7773E-06 2.4141E+05 3.9886E-06 2.4441E+05 3.0554E-061633 3102
 2.4801E+05 2.3191E-06 2.5100E+05 1.8962E-06 2.5640E+05 1.3868E-061633 3102
 2.5760E+05 1.3028E-06 2.5880E+05 1.2266E-06 2.5940E+05 1.1918E-061633 3102
 2.5970E+05 1.1906E-06 2.5985E+05 1.1886E-06 2.5991E+05 1.1873E-061633 3102
 2.5992E+05 1.2394E-06 2.5993E+05 1.3170E-06 2.5993E+05 1.4901E-061633 3102
 2.5994E+05 1.8557E-06 2.5994E+05 2.1684E-06 2.5994E+05 2.5868E-061633 3102
 2.5995E+05 3.1885E-06 2.5995E+05 3.9723E-06 2.5995E+05 5.0695E-061633 3102
 2.5995E+05 6.4607E-06 2.5996E+05 8.3567E-06 2.5996E+05 1.0697E-051633 3102
 2.5996E+05 1.3658E-05 2.5996E+05 1.7355E-05 2.5996E+05 2.2132E-051633 3102
 2.5997E+05 2.7724E-05 2.5997E+05 4.2777E-05 2.5998E+05 6.3489E-051633 3102
 2.5998E+05 8.9861E-05 2.5999E+05 1.2313E-04 2.5999E+05 1.6216E-041633 3102
 2.6000E+05 2.0558E-04 2.6000E+05 1.1572E-06 2.6000E+05 5.0055E-041633 3102
 2.6000E+05 5.0055E-04 2.7536E+05 4.8435E-04 2.9149E+05 4.6879E-041633 3102
 3.0798E+05 4.5423E-04 3.2527E+05 4.4022E-04 3.4273E+05 4.2722E-041633 3102
 3.6098E+05 4.1470E-04 3.8006E+05 4.0263E-04 4.0000E+05 3.9099E-041633 3102
 4.2671E+05 3.7627E-04 4.5494E+05 3.6222E-04 4.8406E+05 3.4912E-041633 3102
 5.1477E+05 3.3659E-04 5.4641E+05 3.2487E-04 5.7972E+05 3.1365E-041633 3102
 6.1399E+05 3.0314E-04 6.5000E+05 2.9305E-04 7.0000E+05 2.8041E-041633 3102
 7.3884E+05 2.7176E-04 7.7953E+05 2.6344E-04 8.2164E+05 2.5552E-041633 3102
 8.6570E+05 2.4789E-04 8.6782E+05 2.4724E-04 8.6994E+05 2.4659E-041633 3102
 8.7419E+05 2.4531E-04 8.8274E+05 2.4276E-04 8.9134E+05 2.4025E-041633 3102
 9.0000E+05 2.3778E-04 9.1206E+05 2.3554E-04 9.2424E+05 2.3333E-041633 3102
 9.3652E+05 2.3116E-04 9.4890E+05 2.2901E-04 9.7423E+05 2.2477E-041633 3102
 1.0000E+06 2.2064E-04 1.0288E+06 2.1999E-04 1.0581E+06 2.1935E-041633 3102
 1.0882E+06 2.1872E-04 1.1190E+06 2.1809E-04 1.1507E+06 2.1746E-041633 3102
 1.1829E+06 2.1684E-04 1.2162E+06 2.1622E-04 1.2500E+06 2.1561E-041633 3102
 1.3088E+06 2.1152E-04 1.3700E+06 2.0753E-04 1.4337E+06 2.0363E-041633 3102
 1.5000E+06 1.9984E-04 1.6207E+06 1.9472E-04 1.7500E+06 1.8978E-041633 3102
 1.8713E+06 1.8638E-04 2.0000E+06 1.8307E-04 2.0261E+06 1.8315E-041633 3102
 2.0261E+06 1.8315E-04 2.0314E+06 1.8195E-04 2.0367E+06 1.8076E-041633 3102
 2.0472E+06 1.7841E-04 2.0684E+06 1.7381E-04 2.0898E+06 1.6934E-041633 3102
 2.1113E+06 1.6500E-04 2.1332E+06 1.6073E-04 2.1553E+06 1.5659E-041633 3102
 2.2000E+06 1.4865E-04 2.2447E+06 1.4533E-04 2.2900E+06 1.4209E-041633 3102
 2.3366E+06 1.3891E-04 2.3838E+06 1.3583E-04 2.3838E+06 1.3582E-041633 3102
 2.3909E+06 1.3532E-04 2.3981E+06 1.3482E-04 2.4125E+06 1.3383E-041633 3102
 2.4414E+06 1.3188E-04 2.4706E+06 1.2996E-04 2.5000E+06 1.2808E-041633 3102
 2.5301E+06 1.2694E-04 2.5605E+06 1.2582E-04 2.6220E+06 1.2362E-041633 3102
 2.6855E+06 1.2144E-04 2.7500E+06 1.1932E-04 2.8501E+06 1.1734E-041633 3102
 2.9537E+06 1.1540E-04 2.9652E+06 1.1449E-04 2.9768E+06 1.1358E-041633 3102
 3.0000E+06 1.6601E-04 3.0238E+06 1.6555E-04 3.0328E+06 1.6258E-041633 3102
 3.0418E+06 1.5969E-04 3.0598E+06 1.5418E-04 3.0714E+06 1.5263E-041633 3102
 3.0830E+06 1.5110E-04 3.1063E+06 1.4815E-04 3.1297E+06 1.4533E-041633 3102
 3.1533E+06 1.4263E-04 3.2014E+06 1.3750E-04 3.2500E+06 1.3281E-041633 3102
 3.3185E+06 1.2943E-04 3.3286E+06 1.2892E-04 3.3388E+06 1.2841E-041633 3102
 3.3591E+06 1.2742E-04 3.3795E+06 1.2646E-04 3.4000E+06 1.2553E-041633 3102
 3.4490E+06 1.2465E-04 3.4985E+06 1.2384E-04 3.5490E+06 1.2309E-041633 3102
 3.6000E+06 1.2240E-04 3.7101E+06 1.2253E-04 3.7101E+06 1.2253E-041633 3102
 3.7188E+06 1.2239E-04 3.7275E+06 1.2225E-04 3.7450E+06 1.2198E-041633 3102
 3.7800E+06 1.2146E-04 3.8153E+06 1.2098E-04 3.8508E+06 1.2054E-041633 3102
 3.9234E+06 1.1976E-04 3.9969E+06 1.1913E-04 4.0723E+06 1.1864E-041633 3102
 4.1487E+06 1.1829E-04 4.2270E+06 1.1809E-04 4.3063E+06 1.1804E-041633 3102
 4.3876E+06 1.1813E-04 4.4699E+06 1.1837E-04 4.5538E+06 1.1876E-041633 3102
 4.6400E+06 1.1931E-04 4.7271E+06 1.2001E-04 4.8166E+06 1.2088E-041633 3102
 4.9071E+06 1.2190E-04 5.0000E+06 1.2310E-04 5.1156E+06 1.2494E-041633 3102
 5.2348E+06 1.2706E-04 5.3553E+06 1.2943E-04 5.4795E+06 1.3211E-041633 3102
 5.6050E+06 1.3506E-04 5.7344E+06 1.3836E-04 5.8652E+06 1.4196E-041633 3102
 6.0000E+06 1.4597E-04 6.1506E+06 1.5079E-04 6.3037E+06 1.5607E-041633 3102
 6.4612E+06 1.6193E-04 6.6213E+06 1.6832E-04 6.7859E+06 1.7536E-041633 3102
 6.9532E+06 1.8303E-04 7.1252E+06 1.9145E-04 7.3000E+06 2.0059E-041633 3102
 7.3354E+06 2.0253E-04 7.5209E+06 2.1306E-04 7.7095E+06 2.2443E-041633 3102
 7.9013E+06 2.3666E-04 8.0962E+06 2.4975E-04 8.2942E+06 2.6367E-041633 3102
 8.4955E+06 2.7840E-04 8.7000E+06 2.9385E-04 8.9078E+06 3.0991E-041633 3102
 8.9078E+06 3.0991E-04 9.0531E+06 3.2127E-04 9.2000E+06 3.3278E-041633 3102
 9.3610E+06 3.4497E-04 9.5281E+06 3.5751E-04 9.6929E+06 3.6965E-041633 3102
 9.8638E+06 3.8189E-04 1.0000E+07 3.9131E-04 1.0140E+07 4.0061E-041633 3102
 1.0279E+07 4.0943E-04 1.0422E+07 4.1802E-04 1.0563E+07 4.2596E-041633 3102
 1.0708E+07 4.3356E-04 1.0853E+07 4.4055E-04 1.1000E+07 4.4701E-041633 3102
 1.1120E+07 4.5171E-04 1.1245E+07 4.5617E-04 1.1493E+07 4.6368E-041633 3102
 1.1745E+07 4.6956E-04 1.2000E+07 4.7381E-04 1.2239E+07 4.7629E-041633 3102
 1.2481E+07 4.7752E-04 1.2726E+07 4.7759E-04 1.2974E+07 4.7657E-041633 3102
 1.3226E+07 4.7455E-04 1.3481E+07 4.7163E-04 1.3739E+07 4.6789E-041633 3102
 1.3869E+07 4.6575E-04 1.4000E+07 4.6344E-04 1.4240E+07 4.5882E-041633 3102
 1.4483E+07 4.5373E-04 1.4729E+07 4.4822E-04 1.4978E+07 4.4234E-041633 3102
 1.5229E+07 4.3616E-04 1.5483E+07 4.2971E-04 1.5740E+07 4.2302E-041633 3102
 1.5870E+07 4.1960E-04 1.6000E+07 4.1614E-04 1.6485E+07 4.0310E-041633 3102
 1.6980E+07 3.8970E-04 1.7485E+07 3.7609E-04 1.7741E+07 3.6926E-041633 3102
 1.8000E+07 3.6241E-04 1.8487E+07 3.4974E-04 1.8982E+07 3.3719E-041633 3102
 1.9487E+07 3.2477E-04 2.0000E+07 3.1258E-04                      1633 3102
                                                                  1633 3  0
