SB-123N,G*   5.2000-01* JEF-2.2; RN - ---/SYS                     5123 3402
                                                                  5123 3402
 5.11230+04 1.2185E+02          0          1          0          05123 3402
 3.0000E+02 6.4547E+06          0          0          1       12825123 3402
       1282          2                                            5123 3402
 1.0000E-05 0.0000E+00 1.0000E-05 7.7922E-01 1.0500E-04 7.7922E-015123 3402
 1.0500E-04 5.8956E-01 1.1000E-04 5.8956E-01 1.1000E-04 5.7632E-015123 3402
 1.1500E-04 5.7632E-01 1.1500E-04 5.6418E-01 1.2000E-04 5.6418E-015123 3402
 1.2000E-04 5.4967E-01 1.2750E-04 5.4967E-01 1.2750E-04 5.3386E-015123 3402
 1.3500E-04 5.3386E-01 1.3500E-04 5.1916E-01 1.4250E-04 5.1916E-015123 3402
 1.4250E-04 5.0570E-01 1.5000E-04 5.0570E-01 1.5000E-04 4.9131E-015123 3402
 1.6000E-04 4.9131E-01 1.6000E-04 4.7609E-01 1.7000E-04 4.7609E-015123 3402
 1.7000E-04 4.6228E-01 1.8000E-04 4.6228E-01 1.8000E-04 4.4965E-015123 3402
 1.9000E-04 4.4965E-01 1.9000E-04 4.3798E-01 2.0000E-04 4.3798E-015123 3402
 2.0000E-04 4.2715E-01 2.1000E-04 4.2715E-01 2.1000E-04 4.1709E-015123 3402
 2.2000E-04 4.1709E-01 2.2000E-04 4.0773E-01 2.3000E-04 4.0773E-015123 3402
 2.3000E-04 3.9900E-01 2.4000E-04 3.9900E-01 2.4000E-04 3.8893E-015123 3402
 2.5500E-04 3.8893E-01 2.5500E-04 3.7764E-01 2.7000E-04 3.7764E-015123 3402
 2.7000E-04 3.6906E-01 2.8000E-04 3.6906E-01 2.8000E-04 3.5930E-015123 3402
 3.0000E-04 3.5930E-01 3.0000E-04 3.4752E-01 3.2000E-04 3.4752E-015123 3402
 3.2000E-04 3.3685E-01 3.4000E-04 3.3685E-01 3.4000E-04 3.2703E-015123 3402
 3.6000E-04 3.2703E-01 3.6000E-04 3.1807E-01 3.8000E-04 3.1807E-015123 3402
 3.8000E-04 3.0983E-01 4.0000E-04 3.0983E-01 4.0000E-04 3.0126E-015123 3402
 4.2500E-04 3.0126E-01 4.2500E-04 2.9253E-01 4.5000E-04 2.9253E-015123 3402
 4.5000E-04 2.8450E-01 4.7500E-04 2.8450E-01 4.7500E-04 2.7712E-015123 3402
 5.0000E-04 2.7712E-01 5.0000E-04 2.7028E-01 5.2500E-04 2.7028E-015123 3402
 5.2500E-04 2.6392E-01 5.5000E-04 2.6392E-01 5.5000E-04 2.5801E-015123 3402
 5.7500E-04 2.5801E-01 5.7500E-04 2.5248E-01 6.0000E-04 2.5248E-015123 3402
 6.0000E-04 2.4680E-01 6.3000E-04 2.4680E-01 6.3000E-04 2.4096E-015123 3402
 6.6000E-04 2.4096E-01 6.6000E-04 2.3555E-01 6.9000E-04 2.3555E-015123 3402
 6.9000E-04 2.3056E-01 7.2000E-04 2.3056E-01 7.2000E-04 2.2496E-015123 3402
 7.6000E-04 2.2496E-01 7.6000E-04 2.1912E-01 8.0000E-04 2.1912E-015123 3402
 8.0000E-04 2.1379E-01 8.4000E-04 2.1379E-01 8.4000E-04 2.0883E-015123 3402
 8.8000E-04 2.0883E-01 8.8000E-04 2.0403E-01 9.2000E-04 2.0403E-015123 3402
 9.2000E-04 1.9971E-01 9.6000E-04 1.9971E-01 9.6000E-04 1.9553E-015123 3402
 1.0000E-03 1.9553E-01 1.0000E-03 1.9124E-01 1.0500E-03 1.9124E-015123 3402
 1.0500E-03 1.8669E-01 1.1000E-03 1.8669E-01 1.1000E-03 1.8249E-015123 3402
 1.1500E-03 1.8249E-01 1.1500E-03 1.7860E-01 1.2000E-03 1.7860E-015123 3402
 1.2000E-03 1.7400E-01 1.2750E-03 1.7400E-01 1.2750E-03 1.6896E-015123 3402
 1.3500E-03 1.6896E-01 1.3500E-03 1.6432E-01 1.4250E-03 1.6432E-015123 3402
 1.4250E-03 1.6005E-01 1.5000E-03 1.6005E-01 1.5000E-03 1.5547E-015123 3402
 1.6000E-03 1.5547E-01 1.6000E-03 1.5077E-01 1.7000E-03 1.5077E-015123 3402
 1.7000E-03 1.4635E-01 1.8000E-03 1.4635E-01 1.8000E-03 1.4236E-015123 3402
 1.9000E-03 1.4236E-01 1.9000E-03 1.3865E-01 2.0000E-03 1.3865E-015123 3402
 2.0000E-03 1.3520E-01 2.1000E-03 1.3520E-01 2.1000E-03 1.3206E-015123 3402
 2.2000E-03 1.3206E-01 2.2000E-03 1.2905E-01 2.3000E-03 1.2905E-015123 3402
 2.3000E-03 1.2628E-01 2.4000E-03 1.2628E-01 2.4000E-03 1.2305E-015123 3402
 2.5500E-03 1.2305E-01 2.5500E-03 1.1948E-01 2.7000E-03 1.1948E-015123 3402
 2.7000E-03 1.1672E-01 2.8000E-03 1.1672E-01 2.8000E-03 1.1367E-015123 3402
 3.0000E-03 1.1367E-01 3.0000E-03 1.0994E-01 3.2000E-03 1.0994E-015123 3402
 3.2000E-03 1.0660E-01 3.4000E-03 1.0660E-01 3.4000E-03 1.0350E-015123 3402
 3.6000E-03 1.0350E-01 3.6000E-03 1.0069E-01 3.8000E-03 1.0069E-015123 3402
 3.8000E-03 9.8038E-02 4.0000E-03 9.8038E-02 4.0000E-03 9.5340E-025123 3402
 4.2500E-03 9.5340E-02 4.2500E-03 9.2580E-02 4.5000E-03 9.2580E-025123 3402
 4.5000E-03 9.0025E-02 4.7500E-03 9.0025E-02 4.7500E-03 8.7688E-025123 3402
 5.0000E-03 8.7688E-02 5.0000E-03 8.5534E-02 5.2500E-03 8.5534E-025123 3402
 5.2500E-03 8.3508E-02 5.5000E-03 8.3508E-02 5.5000E-03 8.1630E-025123 3402
 5.7500E-03 8.1630E-02 5.7500E-03 7.9880E-02 6.0000E-03 7.9880E-025123 3402
 6.0000E-03 7.8073E-02 6.3000E-03 7.8073E-02 6.3000E-03 7.6235E-025123 3402
 6.6000E-03 7.6235E-02 6.6000E-03 7.4545E-02 6.9000E-03 7.4545E-025123 3402
 6.9000E-03 7.2978E-02 7.2000E-03 7.2978E-02 7.2000E-03 7.1194E-025123 3402
 7.6000E-03 7.1194E-02 7.6000E-03 6.9359E-02 8.0000E-03 6.9359E-025123 3402
 8.0000E-03 6.7638E-02 8.4000E-03 6.7638E-02 8.4000E-03 6.6044E-025123 3402
 8.8000E-03 6.6044E-02 8.8000E-03 6.4564E-02 9.2000E-03 6.4564E-025123 3402
 9.2000E-03 6.3164E-02 9.6000E-03 6.3164E-02 9.6000E-03 6.1875E-025123 3402
 1.0000E-02 6.1875E-02 1.0000E-02 6.0490E-02 1.0500E-02 6.0490E-025123 3402
 1.0500E-02 5.9066E-02 1.1000E-02 5.9066E-02 1.1000E-02 5.7744E-025123 3402
 1.1500E-02 5.7744E-02 1.1500E-02 5.6499E-02 1.2000E-02 5.6499E-025123 3402
 1.2000E-02 5.5057E-02 1.2750E-02 5.5057E-02 1.2750E-02 5.3463E-025123 3402
 1.3500E-02 5.3463E-02 1.3500E-02 5.2001E-02 1.4250E-02 5.2001E-025123 3402
 1.4250E-02 5.0671E-02 1.5000E-02 5.0671E-02 1.5000E-02 4.9221E-025123 3402
 1.6000E-02 4.9221E-02 1.6000E-02 4.7717E-02 1.7000E-02 4.7717E-025123 3402
 1.7000E-02 4.6328E-02 1.8000E-02 4.6328E-02 1.8000E-02 4.5056E-025123 3402
 1.9000E-02 4.5056E-02 1.9000E-02 4.3887E-02 2.0000E-02 4.3887E-025123 3402
 2.0000E-02 4.2807E-02 2.1000E-02 4.2807E-02 2.1000E-02 4.1799E-025123 3402
 2.2000E-02 4.1799E-02 2.2000E-02 4.0860E-02 2.3000E-02 4.0860E-025123 3402
 2.3000E-02 3.9985E-02 2.4000E-02 3.9985E-02 2.4000E-02 3.8969E-025123 3402
 2.5500E-02 3.8969E-02 2.5500E-02 3.7863E-02 2.7000E-02 3.7863E-025123 3402
 2.7000E-02 3.6980E-02 2.8000E-02 3.6980E-02 2.8000E-02 3.6031E-025123 3402
 3.0000E-02 3.6031E-02 3.0000E-02 3.4845E-02 3.2000E-02 3.4845E-025123 3402
 3.2000E-02 3.3773E-02 3.4000E-02 3.3773E-02 3.4000E-02 3.2798E-025123 3402
 3.6000E-02 3.2798E-02 3.6000E-02 3.1901E-02 3.8000E-02 3.1901E-025123 3402
 3.8000E-02 3.1074E-02 4.0000E-02 3.1074E-02 4.0000E-02 3.0221E-025123 3402
 4.2500E-02 3.0221E-02 4.2500E-02 2.9349E-02 4.5000E-02 2.9349E-025123 3402
 4.5000E-02 2.8555E-02 4.7500E-02 2.8555E-02 4.7500E-02 2.7835E-025123 3402
 5.0000E-02 2.7835E-02 5.0000E-02 2.7138E-02 5.2500E-02 2.7138E-025123 3402
 5.2500E-02 2.6518E-02 5.5000E-02 2.6518E-02 5.5000E-02 2.5911E-025123 3402
 5.7500E-02 2.5911E-02 5.7500E-02 2.5364E-02 6.0000E-02 2.5364E-025123 3402
 6.0000E-02 2.4787E-02 6.3000E-02 2.4787E-02 6.3000E-02 2.4215E-025123 3402
 6.6000E-02 2.4215E-02 6.6000E-02 2.3666E-02 6.9000E-02 2.3666E-025123 3402
 6.9000E-02 2.3162E-02 7.2000E-02 2.3162E-02 7.2000E-02 2.2616E-025123 3402
 7.6000E-02 2.2616E-02 7.6000E-02 2.2030E-02 8.0000E-02 2.2030E-025123 3402
 8.0000E-02 2.1490E-02 8.4000E-02 2.1490E-02 8.4000E-02 2.0990E-025123 3402
 8.8000E-02 2.0990E-02 8.8000E-02 2.0522E-02 9.2000E-02 2.0522E-025123 3402
 9.2000E-02 2.0085E-02 9.6000E-02 2.0085E-02 9.6000E-02 1.9675E-025123 3402
 1.0000E-01 1.9675E-02 1.0000E-01 1.9247E-02 1.0500E-01 1.9247E-025123 3402
 1.0500E-01 1.8802E-02 1.1000E-01 1.8802E-02 1.1000E-01 1.8394E-025123 3402
 1.1500E-01 1.8394E-02 1.1500E-01 1.8000E-02 1.2000E-01 1.8000E-025123 3402
 1.2000E-01 1.7558E-02 1.2750E-01 1.7558E-02 1.2750E-01 1.7052E-025123 3402
 1.3500E-01 1.7052E-02 1.3500E-01 1.6590E-02 1.4250E-01 1.6590E-025123 3402
 1.4250E-01 1.6167E-02 1.5000E-01 1.6167E-02 1.5000E-01 1.5717E-025123 3402
 1.6000E-01 1.5717E-02 1.6000E-01 1.5242E-02 1.7000E-01 1.5242E-025123 3402
 1.7000E-01 1.4809E-02 1.8000E-01 1.4809E-02 1.8000E-01 1.4412E-025123 3402
 1.9000E-01 1.4412E-02 1.9000E-01 1.4051E-02 2.0000E-01 1.4051E-025123 3402
 2.0000E-01 1.3719E-02 2.1000E-01 1.3719E-02 2.1000E-01 1.3400E-025123 3402
 2.2000E-01 1.3400E-02 2.2000E-01 1.3111E-02 2.3000E-01 1.3111E-025123 3402
 2.3000E-01 1.2831E-02 2.4000E-01 1.2831E-02 2.4000E-01 1.2524E-025123 3402
 2.5500E-01 1.2524E-02 2.5500E-01 1.2171E-02 2.7000E-01 1.2171E-025123 3402
 2.7000E-01 1.1889E-02 2.8000E-01 1.1889E-02 2.8000E-01 1.1607E-025123 3402
 3.0000E-01 1.1607E-02 3.0000E-01 1.1239E-02 3.2000E-01 1.1239E-025123 3402
 3.2000E-01 1.0905E-02 3.4000E-01 1.0905E-02 3.4000E-01 1.0601E-025123 3402
 3.6000E-01 1.0601E-02 3.6000E-01 1.0323E-02 3.8000E-01 1.0323E-025123 3402
 3.8000E-01 1.0073E-02 4.0000E-01 1.0073E-02 4.0000E-01 9.8046E-035123 3402
 4.2500E-01 9.8046E-03 4.2500E-01 9.5233E-03 4.5000E-01 9.5233E-035123 3402
 4.5000E-01 9.2821E-03 4.7500E-01 9.2821E-03 4.7500E-01 9.0541E-035123 3402
 5.0000E-01 9.0541E-03 5.0000E-01 8.8463E-03 5.2500E-01 8.8463E-035123 3402
 5.2500E-01 8.6513E-03 5.5000E-01 8.6513E-03 5.5000E-01 8.4695E-035123 3402
 5.7500E-01 8.4695E-03 5.7500E-01 8.3027E-03 6.0000E-01 8.3027E-035123 3402
 6.0000E-01 8.1283E-03 6.3000E-01 8.1283E-03 6.3000E-01 7.9527E-035123 3402
 6.6000E-01 7.9527E-03 6.6000E-01 7.7903E-03 6.9000E-01 7.7903E-035123 3402
 6.9000E-01 7.6371E-03 7.2000E-01 7.6371E-03 7.2000E-01 7.4725E-035123 3402
 7.6000E-01 7.4725E-03 7.6000E-01 7.2980E-03 8.0000E-01 7.2980E-035123 3402
 8.0000E-01 7.1373E-03 8.4000E-01 7.1373E-03 8.4000E-01 6.9896E-035123 3402
 8.8000E-01 6.9896E-03 8.8000E-01 6.8544E-03 9.2000E-01 6.8544E-035123 3402
 9.2000E-01 6.7232E-03 9.6000E-01 6.7232E-03 9.6000E-01 6.6052E-035123 3402
 1.0000E+00 6.6052E-03 1.0000E+00 6.4766E-03 1.0500E+00 6.4766E-035123 3402
 1.0500E+00 6.3469E-03 1.1000E+00 6.3469E-03 1.1000E+00 6.2251E-035123 3402
 1.1500E+00 6.2251E-03 1.1500E+00 6.1123E-03 1.2000E+00 6.1123E-035123 3402
 1.2000E+00 5.9829E-03 1.2750E+00 5.9829E-03 1.2750E+00 5.8402E-035123 3402
 1.3500E+00 5.8402E-03 1.3500E+00 5.7099E-03 1.4250E+00 5.7099E-035123 3402
 1.4250E+00 5.5914E-03 1.5000E+00 5.5914E-03 1.5000E+00 5.4662E-035123 3402
 1.6000E+00 5.4662E-03 1.6000E+00 5.3366E-03 1.7000E+00 5.3366E-035123 3402
 1.7000E+00 5.2225E-03 1.8000E+00 5.2225E-03 1.8000E+00 5.1158E-035123 3402
 1.9000E+00 5.1158E-03 1.9000E+00 5.0214E-03 2.0000E+00 5.0214E-035123 3402
 2.0000E+00 4.9327E-03 2.1000E+00 4.9327E-03 2.1000E+00 4.8532E-035123 3402
 2.2000E+00 4.8532E-03 2.2000E+00 4.7808E-03 2.3000E+00 4.7808E-035123 3402
 2.3000E+00 4.7130E-03 2.4000E+00 4.7130E-03 2.4000E+00 4.6379E-035123 3402
 2.5500E+00 4.6379E-03 2.5500E+00 4.5566E-03 2.7000E+00 4.5566E-035123 3402
 2.7000E+00 4.4973E-03 2.8000E+00 4.4973E-03 2.8000E+00 4.4339E-035123 3402
 3.0000E+00 4.4339E-03 3.0000E+00 4.3560E-03 3.2000E+00 4.3560E-035123 3402
 3.2000E+00 4.2926E-03 3.4000E+00 4.2926E-03 3.4000E+00 4.2406E-035123 3402
 3.6000E+00 4.2406E-03 3.6000E+00 4.1944E-03 3.8000E+00 4.1944E-035123 3402
 3.8000E+00 4.1578E-03 4.0000E+00 4.1578E-03 4.0000E+00 4.1233E-035123 3402
 4.2500E+00 4.1233E-03 4.2500E+00 4.0947E-03 4.5000E+00 4.0947E-035123 3402
 4.5000E+00 4.0752E-03 4.7500E+00 4.0752E-03 4.7500E+00 4.0639E-035123 3402
 5.0000E+00 4.0639E-03 5.0000E+00 4.0597E-03 5.2500E+00 4.0597E-035123 3402
 5.2500E+00 4.0623E-03 5.5000E+00 4.0623E-03 5.5000E+00 4.0717E-035123 3402
 5.7500E+00 4.0717E-03 5.7500E+00 4.0878E-03 6.0000E+00 4.0878E-035123 3402
 6.0000E+00 4.1127E-03 6.3000E+00 4.1127E-03 6.3000E+00 4.1477E-035123 3402
 6.6000E+00 4.1477E-03 6.6000E+00 4.1912E-03 6.9000E+00 4.1912E-035123 3402
 6.9000E+00 4.2434E-03 7.2000E+00 4.2434E-03 7.2000E+00 4.3158E-035123 3402
 7.6000E+00 4.3158E-03 7.6000E+00 4.4131E-03 8.0000E+00 4.4131E-035123 3402
 8.0000E+00 4.5269E-03 8.4000E+00 4.5269E-03 8.4000E+00 4.6592E-035123 3402
 8.8000E+00 4.6592E-03 8.8000E+00 4.8106E-03 9.2000E+00 4.8106E-035123 3402
 9.2000E+00 4.9831E-03 9.6000E+00 4.9831E-03 9.6000E+00 5.1786E-035123 3402
 1.0000E+01 5.1786E-03 1.0000E+01 5.4312E-03 1.0500E+01 5.4312E-035123 3402
 1.0500E+01 5.7556E-03 1.1000E+01 5.7556E-03 1.1000E+01 6.1358E-035123 3402
 1.1500E+01 6.1358E-03 1.1500E+01 6.5814E-03 1.2000E+01 6.5814E-035123 3402
 1.2000E+01 7.2553E-03 1.2750E+01 7.2553E-03 1.2750E+01 8.2740E-035123 3402
 1.3500E+01 8.2740E-03 1.3500E+01 9.6230E-03 1.4250E+01 9.6230E-035123 3402
 1.4250E+01 1.1448E-02 1.5000E+01 1.1448E-02 1.5000E+01 1.4546E-025123 3402
 1.6000E+01 1.4546E-02 1.6000E+01 2.0281E-02 1.7000E+01 2.0281E-025123 3402
 1.7000E+01 3.0968E-02 1.8000E+01 3.0968E-02 1.8000E+01 5.4850E-025123 3402
 1.9000E+01 5.4850E-02 1.9000E+01 1.2934E-01 2.0000E+01 1.2934E-015123 3402
 2.0000E+01 7.9944E-01 2.1000E+01 7.9944E-01 2.1000E+01 1.8711E+015123 3402
 2.2000E+01 1.8711E+01 2.2000E+01 4.3957E-01 2.3000E+01 4.3957E-015123 3402
 2.3000E+01 9.6328E-02 2.4000E+01 9.6328E-02 2.4000E+01 3.6823E-025123 3402
 2.5500E+01 3.6823E-02 2.5500E+01 1.6776E-02 2.7000E+01 1.6776E-025123 3402
 2.7000E+01 1.0311E-02 2.8000E+01 1.0311E-02 2.8000E+01 6.7163E-035123 3402
 3.0000E+01 6.7163E-03 3.0000E+01 4.2068E-03 3.2000E+01 4.2068E-035123 3402
 3.2000E+01 2.9277E-03 3.4000E+01 2.9277E-03 3.4000E+01 2.1986E-035123 3402
 3.6000E+01 2.1986E-03 3.6000E+01 1.7532E-03 3.8000E+01 1.7532E-035123 3402
 3.8000E+01 1.4763E-03 4.0000E+01 1.4763E-03 4.0000E+01 1.3083E-035123 3402
 4.2500E+01 1.3083E-03 4.2500E+01 1.2977E-03 4.5000E+01 1.2977E-035123 3402
 4.5000E+01 1.7630E-03 4.7500E+01 1.7630E-03 4.7500E+01 1.2297E-025123 3402
 5.0000E+01 1.2297E-02 5.0000E+01 4.1069E-01 5.2500E+01 4.1069E-015123 3402
 5.2500E+01 2.2780E-03 5.5000E+01 2.2780E-03 5.5000E+01 1.0425E-035123 3402
 5.7500E+01 1.0425E-03 5.7500E+01 7.8208E-04 6.0000E+01 7.8208E-045123 3402
 6.0000E+01 6.9152E-04 6.3000E+01 6.9152E-04 6.3000E+01 6.8584E-045123 3402
 6.6000E+01 6.8584E-04 6.6000E+01 7.8004E-04 6.9000E+01 7.8004E-045123 3402
 6.9000E+01 1.1341E-03 7.2000E+01 1.1341E-03 7.2000E+01 8.2167E-035123 3402
 7.6000E+01 8.2167E-03 7.6000E+01 3.2129E-01 8.0000E+01 3.2129E-015123 3402
 8.0000E+01 1.4737E-03 8.4000E+01 1.4737E-03 8.4000E+01 8.8325E-045123 3402
 8.8000E+01 8.8325E-04 8.8000E+01 9.3399E-04 9.2000E+01 9.3399E-045123 3402
 9.2000E+01 1.3491E-03 9.6000E+01 1.3491E-03 9.6000E+01 2.9300E-035123 3402
 1.0000E+02 2.9300E-03 1.0000E+02 5.0729E-01 1.0500E+02 5.0729E-015123 3402
 1.0500E+02 5.2952E-01 1.1000E+02 5.2952E-01 1.1000E+02 2.4809E-035123 3402
 1.1500E+02 2.4809E-03 1.1500E+02 9.4156E-04 1.2000E+02 9.4156E-045123 3402
 1.2000E+02 5.1693E-04 1.2750E+02 5.1693E-04 1.2750E+02 3.4539E-045123 3402
 1.3500E+02 3.4539E-04 1.3500E+02 2.7671E-04 1.4250E+02 2.7671E-045123 3402
 1.4250E+02 2.4392E-04 1.5000E+02 2.4392E-04 1.5000E+02 2.2859E-045123 3402
 1.6000E+02 2.2859E-04 1.6000E+02 2.3772E-04 1.7000E+02 2.3772E-045123 3402
 1.7000E+02 3.1731E-03 1.8000E+02 3.1731E-03 1.8000E+02 4.8221E-035123 3402
 1.9000E+02 4.8221E-03 1.9000E+02 1.7447E-01 2.0000E+02 1.7447E-015123 3402
 2.0000E+02 4.2724E-04 2.1000E+02 4.2724E-04 2.1000E+02 3.1891E-025123 3402
 2.2000E+02 3.1891E-02 2.2000E+02 2.8633E-03 2.3000E+02 2.8633E-035123 3402
 2.3000E+02 8.6942E-03 2.4000E+02 8.6942E-03 2.4000E+02 7.6759E-025123 3402
 2.5500E+02 7.6759E-02 2.5500E+02 2.1992E-04 2.7000E+02 2.1992E-045123 3402
 2.7000E+02 2.1230E-04 2.8000E+02 2.1230E-04 2.8000E+02 6.5002E-025123 3402
 3.0000E+02 6.5002E-02 3.0000E+02 4.6980E-03 3.2000E+02 4.6980E-035123 3402
 3.2000E+02 7.5929E-02 3.4000E+02 7.5929E-02 3.4000E+02 1.5461E-025123 3402
 3.6000E+02 1.5461E-02 3.6000E+02 3.5169E-03 3.8000E+02 3.5169E-035123 3402
 3.8000E+02 4.8832E-02 4.0000E+02 4.8832E-02 4.0000E+02 1.3128E-035123 3402
 4.2500E+02 1.3128E-03 4.2500E+02 1.1003E-04 4.5000E+02 1.1003E-045123 3402
 4.5000E+02 6.3593E-03 4.7500E+02 6.3593E-03 4.7500E+02 1.5796E-025123 3402
 5.0000E+02 1.5796E-02 5.0000E+02 1.3890E-03 5.2500E+02 1.3890E-035123 3402
 5.2500E+02 1.4204E-02 5.5000E+02 1.4204E-02 5.5000E+02 2.4215E-025123 3402
 5.7500E+02 2.4215E-02 5.7500E+02 9.4111E-03 6.0000E+02 9.4111E-035123 3402
 6.0000E+02 2.0255E-02 6.3000E+02 2.0255E-02 6.3000E+02 1.4020E-025123 3402
 6.6000E+02 1.4020E-02 6.6000E+02 1.0493E-03 6.9000E+02 1.0493E-035123 3402
 6.9000E+02 6.6720E-03 7.2000E+02 6.6720E-03 7.2000E+02 3.1607E-025123 3402
 7.6000E+02 3.1607E-02 7.6000E+02 1.8262E-04 8.0000E+02 1.8262E-045123 3402
 8.0000E+02 3.0930E-02 8.4000E+02 3.0930E-02 8.4000E+02 3.6551E-025123 3402
 8.8000E+02 3.6551E-02 8.8000E+02 3.2660E-02 9.2000E+02 3.2660E-025123 3402
 9.2000E+02 7.5452E-03 9.6000E+02 7.5452E-03 9.6000E+02 3.5261E-025123 3402
 1.0000E+03 3.5261E-02 1.0000E+03 1.5043E-02 1.0500E+03 1.5043E-025123 3402
 1.0500E+03 5.7220E-03 1.1000E+03 5.7220E-03 1.1000E+03 1.7451E-025123 3402
 1.1500E+03 1.7451E-02 1.1500E+03 1.4621E-02 1.2000E+03 1.4621E-025123 3402
 1.2000E+03 1.3687E-02 1.2750E+03 1.3687E-02 1.2750E+03 6.7282E-035123 3402
 1.3500E+03 6.7282E-03 1.3500E+03 3.5515E-03 1.4250E+03 3.5515E-035123 3402
 1.4250E+03 2.0648E-02 1.5000E+03 2.0648E-02 1.5000E+03 1.3725E-025123 3402
 1.6000E+03 1.3730E-02 1.6000E+03 1.4648E-02 1.7000E+03 1.4653E-025123 3402
 1.7000E+03 1.4167E-02 1.8000E+03 1.4173E-02 1.8000E+03 1.3715E-025123 3402
 1.9000E+03 1.3721E-02 1.9000E+03 1.3305E-02 2.0000E+03 1.3311E-025123 3402
 2.0000E+03 1.2931E-02 2.1000E+03 1.2936E-02 2.1000E+03 1.2577E-025123 3402
 2.2000E+03 1.2582E-02 2.2000E+03 1.2257E-02 2.3000E+03 1.2262E-025123 3402
 2.3000E+03 1.1950E-02 2.4000E+03 1.1955E-02 2.4000E+03 1.1605E-025123 3402
 2.5500E+03 1.1611E-02 2.5500E+03 1.1217E-02 2.7000E+03 1.1224E-025123 3402
 2.7000E+03 1.0921E-02 2.8000E+03 1.0925E-02 2.8000E+03 1.0597E-025123 3402
 3.0000E+03 1.0606E-02 3.0000E+03 1.0169E-02 3.2000E+03 1.0177E-025123 3402
 3.2000E+03 9.7600E-03 3.4000E+03 9.7677E-03 3.4000E+03 9.3901E-035123 3402
 3.6000E+03 9.3975E-03 3.6000E+03 9.0600E-03 3.8000E+03 9.0671E-035123 3402
 3.8000E+03 8.7509E-03 4.0000E+03 8.7578E-03 4.0000E+03 8.4386E-035123 3402
 4.2500E+03 8.4468E-03 4.2500E+03 8.1209E-03 4.5000E+03 8.1288E-035123 3402
 4.5000E+03 7.8301E-03 4.7500E+03 7.8378E-03 4.7500E+03 7.5673E-035123 3402
 5.0000E+03 7.5747E-03 5.0000E+03 7.3264E-03 5.2500E+03 7.3335E-035123 3402
 5.2500E+03 7.1014E-03 5.5000E+03 7.1083E-03 5.5000E+03 6.8974E-035123 3402
 5.7500E+03 6.9042E-03 5.7500E+03 6.7046E-03 6.0000E+03 6.7111E-035123 3402
 6.0000E+03 6.5095E-03 6.3000E+03 6.5171E-03 6.3000E+03 6.3141E-035123 3402
 6.6000E+03 6.3214E-03 6.6000E+03 6.1303E-03 6.9000E+03 6.1375E-035123 3402
 6.9000E+03 5.9621E-03 7.2000E+03 5.9690E-03 7.2000E+03 5.7799E-035123 3402
 7.6000E+03 5.7889E-03 7.6000E+03 5.5877E-03 8.0000E+03 5.5964E-035123 3402
 8.0000E+03 5.4121E-03 8.4000E+03 5.4205E-03 8.4000E+03 5.2511E-035123 3402
 8.8000E+03 5.2592E-03 8.8000E+03 5.1016E-03 9.2000E+03 5.1095E-035123 3402
 9.2000E+03 4.9623E-03 9.6000E+03 4.9700E-03 9.6000E+03 4.8340E-035123 3402
 1.0000E+04 4.8414E-03 1.0000E+04 4.7155E-03 1.0500E+04 4.7246E-035123 3402
 1.0500E+04 4.6071E-03 1.1000E+04 4.6159E-03 1.1000E+04 4.5062E-035123 3402
 1.1500E+04 4.5148E-03 1.1500E+04 4.4125E-03 1.2000E+04 4.4209E-035123 3402
 1.2000E+04 4.3016E-03 1.2750E+04 4.3138E-03 1.2750E+04 4.1810E-035123 3402
 1.3500E+04 4.1929E-03 1.3500E+04 4.0726E-03 1.4250E+04 4.0842E-035123 3402
 1.4250E+04 3.9708E-03 1.5000E+04 3.9820E-03 1.5000E+04 3.8623E-035123 3402
 1.6000E+04 3.8768E-03 1.6000E+04 3.7512E-03 1.7000E+04 3.7653E-035123 3402
 1.7000E+04 3.6495E-03 1.8000E+04 3.6631E-03 1.8000E+04 3.5565E-035123 3402
 1.9000E+04 3.5698E-03 1.9000E+04 3.4723E-03 2.0000E+04 3.4851E-035123 3402
 2.0000E+04 3.3851E-03 2.1000E+04 3.3976E-03 2.1000E+04 3.2957E-035123 3402
 2.2000E+04 3.3078E-03 2.2000E+04 3.2132E-03 2.3000E+04 3.2250E-035123 3402
 2.3000E+04 3.1374E-03 2.4000E+04 3.1488E-03 2.4000E+04 3.0469E-035123 3402
 2.5500E+04 3.0636E-03 2.5500E+04 2.9507E-03 2.7000E+04 2.9667E-035123 3402
 2.7000E+04 2.8793E-03 2.8000E+04 2.8896E-03 2.8000E+04 2.7948E-035123 3402
 3.0000E+04 2.8148E-03 3.0000E+04 2.6976E-03 3.2000E+04 2.7168E-035123 3402
 3.2000E+04 2.6105E-03 3.4000E+04 2.6290E-03 3.4000E+04 2.5321E-035123 3402
 3.6000E+04 2.5499E-03 3.6000E+04 2.4613E-03 3.8000E+04 2.4784E-035123 3402
 3.8000E+04 2.3966E-03 4.0000E+04 2.4132E-03 4.0000E+04 2.3287E-035123 3402
 4.2500E+04 2.3487E-03 4.2500E+04 2.2622E-03 4.5000E+04 2.2815E-035123 3402
 4.5000E+04 2.2022E-03 4.7500E+04 2.2208E-03 4.7500E+04 2.1474E-035123 3402
 5.0000E+04 2.1654E-03 5.0000E+04 2.0978E-03 5.2500E+04 2.1152E-035123 3402
 5.2500E+04 2.0527E-03 5.5000E+04 2.0697E-03 5.5000E+04 2.0113E-035123 3402
 5.7500E+04 2.0277E-03 5.7500E+04 1.9729E-03 6.0000E+04 1.9889E-035123 3402
 6.0000E+04 1.9325E-03 6.3000E+04 1.9512E-03 6.3000E+04 1.8935E-035123 3402
 6.6000E+04 1.9116E-03 6.6000E+04 1.8577E-03 6.9000E+04 1.8753E-035123 3402
 6.9000E+04 1.8246E-03 7.2000E+04 1.8417E-03 7.2000E+04 1.7874E-035123 3402
 7.6000E+04 1.8095E-03 7.6000E+04 1.7503E-03 8.0000E+04 1.7717E-035123 3402
 8.0000E+04 1.7174E-03 8.4000E+04 1.7382E-03 8.4000E+04 1.6861E-035123 3402
 8.8000E+04 1.7062E-03 8.8000E+04 1.6585E-03 9.2000E+04 1.6781E-035123 3402
 9.2000E+04 1.6324E-03 9.6000E+04 1.6514E-03 9.6000E+04 1.6089E-035123 3402
 1.0000E+05 1.6274E-03 1.0000E+05 1.5841E-03 1.0500E+05 1.6067E-035123 3402
 1.0500E+05 1.5635E-03 1.1000E+05 1.5854E-03 1.1000E+05 1.5448E-035123 3402
 1.1500E+05 1.5662E-03 1.1500E+05 1.5279E-03 1.2000E+05 1.5488E-035123 3402
 1.2000E+05 1.5038E-03 1.2750E+05 1.5342E-03 1.2750E+05 1.4835E-035123 3402
 1.3500E+05 1.5129E-03 1.3500E+05 1.4656E-03 1.4250E+05 1.4941E-035123 3402
 1.4250E+05 1.4499E-03 1.5000E+05 1.4775E-03 1.5000E+05 1.4296E-035123 3402
 1.6000E+05 1.4652E-03 1.6000E+05 1.4136E-03 1.7000E+05 1.4480E-035123 3402
 1.7000E+05 1.4004E-03 1.8000E+05 1.4337E-03 1.8000E+05 1.3897E-035123 3402
 1.9000E+05 1.4219E-03 1.9000E+05 1.3790E-03 2.0000E+05 1.4102E-035123 3402
 2.0000E+05 1.3762E-03 2.1000E+05 1.4067E-03 2.1000E+05 1.3794E-035123 3402
 2.2000E+05 1.4093E-03 2.2000E+05 1.3833E-03 2.3000E+05 1.4127E-035123 3402
 2.3000E+05 1.3878E-03 2.4000E+05 1.4167E-03 2.4000E+05 1.3881E-035123 3402
 2.5500E+05 1.4305E-03 2.5500E+05 1.4002E-03 2.7000E+05 1.4417E-035123 3402
 2.7000E+05 1.4167E-03 2.8000E+05 1.4439E-03 2.8000E+05 1.4169E-035123 3402
 3.0000E+05 1.4703E-03 3.0000E+05 1.4345E-03 3.2000E+05 1.4865E-035123 3402
 3.2000E+05 1.4529E-03 3.4000E+05 1.5038E-03 3.4000E+05 1.4720E-035123 3402
 3.6000E+05 1.5218E-03 3.6000E+05 1.4929E-03 3.8000E+05 1.5417E-035123 3402
 3.8000E+05 1.5285E-03 4.0000E+05 1.5770E-03 4.0000E+05 1.5649E-035123 3402
 4.2500E+05 1.6250E-03 4.2500E+05 1.6111E-03 4.5000E+05 1.6706E-035123 3402
 4.5000E+05 1.6573E-03 4.7500E+05 1.7164E-03 4.7500E+05 1.7044E-035123 3402
 5.0000E+05 1.7631E-03 5.0000E+05 1.7507E-03 5.2500E+05 1.8090E-035123 3402
 5.2500E+05 1.7963E-03 5.5000E+05 1.8541E-03 5.5000E+05 1.8504E-035123 3402
 5.7500E+05 1.9081E-03 5.7500E+05 1.9100E-03 6.0000E+05 1.9678E-035123 3402
 6.0000E+05 1.9698E-03 6.3000E+05 2.0393E-03 6.3000E+05 2.0415E-035123 3402
 6.6000E+05 2.1110E-03 6.6000E+05 2.1132E-03 6.9000E+05 2.1828E-035123 3402
 6.9000E+05 2.1864E-03 7.2000E+05 2.2561E-03 7.2000E+05 2.2752E-035123 3402
 7.6000E+05 2.3689E-03 7.6000E+05 2.3984E-03 8.0000E+05 2.4933E-035123 3402
 8.0000E+05 2.5240E-03 8.4000E+05 2.6200E-03 8.4000E+05 2.6508E-035123 3402
 8.8000E+05 2.7480E-03 8.8000E+05 2.7773E-03 9.2000E+05 2.8755E-035123 3402
 9.2000E+05 2.9056E-03 9.6000E+05 3.0049E-03 9.6000E+05 3.0360E-035123 3402
 1.0000E+06 3.1363E-03 1.0000E+06 3.0238E-03 1.1000E+06 3.2655E-035123 3402
 1.1000E+06 3.0097E-03 1.2000E+06 3.2325E-03 1.2000E+06 2.9991E-035123 3402
 1.3000E+06 3.2058E-03 1.3000E+06 2.9892E-03 1.4000E+06 3.1819E-035123 3402
 1.4000E+06 2.9816E-03 1.5000E+06 3.1622E-03 1.5000E+06 2.9767E-035123 3402
 1.6000E+06 3.1467E-03 1.6000E+06 2.9672E-03 1.7000E+06 3.1275E-035123 3402
 1.7000E+06 2.9545E-03 1.8000E+06 3.1060E-03 1.8000E+06 2.9434E-035123 3402
 1.9000E+06 3.0870E-03 1.9000E+06 2.9339E-03 2.0000E+06 3.0703E-035123 3402
 2.0000E+06 2.9197E-03 2.1000E+06 3.0494E-03 2.1000E+06 2.9002E-035123 3402
 2.2000E+06 3.0236E-03 2.2000E+06 2.8823E-03 2.3000E+06 2.9999E-035123 3402
 2.3000E+06 2.8660E-03 2.4000E+06 2.9784E-03 2.4000E+06 2.8512E-035123 3402
 2.5000E+06 2.9587E-03 2.5000E+06 2.8362E-03 2.6000E+06 2.9393E-035123 3402
 2.6000E+06 2.8228E-03 2.7000E+06 2.9218E-03 2.7000E+06 2.8101E-035123 3402
 2.8000E+06 2.9054E-03 2.8000E+06 2.7986E-03 2.9000E+06 2.8903E-035123 3402
 2.9000E+06 2.7877E-03 3.0000E+06 2.8761E-03 3.0000E+06 2.7027E-035123 3402
 3.1000E+06 2.7859E-03 3.1000E+06 2.5514E-03 3.2000E+06 2.6275E-035123 3402
 3.2000E+06 2.4133E-03 3.3000E+06 2.4832E-03 3.3000E+06 2.2862E-035123 3402
 3.4000E+06 2.3505E-03 3.4000E+06 2.1698E-03 3.5000E+06 2.2293E-035123 3402
 3.5000E+06 2.0621E-03 3.6000E+06 2.1171E-03 3.6000E+06 1.9628E-035123 3402
 3.7000E+06 2.0137E-03 3.7000E+06 1.8710E-03 3.8000E+06 1.9183E-035123 3402
 3.8000E+06 1.7855E-03 3.9000E+06 1.8296E-03 3.9000E+06 1.7064E-035123 3402
 4.0000E+06 1.7475E-03 4.0000E+06 1.6327E-03 4.1000E+06 1.6711E-035123 3402
 4.1000E+06 1.5637E-03 4.2000E+06 1.5997E-03 4.2000E+06 1.4993E-035123 3402
 4.3000E+06 1.5330E-03 4.3000E+06 1.4388E-03 4.4000E+06 1.4704E-035123 3402
 4.4000E+06 1.3820E-03 4.5000E+06 1.4117E-03 4.5000E+06 1.3294E-035123 3402
 4.6000E+06 1.3574E-03 4.6000E+06 1.2793E-03 4.7000E+06 1.3056E-035123 3402
 4.7000E+06 1.2321E-03 4.8000E+06 1.2570E-03 4.8000E+06 1.1876E-035123 3402
 4.9000E+06 1.2112E-03 4.9000E+06 1.1459E-03 5.0000E+06 1.1682E-035123 3402
 5.0000E+06 1.1075E-03 5.1000E+06 1.1286E-03 5.1000E+06 1.0729E-035123 3402
 5.2000E+06 1.0929E-03 5.2000E+06 1.0400E-03 5.3000E+06 1.0590E-035123 3402
 5.3000E+06 1.0088E-03 5.4000E+06 1.0270E-03 5.4000E+06 9.7919E-045123 3402
 5.5000E+06 9.9652E-04 5.5000E+06 9.5072E-04 5.6000E+06 9.6725E-045123 3402
 5.6000E+06 9.2363E-04 5.7000E+06 9.3942E-04 5.7000E+06 8.9779E-045123 3402
 5.8000E+06 9.1288E-04 5.8000E+06 8.7320E-04 5.9000E+06 8.8764E-045123 3402
 5.9000E+06 8.4978E-04 6.0000E+06 8.6359E-04 6.0000E+06 8.2719E-045123 3402
 6.1000E+06 8.4042E-04 6.1000E+06 8.0549E-04 6.2000E+06 8.1818E-045123 3402
 6.2000E+06 7.8484E-04 6.3000E+06 7.9701E-04 6.3000E+06 7.6504E-045123 3402
 6.4000E+06 7.7672E-04 6.4000E+06 7.4612E-04 6.5000E+06 7.5734E-045123 3402
 6.5000E+06 7.2776E-04 6.6000E+06 7.3854E-04 6.6000E+06 7.1016E-045123 3402
 6.7000E+06 7.2053E-04 6.7000E+06 6.9331E-04 6.8000E+06 7.0328E-045123 3402
 6.8000E+06 6.7716E-04 6.9000E+06 6.8676E-04 6.9000E+06 6.6132E-045123 3402
 7.0000E+06 6.7057E-04 7.0000E+06 6.4966E-04 7.1000E+06 6.5862E-045123 3402
 7.1000E+06 6.4105E-04 7.2000E+06 6.4977E-04 7.2000E+06 6.3228E-045123 3402
 7.3000E+06 6.4077E-04 7.3000E+06 6.2434E-04 7.4000E+06 6.3261E-045123 3402
 7.4000E+06 6.1610E-04 7.5000E+06 6.2416E-04 7.5000E+06 6.0823E-045123 3402
 7.6000E+06 6.1607E-04 7.6000E+06 6.0074E-04 7.7000E+06 6.0839E-045123 3402
 7.7000E+06 5.9301E-04 7.8000E+06 6.0046E-04 7.8000E+06 5.8607E-045123 3402
 7.9000E+06 5.9335E-04 7.9000E+06 5.7881E-04 8.0000E+06 5.8592E-045123 3402
 8.0000E+06 5.7190E-04 8.1000E+06 5.7883E-04 8.1000E+06 5.6529E-045123 3402
 8.2000E+06 5.7205E-04 8.2000E+06 5.5847E-04 8.3000E+06 5.6508E-045123 3402
 8.3000E+06 5.5233E-04 8.4000E+06 5.5879E-04 8.4000E+06 5.4595E-045123 3402
 8.5000E+06 5.5226E-04 8.5000E+06 5.3983E-04 8.6000E+06 5.4599E-045123 3402
 8.6000E+06 5.3395E-04 8.7000E+06 5.3998E-04 8.7000E+06 5.2790E-045123 3402
 8.8000E+06 5.3380E-04 8.8000E+06 5.2241E-04 8.9000E+06 5.2818E-045123 3402
 8.9000E+06 5.1672E-04 9.0000E+06 5.2237E-04 9.0000E+06 5.1125E-045123 3402
 9.1000E+06 5.1678E-04 9.1000E+06 5.0597E-04 9.2000E+06 5.1138E-045123 3402
 9.2000E+06 5.0055E-04 9.3000E+06 5.0584E-04 9.3000E+06 4.9564E-045123 3402
 9.4000E+06 5.0083E-04 9.4000E+06 4.9052E-04 9.5000E+06 4.9561E-045123 3402
 9.5000E+06 4.8560E-04 9.6000E+06 4.9058E-04 9.6000E+06 4.8089E-045123 3402
 9.7000E+06 4.8578E-04 9.7000E+06 4.7602E-04 9.8000E+06 4.8081E-045123 3402
 9.8000E+06 4.7160E-04 9.9000E+06 4.7629E-04 9.9000E+06 4.6698E-045123 3402
 1.0000E+07 4.7158E-04 1.0000E+07 4.6884E-04 1.0100E+07 4.7341E-045123 3402
 1.0100E+07 4.7750E-04 1.0200E+07 4.8211E-04 1.0200E+07 4.8620E-045123 3402
 1.0300E+07 4.9085E-04 1.0300E+07 4.9487E-04 1.0400E+07 4.9956E-045123 3402
 1.0400E+07 5.0384E-04 1.0500E+07 5.0857E-04 1.0500E+07 5.1274E-045123 3402
 1.0600E+07 5.1751E-04 1.0600E+07 5.2168E-04 1.0700E+07 5.2649E-045123 3402
 1.0700E+07 5.3081E-04 1.0800E+07 5.3566E-04 1.0800E+07 5.3994E-045123 3402
 1.0900E+07 5.4483E-04 1.0900E+07 5.4915E-04 1.1000E+07 5.5408E-045123 3402
 1.1000E+07 5.5844E-04 1.1100E+07 5.6340E-04 1.1100E+07 5.6780E-045123 3402
 1.1200E+07 5.7281E-04 1.1200E+07 5.7721E-04 1.1300E+07 5.8225E-045123 3402
 1.1300E+07 5.8677E-04 1.1400E+07 5.9185E-04 1.1400E+07 5.9632E-045123 3402
 1.1500E+07 6.0144E-04 1.1500E+07 6.0600E-04 1.1600E+07 6.1116E-045123 3402
 1.1600E+07 6.1571E-04 1.1700E+07 6.2090E-04 1.1700E+07 6.2545E-045123 3402
 1.1800E+07 6.3069E-04 1.1800E+07 6.3536E-04 1.1900E+07 6.4063E-045123 3402
 1.1900E+07 6.4530E-04 1.2000E+07 6.5061E-04 1.2000E+07 6.5528E-045123 3402
 1.2100E+07 6.6063E-04 1.2100E+07 6.6533E-04 1.2200E+07 6.7072E-045123 3402
 1.2200E+07 6.7537E-04 1.2300E+07 6.8079E-04 1.2300E+07 6.8575E-045123 3402
 1.2400E+07 6.9121E-04 1.2400E+07 6.9603E-04 1.2500E+07 7.0153E-045123 3402
 1.2500E+07 7.0674E-04 1.2600E+07 7.1229E-04 1.2600E+07 7.1718E-045123 3402
 1.2700E+07 7.2276E-04 1.2700E+07 7.2760E-04 1.2800E+07 7.3322E-045123 3402
 1.2800E+07 7.3823E-04 1.2900E+07 7.4389E-04 1.2900E+07 7.4885E-045123 3402
 1.3000E+07 7.5454E-04 1.3000E+07 7.5954E-04 1.3100E+07 7.6527E-045123 3402
 1.3100E+07 7.7031E-04 1.3200E+07 7.7608E-04 1.3200E+07 7.8101E-045123 3402
 1.3300E+07 7.8682E-04 1.3300E+07 7.9202E-04 1.3400E+07 7.9787E-045123 3402
 1.3400E+07 8.0302E-04 1.3500E+07 8.0890E-04 1.3500E+07 8.1404E-045123 3402
 1.3600E+07 8.1996E-04 1.3600E+07 8.2513E-04 1.3700E+07 8.3109E-045123 3402
 1.3700E+07 8.3621E-04 1.3800E+07 8.4220E-04 1.3800E+07 8.4755E-045123 3402
 1.3900E+07 8.5358E-04 1.3900E+07 8.5887E-04 1.4000E+07 8.6494E-045123 3402
 1.4000E+07 8.7026E-04 1.4100E+07 8.7637E-04 1.4100E+07 8.8173E-045123 3402
 1.4200E+07 8.8788E-04 1.4200E+07 8.9312E-04 1.4300E+07 8.9930E-045123 3402
 1.4300E+07 9.0484E-04 1.4400E+07 9.1106E-04 1.4400E+07 9.1648E-045123 3402
 1.4500E+07 9.2274E-04 1.4500E+07 9.2825E-04 1.4600E+07 9.3454E-045123 3402
 1.4600E+07 9.4004E-04 1.4700E+07 9.4637E-04 1.4700E+07 9.5180E-045123 3402
 1.4800E+07 9.5817E-04 1.4800E+07 9.6390E-04 1.4900E+07 9.7030E-045123 3402
 1.4900E+07 9.7591E-04 1.5000E+07 9.8235E-04 1.5000E+07 9.9036E-045123 3402
 1.5100E+07 9.9685E-04 1.5100E+07 1.0079E-03 1.5200E+07 1.0145E-035123 3402
 1.5200E+07 1.0255E-03 1.5300E+07 1.0321E-03 1.5300E+07 1.0436E-035123 3402
 1.5400E+07 1.0503E-03 1.5400E+07 1.0617E-03 1.5500E+07 1.0685E-035123 3402
 1.5500E+07 1.0800E-03 1.5600E+07 1.0869E-03 1.5600E+07 1.0986E-035123 3402
 1.5700E+07 1.1055E-03 1.5700E+07 1.1180E-03 1.5800E+07 1.1250E-035123 3402
 1.5800E+07 1.1372E-03 1.5900E+07 1.1443E-03 1.5900E+07 1.1564E-035123 3402
 1.6000E+07 1.1635E-03 1.6000E+07 1.1758E-03 1.6100E+07 1.1830E-035123 3402
 1.6100E+07 1.1953E-03 1.6200E+07 1.2027E-03 1.6200E+07 1.2149E-035123 3402
 1.6300E+07 1.2223E-03 1.6300E+07 1.2352E-03 1.6400E+07 1.2426E-035123 3402
 1.6400E+07 1.2553E-03 1.6500E+07 1.2629E-03 1.6500E+07 1.2757E-035123 3402
 1.6600E+07 1.2833E-03 1.6600E+07 1.2963E-03 1.6700E+07 1.3040E-035123 3402
 1.6700E+07 1.3168E-03 1.6800E+07 1.3246E-03 1.6800E+07 1.3381E-035123 3402
 1.6900E+07 1.3459E-03 1.6900E+07 1.3593E-03 1.7000E+07 1.3673E-035123 3402
 1.7000E+07 1.3808E-03 1.7100E+07 1.3888E-03 1.7100E+07 1.4024E-035123 3402
 1.7200E+07 1.4105E-03 1.7200E+07 1.4240E-03 1.7300E+07 1.4321E-035123 3402
 1.7300E+07 1.4463E-03 1.7400E+07 1.4546E-03 1.7400E+07 1.4686E-035123 3402
 1.7500E+07 1.4769E-03 1.7500E+07 1.4910E-03 1.7600E+07 1.4994E-035123 3402
 1.7600E+07 1.5138E-03 1.7700E+07 1.5223E-03 1.7700E+07 1.5365E-035123 3402
 1.7800E+07 1.5450E-03 1.7800E+07 1.5599E-03 1.7900E+07 1.5685E-035123 3402
 1.7900E+07 1.5833E-03 1.8000E+07 1.5920E-03 1.8000E+07 1.6068E-035123 3402
 1.8100E+07 1.6156E-03 1.8100E+07 1.6306E-03 1.8200E+07 1.6395E-035123 3402
 1.8200E+07 1.6543E-03 1.8300E+07 1.6633E-03 1.8300E+07 1.6788E-035123 3402
 1.8400E+07 1.6879E-03 1.8400E+07 1.7033E-03 1.8500E+07 1.7124E-035123 3402
 1.8500E+07 1.7279E-03 1.8600E+07 1.7372E-03 1.8600E+07 1.7529E-035123 3402
 1.8700E+07 1.7622E-03 1.8700E+07 1.7776E-03 1.8800E+07 1.7870E-035123 3402
 1.8800E+07 1.8033E-03 1.8900E+07 1.8128E-03 1.8900E+07 1.8289E-035123 3402
 1.9000E+07 1.8384E-03 1.9000E+07 1.8546E-03 1.9100E+07 1.8643E-035123 3402
 1.9100E+07 1.8807E-03 1.9200E+07 1.8904E-03 1.9200E+07 1.9065E-035123 3402
 1.9300E+07 1.9163E-03 1.9300E+07 1.9334E-03 1.9400E+07 1.9433E-035123 3402
 1.9400E+07 1.9600E-03 1.9500E+07 1.9700E-03 1.9500E+07 1.9870E-035123 3402
 1.9600E+07 1.9970E-03 1.9600E+07 2.0142E-03 1.9700E+07 2.0243E-035123 3402
 1.9700E+07 2.0411E-03 1.9800E+07 2.0514E-03 1.9800E+07 2.0692E-035123 3402
 1.9900E+07 2.0795E-03 1.9900E+07 2.0971E-03 2.0000E+07 2.1075E-035123 3402
 2.0000E+07 0.0000E+00                                            5123 3402
                                                                  5123 3  0
