SE- 74N,G    1.0000+00* JEF-2.2                                   3474 3102
                                                                  3474 3102
 3.40740+04 7.3287E+01          0         99          0          03474 3102
 3.0000E+02 8.0292E+06          0          0          1       31013474 3102
       3101          2                                            3474 3102
 1.0000E-05 2.5938E+03 1.0740E-05 2.5028E+03 1.1525E-05 2.4161E+033474 3102
 1.2268E-05 2.3418E+03 1.3051E-05 2.2705E+03 1.3764E-05 2.2109E+033474 3102
 1.4509E-05 2.1534E+03 1.5288E-05 2.0978E+03 1.6101E-05 2.0441E+033474 3102
 1.7571E-05 1.9568E+03 1.9152E-05 1.8743E+03 2.0630E-05 1.8059E+033474 3102
 2.2202E-05 1.7408E+03 2.3687E-05 1.6854E+03 2.5253E-05 1.6323E+033474 3102
 2.6742E-05 1.5862E+03 2.8303E-05 1.5418E+03 3.1230E-05 1.4678E+033474 3102
 3.4404E-05 1.3985E+03 3.7351E-05 1.3422E+03 4.0505E-05 1.2889E+033474 3102
 4.3467E-05 1.2442E+03 4.6606E-05 1.2016E+03 4.9579E-05 1.1650E+033474 3102
 5.2708E-05 1.1299E+03 5.5688E-05 1.0992E+03 5.8809E-05 1.0697E+033474 3102
 6.4670E-05 1.0201E+03 7.1011E-05 9.7347E+02 7.6910E-05 9.3540E+023474 3102
 8.3213E-05 8.9929E+02 8.9140E-05 8.6889E+02 9.5415E-05 8.3984E+023474 3102
 1.0136E-04 8.1484E+02 1.0762E-04 7.9081E+02 1.1930E-04 7.5111E+023474 3102
 1.3202E-04 7.1402E+02 1.4379E-04 6.8419E+02 1.5643E-04 6.5600E+023474 3102
 1.6826E-04 6.3252E+02 1.8083E-04 6.1016E+02 1.9271E-04 5.9106E+023474 3102
 2.0523E-04 5.7276E+02 2.1663E-04 5.5750E+02 2.2855E-04 5.4277E+023474 3102
 2.4102E-04 5.2856E+02 2.5404E-04 5.1485E+02 2.7755E-04 4.9257E+023474 3102
 3.0285E-04 4.7157E+02 3.2650E-04 4.5418E+02 3.5166E-04 4.3764E+023474 3102
 3.7540E-04 4.2358E+02 4.0047E-04 4.1012E+02 4.2323E-04 3.9894E+023474 3102
 4.4706E-04 3.8817E+02 4.7200E-04 3.7778E+02 4.9809E-04 3.6776E+023474 3102
 5.4508E-04 3.5156E+02 5.9570E-04 3.3629E+02 6.4297E-04 3.2370E+023474 3102
 6.9332E-04 3.1173E+02 7.4079E-04 3.0159E+02 7.9094E-04 2.9187E+023474 3102
 8.3642E-04 2.8383E+02 8.8407E-04 2.7608E+02 9.3396E-04 2.6861E+023474 3102
 9.8617E-04 2.6141E+02 1.0801E-03 2.4979E+02 1.1814E-03 2.3885E+023474 3102
 1.2759E-03 2.2984E+02 1.3766E-03 2.2128E+02 1.4716E-03 2.1402E+023474 3102
 1.5719E-03 2.0708E+02 1.6628E-03 2.0134E+02 1.7581E-03 1.9581E+023474 3102
 1.8579E-03 1.9048E+02 1.9623E-03 1.8534E+02 2.1502E-03 1.7706E+023474 3102
 2.3528E-03 1.6926E+02 2.5418E-03 1.6285E+02 2.7433E-03 1.5676E+023474 3102
 2.9331E-03 1.5160E+02 3.1337E-03 1.4667E+02 3.3156E-03 1.4259E+023474 3102
 3.5061E-03 1.3867E+02 3.7057E-03 1.3488E+02 3.9147E-03 1.3123E+023474 3102
 4.2904E-03 1.2536E+02 4.6956E-03 1.1983E+02 5.0736E-03 1.1528E+023474 3102
 5.4766E-03 1.1096E+02 5.8562E-03 1.0731E+02 6.2575E-03 1.0381E+023474 3102
 6.6211E-03 1.0093E+02 7.0022E-03 9.8143E+01 7.4014E-03 9.5463E+013474 3102
 7.8194E-03 9.2878E+01 8.5707E-03 8.8718E+01 9.3813E-03 8.4802E+013474 3102
 1.0137E-02 8.1582E+01 1.0943E-02 7.8524E+01 1.1702E-02 7.5936E+013474 3102
 1.2505E-02 7.3462E+01 1.3232E-02 7.1418E+01 1.3994E-02 6.9450E+013474 3102
 1.4793E-02 6.7553E+01 1.5629E-02 6.5726E+01 1.7131E-02 6.2784E+013474 3102
 1.8752E-02 6.0014E+01 2.0264E-02 5.7737E+01 2.1876E-02 5.5573E+013474 3102
 2.3395E-02 5.3743E+01 2.5000E-02 5.1993E+01 2.6848E-02 5.0176E+013474 3102
 2.8809E-02 4.8443E+01 3.0664E-02 4.6960E+01 3.2617E-02 4.5537E+013474 3102
 3.4398E-02 4.4347E+01 3.6259E-02 4.3200E+01 3.8204E-02 4.2092E+013474 3102
 4.0234E-02 4.1023E+01 4.3906E-02 3.9281E+01 4.7852E-02 3.7635E+013474 3102
 5.1543E-02 3.6269E+01 5.5469E-02 3.4969E+01 5.9175E-02 3.3863E+013474 3102
 6.3086E-02 3.2805E+01 6.6804E-02 3.1887E+01 7.0703E-02 3.1005E+013474 3102
 7.8011E-02 2.9533E+01 8.5938E-02 2.8150E+01 9.3296E-02 2.7027E+013474 3102
 1.0117E-01 2.5964E+01 1.0857E-01 2.5074E+01 1.1641E-01 2.4225E+013474 3102
 1.2383E-01 2.3497E+01 1.3164E-01 2.2799E+01 1.3908E-01 2.2192E+013474 3102
 1.4688E-01 2.1607E+01 1.6151E-01 2.0625E+01 1.7734E-01 1.9700E+013474 3102
 1.9208E-01 1.8944E+01 2.0781E-01 1.8229E+01 2.2261E-01 1.7626E+013474 3102
 2.3828E-01 1.7052E+01 2.5313E-01 1.6559E+01 2.6875E-01 1.6088E+013474 3102
 2.9792E-01 1.5309E+01 3.2969E-01 1.4578E+01 3.5908E-01 1.3991E+013474 3102
 3.9062E-01 1.3438E+01 4.2017E-01 1.2979E+01 4.5156E-01 1.2542E+013474 3102
 4.8123E-01 1.2170E+01 5.1250E-01 1.1814E+01 5.4096E-01 1.1518E+013474 3102
 5.7073E-01 1.1233E+01 6.0185E-01 1.0959E+01 6.3438E-01 1.0696E+013474 3102
 6.9308E-01 1.0270E+01 7.5625E-01 9.8680E+00 8.1529E-01 9.5368E+003474 3102
 8.7813E-01 9.2233E+00 9.3741E-01 8.9583E+00 1.0000E+00 8.7060E+003474 3102
 1.0684E+00 8.4573E+00 1.1406E+00 8.2205E+00 1.2092E+00 8.0168E+003474 3102
 1.2812E+00 7.8221E+00 1.3487E+00 7.6548E+00 1.3824E+00 7.5761E+003474 3102
 1.4527E+00 7.4223E+00 1.4893E+00 7.3469E+00 1.5625E+00 7.2051E+003474 3102
 1.5964E+00 7.1430E+00 1.6643E+00 7.0252E+00 1.7346E+00 6.9115E+003474 3102
 1.8256E+00 6.7754E+00 1.8779E+00 6.7023E+00 1.9290E+00 6.6341E+003474 3102
 2.0164E+00 6.5246E+00 2.0707E+00 6.4607E+00 2.1069E+00 6.4197E+003474 3102
 2.1507E+00 6.3717E+00 2.2021E+00 6.3177E+00 2.2277E+00 6.2915E+003474 3102
 2.2449E+00 6.2743E+00 2.2710E+00 6.2486E+00 2.2980E+00 6.2225E+003474 3102
 2.3071E+00 6.2139E+00 2.3161E+00 6.2054E+00 2.3341E+00 6.1885E+003474 3102
 2.3521E+00 6.1719E+00 2.3702E+00 6.1556E+00 2.3792E+00 6.1475E+003474 3102
 2.3882E+00 6.1394E+00 2.4062E+00 6.1235E+00 2.4234E+00 6.1086E+003474 3102
 2.4406E+00 6.0938E+00 2.4578E+00 6.0792E+00 2.4749E+00 6.0649E+003474 3102
 2.5093E+00 6.0367E+00 2.5436E+00 6.0092E+00 2.5976E+00 5.9674E+003474 3102
 2.6515E+00 5.9273E+00 2.7044E+00 5.8895E+00 2.7888E+00 5.8320E+003474 3102
 2.8394E+00 5.7992E+00 2.8901E+00 5.7675E+00 2.9239E+00 5.7470E+003474 3102
 2.9576E+00 5.7270E+00 3.0307E+00 5.6852E+00 3.0673E+00 5.6651E+003474 3102
 3.1404E+00 5.6264E+00 3.1769E+00 5.6077E+00 3.2500E+00 5.5718E+003474 3102
 3.3180E+00 5.5400E+00 3.4199E+00 5.4949E+00 3.5219E+00 5.4528E+003474 3102
 3.5582E+00 5.4385E+00 3.5945E+00 5.4246E+00 3.6672E+00 5.3978E+003474 3102
 3.7398E+00 5.3722E+00 3.8125E+00 5.3478E+00 3.8808E+00 5.3260E+003474 3102
 3.9491E+00 5.3052E+00 4.0174E+00 5.2854E+00 4.0857E+00 5.2666E+003474 3102
 4.1580E+00 5.2476E+00 4.2303E+00 5.2295E+00 4.3027E+00 5.2124E+003474 3102
 4.3750E+00 5.1963E+00 4.4435E+00 5.1817E+00 4.5121E+00 5.1680E+003474 3102
 4.5806E+00 5.1549E+00 4.6492E+00 5.1426E+00 4.7212E+00 5.1304E+003474 3102
 4.7933E+00 5.1189E+00 4.8654E+00 5.1082E+00 4.9375E+00 5.0981E+003474 3102
 5.0062E+00 5.0892E+00 5.0750E+00 5.0809E+00 5.2124E+00 5.0660E+003474 3102
 5.3562E+00 5.0528E+00 5.5000E+00 5.0419E+00 5.6352E+00 5.0337E+003474 3102
 5.7703E+00 5.0274E+00 5.9055E+00 5.0229E+00 6.0407E+00 5.0202E+003474 3102
 6.1868E+00 5.0192E+00 6.3328E+00 5.0201E+00 6.4789E+00 5.0229E+003474 3102
 6.6250E+00 5.0276E+00 6.7610E+00 5.0335E+00 6.8971E+00 5.0409E+003474 3102
 7.0331E+00 5.0499E+00 7.1691E+00 5.0603E+00 7.3143E+00 5.0730E+003474 3102
 7.4596E+00 5.0874E+00 7.6048E+00 5.1033E+00 7.7500E+00 5.1209E+003474 3102
 7.8867E+00 5.1389E+00 8.0233E+00 5.1583E+00 8.1600E+00 5.1791E+003474 3102
 8.2966E+00 5.2013E+00 8.4412E+00 5.2263E+00 8.5858E+00 5.2529E+003474 3102
 8.7304E+00 5.2811E+00 8.8750E+00 5.3108E+00 9.0121E+00 5.3405E+003474 3102
 9.1493E+00 5.3717E+00 9.2864E+00 5.4044E+00 9.4235E+00 5.4385E+003474 3102
 9.5676E+00 5.4760E+00 9.7118E+00 5.5152E+00 9.8559E+00 5.5561E+003474 3102
 1.0000E+01 5.5989E+00 1.0254E+01 5.6785E+00 1.0507E+01 5.7637E+003474 3102
 1.0761E+01 5.8548E+00 1.1015E+01 5.9521E+00 1.1289E+01 6.0648E+003474 3102
 1.1564E+01 6.1854E+00 1.1839E+01 6.3144E+00 1.2114E+01 6.4523E+003474 3102
 1.2369E+01 6.5889E+00 1.2624E+01 6.7341E+00 1.2880E+01 6.8886E+003474 3102
 1.3135E+01 7.0529E+00 1.3408E+01 7.2401E+00 1.3681E+01 7.4400E+003474 3102
 1.3954E+01 7.6537E+00 1.4227E+01 7.8821E+00 1.4484E+01 8.1113E+003474 3102
 1.4741E+01 8.3559E+00 1.4997E+01 8.6170E+00 1.5254E+01 8.8960E+003474 3102
 1.5526E+01 9.2127E+00 1.5798E+01 9.5532E+00 1.6069E+01 9.9188E+003474 3102
 1.6205E+01 1.0112E+01 1.6341E+01 1.0314E+01 1.6599E+01 1.0718E+013474 3102
 1.6856E+01 1.1152E+01 1.7114E+01 1.1620E+01 1.7243E+01 1.1867E+013474 3102
 1.7371E+01 1.2125E+01 1.7507E+01 1.2407E+01 1.7642E+01 1.2702E+013474 3102
 1.7778E+01 1.3010E+01 1.7913E+01 1.3332E+01 1.8049E+01 1.3668E+013474 3102
 1.8184E+01 1.4019E+01 1.8320E+01 1.4387E+01 1.8455E+01 1.4772E+013474 3102
 1.8579E+01 1.5139E+01 1.8702E+01 1.5523E+01 1.8826E+01 1.5924E+013474 3102
 1.8950E+01 1.6343E+01 1.9074E+01 1.6782E+01 1.9197E+01 1.7241E+013474 3102
 1.9321E+01 1.7721E+01 1.9445E+01 1.8226E+01 1.9574E+01 1.8779E+013474 3102
 1.9703E+01 1.9360E+01 1.9832E+01 1.9973E+01 1.9961E+01 2.0619E+013474 3102
 2.0091E+01 2.1300E+01 2.0220E+01 2.2020E+01 2.0349E+01 2.2781E+013474 3102
 2.0478E+01 2.3586E+01 2.0616E+01 2.4498E+01 2.0754E+01 2.5469E+013474 3102
 2.0891E+01 2.6505E+01 2.1029E+01 2.7611E+01 2.1167E+01 2.8794E+013474 3102
 2.1305E+01 3.0061E+01 2.1442E+01 3.1421E+01 2.1580E+01 3.2882E+013474 3102
 2.1718E+01 3.4456E+01 2.1856E+01 3.6154E+01 2.1994E+01 3.7989E+013474 3102
 2.2131E+01 3.9978E+01 2.2269E+01 4.2137E+01 2.2407E+01 4.4487E+013474 3102
 2.2545E+01 4.7051E+01 2.2683E+01 4.9855E+01 2.2810E+01 5.2689E+013474 3102
 2.2937E+01 5.5786E+01 2.3065E+01 5.9175E+01 2.3192E+01 6.2892E+013474 3102
 2.3256E+01 6.4889E+01 2.3320E+01 6.6988E+01 2.3383E+01 6.9196E+013474 3102
 2.3447E+01 7.1521E+01 2.3511E+01 7.3971E+01 2.3574E+01 7.6553E+013474 3102
 2.3638E+01 7.9279E+01 2.3702E+01 8.2157E+01 2.3765E+01 8.5202E+013474 3102
 2.3829E+01 8.8425E+01 2.3893E+01 9.1841E+01 2.3957E+01 9.5464E+013474 3102
 2.4020E+01 9.9314E+01 2.4084E+01 1.0341E+02 2.4148E+01 1.0777E+023474 3102
 2.4211E+01 1.1242E+02 2.4275E+01 1.1739E+02 2.4339E+01 1.2270E+023474 3102
 2.4403E+01 1.2840E+02 2.4466E+01 1.3451E+02 2.4530E+01 1.4108E+023474 3102
 2.4594E+01 1.4815E+02 2.4657E+01 1.5579E+02 2.4721E+01 1.6405E+023474 3102
 2.4789E+01 1.7368E+02 2.4858E+01 1.8421E+02 2.4926E+01 1.9574E+023474 3102
 2.4995E+01 2.0841E+02 2.5063E+01 2.2237E+02 2.5131E+01 2.3781E+023474 3102
 2.5166E+01 2.4615E+02 2.5200E+01 2.5495E+02 2.5234E+01 2.6423E+023474 3102
 2.5268E+01 2.7405E+02 2.5303E+01 2.8443E+02 2.5337E+01 2.9543E+023474 3102
 2.5371E+01 3.0709E+02 2.5405E+01 3.1947E+02 2.5439E+01 3.3262E+023474 3102
 2.5474E+01 3.4662E+02 2.5508E+01 3.6153E+02 2.5542E+01 3.7745E+023474 3102
 2.5576E+01 3.9446E+02 2.5610E+01 4.1266E+02 2.5645E+01 4.3216E+023474 3102
 2.5679E+01 4.5311E+02 2.5713E+01 4.7564E+02 2.5747E+01 4.9992E+023474 3102
 2.5781E+01 5.2613E+02 2.5816E+01 5.5449E+02 2.5850E+01 5.8525E+023474 3102
 2.5884E+01 6.1867E+02 2.5918E+01 6.5507E+02 2.5952E+01 6.9482E+023474 3102
 2.5987E+01 7.3837E+02 2.6021E+01 7.8618E+02 2.6055E+01 8.3885E+023474 3102
 2.6089E+01 8.9706E+02 2.6123E+01 9.6164E+02 2.6140E+01 9.9660E+023474 3102
 2.6158E+01 1.0335E+03 2.6175E+01 1.0726E+03 2.6192E+01 1.1139E+033474 3102
 2.6209E+01 1.1577E+03 2.6226E+01 1.2041E+03 2.6243E+01 1.2535E+033474 3102
 2.6260E+01 1.3060E+03 2.6277E+01 1.3618E+03 2.6294E+01 1.4214E+033474 3102
 2.6311E+01 1.4850E+03 2.6329E+01 1.5530E+03 2.6346E+01 1.6258E+033474 3102
 2.6363E+01 1.7039E+03 2.6380E+01 1.7878E+03 2.6397E+01 1.8780E+033474 3102
 2.6414E+01 1.9752E+03 2.6431E+01 2.0801E+03 2.6448E+01 2.1935E+033474 3102
 2.6465E+01 2.3163E+03 2.6482E+01 2.4494E+03 2.6500E+01 2.5940E+033474 3102
 2.6517E+01 2.7514E+03 2.6534E+01 2.9227E+03 2.6551E+01 3.1095E+033474 3102
 2.6568E+01 3.3134E+03 2.6585E+01 3.5361E+03 2.6602E+01 3.7796E+033474 3102
 2.6619E+01 4.0457E+03 2.6636E+01 4.3366E+03 2.6654E+01 4.6545E+033474 3102
 2.6671E+01 5.0012E+03 2.6688E+01 5.3789E+03 2.6705E+01 5.7894E+033474 3102
 2.6722E+01 6.2345E+03 2.6739E+01 6.7153E+03 2.6756E+01 7.2326E+033474 3102
 2.6773E+01 7.7866E+03 2.6782E+01 8.0772E+03 2.6799E+01 8.6849E+033474 3102
 2.6825E+01 9.6579E+03 2.6850E+01 1.0694E+04 2.6893E+01 1.2509E+043474 3102
 2.6922E+01 1.3749E+04 2.6957E+01 1.5200E+04 2.6981E+01 1.6076E+043474 3102
 2.6999E+01 1.6663E+04 2.7017E+01 1.7175E+04 2.7029E+01 1.7469E+043474 3102
 2.7041E+01 1.7723E+04 2.7052E+01 1.7932E+04 2.7064E+01 1.8096E+043474 3102
 2.7076E+01 1.8211E+04 2.7088E+01 1.8278E+04 2.7100E+01 1.8295E+043474 3102
 2.7112E+01 1.8263E+04 2.7124E+01 1.8180E+04 2.7136E+01 1.8049E+043474 3102
 2.7148E+01 1.7871E+04 2.7159E+01 1.7648E+04 2.7171E+01 1.7381E+043474 3102
 2.7183E+01 1.7075E+04 2.7201E+01 1.6547E+04 2.7219E+01 1.5947E+043474 3102
 2.7242E+01 1.5058E+04 2.7266E+01 1.4096E+04 2.7342E+01 1.0893E+043474 3102
 2.7367E+01 9.8417E+03 2.7385E+01 9.1740E+03 2.7410E+01 8.2315E+033474 3102
 2.7419E+01 7.9345E+03 2.7436E+01 7.3672E+03 2.7445E+01 7.0975E+033474 3102
 2.7462E+01 6.5857E+03 2.7479E+01 6.1105E+03 2.7496E+01 5.6710E+033474 3102
 2.7513E+01 5.2655E+03 2.7531E+01 4.8930E+03 2.7548E+01 4.5511E+033474 3102
 2.7565E+01 4.2379E+03 2.7582E+01 3.9511E+03 2.7599E+01 3.6890E+033474 3102
 2.7616E+01 3.4493E+03 2.7634E+01 3.2300E+03 2.7651E+01 3.0292E+033474 3102
 2.7668E+01 2.8454E+03 2.7685E+01 2.6769E+03 2.7702E+01 2.5222E+033474 3102
 2.7720E+01 2.3800E+03 2.7737E+01 2.2491E+03 2.7754E+01 2.1285E+033474 3102
 2.7771E+01 2.0171E+03 2.7788E+01 1.9140E+03 2.7805E+01 1.8186E+033474 3102
 2.7823E+01 1.7300E+03 2.7840E+01 1.6478E+03 2.7857E+01 1.5711E+033474 3102
 2.7874E+01 1.4997E+03 2.7891E+01 1.4331E+03 2.7909E+01 1.3708E+033474 3102
 2.7926E+01 1.3124E+03 2.7943E+01 1.2577E+03 2.7960E+01 1.2064E+033474 3102
 2.7977E+01 1.1581E+03 2.7994E+01 1.1126E+03 2.8012E+01 1.0698E+033474 3102
 2.8029E+01 1.0294E+03 2.8046E+01 9.9130E+02 2.8063E+01 9.5522E+023474 3102
 2.8080E+01 9.2109E+02 2.8115E+01 8.5810E+02 2.8149E+01 8.0133E+023474 3102
 2.8183E+01 7.5002E+02 2.8218E+01 7.0347E+02 2.8252E+01 6.6111E+023474 3102
 2.8287E+01 6.2246E+02 2.8321E+01 5.8709E+02 2.8355E+01 5.5464E+023474 3102
 2.8390E+01 5.2481E+02 2.8424E+01 4.9731E+02 2.8458E+01 4.7191E+023474 3102
 2.8493E+01 4.4840E+02 2.8527E+01 4.2661E+02 2.8562E+01 4.0635E+023474 3102
 2.8596E+01 3.8750E+02 2.8630E+01 3.6993E+02 2.8665E+01 3.5352E+023474 3102
 2.8699E+01 3.3817E+02 2.8733E+01 3.2380E+02 2.8768E+01 3.1032E+023474 3102
 2.8802E+01 2.9767E+02 2.8836E+01 2.8577E+02 2.8871E+01 2.7456E+023474 3102
 2.8905E+01 2.6400E+02 2.8940E+01 2.5404E+02 2.8974E+01 2.4463E+023474 3102
 2.9008E+01 2.3573E+02 2.9077E+01 2.1932E+02 2.9146E+01 2.0455E+023474 3102
 2.9214E+01 1.9121E+02 2.9283E+01 1.7912E+02 2.9352E+01 1.6813E+023474 3102
 2.9421E+01 1.5812E+02 2.9489E+01 1.4897E+02 2.9563E+01 1.4005E+023474 3102
 2.9636E+01 1.3190E+02 2.9709E+01 1.2444E+02 2.9782E+01 1.1759E+023474 3102
 2.9856E+01 1.1128E+02 2.9929E+01 1.0546E+02 3.0002E+01 1.0009E+023474 3102
 3.0076E+01 9.5107E+01 3.0149E+01 9.0487E+01 3.0222E+01 8.6192E+013474 3102
 3.0295E+01 8.2193E+01 3.0369E+01 7.8463E+01 3.0442E+01 7.4979E+013474 3102
 3.0515E+01 7.1720E+01 3.0589E+01 6.8666E+01 3.0662E+01 6.5802E+013474 3102
 3.0735E+01 6.3111E+01 3.0808E+01 6.0580E+01 3.0882E+01 5.8197E+013474 3102
 3.0955E+01 5.5951E+01 3.1028E+01 5.3831E+01 3.1102E+01 5.1829E+013474 3102
 3.1175E+01 4.9938E+01 3.1248E+01 4.8148E+01 3.1395E+01 4.4841E+013474 3102
 3.1541E+01 4.1857E+01 3.1688E+01 3.9155E+01 3.1834E+01 3.6703E+013474 3102
 3.1972E+01 3.4596E+01 3.2111E+01 3.2663E+01 3.2249E+01 3.0887E+013474 3102
 3.2387E+01 2.9250E+01 3.2525E+01 2.7739E+01 3.2663E+01 2.6341E+013474 3102
 3.2801E+01 2.5045E+01 3.2939E+01 2.3841E+01 3.3077E+01 2.2722E+013474 3102
 3.3215E+01 2.1678E+01 3.3353E+01 2.0705E+01 3.3491E+01 1.9794E+013474 3102
 3.3629E+01 1.8943E+01 3.3767E+01 1.8144E+01 3.3905E+01 1.7395E+013474 3102
 3.4043E+01 1.6691E+01 3.4189E+01 1.5991E+01 3.4335E+01 1.5335E+013474 3102
 3.4481E+01 1.4718E+01 3.4627E+01 1.4137E+01 3.4773E+01 1.3589E+013474 3102
 3.4919E+01 1.3073E+01 3.5065E+01 1.2586E+01 3.5211E+01 1.2125E+013474 3102
 3.5357E+01 1.1690E+01 3.5503E+01 1.1278E+01 3.5795E+01 1.0517E+013474 3102
 3.6087E+01 9.8288E+00 3.6379E+01 9.2053E+00 3.6643E+01 8.6903E+003474 3102
 3.6908E+01 8.2178E+00 3.7172E+01 7.7831E+00 3.7437E+01 7.3822E+003474 3102
 3.7701E+01 7.0118E+00 3.7966E+01 6.6689E+00 3.8230E+01 6.3508E+003474 3102
 3.8495E+01 6.0554E+00 3.8772E+01 5.7677E+00 3.9049E+01 5.5003E+003474 3102
 3.9326E+01 5.2515E+00 3.9604E+01 5.0195E+00 3.9881E+01 4.8030E+003474 3102
 4.0158E+01 4.6005E+00 4.0435E+01 4.4110E+00 4.0712E+01 4.2333E+003474 3102
 4.1003E+01 4.0588E+00 4.1293E+01 3.8953E+00 4.1583E+01 3.7419E+003474 3102
 4.1874E+01 3.5977E+00 4.2164E+01 3.4621E+00 4.2454E+01 3.3344E+003474 3102
 4.2745E+01 3.2140E+00 4.3035E+01 3.1003E+00 4.3339E+01 2.9881E+003474 3102
 4.3643E+01 2.8822E+00 4.3947E+01 2.7822E+00 4.4251E+01 2.6881E+003474 3102
 4.4859E+01 2.5144E+00 4.5468E+01 2.3577E+00 4.6014E+01 2.2301E+003474 3102
 4.6561E+01 2.1136E+00 4.7107E+01 2.0069E+00 4.7654E+01 1.9090E+003474 3102
 4.8200E+01 1.8189E+00 4.8747E+01 1.7358E+00 4.9293E+01 1.6591E+003474 3102
 4.9840E+01 1.5881E+00 5.0429E+01 1.5173E+00 5.1019E+01 1.4519E+003474 3102
 5.1608E+01 1.3913E+00 5.2198E+01 1.3352E+00 5.2787E+01 1.2831E+003474 3102
 5.3377E+01 1.2346E+00 5.3967E+01 1.1894E+00 5.4556E+01 1.1473E+003474 3102
 5.5106E+01 1.1104E+00 5.6206E+01 1.0433E+00 5.6756E+01 1.0127E+003474 3102
 5.7855E+01 9.5663E-01 5.8955E+01 9.0643E-01 6.0127E+01 8.5862E-013474 3102
 6.1300E+01 8.1591E-01 6.2472E+01 7.7763E-01 6.3645E+01 7.4318E-013474 3102
 6.4750E+01 7.1382E-01 6.5854E+01 6.8710E-01 6.6959E+01 6.6273E-013474 3102
 6.8063E+01 6.4045E-01 6.9231E+01 6.1892E-01 7.0398E+01 5.9924E-013474 3102
 7.1566E+01 5.8122E-01 7.2734E+01 5.6469E-01 7.3842E+01 5.5025E-013474 3102
 7.4950E+01 5.3690E-01 7.7167E+01 5.1311E-01 7.8331E+01 5.0199E-013474 3102
 7.9495E+01 4.9172E-01 8.1823E+01 4.7339E-01 8.4000E+01 4.5856E-013474 3102
 8.6177E+01 4.4567E-01 8.8355E+01 4.3445E-01 9.0532E+01 4.2470E-013474 3102
 9.2899E+01 4.1555E-01 9.5266E+01 4.0772E-01 9.7633E+01 4.0107E-013474 3102
 1.0000E+02 3.9545E-01 1.0254E+02 3.9047E-01 1.0507E+02 3.8644E-013474 3102
 1.0761E+02 3.8330E-01 1.1015E+02 3.8097E-01 1.1289E+02 3.7929E-013474 3102
 1.1564E+02 3.7842E-01 1.1839E+02 3.7833E-01 1.2114E+02 3.7897E-013474 3102
 1.2369E+02 3.8020E-01 1.2624E+02 3.8204E-01 1.2880E+02 3.8446E-013474 3102
 1.3135E+02 3.8747E-01 1.3408E+02 3.9134E-01 1.3545E+02 3.9352E-013474 3102
 1.3681E+02 3.9589E-01 1.3818E+02 3.9843E-01 1.3954E+02 4.0114E-013474 3102
 1.4091E+02 4.0404E-01 1.4228E+02 4.0712E-01 1.4356E+02 4.1019E-013474 3102
 1.4484E+02 4.1342E-01 1.4612E+02 4.1683E-01 1.4741E+02 4.2041E-013474 3102
 1.4805E+02 4.2227E-01 1.4869E+02 4.2417E-01 1.4933E+02 4.2613E-013474 3102
 1.4997E+02 4.2813E-01 1.5061E+02 4.3018E-01 1.5126E+02 4.3227E-013474 3102
 1.5190E+02 4.3442E-01 1.5254E+02 4.3662E-01 1.5322E+02 4.3900E-013474 3102
 1.5390E+02 4.4144E-01 1.5458E+02 4.4394E-01 1.5526E+02 4.4650E-013474 3102
 1.5594E+02 4.4912E-01 1.5662E+02 4.5181E-01 1.5730E+02 4.5455E-013474 3102
 1.5798E+02 4.5737E-01 1.5866E+02 4.6024E-01 1.5933E+02 4.6319E-013474 3102
 1.6001E+02 4.6620E-01 1.6069E+02 4.6929E-01 1.6137E+02 4.7244E-013474 3102
 1.6205E+02 4.7567E-01 1.6239E+02 4.7731E-01 1.6273E+02 4.7897E-013474 3102
 1.6290E+02 4.7981E-01 1.6307E+02 4.8065E-01 1.6324E+02 4.8150E-013474 3102
 1.6341E+02 4.8235E-01 1.6349E+02 4.8275E-01 1.6357E+02 4.8316E-013474 3102
 1.6365E+02 4.8357E-01 1.6373E+02 4.8398E-01 1.6381E+02 4.8439E-013474 3102
 1.6390E+02 4.8480E-01 1.6400E+02 4.8531E-01 1.6404E+02 4.8552E-013474 3102
 1.6414E+02 4.8603E-01 1.6418E+02 4.8624E-01 1.6426E+02 4.8666E-013474 3102
 1.6430E+02 4.8687E-01 1.6438E+02 4.8728E-01 1.6446E+02 4.8770E-013474 3102
 1.6454E+02 4.8812E-01 1.6470E+02 4.8896E-01 1.6486E+02 4.8981E-013474 3102
 1.6502E+02 4.9066E-01 1.6518E+02 4.9152E-01 1.6534E+02 4.9238E-013474 3102
 1.6567E+02 4.9412E-01 1.6599E+02 4.9587E-01 1.6631E+02 4.9765E-013474 3102
 1.6695E+02 5.0125E-01 1.6728E+02 5.0308E-01 1.6760E+02 5.0493E-013474 3102
 1.6792E+02 5.0681E-01 1.6824E+02 5.0870E-01 1.6856E+02 5.1061E-013474 3102
 1.6888E+02 5.1254E-01 1.6921E+02 5.1450E-01 1.6953E+02 5.1647E-013474 3102
 1.6985E+02 5.1847E-01 1.7017E+02 5.2048E-01 1.7049E+02 5.2252E-013474 3102
 1.7082E+02 5.2459E-01 1.7114E+02 5.2667E-01 1.7146E+02 5.2878E-013474 3102
 1.7178E+02 5.3091E-01 1.7210E+02 5.3306E-01 1.7243E+02 5.3524E-013474 3102
 1.7275E+02 5.3744E-01 1.7307E+02 5.3966E-01 1.7339E+02 5.4191E-013474 3102
 1.7371E+02 5.4418E-01 1.7405E+02 5.4660E-01 1.7439E+02 5.4905E-013474 3102
 1.7473E+02 5.5153E-01 1.7507E+02 5.5403E-01 1.7541E+02 5.5656E-013474 3102
 1.7575E+02 5.5912E-01 1.7608E+02 5.6172E-01 1.7642E+02 5.6434E-013474 3102
 1.7676E+02 5.6699E-01 1.7710E+02 5.6967E-01 1.7744E+02 5.7239E-013474 3102
 1.7778E+02 5.7514E-01 1.7845E+02 5.8074E-01 1.7913E+02 5.8646E-013474 3102
 1.7981E+02 5.9232E-01 1.8049E+02 5.9832E-01 1.8116E+02 6.0447E-013474 3102
 1.8184E+02 6.1076E-01 1.8252E+02 6.1721E-01 1.8320E+02 6.2382E-013474 3102
 1.8387E+02 6.3058E-01 1.8455E+02 6.3751E-01 1.8517E+02 6.4399E-013474 3102
 1.8579E+02 6.5062E-01 1.8641E+02 6.5740E-01 1.8702E+02 6.6433E-013474 3102
 1.8764E+02 6.7143E-01 1.8826E+02 6.7869E-01 1.8888E+02 6.8612E-013474 3102
 1.8950E+02 6.9372E-01 1.9012E+02 7.0150E-01 1.9073E+02 7.0947E-013474 3102
 1.9135E+02 7.1762E-01 1.9197E+02 7.2598E-01 1.9259E+02 7.3453E-013474 3102
 1.9321E+02 7.4330E-01 1.9383E+02 7.5228E-01 1.9444E+02 7.6148E-013474 3102
 1.9509E+02 7.7133E-01 1.9574E+02 7.8144E-01 1.9638E+02 7.9182E-013474 3102
 1.9703E+02 8.0247E-01 1.9767E+02 8.1340E-01 1.9832E+02 8.2463E-013474 3102
 1.9897E+02 8.3617E-01 1.9961E+02 8.4801E-01 2.0026E+02 8.6019E-013474 3102
 2.0090E+02 8.7271E-01 2.0155E+02 8.8557E-01 2.0220E+02 8.9880E-013474 3102
 2.0284E+02 9.1241E-01 2.0349E+02 9.2641E-01 2.0413E+02 9.4081E-013474 3102
 2.0478E+02 9.5564E-01 2.0547E+02 9.7194E-01 2.0616E+02 9.8876E-013474 3102
 2.0685E+02 1.0061E+00 2.0753E+02 1.0240E+00 2.0822E+02 1.0426E+003474 3102
 2.0891E+02 1.0617E+00 2.0960E+02 1.0814E+00 2.1029E+02 1.1019E+003474 3102
 2.1098E+02 1.1230E+00 2.1167E+02 1.1449E+00 2.1236E+02 1.1675E+003474 3102
 2.1305E+02 1.1909E+00 2.1374E+02 1.2152E+00 2.1442E+02 1.2403E+003474 3102
 2.1511E+02 1.2664E+00 2.1580E+02 1.2935E+00 2.1649E+02 1.3215E+003474 3102
 2.1718E+02 1.3506E+00 2.1787E+02 1.3809E+00 2.1856E+02 1.4123E+003474 3102
 2.1925E+02 1.4449E+00 2.1994E+02 1.4789E+00 2.2062E+02 1.5142E+003474 3102
 2.2131E+02 1.5510E+00 2.2200E+02 1.5893E+00 2.2269E+02 1.6293E+003474 3102
 2.2338E+02 1.6709E+00 2.2407E+02 1.7144E+00 2.2476E+02 1.7598E+003474 3102
 2.2545E+02 1.8072E+00 2.2614E+02 1.8567E+00 2.2682E+02 1.9085E+003474 3102
 2.2746E+02 1.9586E+00 2.2810E+02 2.0109E+00 2.2874E+02 2.0655E+003474 3102
 2.2937E+02 2.1226E+00 2.3001E+02 2.1822E+00 2.3065E+02 2.2447E+003474 3102
 2.3128E+02 2.3101E+00 2.3192E+02 2.3787E+00 2.3256E+02 2.4506E+003474 3102
 2.3320E+02 2.5261E+00 2.3383E+02 2.6054E+00 2.3447E+02 2.6887E+003474 3102
 2.3511E+02 2.7765E+00 2.3574E+02 2.8688E+00 2.3638E+02 2.9662E+003474 3102
 2.3702E+02 3.0690E+00 2.3765E+02 3.1775E+00 2.3829E+02 3.2923E+003474 3102
 2.3893E+02 3.4137E+00 2.3957E+02 3.5424E+00 2.4020E+02 3.6789E+003474 3102
 2.4084E+02 3.8239E+00 2.4148E+02 3.9781E+00 2.4211E+02 4.1422E+003474 3102
 2.4275E+02 4.3172E+00 2.4339E+02 4.5041E+00 2.4402E+02 4.7038E+003474 3102
 2.4466E+02 4.9178E+00 2.4530E+02 5.1472E+00 2.4594E+02 5.3938E+003474 3102
 2.4657E+02 5.6591E+00 2.4721E+02 5.9454E+00 2.4789E+02 6.2785E+003474 3102
 2.4858E+02 6.6412E+00 2.4926E+02 7.0370E+00 2.4995E+02 7.4692E+003474 3102
 2.5029E+02 7.7007E+00 2.5063E+02 7.9437E+00 2.5097E+02 8.1991E+003474 3102
 2.5131E+02 8.4672E+00 2.5166E+02 8.7492E+00 2.5200E+02 9.0457E+003474 3102
 2.5234E+02 9.3579E+00 2.5268E+02 9.6868E+00 2.5302E+02 1.0034E+013474 3102
 2.5337E+02 1.0400E+01 2.5371E+02 1.0787E+01 2.5405E+02 1.1196E+013474 3102
 2.5439E+02 1.1630E+01 2.5473E+02 1.2089E+01 2.5508E+02 1.2577E+013474 3102
 2.5542E+02 1.3095E+01 2.5576E+02 1.3646E+01 2.5610E+02 1.4233E+013474 3102
 2.5644E+02 1.4860E+01 2.5679E+02 1.5528E+01 2.5713E+02 1.6244E+013474 3102
 2.5747E+02 1.7010E+01 2.5781E+02 1.7832E+01 2.5815E+02 1.8716E+013474 3102
 2.5850E+02 1.9667E+01 2.5884E+02 2.0693E+01 2.5918E+02 2.1802E+013474 3102
 2.5952E+02 2.3002E+01 2.5986E+02 2.4304E+01 2.6021E+02 2.5719E+013474 3102
 2.6055E+02 2.7262E+01 2.6089E+02 2.8946E+01 2.6123E+02 3.0791E+013474 3102
 2.6158E+02 3.2815E+01 2.6192E+02 3.5042E+01 2.6226E+02 3.7498E+013474 3102
 2.6243E+02 3.8824E+01 2.6260E+02 4.0219E+01 2.6277E+02 4.1691E+013474 3102
 2.6294E+02 4.3244E+01 2.6311E+02 4.4885E+01 2.6329E+02 4.6619E+013474 3102
 2.6346E+02 4.8453E+01 2.6363E+02 5.0396E+01 2.6380E+02 5.2456E+013474 3102
 2.6397E+02 5.4640E+01 2.6414E+02 5.6960E+01 2.6431E+02 5.9426E+013474 3102
 2.6448E+02 6.2052E+01 2.6465E+02 6.4848E+01 2.6482E+02 6.7831E+013474 3102
 2.6500E+02 7.1015E+01 2.6517E+02 7.4422E+01 2.6534E+02 7.8066E+013474 3102
 2.6551E+02 8.1971E+01 2.6568E+02 8.6160E+01 2.6585E+02 9.0663E+013474 3102
 2.6602E+02 9.5504E+01 2.6619E+02 1.0072E+02 2.6636E+02 1.0634E+023474 3102
 2.6653E+02 1.1241E+02 2.6671E+02 1.1896E+02 2.6688E+02 1.2605E+023474 3102
 2.6705E+02 1.3374E+02 2.6722E+02 1.4207E+02 2.6739E+02 1.5110E+023474 3102
 2.6756E+02 1.6091E+02 2.6773E+02 1.7156E+02 2.6790E+02 1.8314E+023474 3102
 2.6807E+02 1.9570E+02 2.6825E+02 2.0934E+02 2.6842E+02 2.2412E+023474 3102
 2.6859E+02 2.4013E+02 2.6876E+02 2.5740E+02 2.6893E+02 2.7599E+023474 3102
 2.6910E+02 2.9589E+02 2.6925E+02 3.1442E+02 2.6940E+02 3.3388E+023474 3102
 2.6955E+02 3.5419E+02 2.6970E+02 3.7518E+02 2.7030E+02 4.6127E+023474 3102
 2.7045E+02 4.8157E+02 2.7060E+02 5.0051E+02 2.7075E+02 5.1759E+023474 3102
 2.7090E+02 5.3230E+02 2.7105E+02 5.4420E+02 2.7120E+02 5.5288E+023474 3102
 2.7135E+02 5.5804E+02 2.7150E+02 5.5950E+02 2.7165E+02 5.5719E+023474 3102
 2.7180E+02 5.5121E+02 2.7195E+02 5.4176E+02 2.7210E+02 5.2917E+023474 3102
 2.7225E+02 5.1385E+02 2.7240E+02 4.9627E+02 2.7255E+02 4.7692E+023474 3102
 2.7270E+02 4.5630E+02 2.7345E+02 3.4883E+02 2.7360E+02 3.2862E+023474 3102
 2.7375E+02 3.0927E+02 2.7390E+02 2.9088E+02 2.7408E+02 2.7036E+023474 3102
 2.7426E+02 2.5130E+02 2.7443E+02 2.3364E+02 2.7461E+02 2.1737E+023474 3102
 2.7479E+02 2.0239E+02 2.7497E+02 1.8864E+02 2.7515E+02 1.7602E+023474 3102
 2.7532E+02 1.6444E+02 2.7550E+02 1.5382E+02 2.7568E+02 1.4408E+023474 3102
 2.7586E+02 1.3513E+02 2.7604E+02 1.2692E+02 2.7621E+02 1.1936E+023474 3102
 2.7639E+02 1.1240E+02 2.7657E+02 1.0599E+02 2.7675E+02 1.0007E+023474 3102
 2.7693E+02 9.4599E+01 2.7710E+02 8.9540E+01 2.7728E+02 8.4849E+013474 3102
 2.7746E+02 8.0500E+01 2.7764E+02 7.6458E+01 2.7781E+02 7.2700E+013474 3102
 2.7799E+02 6.9200E+01 2.7817E+02 6.5935E+01 2.7835E+02 6.2885E+013474 3102
 2.7853E+02 6.0035E+01 2.7870E+02 5.7368E+01 2.7888E+02 5.4867E+013474 3102
 2.7906E+02 5.2520E+01 2.7924E+02 5.0317E+01 2.7942E+02 4.8245E+013474 3102
 2.7959E+02 4.6295E+01 2.7977E+02 4.4457E+01 2.7995E+02 4.2724E+013474 3102
 2.8013E+02 4.1087E+01 2.8031E+02 3.9542E+01 2.8048E+02 3.8080E+013474 3102
 2.8066E+02 3.6697E+01 2.8102E+02 3.4143E+01 2.8137E+02 3.1839E+013474 3102
 2.8173E+02 2.9754E+01 2.8209E+02 2.7863E+01 2.8244E+02 2.6144E+013474 3102
 2.8280E+02 2.4576E+01 2.8315E+02 2.3143E+01 2.8351E+02 2.1830E+013474 3102
 2.8386E+02 2.0625E+01 2.8422E+02 1.9515E+01 2.8458E+02 1.8491E+013474 3102
 2.8493E+02 1.7545E+01 2.8529E+02 1.6669E+01 2.8564E+02 1.5856E+013474 3102
 2.8600E+02 1.5100E+01 2.8636E+02 1.4397E+01 2.8671E+02 1.3741E+013474 3102
 2.8707E+02 1.3128E+01 2.8742E+02 1.2555E+01 2.8778E+02 1.2019E+013474 3102
 2.8813E+02 1.1516E+01 2.8849E+02 1.1043E+01 2.8885E+02 1.0599E+013474 3102
 2.8920E+02 1.0181E+01 2.8956E+02 9.7871E+00 2.8991E+02 9.4154E+003474 3102
 2.9027E+02 9.0645E+00 2.9063E+02 8.7331E+00 2.9098E+02 8.4201E+003474 3102
 2.9169E+02 7.8418E+00 2.9241E+02 7.3194E+00 2.9312E+02 6.8471E+003474 3102
 2.9383E+02 6.4189E+00 2.9454E+02 6.0294E+00 2.9525E+02 5.6743E+003474 3102
 2.9596E+02 5.3496E+00 2.9668E+02 5.0521E+00 2.9744E+02 4.7607E+003474 3102
 2.9820E+02 4.4937E+00 2.9896E+02 4.2486E+00 2.9972E+02 4.0230E+003474 3102
 3.0048E+02 3.8149E+00 3.0124E+02 3.6226E+00 3.0200E+02 3.4445E+003474 3102
 3.0276E+02 3.2792E+00 3.0352E+02 3.1257E+00 3.0428E+02 2.9827E+003474 3102
 3.0504E+02 2.8493E+00 3.0580E+02 2.7248E+00 3.0656E+02 2.6083E+003474 3102
 3.0732E+02 2.4992E+00 3.0808E+02 2.3968E+00 3.0884E+02 2.3007E+003474 3102
 3.0960E+02 2.2103E+00 3.1036E+02 2.1251E+00 3.1112E+02 2.0449E+003474 3102
 3.1188E+02 1.9692E+00 3.1265E+02 1.8977E+00 3.1341E+02 1.8304E+003474 3102
 3.1493E+02 1.7060E+00 3.1645E+02 1.5937E+00 3.1797E+02 1.4924E+003474 3102
 3.1949E+02 1.4006E+00 3.2101E+02 1.3173E+00 3.2244E+02 1.2457E+003474 3102
 3.2387E+02 1.1799E+00 3.2530E+02 1.1194E+00 3.2673E+02 1.0636E+003474 3102
 3.2816E+02 1.0120E+00 3.2959E+02 9.6420E-01 3.3102E+02 9.1985E-013474 3102
 3.3245E+02 8.7863E-01 3.3388E+02 8.4024E-01 3.3531E+02 8.0444E-013474 3102
 3.3674E+02 7.7100E-01 3.3817E+02 7.3972E-01 3.3960E+02 7.1041E-013474 3102
 3.4103E+02 6.8292E-01 3.4246E+02 6.5710E-01 3.4389E+02 6.3282E-013474 3102
 3.4541E+02 6.0865E-01 3.4692E+02 5.8594E-01 3.4844E+02 5.6458E-013474 3102
 3.4995E+02 5.4446E-01 3.5146E+02 5.2549E-01 3.5298E+02 5.0758E-013474 3102
 3.5601E+02 4.7471E-01 3.5904E+02 4.4524E-01 3.6206E+02 4.1866E-013474 3102
 3.6509E+02 3.9466E-01 3.6812E+02 3.7292E-01 3.7099E+02 3.5414E-013474 3102
 3.7386E+02 3.3695E-01 3.7673E+02 3.2117E-01 3.7960E+02 3.0664E-013474 3102
 3.8247E+02 2.9325E-01 3.8534E+02 2.8087E-01 3.8821E+02 2.6940E-013474 3102
 3.9108E+02 2.5877E-01 3.9410E+02 2.4839E-01 3.9712E+02 2.3876E-013474 3102
 4.0014E+02 2.2981E-01 4.0316E+02 2.2147E-01 4.0618E+02 2.1370E-013474 3102
 4.0919E+02 2.0644E-01 4.1221E+02 1.9964E-01 4.1523E+02 1.9328E-013474 3102
 4.2099E+02 1.8220E-01 4.2387E+02 1.7712E-01 4.2962E+02 1.6781E-013474 3102
 4.3538E+02 1.5946E-01 4.3826E+02 1.5561E-01 4.4428E+02 1.4818E-013474 3102
 4.5030E+02 1.4149E-01 4.5632E+02 1.3543E-01 4.6234E+02 1.2994E-013474 3102
 4.6800E+02 1.2523E-01 4.7366E+02 1.2091E-01 4.7932E+02 1.1694E-013474 3102
 4.8499E+02 1.1328E-01 4.9065E+02 1.0989E-01 4.9631E+02 1.0676E-013474 3102
 5.0763E+02 1.0114E-01 5.1375E+02 9.8431E-02 5.2598E+02 9.3572E-023474 3102
 5.3210E+02 9.1392E-02 5.4433E+02 8.7458E-02 5.5656E+02 8.4014E-023474 3102
 5.7365E+02 7.9880E-02 5.9074E+02 7.6395E-02 6.0214E+02 7.4369E-023474 3102
 6.1430E+02 7.2434E-02 6.2646E+02 7.0706E-02 6.3862E+02 6.9161E-023474 3102
 6.5078E+02 6.7782E-02 6.7367E+02 6.5586E-02 6.8512E+02 6.4666E-023474 3102
 7.0867E+02 6.3113E-02 7.2078E+02 6.2486E-02 7.4500E+02 6.1581E-023474 3102
 7.6797E+02 6.1174E-02 7.7946E+02 6.1154E-02 7.9094E+02 6.1270E-023474 3102
 8.0905E+02 6.1780E-02 8.2715E+02 6.2779E-02 8.3319E+02 6.3246E-023474 3102
 8.4486E+02 6.4381E-02 8.5614E+02 6.5827E-02 8.6178E+02 6.6706E-023474 3102
 8.6742E+02 6.7708E-02 8.7306E+02 6.8849E-02 8.7870E+02 7.0149E-023474 3102
 8.8434E+02 7.1632E-02 8.8998E+02 7.3328E-02 8.9562E+02 7.5267E-023474 3102
 9.0126E+02 7.7497E-02 9.0690E+02 8.0075E-02 9.0972E+02 8.1514E-023474 3102
 9.1536E+02 8.4740E-02 9.1818E+02 8.6551E-02 9.2382E+02 9.0640E-023474 3102
 9.2664E+02 9.2953E-02 9.2946E+02 9.5474E-02 9.3253E+02 9.8478E-023474 3102
 9.3560E+02 1.0179E-01 9.3867E+02 1.0545E-01 9.4174E+02 1.0952E-013474 3102
 9.4481E+02 1.1404E-01 9.4788E+02 1.1910E-01 9.5095E+02 1.2475E-013474 3102
 9.5401E+02 1.3111E-01 9.5555E+02 1.3461E-01 9.5862E+02 1.4230E-013474 3102
 9.6015E+02 1.4654E-01 9.6169E+02 1.5108E-01 9.6322E+02 1.5594E-013474 3102
 9.6476E+02 1.6115E-01 9.6629E+02 1.6675E-01 9.6782E+02 1.7278E-013474 3102
 9.6936E+02 1.7928E-01 9.7089E+02 1.8630E-01 9.7243E+02 1.9391E-013474 3102
 9.7396E+02 2.0216E-01 9.7550E+02 2.1112E-01 9.7703E+02 2.2090E-013474 3102
 9.7856E+02 2.3158E-01 9.8010E+02 2.4328E-01 9.8163E+02 2.5614E-013474 3102
 9.8317E+02 2.7031E-01 9.8470E+02 2.8597E-01 9.8624E+02 3.0335E-013474 3102
 9.8777E+02 3.2263E-01 9.8854E+02 3.3309E-01 9.9007E+02 3.5597E-013474 3102
 9.9084E+02 3.6847E-01 9.9161E+02 3.8174E-01 9.9237E+02 3.9585E-013474 3102
 9.9314E+02 4.1088E-01 9.9391E+02 4.2690E-01 9.9468E+02 4.4398E-013474 3102
 9.9506E+02 4.5296E-01 9.9544E+02 4.6225E-01 9.9583E+02 4.7186E-013474 3102
 9.9621E+02 4.8182E-01 9.9659E+02 4.9214E-01 9.9698E+02 5.0283E-013474 3102
 9.9736E+02 5.1391E-01 9.9774E+02 5.2540E-01 9.9813E+02 5.3731E-013474 3102
 9.9851E+02 5.4968E-01 9.9890E+02 5.6252E-01 9.9928E+02 5.7586E-013474 3102
 9.9947E+02 5.8273E-01 9.9966E+02 5.8973E-01 9.9985E+02 5.9687E-013474 3102
 9.9995E+02 6.0049E-01 1.0001E+03 6.0785E-01 1.0004E+03 6.1727E-013474 3102
 1.0006E+03 6.2692E-01 1.0007E+03 6.3086E-01 1.0010E+03 6.4290E-013474 3102
 1.0012E+03 6.5114E-01 1.0014E+03 6.5955E-01 1.0016E+03 6.6809E-013474 3102
 1.0020E+03 6.8581E-01 1.0023E+03 7.0426E-01 1.0027E+03 7.2356E-013474 3102
 1.0031E+03 7.4367E-01 1.0035E+03 7.6475E-01 1.0039E+03 7.8679E-013474 3102
 1.0043E+03 8.0987E-01 1.0046E+03 8.3397E-01 1.0048E+03 8.4649E-013474 3102
 1.0050E+03 8.5931E-01 1.0052E+03 8.7245E-01 1.0054E+03 8.8583E-013474 3102
 1.0056E+03 8.9962E-01 1.0058E+03 9.1375E-01 1.0060E+03 9.2824E-013474 3102
 1.0062E+03 9.4301E-01 1.0064E+03 9.5825E-01 1.0066E+03 9.7387E-013474 3102
 1.0068E+03 9.8991E-01 1.0070E+03 1.0064E+00 1.0071E+03 1.0232E+003474 3102
 1.0073E+03 1.0406E+00 1.0075E+03 1.0584E+00 1.0077E+03 1.0766E+003474 3102
 1.0079E+03 1.0954E+00 1.0081E+03 1.1147E+00 1.0083E+03 1.1345E+003474 3102
 1.0085E+03 1.1548E+00 1.0087E+03 1.1758E+00 1.0089E+03 1.1974E+003474 3102
 1.0091E+03 1.2196E+00 1.0093E+03 1.2424E+00 1.0094E+03 1.2659E+003474 3102
 1.0096E+03 1.2902E+00 1.0098E+03 1.3151E+00 1.0100E+03 1.3409E+003474 3102
 1.0102E+03 1.3674E+00 1.0104E+03 1.3948E+00 1.0106E+03 1.4230E+003474 3102
 1.0108E+03 1.4520E+00 1.0110E+03 1.4820E+00 1.0112E+03 1.5130E+003474 3102
 1.0114E+03 1.5451E+00 1.0116E+03 1.5780E+00 1.0117E+03 1.6122E+003474 3102
 1.0119E+03 1.6476E+00 1.0121E+03 1.6842E+00 1.0123E+03 1.7219E+003474 3102
 1.0125E+03 1.7610E+00 1.0127E+03 1.8016E+00 1.0129E+03 1.8437E+003474 3102
 1.0131E+03 1.8870E+00 1.0133E+03 1.9322E+00 1.0135E+03 1.9790E+003474 3102
 1.0137E+03 2.0277E+00 1.0139E+03 2.0779E+00 1.0140E+03 2.1304E+003474 3102
 1.0142E+03 2.1849E+00 1.0144E+03 2.2416E+00 1.0146E+03 2.3002E+003474 3102
 1.0148E+03 2.3616E+00 1.0150E+03 2.4255E+00 1.0152E+03 2.4921E+003474 3102
 1.0154E+03 2.5612E+00 1.0156E+03 2.6337E+00 1.0158E+03 2.7093E+003474 3102
 1.0160E+03 2.7883E+00 1.0162E+03 2.8709E+00 1.0164E+03 2.9573E+003474 3102
 1.0165E+03 3.0477E+00 1.0167E+03 3.1424E+00 1.0169E+03 3.2411E+003474 3102
 1.0171E+03 3.3452E+00 1.0173E+03 3.4545E+00 1.0175E+03 3.5694E+003474 3102
 1.0177E+03 3.6895E+00 1.0179E+03 3.8165E+00 1.0181E+03 3.9503E+003474 3102
 1.0183E+03 4.0914E+00 1.0185E+03 4.2395E+00 1.0187E+03 4.3967E+003474 3102
 1.0188E+03 4.5630E+00 1.0190E+03 4.7390E+00 1.0192E+03 4.9256E+003474 3102
 1.0194E+03 5.1235E+00 1.0196E+03 5.3337E+00 1.0198E+03 5.5573E+003474 3102
 1.0200E+03 5.7941E+00 1.0202E+03 6.0479E+00 1.0204E+03 6.3190E+003474 3102
 1.0206E+03 6.6089E+00 1.0208E+03 6.9177E+00 1.0210E+03 7.2507E+003474 3102
 1.0211E+03 7.6085E+00 1.0213E+03 7.9937E+00 1.0215E+03 8.4069E+003474 3102
 1.0217E+03 8.8557E+00 1.0219E+03 9.3416E+00 1.0221E+03 9.8689E+003474 3102
 1.0223E+03 1.0442E+01 1.0225E+03 1.1068E+01 1.0227E+03 1.1751E+013474 3102
 1.0228E+03 1.2117E+01 1.0229E+03 1.2500E+01 1.0230E+03 1.2901E+013474 3102
 1.0231E+03 1.3318E+01 1.0232E+03 1.3760E+01 1.0233E+03 1.4225E+013474 3102
 1.0234E+03 1.4714E+01 1.0234E+03 1.5228E+01 1.0235E+03 1.5770E+013474 3102
 1.0236E+03 1.6341E+01 1.0237E+03 1.6944E+01 1.0238E+03 1.7574E+013474 3102
 1.0239E+03 1.8246E+01 1.0240E+03 1.8958E+01 1.0241E+03 1.9712E+013474 3102
 1.0242E+03 2.0512E+01 1.0243E+03 2.1361E+01 1.0244E+03 2.2263E+013474 3102
 1.0245E+03 2.3223E+01 1.0246E+03 2.4234E+01 1.0247E+03 2.5323E+013474 3102
 1.0248E+03 2.6485E+01 1.0249E+03 2.7726E+01 1.0250E+03 2.9054E+013474 3102
 1.0251E+03 3.0475E+01 1.0252E+03 3.1999E+01 1.0253E+03 3.3633E+013474 3102
 1.0254E+03 3.5368E+01 1.0255E+03 3.7251E+01 1.0256E+03 3.9276E+013474 3102
 1.0257E+03 4.1454E+01 1.0257E+03 4.3798E+01 1.0258E+03 4.6321E+013474 3102
 1.0259E+03 4.9036E+01 1.0260E+03 5.1957E+01 1.0261E+03 5.5066E+013474 3102
 1.0262E+03 5.8440E+01 1.0263E+03 6.2062E+01 1.0264E+03 6.5944E+013474 3102
 1.0265E+03 7.0098E+01 1.0266E+03 7.4534E+01 1.0267E+03 7.9257E+013474 3102
 1.0268E+03 8.4272E+01 1.0269E+03 8.9521E+01 1.0270E+03 9.5110E+013474 3102
 1.0271E+03 1.0097E+02 1.0272E+03 1.0710E+02 1.0273E+03 1.1346E+023474 3102
 1.0274E+03 1.2002E+02 1.0275E+03 1.2675E+02 1.0277E+03 1.4043E+023474 3102
 1.0279E+03 1.5835E+02 1.0281E+03 1.6965E+02 1.0282E+03 1.7492E+023474 3102
 1.0283E+03 1.8228E+02 1.0284E+03 1.8883E+02 1.0285E+03 1.9258E+023474 3102
 1.0286E+03 1.9588E+02 1.0287E+03 1.9859E+02 1.0288E+03 2.0076E+023474 3102
 1.0288E+03 2.0231E+02 1.0289E+03 2.0323E+02 1.0290E+03 2.0353E+023474 3102
 1.0291E+03 2.0319E+02 1.0292E+03 2.0222E+02 1.0293E+03 2.0061E+023474 3102
 1.0293E+03 1.9842E+02 1.0294E+03 1.9563E+02 1.0295E+03 1.9234E+023474 3102
 1.0296E+03 1.8850E+02 1.0297E+03 1.8426E+02 1.0298E+03 1.7956E+023474 3102
 1.0298E+03 1.7456E+02 1.0300E+03 1.6367E+02 1.0302E+03 1.5202E+023474 3102
 1.0306E+03 1.2212E+02 1.0307E+03 1.1632E+02 1.0308E+03 1.0517E+023474 3102
 1.0309E+03 9.9862E+01 1.0310E+03 9.4817E+01 1.0311E+03 8.9921E+013474 3102
 1.0312E+03 8.5243E+01 1.0313E+03 8.0788E+01 1.0313E+03 7.6606E+013474 3102
 1.0314E+03 7.2594E+01 1.0315E+03 6.8800E+01 1.0316E+03 6.5220E+013474 3102
 1.0317E+03 6.1885E+01 1.0318E+03 5.8709E+01 1.0318E+03 5.5723E+013474 3102
 1.0319E+03 5.2918E+01 1.0320E+03 5.0317E+01 1.0321E+03 4.7846E+013474 3102
 1.0322E+03 4.5529E+01 1.0323E+03 4.3357E+01 1.0323E+03 4.1343E+013474 3102
 1.0324E+03 3.9431E+01 1.0325E+03 3.7638E+01 1.0326E+03 3.5955E+013474 3102
 1.0327E+03 3.4393E+01 1.0328E+03 3.2907E+01 1.0328E+03 3.1511E+013474 3102
 1.0329E+03 3.0197E+01 1.0330E+03 2.8975E+01 1.0331E+03 2.7810E+013474 3102
 1.0332E+03 2.6711E+01 1.0333E+03 2.5674E+01 1.0334E+03 2.4695E+013474 3102
 1.0334E+03 2.3769E+01 1.0335E+03 2.2894E+01 1.0337E+03 2.1290E+013474 3102
 1.0339E+03 1.9838E+01 1.0340E+03 1.8536E+01 1.0342E+03 1.7350E+013474 3102
 1.0344E+03 1.6280E+01 1.0345E+03 1.5300E+01 1.0347E+03 1.4411E+013474 3102
 1.0349E+03 1.3593E+01 1.0350E+03 1.2846E+01 1.0352E+03 1.2156E+013474 3102
 1.0354E+03 1.1523E+01 1.0355E+03 1.0935E+01 1.0357E+03 1.0395E+013474 3102
 1.0359E+03 9.8903E+00 1.0360E+03 9.4219E+00 1.0362E+03 8.9862E+003474 3102
 1.0364E+03 8.5824E+00 1.0365E+03 8.2032E+00 1.0367E+03 7.8508E+003474 3102
 1.0369E+03 7.5188E+00 1.0370E+03 7.2094E+00 1.0372E+03 6.9171E+003474 3102
 1.0374E+03 6.6439E+00 1.0375E+03 6.3853E+00 1.0377E+03 6.1430E+003474 3102
 1.0379E+03 5.9130E+00 1.0380E+03 5.6970E+00 1.0384E+03 5.2983E+003474 3102
 1.0387E+03 4.9402E+00 1.0390E+03 4.6174E+00 1.0394E+03 4.3255E+003474 3102
 1.0397E+03 4.0606E+00 1.0401E+03 3.8194E+00 1.0404E+03 3.5993E+003474 3102
 1.0407E+03 3.3979E+00 1.0411E+03 3.2131E+00 1.0414E+03 3.0426E+003474 3102
 1.0417E+03 2.8860E+00 1.0421E+03 2.7414E+00 1.0424E+03 2.6074E+003474 3102
 1.0427E+03 2.4832E+00 1.0431E+03 2.3679E+00 1.0434E+03 2.2604E+003474 3102
 1.0437E+03 2.1603E+00 1.0441E+03 2.0665E+00 1.0444E+03 1.9791E+003474 3102
 1.0447E+03 1.8972E+00 1.0451E+03 1.8204E+00 1.0454E+03 1.7482E+003474 3102
 1.0458E+03 1.6804E+00 1.0461E+03 1.6165E+00 1.0464E+03 1.5564E+003474 3102
 1.0468E+03 1.4995E+00 1.0471E+03 1.4459E+00 1.0478E+03 1.3472E+003474 3102
 1.0484E+03 1.2584E+00 1.0491E+03 1.1784E+00 1.0498E+03 1.1059E+003474 3102
 1.0504E+03 1.0402E+00 1.0511E+03 9.8038E-01 1.0518E+03 9.2577E-013474 3102
 1.0525E+03 8.7571E-01 1.0531E+03 8.2986E-01 1.0538E+03 7.8768E-013474 3102
 1.0545E+03 7.4879E-01 1.0551E+03 7.1282E-01 1.0558E+03 6.7957E-013474 3102
 1.0565E+03 6.4873E-01 1.0571E+03 6.2007E-01 1.0578E+03 5.9336E-013474 3102
 1.0585E+03 5.6849E-01 1.0592E+03 5.4526E-01 1.0598E+03 5.2354E-013474 3102
 1.0605E+03 5.0319E-01 1.0612E+03 4.8411E-01 1.0618E+03 4.6618E-013474 3102
 1.0625E+03 4.4933E-01 1.0632E+03 4.3343E-01 1.0638E+03 4.1848E-013474 3102
 1.0652E+03 3.9109E-01 1.0665E+03 3.6658E-01 1.0679E+03 3.4451E-013474 3102
 1.0692E+03 3.2460E-01 1.0705E+03 3.0661E-01 1.0719E+03 2.9028E-013474 3102
 1.0732E+03 2.7542E-01 1.0746E+03 2.6185E-01 1.0759E+03 2.4944E-013474 3102
 1.0772E+03 2.3804E-01 1.0786E+03 2.2757E-01 1.0799E+03 2.1791E-013474 3102
 1.0813E+03 2.0900E-01 1.0826E+03 2.0074E-01 1.0840E+03 1.9309E-013474 3102
 1.0853E+03 1.8598E-01 1.0866E+03 1.7936E-01 1.0880E+03 1.7319E-013474 3102
 1.0893E+03 1.6743E-01 1.0907E+03 1.6204E-01 1.0920E+03 1.5699E-013474 3102
 1.0947E+03 1.4782E-01 1.0960E+03 1.4365E-01 1.0987E+03 1.3601E-013474 3102
 1.1000E+03 1.3254E-01 1.1027E+03 1.2613E-01 1.1054E+03 1.2038E-013474 3102
 1.1081E+03 1.1520E-01 1.1108E+03 1.1054E-01 1.1134E+03 1.0631E-013474 3102
 1.1161E+03 1.0248E-01 1.1190E+03 9.8769E-02 1.1218E+03 9.5399E-023474 3102
 1.1247E+03 9.2333E-02 1.1276E+03 8.9538E-02 1.1304E+03 8.6983E-023474 3102
 1.1333E+03 8.4644E-02 1.1362E+03 8.2496E-02 1.1419E+03 7.8704E-023474 3102
 1.1448E+03 7.7028E-02 1.1505E+03 7.4048E-02 1.1534E+03 7.2722E-023474 3102
 1.1591E+03 7.0355E-02 1.1648E+03 6.8318E-02 1.1677E+03 6.7412E-023474 3102
 1.1734E+03 6.5786E-02 1.1791E+03 6.4383E-02 1.1849E+03 6.3180E-023474 3102
 1.1906E+03 6.2154E-02 1.1963E+03 6.1288E-02 1.2021E+03 6.0569E-023474 3102
 1.2078E+03 5.9985E-02 1.2132E+03 5.9553E-02 1.2186E+03 5.9230E-023474 3102
 1.2293E+03 5.8904E-02 1.2401E+03 5.9011E-02 1.2455E+03 5.9238E-023474 3102
 1.2509E+03 5.9589E-02 1.2563E+03 6.0078E-02 1.2617E+03 6.0718E-023474 3102
 1.2670E+03 6.1528E-02 1.2724E+03 6.2531E-02 1.2751E+03 6.3113E-023474 3102
 1.2805E+03 6.4474E-02 1.2859E+03 6.6130E-02 1.2886E+03 6.7086E-023474 3102
 1.2940E+03 6.9304E-02 1.2968E+03 7.0669E-02 1.2997E+03 7.2186E-023474 3102
 1.3025E+03 7.3878E-02 1.3054E+03 7.5767E-02 1.3082E+03 7.7882E-023474 3102
 1.3111E+03 8.0257E-02 1.3139E+03 8.2934E-02 1.3168E+03 8.5948E-023474 3102
 1.3182E+03 8.7600E-02 1.3211E+03 9.1266E-02 1.3225E+03 9.3293E-023474 3102
 1.3253E+03 9.7791E-02 1.3268E+03 1.0029E-01 1.3282E+03 1.0298E-013474 3102
 1.3296E+03 1.0588E-01 1.3310E+03 1.0901E-01 1.3325E+03 1.1240E-013474 3102
 1.3339E+03 1.1607E-01 1.3353E+03 1.2006E-01 1.3367E+03 1.2440E-013474 3102
 1.3382E+03 1.2914E-01 1.3396E+03 1.3432E-01 1.3410E+03 1.4001E-013474 3102
 1.3425E+03 1.4626E-01 1.3439E+03 1.5317E-01 1.3453E+03 1.6081E-013474 3102
 1.3467E+03 1.6931E-01 1.3482E+03 1.7875E-01 1.3489E+03 1.8388E-013474 3102
 1.3503E+03 1.9511E-01 1.3510E+03 2.0125E-01 1.3517E+03 2.0778E-013474 3102
 1.3524E+03 2.1474E-01 1.3531E+03 2.2215E-01 1.3539E+03 2.3006E-013474 3102
 1.3546E+03 2.3852E-01 1.3553E+03 2.4757E-01 1.3560E+03 2.5728E-013474 3102
 1.3567E+03 2.6771E-01 1.3574E+03 2.7893E-01 1.3581E+03 2.9103E-013474 3102
 1.3589E+03 3.0410E-01 1.3596E+03 3.1824E-01 1.3603E+03 3.3357E-013474 3102
 1.3610E+03 3.5025E-01 1.3617E+03 3.6842E-01 1.3624E+03 3.8824E-013474 3102
 1.3631E+03 4.0998E-01 1.3638E+03 4.3386E-01 1.3646E+03 4.6018E-013474 3102
 1.3653E+03 4.8927E-01 1.3660E+03 5.2151E-01 1.3667E+03 5.5739E-013474 3102
 1.3674E+03 5.9750E-01 1.3678E+03 6.1941E-01 1.3681E+03 6.4258E-013474 3102
 1.3685E+03 6.6728E-01 1.3688E+03 6.9348E-01 1.3692E+03 7.2146E-013474 3102
 1.3695E+03 7.5121E-01 1.3699E+03 7.8307E-01 1.3703E+03 8.1705E-013474 3102
 1.3706E+03 8.5353E-01 1.3710E+03 8.9256E-01 1.3713E+03 9.3463E-013474 3102
 1.3715E+03 9.5679E-01 1.3718E+03 9.9176E-01 1.3720E+03 1.0161E+003474 3102
 1.3721E+03 1.0414E+00 1.3723E+03 1.0645E+00 1.3724E+03 1.0813E+003474 3102
 1.3725E+03 1.1024E+00 1.3728E+03 1.1386E+00 1.3729E+03 1.1689E+003474 3102
 1.3731E+03 1.2006E+00 1.3733E+03 1.2338E+00 1.3735E+03 1.2682E+003474 3102
 1.3736E+03 1.3042E+00 1.3738E+03 1.3418E+00 1.3740E+03 1.3814E+003474 3102
 1.3742E+03 1.4225E+00 1.3744E+03 1.4656E+00 1.3745E+03 1.5108E+003474 3102
 1.3747E+03 1.5585E+00 1.3749E+03 1.6083E+00 1.3751E+03 1.6606E+003474 3102
 1.3752E+03 1.7155E+00 1.3754E+03 1.7737E+00 1.3756E+03 1.8347E+003474 3102
 1.3758E+03 1.8989E+00 1.3760E+03 1.9668E+00 1.3761E+03 2.0388E+003474 3102
 1.3763E+03 2.1146E+00 1.3765E+03 2.1949E+00 1.3767E+03 2.2800E+003474 3102
 1.3769E+03 2.3708E+00 1.3769E+03 2.4180E+00 1.3770E+03 2.4667E+003474 3102
 1.3771E+03 2.5170E+00 1.3772E+03 2.5688E+00 1.3773E+03 2.6224E+003474 3102
 1.3774E+03 2.6776E+00 1.3775E+03 2.7354E+00 1.3776E+03 2.7944E+003474 3102
 1.3777E+03 2.8554E+00 1.3777E+03 2.9185E+00 1.3778E+03 2.9838E+003474 3102
 1.3779E+03 3.0513E+00 1.3780E+03 3.1213E+00 1.3781E+03 3.1938E+003474 3102
 1.3782E+03 3.2697E+00 1.3783E+03 3.3476E+00 1.3784E+03 3.4284E+003474 3102
 1.3785E+03 3.5123E+00 1.3785E+03 3.5993E+00 1.3786E+03 3.6898E+003474 3102
 1.3787E+03 3.7838E+00 1.3788E+03 3.8816E+00 1.3789E+03 3.9845E+003474 3102
 1.3790E+03 4.0905E+00 1.3791E+03 4.2009E+00 1.3792E+03 4.3160E+003474 3102
 1.3793E+03 4.4360E+00 1.3793E+03 4.5613E+00 1.3794E+03 4.6922E+003474 3102
 1.3795E+03 4.8289E+00 1.3796E+03 4.9737E+00 1.3797E+03 5.1235E+003474 3102
 1.3798E+03 5.2805E+00 1.3799E+03 5.4450E+00 1.3800E+03 5.6177E+003474 3102
 1.3801E+03 5.7991E+00 1.3802E+03 5.9897E+00 1.3802E+03 6.1903E+003474 3102
 1.3803E+03 6.4041E+00 1.3804E+03 6.6270E+00 1.3805E+03 6.8623E+003474 3102
 1.3806E+03 7.1109E+00 1.3807E+03 7.3740E+00 1.3808E+03 7.6526E+003474 3102
 1.3809E+03 7.9482E+00 1.3810E+03 8.2622E+00 1.3810E+03 8.5999E+003474 3102
 1.3811E+03 8.9559E+00 1.3812E+03 9.3357E+00 1.3813E+03 9.7415E+003474 3102
 1.3814E+03 1.0176E+01 1.3815E+03 1.0642E+01 1.3816E+03 1.1142E+013474 3102
 1.3817E+03 1.1681E+01 1.3818E+03 1.2268E+01 1.3818E+03 1.2896E+013474 3102
 1.3819E+03 1.3576E+01 1.3820E+03 1.4313E+01 1.3821E+03 1.5114E+013474 3102
 1.3822E+03 1.5986E+01 1.3823E+03 1.6937E+01 1.3824E+03 1.7975E+013474 3102
 1.3824E+03 1.8536E+01 1.3825E+03 1.9124E+01 1.3825E+03 1.9739E+013474 3102
 1.3826E+03 2.0369E+01 1.3826E+03 2.1043E+01 1.3826E+03 2.1733E+013474 3102
 1.3827E+03 2.2473E+01 1.3827E+03 2.3231E+01 1.3828E+03 2.4042E+013474 3102
 1.3828E+03 2.4874E+01 1.3829E+03 2.5765E+01 1.3829E+03 2.6678E+013474 3102
 1.3830E+03 2.7657E+01 1.3830E+03 2.8659E+01 1.3830E+03 2.9733E+013474 3102
 1.3831E+03 3.0833E+01 1.3831E+03 3.2011E+01 1.3832E+03 3.3244E+013474 3102
 1.3832E+03 3.4535E+01 1.3833E+03 3.5856E+01 1.3833E+03 3.7269E+013474 3102
 1.3834E+03 3.8712E+01 1.3834E+03 4.0254E+01 1.3834E+03 4.1828E+013474 3102
 1.3835E+03 4.3508E+01 1.3835E+03 4.5220E+01 1.3836E+03 4.7045E+013474 3102
 1.3836E+03 4.8902E+01 1.3837E+03 5.0878E+01 1.3838E+03 5.5018E+013474 3102
 1.3838E+03 5.7181E+01 1.3839E+03 6.1847E+01 1.3839E+03 6.4302E+013474 3102
 1.3840E+03 6.9396E+01 1.3841E+03 7.4801E+01 1.3842E+03 7.7585E+013474 3102
 1.3843E+03 8.3430E+01 1.3844E+03 9.2728E+01 1.3845E+03 1.0245E+023474 3102
 1.3846E+03 1.0916E+02 1.3847E+03 1.1945E+02 1.3850E+03 1.3978E+023474 3102
 1.3851E+03 1.4625E+02 1.3852E+03 1.5535E+02 1.3854E+03 1.6423E+023474 3102
 1.3854E+03 1.6688E+02 1.3855E+03 1.7166E+02 1.3856E+03 1.7480E+023474 3102
 1.3857E+03 1.7744E+02 1.3857E+03 1.7894E+02 1.3858E+03 1.8127E+023474 3102
 1.3859E+03 1.8269E+02 1.3860E+03 1.8315E+02 1.3860E+03 1.8302E+023474 3102
 1.3861E+03 1.8205E+02 1.3862E+03 1.8121E+02 1.3863E+03 1.7884E+023474 3102
 1.3863E+03 1.7733E+02 1.3864E+03 1.7560E+02 1.3865E+03 1.7150E+023474 3102
 1.3866E+03 1.6670E+02 1.3867E+03 1.6123E+02 1.3868E+03 1.5520E+023474 3102
 1.3868E+03 1.5132E+02 1.3869E+03 1.4320E+02 1.3871E+03 1.3035E+023474 3102
 1.3874E+03 1.0832E+02 1.3876E+03 9.5529E+01 1.3876E+03 9.1444E+013474 3102
 1.3877E+03 8.3497E+01 1.3878E+03 7.9720E+01 1.3879E+03 7.2459E+013474 3102
 1.3880E+03 6.5706E+01 1.3881E+03 6.2554E+01 1.3881E+03 5.9532E+013474 3102
 1.3882E+03 5.6590E+01 1.3883E+03 5.3831E+01 1.3883E+03 5.1200E+013474 3102
 1.3884E+03 4.8694E+01 1.3884E+03 4.6272E+01 1.3885E+03 4.4013E+013474 3102
 1.3885E+03 4.1870E+01 1.3886E+03 3.9841E+01 1.3887E+03 3.7888E+013474 3102
 1.3887E+03 3.6075E+01 1.3888E+03 3.4333E+01 1.3888E+03 3.2718E+013474 3102
 1.3889E+03 3.1168E+01 1.3890E+03 2.9732E+01 1.3890E+03 2.8380E+013474 3102
 1.3891E+03 2.7105E+01 1.3891E+03 2.5884E+01 1.3892E+03 2.4754E+013474 3102
 1.3892E+03 2.3671E+01 1.3893E+03 2.2670E+01 1.3894E+03 2.1710E+013474 3102
 1.3894E+03 2.0822E+01 1.3895E+03 1.9984E+01 1.3895E+03 1.9194E+013474 3102
 1.3896E+03 1.8437E+01 1.3896E+03 1.7734E+01 1.3897E+03 1.7059E+013474 3102
 1.3898E+03 1.6433E+01 1.3898E+03 1.5831E+01 1.3899E+03 1.5271E+013474 3102
 1.3900E+03 1.4238E+01 1.3901E+03 1.3302E+01 1.3902E+03 1.2465E+013474 3102
 1.3903E+03 1.1702E+01 1.3904E+03 1.1015E+01 1.3906E+03 1.0385E+013474 3102
 1.3907E+03 9.8091E+00 1.3908E+03 9.2825E+00 1.3909E+03 8.8031E+003474 3102
 1.3910E+03 8.3579E+00 1.3911E+03 7.9472E+00 1.3912E+03 7.5673E+003474 3102
 1.3914E+03 7.2181E+00 1.3915E+03 6.8908E+00 1.3916E+03 6.5861E+003474 3102
 1.3917E+03 6.3020E+00 1.3918E+03 6.0388E+00 1.3919E+03 5.7902E+003474 3102
 1.3920E+03 5.5591E+00 1.3922E+03 5.3403E+00 1.3923E+03 5.1363E+003474 3102
 1.3924E+03 4.9424E+00 1.3925E+03 4.7597E+00 1.3926E+03 4.5873E+003474 3102
 1.3927E+03 4.4257E+00 1.3930E+03 4.1265E+00 1.3932E+03 3.8575E+003474 3102
 1.3934E+03 3.6136E+00 1.3937E+03 3.3936E+00 1.3939E+03 3.1936E+003474 3102
 1.3941E+03 3.0112E+00 1.3943E+03 2.8437E+00 1.3946E+03 2.6907E+003474 3102
 1.3948E+03 2.5495E+00 1.3950E+03 2.4200E+00 1.3953E+03 2.2999E+003474 3102
 1.3955E+03 2.1891E+00 1.3957E+03 2.0864E+00 1.3959E+03 1.9910E+003474 3102
 1.3962E+03 1.9018E+00 1.3964E+03 1.8190E+00 1.3966E+03 1.7413E+003474 3102
 1.3969E+03 1.6689E+00 1.3971E+03 1.6009E+00 1.3973E+03 1.5373E+003474 3102
 1.3975E+03 1.4776E+00 1.3978E+03 1.4214E+00 1.3980E+03 1.3682E+003474 3102
 1.3982E+03 1.3183E+00 1.3985E+03 1.2710E+00 1.3987E+03 1.2265E+003474 3102
 1.3992E+03 1.1443E+00 1.3996E+03 1.0705E+00 1.4001E+03 1.0038E+003474 3102
 1.4005E+03 9.4354E-01 1.4010E+03 8.8866E-01 1.4014E+03 8.3878E-013474 3102
 1.4019E+03 7.9311E-01 1.4024E+03 7.5128E-01 1.4028E+03 7.1287E-013474 3102
 1.4033E+03 6.7759E-01 1.4037E+03 6.4498E-01 1.4042E+03 6.1483E-013474 3102
 1.4047E+03 5.8690E-01 1.4051E+03 5.6103E-01 1.4056E+03 5.3693E-013474 3102
 1.4060E+03 5.1448E-01 1.4065E+03 4.9354E-01 1.4070E+03 4.7401E-013474 3102
 1.4074E+03 4.5569E-01 1.4079E+03 4.3856E-01 1.4083E+03 4.2246E-013474 3102
 1.4088E+03 4.0735E-01 1.4092E+03 3.9312E-01 1.4097E+03 3.7971E-013474 3102
 1.4106E+03 3.5518E-01 1.4115E+03 3.3325E-01 1.4125E+03 3.1356E-013474 3102
 1.4134E+03 2.9580E-01 1.4143E+03 2.7977E-01 1.4152E+03 2.6523E-013474 3102
 1.4161E+03 2.5201E-01 1.4170E+03 2.3995E-01 1.4180E+03 2.2893E-013474 3102
 1.4189E+03 2.1881E-01 1.4198E+03 2.0953E-01 1.4207E+03 2.0097E-013474 3102
 1.4216E+03 1.9308E-01 1.4225E+03 1.8578E-01 1.4235E+03 1.7902E-013474 3102
 1.4244E+03 1.7273E-01 1.4253E+03 1.6689E-01 1.4262E+03 1.6144E-013474 3102
 1.4271E+03 1.5637E-01 1.4281E+03 1.5162E-01 1.4290E+03 1.4719E-013474 3102
 1.4308E+03 1.3913E-01 1.4326E+03 1.3204E-01 1.4345E+03 1.2576E-013474 3102
 1.4363E+03 1.2014E-01 1.4381E+03 1.1512E-01 1.4400E+03 1.1062E-013474 3102
 1.4418E+03 1.0657E-01 1.4436E+03 1.0292E-01 1.4455E+03 9.9609E-023474 3102
 1.4473E+03 9.6607E-02 1.4492E+03 9.3877E-02 1.4510E+03 9.1389E-023474 3102
 1.4528E+03 8.9119E-02 1.4547E+03 8.7040E-02 1.4583E+03 8.3389E-023474 3102
 1.4602E+03 8.1785E-02 1.4638E+03 7.8950E-02 1.4657E+03 7.7699E-023474 3102
 1.4675E+03 7.6555E-02 1.4712E+03 7.4517E-02 1.4748E+03 7.2776E-023474 3102
 1.4785E+03 7.1297E-02 1.4822E+03 7.0045E-02 1.4858E+03 6.8990E-023474 3102
 1.4895E+03 6.8110E-02 1.4932E+03 6.7385E-02 1.5005E+03 6.6341E-023474 3102
 1.5042E+03 6.5998E-02 1.5120E+03 6.5618E-02 1.5199E+03 6.5673E-023474 3102
 1.5238E+03 6.5853E-02 1.5317E+03 6.6510E-02 1.5356E+03 6.6987E-023474 3102
 1.5434E+03 6.8251E-02 1.5474E+03 6.9047E-02 1.5552E+03 7.1000E-023474 3102
 1.5591E+03 7.2179E-02 1.5631E+03 7.3513E-02 1.5670E+03 7.5020E-023474 3102
 1.5709E+03 7.6727E-02 1.5748E+03 7.8667E-02 1.5788E+03 8.0886E-023474 3102
 1.5827E+03 8.3434E-02 1.5847E+03 8.4856E-02 1.5866E+03 8.6409E-023474 3102
 1.5905E+03 8.9954E-02 1.5925E+03 9.1996E-02 1.5945E+03 9.4261E-023474 3102
 1.5964E+03 9.6797E-02 1.5984E+03 9.9660E-02 1.6004E+03 1.0293E-013474 3102
 1.6023E+03 1.0670E-01 1.6043E+03 1.1113E-01 1.6053E+03 1.1366E-013474 3102
 1.6072E+03 1.1953E-01 1.6082E+03 1.2295E-01 1.6092E+03 1.2679E-013474 3102
 1.6102E+03 1.3113E-01 1.6112E+03 1.3607E-01 1.6121E+03 1.4173E-013474 3102
 1.6131E+03 1.4831E-01 1.6141E+03 1.5602E-01 1.6151E+03 1.6518E-013474 3102
 1.6161E+03 1.7617E-01 1.6166E+03 1.8255E-01 1.6170E+03 1.8963E-013474 3102
 1.6175E+03 1.9757E-01 1.6180E+03 2.0647E-01 1.6185E+03 2.1655E-013474 3102
 1.6190E+03 2.2800E-01 1.6195E+03 2.4110E-01 1.6200E+03 2.5618E-013474 3102
 1.6205E+03 2.7372E-01 1.6210E+03 2.9424E-01 1.6215E+03 3.1861E-013474 3102
 1.6217E+03 3.3250E-01 1.6220E+03 3.4777E-01 1.6222E+03 3.6466E-013474 3102
 1.6224E+03 3.8330E-01 1.6227E+03 4.0410E-01 1.6229E+03 4.2723E-013474 3102
 1.6232E+03 4.5330E-01 1.6234E+03 4.8261E-01 1.6237E+03 5.1588E-013474 3102
 1.6239E+03 5.5393E-01 1.6242E+03 5.9799E-01 1.6244E+03 6.4910E-013474 3102
 1.6246E+03 7.0938E-01 1.6248E+03 7.4392E-01 1.6249E+03 7.8160E-013474 3102
 1.6250E+03 8.2362E-01 1.6251E+03 8.7042E-01 1.6253E+03 9.2292E-013474 3102
 1.6254E+03 9.8182E-01 1.6255E+03 1.0496E+00 1.6256E+03 1.1271E+003474 3102
 1.6258E+03 1.2182E+00 1.6259E+03 1.3247E+00 1.6259E+03 1.3862E+003474 3102
 1.6260E+03 1.4525E+00 1.6261E+03 1.5264E+00 1.6261E+03 1.6064E+003474 3102
 1.6262E+03 1.6959E+00 1.6262E+03 1.7932E+00 1.6263E+03 1.9008E+003474 3102
 1.6264E+03 2.0198E+00 1.6264E+03 2.1541E+00 1.6265E+03 2.3007E+003474 3102
 1.6266E+03 2.5121E+00 1.6266E+03 2.7243E+00 1.6267E+03 2.8008E+003474 3102
 1.6267E+03 2.9378E+00 1.6267E+03 3.0765E+00 1.6268E+03 3.3255E+003474 3102
 1.6269E+03 3.6021E+00 1.6269E+03 3.7541E+00 1.6269E+03 3.9143E+003474 3102
 1.6270E+03 4.2551E+00 1.6270E+03 4.6390E+00 1.6271E+03 5.0572E+003474 3102
 1.6271E+03 5.2862E+00 1.6272E+03 5.5269E+00 1.6272E+03 5.7799E+003474 3102
 1.6272E+03 6.0369E+00 1.6273E+03 6.3154E+00 1.6273E+03 6.5981E+003474 3102
 1.6273E+03 6.9042E+00 1.6273E+03 7.2145E+00 1.6274E+03 7.5501E+003474 3102
 1.6274E+03 7.9016E+00 1.6275E+03 8.6414E+00 1.6275E+03 9.4484E+003474 3102
 1.6276E+03 1.0326E+01 1.6276E+03 1.0801E+01 1.6277E+03 1.1296E+013474 3102
 1.6277E+03 1.1810E+01 1.6277E+03 1.2328E+01 1.6277E+03 1.2884E+013474 3102
 1.6278E+03 1.3443E+01 1.6278E+03 1.4041E+01 1.6278E+03 1.4641E+013474 3102
 1.6279E+03 1.5284E+01 1.6279E+03 1.5949E+01 1.6280E+03 1.7326E+013474 3102
 1.6280E+03 1.8817E+01 1.6281E+03 2.0376E+01 1.6281E+03 2.2054E+013474 3102
 1.6282E+03 2.3795E+01 1.6283E+03 2.5625E+01 1.6283E+03 2.7539E+013474 3102
 1.6284E+03 3.0613E+01 1.6285E+03 3.3785E+01 1.6286E+03 3.5991E+013474 3102
 1.6287E+03 3.9456E+01 1.6288E+03 4.2935E+01 1.6288E+03 4.6504E+013474 3102
 1.6290E+03 5.2472E+01 1.6291E+03 5.7100E+01 1.6292E+03 5.9874E+013474 3102
 1.6293E+03 6.2980E+01 1.6294E+03 6.5425E+01 1.6295E+03 6.8082E+013474 3102
 1.6295E+03 7.0029E+01 1.6296E+03 7.2066E+01 1.6297E+03 7.3178E+013474 3102
 1.6298E+03 7.4299E+01 1.6298E+03 7.5042E+01 1.6299E+03 7.5669E+013474 3102
 1.6300E+03 7.5770E+01 1.6301E+03 7.5613E+01 1.6302E+03 7.4904E+013474 3102
 1.6302E+03 7.4122E+01 1.6303E+03 7.2860E+01 1.6304E+03 7.1568E+013474 3102
 1.6305E+03 6.9725E+01 1.6305E+03 6.7960E+01 1.6306E+03 6.5624E+013474 3102
 1.6307E+03 6.2602E+01 1.6308E+03 5.9826E+01 1.6309E+03 5.6904E+013474 3102
 1.6310E+03 5.1809E+01 1.6312E+03 4.5486E+01 1.6313E+03 4.0288E+013474 3102
 1.6314E+03 3.7245E+01 1.6315E+03 3.3326E+01 1.6316E+03 2.9608E+013474 3102
 1.6317E+03 2.7837E+01 1.6317E+03 2.6128E+01 1.6318E+03 2.4486E+013474 3102
 1.6318E+03 2.2911E+01 1.6319E+03 2.1407E+01 1.6319E+03 1.9973E+013474 3102
 1.6320E+03 1.8585E+01 1.6320E+03 1.7295E+01 1.6321E+03 1.6075E+013474 3102
 1.6321E+03 1.4925E+01 1.6322E+03 1.3844E+01 1.6323E+03 1.2829E+013474 3102
 1.6323E+03 1.1879E+01 1.6324E+03 1.0992E+01 1.6324E+03 1.0166E+013474 3102
 1.6325E+03 9.3978E+00 1.6325E+03 8.6848E+00 1.6326E+03 8.0246E+003474 3102
 1.6326E+03 7.4143E+00 1.6327E+03 6.8512E+00 1.6327E+03 6.3325E+003474 3102
 1.6328E+03 5.8555E+00 1.6329E+03 5.4098E+00 1.6329E+03 5.0088E+003474 3102
 1.6330E+03 4.6416E+00 1.6330E+03 4.3057E+00 1.6331E+03 3.9988E+003474 3102
 1.6331E+03 3.7185E+00 1.6332E+03 3.4629E+00 1.6332E+03 3.2298E+003474 3102
 1.6333E+03 3.0175E+00 1.6333E+03 2.8240E+00 1.6334E+03 2.6477E+003474 3102
 1.6334E+03 2.4872E+00 1.6335E+03 2.3409E+00 1.6336E+03 2.2076E+003474 3102
 1.6336E+03 2.0860E+00 1.6337E+03 1.9751E+00 1.6337E+03 1.8720E+003474 3102
 1.6338E+03 1.7795E+00 1.6338E+03 1.6948E+00 1.6339E+03 1.6172E+003474 3102
 1.6340E+03 1.4805E+00 1.6341E+03 1.3644E+00 1.6342E+03 1.2652E+003474 3102
 1.6343E+03 1.1797E+00 1.6344E+03 1.1053E+00 1.6345E+03 1.0402E+003474 3102
 1.6346E+03 9.8214E-01 1.6347E+03 9.3095E-01 1.6349E+03 8.8504E-013474 3102
 1.6350E+03 8.4360E-01 1.6351E+03 8.0598E-01 1.6352E+03 7.7164E-013474 3102
 1.6354E+03 7.1117E-01 1.6356E+03 6.5935E-01 1.6358E+03 6.1481E-013474 3102
 1.6360E+03 5.7598E-01 1.6363E+03 5.4185E-01 1.6365E+03 5.1153E-013474 3102
 1.6367E+03 4.8469E-01 1.6369E+03 4.6069E-01 1.6371E+03 4.3914E-013474 3102
 1.6373E+03 4.1962E-01 1.6376E+03 4.0204E-01 1.6378E+03 3.8602E-013474 3102
 1.6380E+03 3.7149E-01 1.6384E+03 3.4601E-01 1.6389E+03 3.2460E-013474 3102
 1.6393E+03 3.0635E-01 1.6397E+03 2.9075E-01 1.6402E+03 2.7728E-013474 3102
 1.6406E+03 2.6562E-01 1.6410E+03 2.5545E-01 1.6414E+03 2.4656E-013474 3102
 1.6419E+03 2.3874E-01 1.6423E+03 2.3187E-01 1.6427E+03 2.2578E-013474 3102
 1.6436E+03 2.1562E-01 1.6445E+03 2.0762E-01 1.6449E+03 2.0426E-013474 3102
 1.6458E+03 1.9862E-01 1.6466E+03 1.9416E-01 1.6475E+03 1.9065E-013474 3102
 1.6484E+03 1.8793E-01 1.6492E+03 1.8587E-01 1.6501E+03 1.8438E-013474 3102
 1.6510E+03 1.8336E-01 1.6518E+03 1.8276E-01 1.6527E+03 1.8252E-013474 3102
 1.6536E+03 1.8260E-01 1.6544E+03 1.8297E-01 1.6553E+03 1.8359E-013474 3102
 1.6562E+03 1.8445E-01 1.6570E+03 1.8553E-01 1.6579E+03 1.8680E-013474 3102
 1.6588E+03 1.8827E-01 1.6596E+03 1.8991E-01 1.6605E+03 1.9173E-013474 3102
 1.6613E+03 1.9370E-01 1.6622E+03 1.9584E-01 1.6631E+03 1.9814E-013474 3102
 1.6639E+03 2.0058E-01 1.6648E+03 2.0318E-01 1.6657E+03 2.0593E-013474 3102
 1.6665E+03 2.0883E-01 1.6670E+03 2.1034E-01 1.6674E+03 2.1188E-013474 3102
 1.6678E+03 2.1347E-01 1.6683E+03 2.1509E-01 1.6687E+03 2.1675E-013474 3102
 1.6689E+03 2.1760E-01 1.6693E+03 2.1932E-01 1.6696E+03 2.2020E-013474 3102
 1.6700E+03 2.2198E-01 1.6704E+03 2.2380E-01 1.6709E+03 2.2567E-013474 3102
 1.6713E+03 2.2758E-01 1.6717E+03 2.2952E-01 1.6726E+03 2.3356E-013474 3102
 1.6735E+03 2.3776E-01 1.6743E+03 2.4215E-01 1.6752E+03 2.4673E-013474 3102
 1.6761E+03 2.5150E-01 1.6769E+03 2.5647E-01 1.6773E+03 2.5904E-013474 3102
 1.6778E+03 2.6166E-01 1.6782E+03 2.6434E-01 1.6786E+03 2.6707E-013474 3102
 1.6791E+03 2.6987E-01 1.6795E+03 2.7272E-01 1.6799E+03 2.7564E-013474 3102
 1.6804E+03 2.7861E-01 1.6808E+03 2.8166E-01 1.6812E+03 2.8476E-013474 3102
 1.6817E+03 2.8793E-01 1.6821E+03 2.9117E-01 1.6825E+03 2.9449E-013474 3102
 1.6830E+03 2.9786E-01 1.6834E+03 3.0132E-01 1.6838E+03 3.0485E-013474 3102
 1.6843E+03 3.0847E-01 1.6847E+03 3.1215E-01 1.6851E+03 3.1593E-013474 3102
 1.6856E+03 3.1978E-01 1.6860E+03 3.2373E-01 1.6864E+03 3.2776E-013474 3102
 1.6869E+03 3.3189E-01 1.6873E+03 3.3610E-01 1.6877E+03 3.4042E-013474 3102
 1.6882E+03 3.4482E-01 1.6886E+03 3.4934E-01 1.6890E+03 3.5396E-013474 3102
 1.6895E+03 3.5869E-01 1.6899E+03 3.6352E-01 1.6903E+03 3.6848E-013474 3102
 1.6908E+03 3.7355E-01 1.6912E+03 3.7875E-01 1.6916E+03 3.8406E-013474 3102
 1.6921E+03 3.8952E-01 1.6925E+03 3.9510E-01 1.6929E+03 4.0082E-013474 3102
 1.6934E+03 4.0670E-01 1.6938E+03 4.1272E-01 1.6942E+03 4.1888E-013474 3102
 1.6947E+03 4.2521E-01 1.6951E+03 4.3169E-01 1.6960E+03 4.4517E-013474 3102
 1.6968E+03 4.5937E-01 1.6977E+03 4.7433E-01 1.6985E+03 4.9011E-013474 3102
 1.6994E+03 5.0677E-01 1.7003E+03 5.2440E-01 1.7011E+03 5.4303E-013474 3102
 1.7020E+03 5.6276E-01 1.7029E+03 5.8367E-01 1.7037E+03 6.0587E-013474 3102
 1.7046E+03 6.2945E-01 1.7055E+03 6.5454E-01 1.7063E+03 6.8126E-013474 3102
 1.7072E+03 7.0979E-01 1.7081E+03 7.4023E-01 1.7089E+03 7.7277E-013474 3102
 1.7098E+03 8.0760E-01 1.7107E+03 8.4495E-01 1.7111E+03 8.6466E-013474 3102
 1.7115E+03 8.8507E-01 1.7120E+03 9.0629E-01 1.7124E+03 9.2827E-013474 3102
 1.7128E+03 9.5115E-01 1.7133E+03 9.7487E-01 1.7137E+03 9.9958E-013474 3102
 1.7141E+03 1.0253E+00 1.7146E+03 1.0520E+00 1.7150E+03 1.0798E+003474 3102
 1.7154E+03 1.1087E+00 1.7158E+03 1.1389E+00 1.7163E+03 1.1703E+003474 3102
 1.7167E+03 1.2031E+00 1.7171E+03 1.2374E+00 1.7176E+03 1.2731E+003474 3102
 1.7180E+03 1.3105E+00 1.7184E+03 1.3495E+00 1.7189E+03 1.3904E+003474 3102
 1.7193E+03 1.4332E+00 1.7197E+03 1.4781E+00 1.7202E+03 1.5250E+003474 3102
 1.7206E+03 1.5744E+00 1.7210E+03 1.6262E+00 1.7215E+03 1.6807E+003474 3102
 1.7219E+03 1.7379E+00 1.7223E+03 1.7982E+00 1.7228E+03 1.8616E+003474 3102
 1.7232E+03 1.9286E+00 1.7236E+03 1.9991E+00 1.7241E+03 2.0737E+003474 3102
 1.7245E+03 2.1525E+00 1.7249E+03 2.2360E+00 1.7254E+03 2.3242E+003474 3102
 1.7258E+03 2.4180E+00 1.7262E+03 2.5173E+00 1.7267E+03 2.6231E+003474 3102
 1.7271E+03 2.7354E+00 1.7275E+03 2.8553E+00 1.7280E+03 2.9832E+003474 3102
 1.7284E+03 3.1197E+00 1.7288E+03 3.2654E+00 1.7293E+03 3.4217E+003474 3102
 1.7297E+03 3.5889E+00 1.7301E+03 3.7688E+00 1.7306E+03 3.9618E+003474 3102
 1.7310E+03 4.1700E+00 1.7314E+03 4.3942E+00 1.7319E+03 4.6368E+003474 3102
 1.7323E+03 4.8988E+00 1.7327E+03 5.1833E+00 1.7332E+03 5.4915E+003474 3102
 1.7336E+03 5.8274E+00 1.7340E+03 6.1924E+00 1.7344E+03 6.5917E+003474 3102
 1.7349E+03 7.0270E+00 1.7353E+03 7.5047E+00 1.7355E+03 7.7600E+003474 3102
 1.7357E+03 8.0274E+00 1.7360E+03 8.3091E+00 1.7362E+03 8.6031E+003474 3102
 1.7364E+03 8.9115E+00 1.7366E+03 9.2350E+00 1.7368E+03 9.5763E+003474 3102
 1.7370E+03 9.9329E+00 1.7373E+03 1.0307E+01 1.7375E+03 1.0701E+013474 3102
 1.7377E+03 1.1116E+01 1.7379E+03 1.1550E+01 1.7381E+03 1.2007E+013474 3102
 1.7383E+03 1.2486E+01 1.7386E+03 1.2992E+01 1.7388E+03 1.3521E+013474 3102
 1.7390E+03 1.4076E+01 1.7392E+03 1.4658E+01 1.7394E+03 1.5272E+013474 3102
 1.7396E+03 1.5913E+01 1.7399E+03 1.6583E+01 1.7401E+03 1.7284E+013474 3102
 1.7403E+03 1.8020E+01 1.7405E+03 1.8784E+01 1.7407E+03 1.9580E+013474 3102
 1.7409E+03 2.0406E+01 1.7413E+03 2.1672E+01 1.7416E+03 2.2998E+013474 3102
 1.7419E+03 2.4377E+01 1.7422E+03 2.5792E+01 1.7428E+03 2.8695E+013474 3102
 1.7433E+03 3.0853E+01 1.7438E+03 3.2899E+01 1.7441E+03 3.4149E+013474 3102
 1.7444E+03 3.5277E+01 1.7447E+03 3.6246E+01 1.7451E+03 3.7033E+013474 3102
 1.7454E+03 3.7610E+01 1.7457E+03 3.7961E+01 1.7460E+03 3.8073E+013474 3102
 1.7463E+03 3.7942E+01 1.7466E+03 3.7572E+01 1.7470E+03 3.6976E+013474 3102
 1.7473E+03 3.6175E+01 1.7476E+03 3.5190E+01 1.7479E+03 3.4053E+013474 3102
 1.7482E+03 3.2790E+01 1.7485E+03 3.1439E+01 1.7492E+03 2.8575E+013474 3102
 1.7498E+03 2.5669E+01 1.7504E+03 2.2875E+01 1.7507E+03 2.1551E+013474 3102
 1.7511E+03 2.0291E+01 1.7513E+03 1.9299E+01 1.7516E+03 1.8353E+013474 3102
 1.7518E+03 1.7452E+01 1.7521E+03 1.6597E+01 1.7524E+03 1.5788E+013474 3102
 1.7526E+03 1.5022E+01 1.7529E+03 1.4299E+01 1.7532E+03 1.3619E+013474 3102
 1.7534E+03 1.2975E+01 1.7537E+03 1.2368E+01 1.7539E+03 1.1796E+013474 3102
 1.7542E+03 1.1258E+01 1.7545E+03 1.0750E+01 1.7547E+03 1.0272E+013474 3102
 1.7550E+03 9.8216E+00 1.7552E+03 9.3984E+00 1.7555E+03 8.9979E+003474 3102
 1.7558E+03 8.6200E+00 1.7560E+03 8.2634E+00 1.7563E+03 7.9267E+003474 3102
 1.7565E+03 7.6086E+00 1.7568E+03 7.3079E+00 1.7571E+03 7.0235E+003474 3102
 1.7573E+03 6.7554E+00 1.7576E+03 6.5005E+00 1.7578E+03 6.2590E+003474 3102
 1.7584E+03 5.8133E+00 1.7589E+03 5.4107E+00 1.7594E+03 5.0473E+003474 3102
 1.7599E+03 4.7173E+00 1.7605E+03 4.4174E+00 1.7610E+03 4.1444E+003474 3102
 1.7615E+03 3.8956E+00 1.7620E+03 3.6676E+00 1.7625E+03 3.4586E+003474 3102
 1.7631E+03 3.2667E+00 1.7636E+03 3.0903E+00 1.7641E+03 2.9273E+003474 3102
 1.7646E+03 2.7767E+00 1.7652E+03 2.6373E+00 1.7657E+03 2.5082E+003474 3102
 1.7662E+03 2.3881E+00 1.7667E+03 2.2765E+00 1.7672E+03 2.1724E+003474 3102
 1.7678E+03 2.0754E+00 1.7683E+03 1.9845E+00 1.7688E+03 1.8995E+003474 3102
 1.7693E+03 1.8198E+00 1.7698E+03 1.7452E+00 1.7704E+03 1.6750E+003474 3102
 1.7709E+03 1.6089E+00 1.7714E+03 1.5467E+00 1.7719E+03 1.4881E+003474 3102
 1.7725E+03 1.4328E+00 1.7730E+03 1.3805E+00 1.7735E+03 1.3311E+003474 3102
 1.7740E+03 1.2845E+00 1.7751E+03 1.1982E+00 1.7761E+03 1.1204E+003474 3102
 1.7772E+03 1.0499E+00 1.7782E+03 9.8602E-01 1.7792E+03 9.2785E-013474 3102
 1.7803E+03 8.7483E-01 1.7813E+03 8.2630E-01 1.7824E+03 7.8184E-013474 3102
 1.7834E+03 7.4097E-01 1.7845E+03 7.0333E-01 1.7855E+03 6.6854E-013474 3102
 1.7865E+03 6.3640E-01 1.7876E+03 6.0657E-01 1.7886E+03 5.7891E-013474 3102
 1.7897E+03 5.5315E-01 1.7907E+03 5.2917E-01 1.7918E+03 5.0680E-013474 3102
 1.7928E+03 4.8588E-01 1.7938E+03 4.6629E-01 1.7949E+03 4.4794E-013474 3102
 1.7959E+03 4.3070E-01 1.7970E+03 4.1451E-01 1.7980E+03 3.9927E-013474 3102
 1.7991E+03 3.8492E-01 1.8001E+03 3.7138E-01 1.8011E+03 3.5860E-013474 3102
 1.8022E+03 3.4653E-01 1.8032E+03 3.3515E-01 1.8053E+03 3.1410E-013474 3102
 1.8074E+03 2.9509E-01 1.8095E+03 2.7791E-01 1.8116E+03 2.6233E-013474 3102
 1.8137E+03 2.4817E-01 1.8158E+03 2.3525E-01 1.8178E+03 2.2344E-013474 3102
 1.8199E+03 2.1260E-01 1.8220E+03 2.0265E-01 1.8241E+03 1.9348E-013474 3102
 1.8262E+03 1.8501E-01 1.8283E+03 1.7718E-01 1.8304E+03 1.6992E-013474 3102
 1.8324E+03 1.6317E-01 1.8345E+03 1.5690E-01 1.8366E+03 1.5106E-013474 3102
 1.8387E+03 1.4560E-01 1.8408E+03 1.4050E-01 1.8429E+03 1.3572E-013474 3102
 1.8450E+03 1.3124E-01 1.8471E+03 1.2704E-01 1.8512E+03 1.1936E-013474 3102
 1.8554E+03 1.1255E-01 1.8575E+03 1.0942E-01 1.8596E+03 1.0648E-013474 3102
 1.8638E+03 1.0105E-01 1.8679E+03 9.6148E-02 1.8721E+03 9.1722E-023474 3102
 1.8763E+03 8.7715E-02 1.8804E+03 8.4073E-02 1.8846E+03 8.0756E-023474 3102
 1.8891E+03 7.7542E-02 1.8935E+03 7.4612E-02 1.8979E+03 7.1933E-023474 3102
 1.9024E+03 6.9479E-02 1.9068E+03 6.7225E-02 1.9112E+03 6.5149E-023474 3102
 1.9157E+03 6.3233E-02 1.9201E+03 6.1462E-02 1.9245E+03 5.9820E-023474 3102
 1.9290E+03 5.8297E-02 1.9378E+03 5.5561E-02 1.9467E+03 5.3180E-023474 3102
 1.9512E+03 5.2105E-02 1.9600E+03 5.0153E-02 1.9645E+03 4.9266E-023474 3102
 1.9733E+03 4.7648E-02 1.9778E+03 4.6909E-02 1.9911E+03 4.4942E-023474 3102
 2.0000E+03 4.3804E-02 2.0088E+03 4.2788E-02 2.0177E+03 4.1880E-023474 3102
 2.0266E+03 4.1069E-02 2.0349E+03 4.0383E-02 2.0433E+03 3.9769E-023474 3102
 2.0601E+03 3.8734E-02 2.0685E+03 3.8306E-02 2.0852E+03 3.7621E-023474 3102
 2.1020E+03 3.7159E-02 2.1188E+03 3.6934E-02 2.1271E+03 3.6920E-023474 3102
 2.1355E+03 3.6981E-02 2.1439E+03 3.7125E-02 2.1523E+03 3.7368E-023474 3102
 2.1651E+03 3.7976E-02 2.1695E+03 3.8265E-02 2.1783E+03 3.8998E-023474 3102
 2.1872E+03 3.9986E-02 2.1916E+03 4.0599E-02 2.1960E+03 4.1309E-023474 3102
 2.2004E+03 4.2129E-02 2.2071E+03 4.3617E-02 2.2137E+03 4.5498E-023474 3102
 2.2181E+03 4.7031E-02 2.2203E+03 4.7899E-02 2.2247E+03 4.9875E-023474 3102
 2.2269E+03 5.1003E-02 2.2314E+03 5.3597E-02 2.2336E+03 5.5092E-023474 3102
 2.2380E+03 5.8570E-02 2.2402E+03 6.0599E-02 2.2424E+03 6.2861E-023474 3102
 2.2446E+03 6.5390E-02 2.2479E+03 6.9764E-02 2.2512E+03 7.5033E-023474 3102
 2.2524E+03 7.7029E-02 2.2546E+03 8.1442E-02 2.2568E+03 8.6514E-023474 3102
 2.2579E+03 8.9334E-02 2.2601E+03 9.5654E-02 2.2612E+03 9.9199E-023474 3102
 2.2634E+03 1.0721E-01 2.2645E+03 1.1174E-01 2.2656E+03 1.1669E-013474 3102
 2.2667E+03 1.2210E-01 2.2678E+03 1.2803E-01 2.2689E+03 1.3455E-013474 3102
 2.2700E+03 1.4175E-01 2.2711E+03 1.4971E-01 2.2722E+03 1.5854E-013474 3102
 2.2733E+03 1.6837E-01 2.2744E+03 1.7938E-01 2.2750E+03 1.8538E-013474 3102
 2.2761E+03 1.9854E-01 2.2772E+03 2.1344E-01 2.2778E+03 2.2164E-013474 3102
 2.2789E+03 2.3979E-01 2.2794E+03 2.4983E-01 2.2805E+03 2.7224E-013474 3102
 2.2811E+03 2.8473E-01 2.2816E+03 2.9825E-01 2.2822E+03 3.1284E-013474 3102
 2.2827E+03 3.2869E-01 2.2833E+03 3.4588E-01 2.2838E+03 3.6459E-013474 3102
 2.2844E+03 3.8503E-01 2.2849E+03 4.0744E-01 2.2855E+03 4.3200E-013474 3102
 2.2860E+03 4.5910E-01 2.2866E+03 4.8898E-01 2.2872E+03 5.2217E-013474 3102
 2.2877E+03 5.5902E-01 2.2883E+03 6.0018E-01 2.2888E+03 6.4636E-013474 3102
 2.2894E+03 6.9851E-01 2.2896E+03 7.2706E-01 2.2899E+03 7.5751E-013474 3102
 2.2902E+03 7.9013E-01 2.2905E+03 8.2489E-01 2.2907E+03 8.6211E-013474 3102
 2.2910E+03 9.0205E-01 2.2913E+03 9.4512E-01 2.2916E+03 9.9133E-013474 3102
 2.2918E+03 1.0412E+00 2.2921E+03 1.0951E+00 2.2924E+03 1.1534E+003474 3102
 2.2927E+03 1.2168E+00 2.2928E+03 1.2505E+00 2.2931E+03 1.3226E+003474 3102
 2.2932E+03 1.3610E+00 2.2934E+03 1.4016E+00 2.2935E+03 1.4437E+003474 3102
 2.2936E+03 1.4879E+00 2.2938E+03 1.5342E+00 2.2939E+03 1.5828E+003474 3102
 2.2941E+03 1.6338E+00 2.2942E+03 1.6875E+00 2.2943E+03 1.7439E+003474 3102
 2.2945E+03 1.8038E+00 2.2946E+03 1.8665E+00 2.2947E+03 1.9326E+003474 3102
 2.2949E+03 2.0025E+00 2.2950E+03 2.0764E+00 2.2952E+03 2.1547E+003474 3102
 2.2953E+03 2.2377E+00 2.2954E+03 2.3259E+00 2.2956E+03 2.4203E+003474 3102
 2.2957E+03 2.5201E+00 2.2959E+03 2.6265E+00 2.2959E+03 2.6824E+003474 3102
 2.2960E+03 2.7402E+00 2.2961E+03 2.8000E+00 2.2961E+03 2.8618E+003474 3102
 2.2962E+03 2.9259E+00 2.2963E+03 2.9922E+00 2.2963E+03 3.0610E+003474 3102
 2.2964E+03 3.1323E+00 2.2965E+03 3.2062E+00 2.2965E+03 3.2830E+003474 3102
 2.2966E+03 3.3627E+00 2.2967E+03 3.4456E+00 2.2967E+03 3.5317E+003474 3102
 2.2968E+03 3.6213E+00 2.2969E+03 3.7146E+00 2.2970E+03 3.8118E+003474 3102
 2.2970E+03 3.9131E+00 2.2971E+03 4.0187E+00 2.2972E+03 4.1290E+003474 3102
 2.2972E+03 4.2441E+00 2.2973E+03 4.3645E+00 2.2974E+03 4.4904E+003474 3102
 2.2974E+03 4.6221E+00 2.2975E+03 4.7601E+00 2.2976E+03 4.9048E+003474 3102
 2.2976E+03 5.0566E+00 2.2977E+03 5.2183E+00 2.2978E+03 5.3857E+003474 3102
 2.2979E+03 5.5618E+00 2.2979E+03 5.7471E+00 2.2980E+03 5.9422E+003474 3102
 2.2981E+03 6.1477E+00 2.2981E+03 6.3644E+00 2.2982E+03 6.5931E+003474 3102
 2.2983E+03 6.8345E+00 2.2983E+03 7.0895E+00 2.2984E+03 7.3590E+003474 3102
 2.2985E+03 7.6440E+00 2.2985E+03 7.9456E+00 2.2986E+03 8.2648E+003474 3102
 2.2987E+03 8.6028E+00 2.2988E+03 8.9608E+00 2.2988E+03 9.3458E+003474 3102
 2.2989E+03 9.7480E+00 2.2990E+03 1.0174E+01 2.2990E+03 1.0626E+013474 3102
 2.2991E+03 1.1105E+01 2.2992E+03 1.1612E+01 2.2992E+03 1.2150E+013474 3102
 2.2993E+03 1.2719E+01 2.2994E+03 1.3322E+01 2.2994E+03 1.3960E+013474 3102
 2.2995E+03 1.4634E+01 2.2996E+03 1.5347E+01 2.2996E+03 1.6100E+013474 3102
 2.2997E+03 1.6895E+01 2.2998E+03 1.7733E+01 2.2999E+03 1.8615E+013474 3102
 2.2999E+03 1.9557E+01 2.3000E+03 2.0534E+01 2.3001E+03 2.1558E+013474 3102
 2.3001E+03 2.2632E+01 2.3002E+03 2.3756E+01 2.3003E+03 2.4931E+013474 3102
 2.3003E+03 2.6156E+01 2.3004E+03 2.7432E+01 2.3005E+03 2.8758E+013474 3102
 2.3005E+03 3.0134E+01 2.3006E+03 3.1559E+01 2.3007E+03 3.3032E+013474 3102
 2.3008E+03 3.4549E+01 2.3009E+03 3.7713E+01 2.3010E+03 3.9353E+013474 3102
 2.3011E+03 4.2732E+01 2.3013E+03 4.7983E+01 2.3016E+03 5.5096E+013474 3102
 2.3018E+03 6.0283E+01 2.3020E+03 6.4362E+01 2.3021E+03 6.7853E+013474 3102
 2.3023E+03 7.1153E+01 2.3024E+03 7.3032E+01 2.3025E+03 7.4250E+013474 3102
 2.3026E+03 7.5287E+01 2.3027E+03 7.6371E+01 2.3028E+03 7.7101E+013474 3102
 2.3029E+03 7.7327E+01 2.3030E+03 7.7507E+01 2.3031E+03 7.7316E+013474 3102
 2.3032E+03 7.6756E+01 2.3033E+03 7.6336E+01 2.3034E+03 7.5239E+013474 3102
 2.3035E+03 7.4569E+01 2.3036E+03 7.2980E+01 2.3037E+03 7.1094E+013474 3102
 2.3039E+03 6.7783E+01 2.3040E+03 6.5557E+01 2.3041E+03 6.2340E+013474 3102
 2.3043E+03 5.8923E+01 2.3044E+03 5.5370E+01 2.3046E+03 4.9318E+013474 3102
 2.3049E+03 4.2184E+01 2.3050E+03 3.9882E+01 2.3052E+03 3.4439E+013474 3102
 2.3053E+03 3.2387E+01 2.3054E+03 3.0442E+01 2.3055E+03 2.8565E+013474 3102
 2.3056E+03 2.6781E+01 2.3057E+03 2.5091E+01 2.3058E+03 2.3495E+013474 3102
 2.3059E+03 2.1992E+01 2.3060E+03 2.0581E+01 2.3061E+03 1.9259E+013474 3102
 2.3062E+03 1.8038E+01 2.3063E+03 1.6886E+01 2.3064E+03 1.5814E+013474 3102
 2.3065E+03 1.4819E+01 2.3066E+03 1.3905E+01 2.3067E+03 1.3049E+013474 3102
 2.3068E+03 1.2256E+01 2.3068E+03 1.1523E+01 2.3069E+03 1.0852E+013474 3102
 2.3070E+03 1.0226E+01 2.3071E+03 9.6464E+00 2.3072E+03 9.1114E+003474 3102
 2.3073E+03 8.6168E+00 2.3074E+03 8.1596E+00 2.3075E+03 7.7365E+003474 3102
 2.3076E+03 7.3448E+00 2.3077E+03 6.9855E+00 2.3078E+03 6.6486E+003474 3102
 2.3079E+03 6.3357E+00 2.3080E+03 6.0448E+00 2.3081E+03 5.7768E+003474 3102
 2.3082E+03 5.5242E+00 2.3083E+03 5.2885E+00 2.3083E+03 5.0683E+003474 3102
 2.3084E+03 4.8643E+00 2.3085E+03 4.6710E+00 2.3086E+03 4.4896E+003474 3102
 2.3087E+03 4.3191E+00 2.3088E+03 4.1587E+00 2.3089E+03 4.0076E+003474 3102
 2.3090E+03 3.8651E+00 2.3092E+03 3.6044E+00 2.3094E+03 3.3694E+003474 3102
 2.3096E+03 3.1589E+00 2.3098E+03 2.9674E+00 2.3099E+03 2.7946E+003474 3102
 2.3101E+03 2.6363E+00 2.3103E+03 2.4917E+00 2.3105E+03 2.3591E+003474 3102
 2.3107E+03 2.2379E+00 2.3109E+03 2.1256E+00 2.3111E+03 2.0223E+003474 3102
 2.3113E+03 1.9263E+00 2.3114E+03 1.8376E+00 2.3116E+03 1.7546E+003474 3102
 2.3118E+03 1.6774E+00 2.3120E+03 1.6054E+00 2.3122E+03 1.5384E+003474 3102
 2.3124E+03 1.4753E+00 2.3126E+03 1.4165E+00 2.3128E+03 1.3609E+003474 3102
 2.3129E+03 1.3090E+00 2.3131E+03 1.2598E+00 2.3133E+03 1.2135E+003474 3102
 2.3137E+03 1.1286E+00 2.3141E+03 1.0526E+00 2.3144E+03 9.8426E-013474 3102
 2.3148E+03 9.2246E-01 2.3152E+03 8.6665E-01 2.3156E+03 8.1594E-013474 3102
 2.3159E+03 7.6971E-01 2.3163E+03 7.2736E-01 2.3167E+03 6.8865E-013474 3102
 2.3171E+03 6.5308E-01 2.3174E+03 6.2033E-01 2.3178E+03 5.9002E-013474 3102
 2.3182E+03 5.6205E-01 2.3186E+03 5.3614E-01 2.3189E+03 5.1207E-013474 3102
 2.3193E+03 4.8962E-01 2.3197E+03 4.6875E-01 2.3201E+03 4.4927E-013474 3102
 2.3208E+03 4.1397E-01 2.3212E+03 3.9798E-01 2.3219E+03 3.6886E-013474 3102
 2.3223E+03 3.5554E-01 2.3231E+03 3.3121E-01 2.3234E+03 3.2006E-013474 3102
 2.3242E+03 2.9950E-01 2.3249E+03 2.8104E-01 2.3257E+03 2.6438E-013474 3102
 2.3264E+03 2.4932E-01 2.3272E+03 2.3563E-01 2.3280E+03 2.2318E-013474 3102
 2.3287E+03 2.1181E-01 2.3295E+03 2.0141E-01 2.3302E+03 1.9185E-013474 3102
 2.3310E+03 1.8307E-01 2.3325E+03 1.6748E-01 2.3332E+03 1.6054E-013474 3102
 2.3347E+03 1.4813E-01 2.3355E+03 1.4257E-01 2.3370E+03 1.3253E-013474 3102
 2.3377E+03 1.2799E-01 2.3392E+03 1.1975E-01 2.3407E+03 1.1248E-013474 3102
 2.3430E+03 1.0309E-01 2.3445E+03 9.7664E-02 2.3460E+03 9.2786E-023474 3102
 2.3475E+03 8.8390E-02 2.3490E+03 8.4418E-02 2.3505E+03 8.0816E-023474 3102
 2.3520E+03 7.7540E-02 2.3550E+03 7.1817E-02 2.3565E+03 6.9309E-023474 3102
 2.3595E+03 6.4877E-02 2.3610E+03 6.2914E-02 2.3640E+03 5.9410E-023474 3102
 2.3685E+03 5.5024E-02 2.3715E+03 5.2563E-02 2.3760E+03 4.9419E-023474 3102
 2.3805E+03 4.6801E-02 2.3820E+03 4.6028E-02 2.3880E+03 4.3316E-023474 3102
 2.3940E+03 4.1108E-02 2.3955E+03 4.0763E-02 2.3962E+03 4.1450E-023474 3102
 2.3966E+03 4.2812E-02 2.3970E+03 4.5799E-02 2.3974E+03 5.1726E-023474 3102
 2.3977E+03 6.2377E-02 2.3979E+03 7.0177E-02 2.3981E+03 7.9940E-023474 3102
 2.3983E+03 9.2032E-02 2.3985E+03 1.0654E-01 2.3987E+03 1.2377E-013474 3102
 2.3989E+03 1.4371E-01 2.3991E+03 1.6630E-01 2.3992E+03 1.9123E-013474 3102
 2.3996E+03 2.4729E-01 2.4000E+03 3.9271E-02 2.4000E+03 5.7700E-013474 3102
 3.0000E+03 5.1700E-01 3.5000E+03 4.8500E-01 4.0000E+03 4.5300E-013474 3102
 5.0000E+03 3.8900E-01 6.0000E+03 3.5250E-01 7.0000E+03 3.1600E-013474 3102
 8.5000E+03 2.9300E-01 1.0000E+04 2.7000E-01 1.2500E+04 2.4150E-013474 3102
 1.5000E+04 2.1300E-01 1.7500E+04 2.0100E-01 2.0000E+04 1.8900E-013474 3102
 2.4000E+04 1.7100E-01 3.0000E+04 1.5300E-01 3.4750E+04 1.4100E-013474 3102
 3.9500E+04 1.2900E-01 4.4600E+04 1.2200E-01 4.9700E+04 1.1500E-013474 3102
 5.0000E+04 1.1472E-01 5.9950E+04 1.0536E-01 6.9900E+04 9.6000E-023474 3102
 8.4950E+04 8.8400E-02 1.0000E+05 8.0800E-02 1.2500E+05 7.4800E-023474 3102
 1.5000E+05 6.8800E-02 1.7500E+05 6.6050E-02 2.0000E+05 6.3300E-023474 3102
 2.5000E+05 5.9900E-02 3.0000E+05 5.9600E-02 3.5000E+05 5.9100E-023474 3102
 4.0000E+05 5.9800E-02 4.5000E+05 6.0200E-02 5.0000E+05 6.1200E-023474 3102
 5.3798E+05 6.1732E-02 5.7783E+05 6.2290E-02 5.7797E+05 6.2292E-023474 3102
 6.0000E+05 6.2600E-02 6.0008E+05 6.2583E-02 6.4876E+05 5.1922E-023474 3102
 7.0000E+05 4.0700E-02 7.4889E+05 3.6447E-02 8.0000E+05 3.2000E-023474 3102
 8.4723E+05 3.0937E-02 8.9628E+05 2.9834E-02 9.4720E+05 2.8688E-023474 3102
 1.0000E+06 2.7500E-02 1.0590E+06 2.6402E-02 1.1204E+06 2.5261E-023474 3102
 1.1840E+06 2.4078E-02 1.2500E+06 2.2850E-02 1.3712E+06 2.0596E-023474 3102
 1.5000E+06 1.8200E-02 1.5601E+06 1.8320E-02 1.6218E+06 1.8444E-023474 3102
 1.7500E+06 1.8700E-02 1.8722E+06 1.8944E-02 2.0000E+06 1.9200E-023474 3102
 2.1181E+06 1.9224E-02 2.2407E+06 1.9248E-02 2.3680E+06 1.9274E-023474 3102
 2.5000E+06 1.9300E-02 2.6193E+06 1.9443E-02 2.7424E+06 1.9591E-023474 3102
 2.8693E+06 1.9743E-02 3.0000E+06 1.9900E-02 3.1202E+06 1.9299E-023474 3102
 3.2436E+06 1.8682E-02 3.3702E+06 1.8049E-02 3.5000E+06 1.7400E-023474 3102
 3.6208E+06 1.6796E-02 3.7444E+06 1.6178E-02 3.8708E+06 1.5546E-023474 3102
 4.0000E+06 1.4900E-02 4.1213E+06 1.4512E-02 4.2451E+06 1.4116E-023474 3102
 4.3713E+06 1.3712E-02 4.5000E+06 1.3300E-02 4.6217E+06 1.2911E-023474 3102
 4.7456E+06 1.2514E-02 5.0000E+06 1.1700E-02 5.1220E+06 1.1233E-023474 3102
 5.2460E+06 1.0758E-02 5.5000E+06 9.7850E-03 5.6223E+06 9.3166E-033474 3102
 5.7464E+06 8.8414E-03 6.0000E+06 7.8700E-03 6.2030E+06 7.4924E-033474 3102
 6.4106E+06 7.1064E-03 6.4121E+06 7.1035E-03 6.5000E+06 6.9400E-033474 3102
 6.5746E+06 6.8012E-03 6.5762E+06 6.7982E-03 6.7851E+06 6.4097E-033474 3102
 7.0000E+06 6.0100E-03 7.2471E+06 5.5948E-03 7.5000E+06 5.1700E-033474 3102
 7.5224E+06 5.1323E-03 7.5243E+06 5.1292E-03 7.7588E+06 4.7353E-033474 3102
 8.0000E+06 4.3300E-03 8.2475E+06 4.1555E-03 8.5000E+06 3.9775E-033474 3102
 8.7476E+06 3.8029E-03 9.0000E+06 3.6250E-03 9.2477E+06 3.4503E-033474 3102
 9.5000E+06 3.2725E-03 9.7479E+06 3.0978E-03 1.0000E+07 2.9200E-033474 3102
 1.0248E+07 2.8208E-03 1.0500E+07 2.7200E-03 1.0748E+07 2.6208E-033474 3102
 1.1000E+07 2.5200E-03 1.1000E+07 2.5198E-03 1.1003E+07 2.5188E-033474 3102
 1.1248E+07 2.4207E-03 1.1500E+07 2.3200E-03 1.1748E+07 2.2207E-033474 3102
 1.2000E+07 2.1200E-03 1.2248E+07 2.0207E-03 1.2500E+07 1.9200E-033474 3102
 1.2748E+07 1.8736E-03 1.3000E+07 1.8267E-03 1.3248E+07 1.7803E-033474 3102
 1.3500E+07 1.7333E-03 1.3748E+07 1.6869E-03 1.4000E+07 1.6400E-033474 3102
 1.4249E+07 1.6276E-03 1.4500E+07 1.6150E-03 1.4749E+07 1.6026E-033474 3102
 1.5000E+07 1.5900E-03 1.5249E+07 1.5582E-03 1.5500E+07 1.5260E-033474 3102
 1.5749E+07 1.4942E-03 1.6000E+07 1.4620E-03 1.6249E+07 1.4302E-033474 3102
 1.6500E+07 1.3980E-03 1.6749E+07 1.3662E-03 1.7000E+07 1.3340E-033474 3102
 1.7249E+07 1.3022E-03 1.7500E+07 1.2700E-03 1.7749E+07 1.2521E-033474 3102
 1.8000E+07 1.2340E-03 1.8500E+07 1.1980E-03 1.9000E+07 1.1620E-033474 3102
 1.9500E+07 1.1260E-03 2.0000E+07 1.0900E-03                      3474 3102
                                                                  3474 3  0
