SN-118N,G    5.3654-01* JEF-2.2; RN - ---/SYS                     5018 3102
                                                                  5018 3102
 5.01180+04 1.1689E+02          0          0          0          05018 3102
 3.0000E+02 6.4799E+06          0          0          1       29015018 3102
       2901          2                                            5018 3102
 1.0000E-05 1.0541E+01 1.0749E-05 1.0167E+01 1.1544E-05 9.8108E+005018 3102
 1.2295E-05 9.5064E+00 1.3087E-05 9.2140E+00 1.3809E-05 8.9701E+005018 3102
 1.4563E-05 8.7350E+00 1.5351E-05 8.5078E+00 1.6174E-05 8.2887E+005018 3102
 1.7662E-05 7.9320E+00 1.9261E-05 7.5956E+00 2.0757E-05 7.3167E+005018 3102
 2.2349E-05 7.0514E+00 2.3851E-05 6.8261E+00 2.5436E-05 6.6099E+005018 3102
 2.6943E-05 6.4224E+00 2.8523E-05 6.2420E+00 3.1484E-05 5.9413E+005018 3102
 3.4697E-05 5.6596E+00 3.7679E-05 5.4311E+00 4.0872E-05 5.2149E+005018 3102
 4.3868E-05 5.0336E+00 4.7046E-05 4.8609E+00 5.0054E-05 4.7126E+005018 3102
 5.3220E-05 4.5704E+00 5.6237E-05 4.4465E+00 5.9395E-05 4.3266E+005018 3102
 6.5326E-05 4.1254E+00 7.1743E-05 3.9369E+00 7.7713E-05 3.7829E+005018 3102
 8.4092E-05 3.6365E+00 9.0090E-05 3.5136E+00 9.6440E-05 3.3962E+005018 3102
 1.0246E-04 3.2948E+00 1.0879E-04 3.1977E+00 1.2061E-04 3.0370E+005018 3102
 1.3349E-04 2.8871E+00 1.4540E-04 2.7664E+00 1.5818E-04 2.6525E+005018 3102
 1.7016E-04 2.5575E+00 1.8288E-04 2.4671E+00 1.9490E-04 2.3899E+005018 3102
 2.0758E-04 2.3159E+00 2.1911E-04 2.2542E+00 2.3118E-04 2.1946E+005018 3102
 2.4379E-04 2.1372E+00 2.5697E-04 2.0817E+00 2.8077E-04 1.9916E+005018 3102
 3.0637E-04 1.9067E+00 3.3030E-04 1.8364E+00 3.5576E-04 1.7696E+005018 3102
 3.7979E-04 1.7127E+00 4.0516E-04 1.6583E+00 4.2819E-04 1.6131E+005018 3102
 4.5231E-04 1.5695E+00 4.7755E-04 1.5276E+00 5.0395E-04 1.4870E+005018 3102
 5.5150E-04 1.4215E+00 6.0273E-04 1.3598E+00 6.5057E-04 1.3089E+005018 3102
 7.0152E-04 1.2605E+00 7.4956E-04 1.2195E+00 8.0031E-04 1.1802E+005018 3102
 8.4635E-04 1.1477E+00 8.9456E-04 1.1163E+00 9.4505E-04 1.0861E+005018 3102
 9.9789E-04 1.0570E+00 1.0930E-03 1.0100E+00 1.1955E-03 9.6571E-015018 3102
 1.2911E-03 9.2926E-01 1.3930E-03 8.9461E-01 1.4891E-03 8.6527E-015018 3102
 1.5906E-03 8.3718E-01 1.6827E-03 8.1398E-01 1.7791E-03 7.9161E-015018 3102
 1.8801E-03 7.7005E-01 1.9858E-03 7.4929E-01 2.1759E-03 7.1579E-015018 3102
 2.3809E-03 6.8428E-01 2.5722E-03 6.5834E-01 2.7761E-03 6.3371E-015018 3102
 2.9682E-03 6.1285E-01 3.1713E-03 5.9293E-01 3.3553E-03 5.7645E-015018 3102
 3.5481E-03 5.6057E-01 3.7501E-03 5.4526E-01 3.9616E-03 5.3051E-015018 3102
 4.3418E-03 5.0677E-01 4.7519E-03 4.8437E-01 5.1344E-03 4.6600E-015018 3102
 5.5422E-03 4.4854E-01 5.9264E-03 4.3373E-01 6.3325E-03 4.1962E-015018 3102
 6.7005E-03 4.0793E-01 7.0862E-03 3.9669E-01 7.4901E-03 3.8583E-015018 3102
 7.9131E-03 3.7537E-01 8.6735E-03 3.5855E-01 9.4938E-03 3.4270E-015018 3102
 1.0259E-02 3.2969E-01 1.1074E-02 3.1730E-01 1.1843E-02 3.0684E-015018 3102
 1.2655E-02 2.9684E-01 1.3391E-02 2.8857E-01 1.4162E-02 2.8058E-015018 3102
 1.4970E-02 2.7291E-01 1.5816E-02 2.6553E-01 1.7337E-02 2.5364E-015018 3102
 1.8978E-02 2.4244E-01 2.0507E-02 2.3322E-01 2.2139E-02 2.2447E-015018 3102
 2.3675E-02 2.1707E-01 2.5300E-02 2.1000E-01 2.7972E-02 1.9974E-015018 3102
 3.0875E-02 1.9011E-01 3.3566E-02 1.8233E-01 3.6450E-02 1.7496E-015018 3102
 3.9155E-02 1.6881E-01 4.2025E-02 1.6294E-01 4.4740E-02 1.5792E-015018 3102
 4.7600E-02 1.5310E-01 5.0206E-02 1.4908E-01 5.2930E-02 1.4520E-015018 3102
 5.5777E-02 1.4145E-01 5.8749E-02 1.3784E-01 6.4123E-02 1.3196E-015018 3102
 6.9899E-02 1.2639E-01 7.5302E-02 1.2178E-01 8.1049E-02 1.1738E-015018 3102
 8.6474E-02 1.1364E-01 9.2199E-02 1.1006E-01 9.7401E-02 1.0709E-015018 3102
 1.0285E-01 1.0422E-01 1.0854E-01 1.0146E-01 1.1450E-01 9.8795E-025018 3102
 1.2524E-01 9.4493E-02 1.3680E-01 9.0418E-02 1.4760E-01 8.7052E-025018 3102
 1.5910E-01 8.3855E-02 1.6994E-01 8.1141E-02 1.8140E-01 7.8544E-025018 3102
 1.9228E-01 7.6300E-02 2.0370E-01 7.4151E-02 2.2508E-01 7.0570E-025018 3102
 2.4830E-01 6.7202E-02 2.6983E-01 6.4474E-02 2.9290E-01 6.1895E-025018 3102
 3.1454E-01 5.9740E-02 3.3749E-01 5.7685E-02 3.5922E-01 5.5926E-025018 3102
 3.8209E-01 5.4236E-02 4.0295E-01 5.2824E-02 4.2474E-01 5.1463E-025018 3102
 4.4751E-01 5.0151E-02 4.7129E-01 4.8890E-02 5.1428E-01 4.6828E-025018 3102
 5.6049E-01 4.4875E-02 6.0372E-01 4.3261E-02 6.4969E-01 4.1721E-025018 3102
 6.9309E-01 4.0412E-02 7.3889E-01 3.9160E-02 7.8051E-01 3.8116E-025018 3102
 8.2407E-01 3.7113E-02 8.6964E-01 3.6148E-02 9.1728E-01 3.5219E-025018 3102
 1.0032E+00 3.3712E-02 1.0957E+00 3.2291E-02 1.1821E+00 3.1118E-025018 3102
 1.2741E+00 3.0003E-02 1.3608E+00 2.9061E-02 1.4525E+00 2.8157E-025018 3102
 1.5356E+00 2.7409E-02 1.6227E+00 2.6691E-02 1.7139E+00 2.6000E-025018 3102
 1.8093E+00 2.5336E-02 1.9810E+00 2.4264E-02 2.1661E+00 2.3255E-025018 3102
 2.3388E+00 2.2425E-02 2.5229E+00 2.1641E-02 2.6963E+00 2.0976E-025018 3102
 2.8796E+00 2.0343E-02 3.0459E+00 1.9821E-02 3.2200E+00 1.9320E-025018 3102
 3.4999E+00 1.8597E-02 3.9366E+00 1.7636E-02 4.3068E+00 1.6943E-025018 3102
 4.6522E+00 1.6377E-02 5.0204E+00 1.5844E-02 5.3673E+00 1.5397E-025018 3102
 5.7340E+00 1.4975E-02 6.2444E+00 1.4456E-02 6.9745E+00 1.3828E-025018 3102
 7.1612E+00 1.3686E-02 7.8477E+00 1.3217E-02 8.5883E+00 1.2788E-025018 3102
 9.2791E+00 1.2448E-02 1.0016E+01 1.2140E-02 1.1086E+01 1.1773E-025018 3102
 1.1443E+01 1.1670E-02 1.2804E+01 1.1349E-02 1.4297E+01 1.1112E-025018 3102
 1.5670E+01 1.0989E-02 1.6411E+01 1.0957E-02 1.7151E+01 1.0949E-025018 3102
 1.7865E+01 1.0963E-02 1.8579E+01 1.1000E-02 1.9292E+01 1.1060E-025018 3102
 2.0006E+01 1.1144E-02 2.0719E+01 1.1254E-02 2.1433E+01 1.1390E-025018 3102
 2.2146E+01 1.1555E-02 2.2860E+01 1.1752E-02 2.3541E+01 1.1972E-025018 3102
 2.4221E+01 1.2227E-02 2.4901E+01 1.2521E-02 2.5582E+01 1.2858E-025018 3102
 2.6329E+01 1.3284E-02 2.7075E+01 1.3779E-02 2.7822E+01 1.4352E-025018 3102
 2.8569E+01 1.5017E-02 2.9282E+01 1.5754E-02 2.9996E+01 1.6608E-025018 3102
 3.0710E+01 1.7599E-02 3.1066E+01 1.8154E-02 3.1423E+01 1.8757E-025018 3102
 3.1780E+01 1.9412E-02 3.2137E+01 2.0122E-02 3.2493E+01 2.0896E-025018 3102
 3.2850E+01 2.1738E-02 3.3207E+01 2.2658E-02 3.3564E+01 2.3665E-025018 3102
 3.3921E+01 2.4769E-02 3.4277E+01 2.5982E-02 3.4634E+01 2.7323E-025018 3102
 3.4991E+01 2.8801E-02 3.5348E+01 3.0443E-02 3.5705E+01 3.2269E-025018 3102
 3.6061E+01 3.4308E-02 3.6418E+01 3.6590E-02 3.6775E+01 3.9162E-025018 3102
 3.7132E+01 4.2054E-02 3.7310E+01 4.3641E-02 3.7489E+01 4.5339E-025018 3102
 3.7667E+01 4.7160E-02 3.7845E+01 4.9102E-02 3.8024E+01 5.1189E-025018 3102
 3.8202E+01 5.3429E-02 3.8381E+01 5.5832E-02 3.8559E+01 5.8426E-025018 3102
 3.8737E+01 6.1220E-02 3.8916E+01 6.4241E-02 3.9094E+01 6.7513E-025018 3102
 3.9273E+01 7.1067E-02 3.9451E+01 7.4929E-02 3.9629E+01 7.9137E-025018 3102
 3.9808E+01 8.3740E-02 3.9986E+01 8.8785E-02 4.0165E+01 9.4326E-025018 3102
 4.0343E+01 1.0044E-01 4.0521E+01 1.0719E-01 4.0700E+01 1.1468E-015018 3102
 4.0878E+01 1.2300E-01 4.0967E+01 1.2751E-01 4.1057E+01 1.3230E-015018 3102
 4.1146E+01 1.3737E-01 4.1235E+01 1.4275E-01 4.1324E+01 1.4847E-015018 3102
 4.1413E+01 1.5455E-01 4.1503E+01 1.6102E-01 4.1592E+01 1.6792E-015018 3102
 4.1681E+01 1.7528E-01 4.1770E+01 1.8315E-01 4.1859E+01 1.9158E-015018 3102
 4.1949E+01 2.0062E-01 4.2038E+01 2.1032E-01 4.2127E+01 2.2075E-015018 3102
 4.2216E+01 2.3200E-01 4.2305E+01 2.4415E-01 4.2395E+01 2.5730E-015018 3102
 4.2484E+01 2.7154E-01 4.2573E+01 2.8702E-01 4.2662E+01 3.0389E-015018 3102
 4.2751E+01 3.2232E-01 4.2840E+01 3.4246E-01 4.2930E+01 3.6461E-015018 3102
 4.3019E+01 3.8899E-01 4.3108E+01 4.1590E-01 4.3197E+01 4.4570E-015018 3102
 4.3286E+01 4.7885E-01 4.3331E+01 4.9684E-01 4.3376E+01 5.1589E-015018 3102
 4.3420E+01 5.3606E-01 4.3465E+01 5.5744E-01 4.3509E+01 5.8015E-015018 3102
 4.3554E+01 6.0426E-01 4.3599E+01 6.2999E-01 4.3643E+01 6.5734E-015018 3102
 4.3688E+01 6.8658E-01 4.3732E+01 7.1777E-01 4.3777E+01 7.5122E-015018 3102
 4.3822E+01 7.8705E-01 4.3866E+01 8.2552E-01 4.3911E+01 8.6688E-015018 3102
 4.3955E+01 9.1145E-01 4.4000E+01 9.5960E-01 4.4045E+01 1.0117E+005018 3102
 4.4089E+01 1.0682E+00 4.4134E+01 1.1296E+00 4.4178E+01 1.1965E+005018 3102
 4.4223E+01 1.2695E+00 4.4268E+01 1.3496E+00 4.4312E+01 1.4374E+005018 3102
 4.4357E+01 1.5343E+00 4.4401E+01 1.6414E+00 4.4446E+01 1.7602E+005018 3102
 4.4491E+01 1.8925E+00 4.4513E+01 1.9644E+00 4.4535E+01 2.0406E+005018 3102
 4.4558E+01 2.1213E+00 4.4580E+01 2.2070E+00 4.4602E+01 2.2982E+005018 3102
 4.4624E+01 2.3950E+00 4.4647E+01 2.4985E+00 4.4669E+01 2.6089E+005018 3102
 4.4691E+01 2.7269E+00 4.4714E+01 2.8533E+00 4.4736E+01 2.9887E+005018 3102
 4.4758E+01 3.1346E+00 4.4781E+01 3.2916E+00 4.4803E+01 3.4608E+005018 3102
 4.4825E+01 3.6443E+00 4.4847E+01 3.8427E+00 4.4870E+01 4.0586E+005018 3102
 4.4892E+01 4.2939E+00 4.4914E+01 4.5514E+00 4.4937E+01 4.8335E+005018 3102
 4.4959E+01 5.1444E+00 4.4981E+01 5.4877E+00 4.5004E+01 5.8691E+005018 3102
 4.5026E+01 6.2948E+00 4.5037E+01 6.5265E+00 4.5048E+01 6.7725E+005018 3102
 4.5059E+01 7.0340E+00 4.5070E+01 7.3121E+00 4.5082E+01 7.6090E+005018 3102
 4.5093E+01 7.9266E+00 4.5104E+01 8.2664E+00 4.5115E+01 8.6315E+005018 3102
 4.5126E+01 9.0247E+00 4.5137E+01 9.4489E+00 4.5148E+01 9.9082E+005018 3102
 4.5160E+01 1.0407E+01 4.5171E+01 1.0949E+01 4.5182E+01 1.1541E+015018 3102
 4.5193E+01 1.2190E+01 4.5204E+01 1.2902E+01 4.5215E+01 1.3687E+015018 3102
 4.5227E+01 1.4554E+01 4.5238E+01 1.5515E+01 4.5249E+01 1.6581E+015018 3102
 4.5260E+01 1.7769E+01 4.5271E+01 1.9093E+01 4.5277E+01 1.9813E+015018 3102
 4.5282E+01 2.0572E+01 4.5288E+01 2.1377E+01 4.5293E+01 2.2227E+015018 3102
 4.5299E+01 2.3129E+01 4.5305E+01 2.4081E+01 4.5310E+01 2.5090E+015018 3102
 4.5316E+01 2.6155E+01 4.5321E+01 2.7288E+01 4.5327E+01 2.8482E+015018 3102
 4.5332E+01 2.9748E+01 4.5338E+01 3.1086E+01 4.5344E+01 3.2505E+015018 3102
 4.5349E+01 3.4004E+01 4.5355E+01 3.5590E+01 4.5360E+01 3.7263E+015018 3102
 4.5366E+01 3.9036E+01 4.5371E+01 4.0903E+01 4.5377E+01 4.2880E+015018 3102
 4.5383E+01 4.4958E+01 4.5388E+01 4.7158E+01 4.5394E+01 4.9464E+015018 3102
 4.5399E+01 5.1905E+01 4.5405E+01 5.4461E+01 4.5411E+01 5.7157E+015018 3102
 4.5416E+01 5.9984E+01 4.5422E+01 6.2956E+01 4.5427E+01 6.6064E+015018 3102
 4.5433E+01 6.9326E+01 4.5438E+01 7.2732E+01 4.5444E+01 7.6303E+015018 3102
 4.5450E+01 8.0020E+01 4.5461E+01 8.7948E+01 4.5466E+01 9.2161E+015018 3102
 4.5477E+01 1.0107E+02 4.5483E+01 1.0577E+02 4.5494E+01 1.1568E+025018 3102
 4.5505E+01 1.2624E+02 4.5511E+01 1.3176E+02 4.5522E+01 1.4324E+025018 3102
 4.5539E+01 1.6150E+02 4.5555E+01 1.8083E+02 4.5617E+01 2.5557E+025018 3102
 4.5636E+01 2.7833E+02 4.5653E+01 2.9635E+02 4.5667E+01 3.1000E+025018 3102
 4.5684E+01 3.2425E+02 4.5698E+01 3.3447E+02 4.5709E+01 3.4034E+025018 3102
 4.5716E+01 3.4356E+02 4.5729E+01 3.4830E+02 4.5740E+01 3.5029E+025018 3102
 4.5750E+01 3.5091E+02 4.5760E+01 3.5016E+02 4.5771E+01 3.4806E+025018 3102
 4.5774E+01 3.4707E+02 4.5783E+01 3.4393E+02 4.5791E+01 3.3991E+025018 3102
 4.5795E+01 3.3806E+02 4.5805E+01 3.3170E+02 4.5820E+01 3.2041E+025018 3102
 4.5829E+01 3.1263E+02 4.5838E+01 3.0416E+02 4.5854E+01 2.8868E+025018 3102
 4.5872E+01 2.6840E+02 4.5887E+01 2.5052E+02 4.5920E+01 2.0983E+025018 3102
 4.5938E+01 1.8788E+02 4.5950E+01 1.7367E+02 4.5962E+01 1.5991E+025018 3102
 4.5974E+01 1.4673E+02 4.5980E+01 1.4036E+02 4.5993E+01 1.2817E+025018 3102
 4.5999E+01 1.2234E+02 4.6011E+01 1.1124E+02 4.6017E+01 1.0597E+025018 3102
 4.6029E+01 9.6018E+01 4.6035E+01 9.1338E+01 4.6041E+01 8.6846E+015018 3102
 4.6047E+01 8.2546E+01 4.6053E+01 7.8426E+01 4.6059E+01 7.4500E+015018 3102
 4.6065E+01 7.0747E+01 4.6071E+01 6.7177E+01 4.6077E+01 6.3776E+015018 3102
 4.6083E+01 6.0547E+01 4.6089E+01 5.7481E+01 4.6095E+01 5.4577E+015018 3102
 4.6101E+01 5.1817E+01 4.6107E+01 4.9207E+01 4.6113E+01 4.6736E+015018 3102
 4.6119E+01 4.4405E+01 4.6126E+01 4.2201E+01 4.6132E+01 4.0122E+015018 3102
 4.6138E+01 3.8162E+01 4.6144E+01 3.6314E+01 4.6150E+01 3.4570E+015018 3102
 4.6156E+01 3.2932E+01 4.6162E+01 3.1384E+01 4.6168E+01 2.9933E+015018 3102
 4.6174E+01 2.8562E+01 4.6180E+01 2.7278E+01 4.6186E+01 2.6067E+015018 3102
 4.6192E+01 2.4928E+01 4.6198E+01 2.3856E+01 4.6204E+01 2.2849E+015018 3102
 4.6210E+01 2.1901E+01 4.6216E+01 2.1009E+01 4.6222E+01 2.0168E+015018 3102
 4.6228E+01 1.9378E+01 4.6234E+01 1.8634E+01 4.6240E+01 1.7932E+015018 3102
 4.6246E+01 1.7270E+01 4.6252E+01 1.6646E+01 4.6258E+01 1.6055E+015018 3102
 4.6265E+01 1.5499E+01 4.6277E+01 1.4475E+01 4.6289E+01 1.3558E+015018 3102
 4.6301E+01 1.2732E+01 4.6313E+01 1.1988E+01 4.6325E+01 1.1315E+015018 3102
 4.6337E+01 1.0704E+01 4.6349E+01 1.0146E+01 4.6361E+01 9.6361E+005018 3102
 4.6373E+01 9.1687E+00 4.6385E+01 8.7382E+00 4.6397E+01 8.3407E+005018 3102
 4.6410E+01 7.9730E+00 4.6422E+01 7.6313E+00 4.6434E+01 7.3135E+005018 3102
 4.6446E+01 7.0165E+00 4.6458E+01 6.7395E+00 4.6470E+01 6.4793E+005018 3102
 4.6482E+01 6.2352E+00 4.6494E+01 6.0059E+00 4.6506E+01 5.7897E+005018 3102
 4.6518E+01 5.5856E+00 4.6530E+01 5.3933E+00 4.6555E+01 5.0379E+005018 3102
 4.6579E+01 4.7187E+00 4.6603E+01 4.4301E+00 4.6627E+01 4.1681E+005018 3102
 4.6651E+01 3.9296E+00 4.6675E+01 3.7118E+00 4.6700E+01 3.5120E+005018 3102
 4.6724E+01 3.3288E+00 4.6748E+01 3.1596E+00 4.6772E+01 3.0038E+005018 3102
 4.6796E+01 2.8589E+00 4.6821E+01 2.7248E+00 4.6845E+01 2.6003E+005018 3102
 4.6869E+01 2.4844E+00 4.6893E+01 2.3761E+00 4.6917E+01 2.2750E+005018 3102
 4.6941E+01 2.1803E+00 4.6966E+01 2.0915E+00 4.6990E+01 2.0082E+005018 3102
 4.7014E+01 1.9299E+00 4.7038E+01 1.8561E+00 4.7062E+01 1.7866E+005018 3102
 4.7086E+01 1.7210E+00 4.7111E+01 1.6591E+00 4.7159E+01 1.5449E+005018 3102
 4.7207E+01 1.4424E+00 4.7256E+01 1.3499E+00 4.7304E+01 1.2661E+005018 3102
 4.7352E+01 1.1900E+00 4.7401E+01 1.1207E+00 4.7449E+01 1.0574E+005018 3102
 4.7497E+01 9.9941E-01 4.7546E+01 9.4611E-01 4.7594E+01 8.9705E-015018 3102
 4.7642E+01 8.5177E-01 4.7691E+01 8.0991E-01 4.7739E+01 7.7110E-015018 3102
 4.7788E+01 7.3507E-01 4.7836E+01 7.0152E-01 4.7884E+01 6.7033E-015018 3102
 4.7933E+01 6.4117E-01 4.7981E+01 6.1390E-01 4.8029E+01 5.8839E-015018 3102
 4.8078E+01 5.6446E-01 4.8126E+01 5.4201E-01 4.8174E+01 5.2093E-015018 3102
 4.8223E+01 5.0105E-01 4.8271E+01 4.8233E-01 4.8319E+01 4.6468E-015018 3102
 4.8368E+01 4.4800E-01 4.8416E+01 4.3223E-01 4.8513E+01 4.0310E-015018 3102
 4.8609E+01 3.7687E-01 4.8706E+01 3.5321E-01 4.8803E+01 3.3176E-015018 3102
 4.8900E+01 3.1223E-01 4.8996E+01 2.9445E-01 4.9093E+01 2.7817E-015018 3102
 4.9190E+01 2.6327E-01 4.9286E+01 2.4956E-01 4.9383E+01 2.3694E-015018 3102
 4.9480E+01 2.2529E-01 4.9576E+01 2.1450E-01 4.9673E+01 2.0451E-015018 3102
 4.9770E+01 1.9522E-01 4.9867E+01 1.8658E-01 4.9963E+01 1.7853E-015018 3102
 5.0060E+01 1.7101E-01 5.0157E+01 1.6398E-01 5.0253E+01 1.5739E-015018 3102
 5.0350E+01 1.5122E-01 5.0447E+01 1.4542E-01 5.0543E+01 1.3997E-015018 3102
 5.0640E+01 1.3483E-01 5.0737E+01 1.3000E-01 5.0834E+01 1.2544E-015018 3102
 5.1027E+01 1.1707E-01 5.1220E+01 1.0953E-01 5.1414E+01 1.0275E-015018 3102
 5.1607E+01 9.6619E-02 5.1800E+01 9.1068E-02 5.1994E+01 8.6017E-025018 3102
 5.2187E+01 8.1409E-02 5.2381E+01 7.7198E-02 5.2574E+01 7.3336E-025018 3102
 5.2767E+01 6.9785E-02 5.2961E+01 6.6512E-02 5.3154E+01 6.3489E-025018 3102
 5.3348E+01 6.0692E-02 5.3541E+01 5.8098E-02 5.3734E+01 5.5690E-025018 3102
 5.3928E+01 5.3461E-02 5.4315E+01 4.9430E-02 5.4701E+01 4.5886E-025018 3102
 5.5088E+01 4.2767E-02 5.5475E+01 4.0007E-02 5.5862E+01 3.7550E-025018 3102
 5.6249E+01 3.5359E-02 5.6635E+01 3.3393E-02 5.7022E+01 3.1620E-025018 3102
 5.7409E+01 3.0016E-02 5.7796E+01 2.8562E-02 5.8183E+01 2.7240E-025018 3102
 5.8569E+01 2.6034E-02 5.8956E+01 2.4928E-02 5.9343E+01 2.3913E-025018 3102
 5.9730E+01 2.2985E-02 6.0503E+01 2.1332E-02 6.1277E+01 1.9908E-025018 3102
 6.2051E+01 1.8677E-02 6.2824E+01 1.7605E-02 6.3598E+01 1.6665E-025018 3102
 6.4371E+01 1.5836E-02 6.5145E+01 1.5102E-02 6.5918E+01 1.4447E-025018 3102
 6.6692E+01 1.3861E-02 6.7466E+01 1.3337E-02 6.9013E+01 1.2434E-025018 3102
 7.0560E+01 1.1687E-02 7.2107E+01 1.1063E-02 7.3654E+01 1.0537E-025018 3102
 7.5202E+01 1.0089E-02 7.6749E+01 9.7058E-03 7.8296E+01 9.3734E-035018 3102
 7.9843E+01 9.0850E-03 8.1390E+01 8.8332E-03 8.2937E+01 8.6122E-035018 3102
 8.6032E+01 8.2452E-03 8.7579E+01 8.0929E-03 8.9126E+01 7.9578E-035018 3102
 9.2220E+01 7.7305E-03 9.5315E+01 7.5498E-03 9.8409E+01 7.4071E-035018 3102
 1.0150E+02 7.2952E-03 1.0460E+02 7.2091E-03 1.0769E+02 7.1447E-035018 3102
 1.1079E+02 7.0989E-03 1.1388E+02 7.0696E-03 1.2007E+02 7.0525E-035018 3102
 1.2626E+02 7.0833E-03 1.3245E+02 7.1557E-03 1.3864E+02 7.2660E-035018 3102
 1.4482E+02 7.4130E-03 1.5101E+02 7.5962E-03 1.5720E+02 7.8174E-035018 3102
 1.6339E+02 8.0789E-03 1.6958E+02 8.3850E-03 1.7577E+02 8.7420E-035018 3102
 1.8196E+02 9.1582E-03 1.8505E+02 9.3927E-03 1.9124E+02 9.9254E-035018 3102
 1.9433E+02 1.0230E-02 1.9743E+02 1.0566E-02 2.0052E+02 1.0938E-025018 3102
 2.0362E+02 1.1355E-02 2.0671E+02 1.1828E-02 2.0981E+02 1.2372E-025018 3102
 2.1135E+02 1.2677E-02 2.1445E+02 1.3376E-02 2.1754E+02 1.4234E-025018 3102
 2.1909E+02 1.4744E-02 2.2064E+02 1.5327E-02 2.2218E+02 1.6004E-025018 3102
 2.2373E+02 1.6801E-02 2.2528E+02 1.7758E-02 2.2682E+02 1.8934E-025018 3102
 2.2837E+02 2.0420E-02 2.2992E+02 2.2340E-02 2.3069E+02 2.3528E-025018 3102
 2.3147E+02 2.4938E-02 2.3224E+02 2.6617E-02 2.3301E+02 2.8640E-025018 3102
 2.3379E+02 3.1124E-02 2.3456E+02 3.4224E-02 2.3533E+02 3.8138E-025018 3102
 2.3572E+02 4.0501E-02 2.3611E+02 4.3242E-02 2.3649E+02 4.6423E-025018 3102
 2.3688E+02 5.0140E-02 2.3727E+02 5.4523E-02 2.3766E+02 5.9745E-025018 3102
 2.3804E+02 6.6038E-02 2.3843E+02 7.3709E-02 2.3882E+02 8.3163E-025018 3102
 2.3901E+02 8.8758E-02 2.3920E+02 9.5083E-02 2.3940E+02 1.0227E-015018 3102
 2.3959E+02 1.1046E-01 2.3978E+02 1.1988E-01 2.3998E+02 1.3076E-015018 3102
 2.4017E+02 1.4343E-01 2.4036E+02 1.5831E-01 2.4056E+02 1.7592E-015018 3102
 2.4075E+02 1.9701E-01 2.4085E+02 2.0916E-01 2.4094E+02 2.2257E-015018 3102
 2.4104E+02 2.3745E-01 2.4114E+02 2.5403E-01 2.4123E+02 2.7256E-015018 3102
 2.4133E+02 2.9340E-01 2.4143E+02 3.1695E-01 2.4152E+02 3.4372E-015018 3102
 2.4162E+02 3.7427E-01 2.4172E+02 4.0943E-01 2.4181E+02 4.5023E-015018 3102
 2.4191E+02 4.9794E-01 2.4201E+02 5.5440E-01 2.4206E+02 5.8667E-015018 3102
 2.4210E+02 6.2205E-01 2.4215E+02 6.6115E-01 2.4220E+02 7.0442E-015018 3102
 2.4225E+02 7.5272E-01 2.4230E+02 8.0685E-01 2.4235E+02 8.6819E-015018 3102
 2.4239E+02 9.3814E-01 2.4244E+02 1.0192E+00 2.4249E+02 1.1141E+005018 3102
 2.4251E+02 1.1681E+00 2.4254E+02 1.2273E+00 2.4256E+02 1.2926E+005018 3102
 2.4259E+02 1.3645E+00 2.4261E+02 1.4447E+00 2.4264E+02 1.5344E+005018 3102
 2.4266E+02 1.6350E+00 2.4268E+02 1.7480E+00 2.4271E+02 1.8764E+005018 3102
 2.4273E+02 2.0224E+00 2.4276E+02 2.1888E+00 2.4278E+02 2.3782E+005018 3102
 2.4280E+02 2.5962E+00 2.4283E+02 2.8463E+00 2.4285E+02 3.1343E+005018 3102
 2.4287E+02 3.2942E+00 2.4288E+02 3.4640E+00 2.4289E+02 3.6475E+005018 3102
 2.4290E+02 3.8449E+00 2.4291E+02 4.0560E+00 2.4293E+02 4.2826E+005018 3102
 2.4294E+02 4.5253E+00 2.4295E+02 4.7855E+00 2.4296E+02 5.0639E+005018 3102
 2.4297E+02 5.3598E+00 2.4299E+02 5.6789E+00 2.4300E+02 6.0201E+005018 3102
 2.4301E+02 6.3846E+00 2.4302E+02 6.7743E+00 2.4303E+02 7.1898E+005018 3102
 2.4305E+02 7.6332E+00 2.4306E+02 8.1055E+00 2.4307E+02 8.6047E+005018 3102
 2.4308E+02 9.1395E+00 2.4309E+02 9.7077E+00 2.4311E+02 1.0312E+015018 3102
 2.4312E+02 1.0952E+01 2.4313E+02 1.1631E+01 2.4314E+02 1.2349E+015018 3102
 2.4316E+02 1.3109E+01 2.4317E+02 1.3904E+01 2.4318E+02 1.4750E+015018 3102
 2.4319E+02 1.5641E+01 2.4320E+02 1.6580E+01 2.4322E+02 1.7566E+015018 3102
 2.4323E+02 1.8601E+01 2.4324E+02 1.9687E+01 2.4325E+02 2.0823E+015018 3102
 2.4326E+02 2.2002E+01 2.4328E+02 2.3242E+01 2.4329E+02 2.4536E+015018 3102
 2.4330E+02 2.5882E+01 2.4331E+02 2.7283E+01 2.4332E+02 2.8737E+015018 3102
 2.4335E+02 3.1805E+01 2.4337E+02 3.5064E+01 2.4338E+02 3.6775E+015018 3102
 2.4341E+02 4.0345E+01 2.4345E+02 4.6029E+01 2.4348E+02 5.2026E+015018 3102
 2.4354E+02 6.2537E+01 2.4360E+02 7.2105E+01 2.4363E+02 7.7281E+015018 3102
 2.4366E+02 8.3203E+01 2.4369E+02 8.7814E+01 2.4373E+02 9.2781E+015018 3102
 2.4376E+02 9.6342E+01 2.4378E+02 9.8223E+01 2.4381E+02 1.0103E+025018 3102
 2.4383E+02 1.0204E+02 2.4384E+02 1.0301E+02 2.4387E+02 1.0380E+025018 3102
 2.4389E+02 1.0429E+02 2.4390E+02 1.0430E+02 2.4392E+02 1.0417E+025018 3102
 2.4394E+02 1.0354E+02 2.4395E+02 1.0312E+02 2.4398E+02 1.0136E+025018 3102
 2.4401E+02 9.8929E+01 2.4404E+02 9.6457E+01 2.4407E+02 9.2564E+015018 3102
 2.4410E+02 8.8840E+01 2.4413E+02 8.3917E+01 2.4416E+02 7.9497E+015018 3102
 2.4420E+02 7.2976E+01 2.4432E+02 5.1924E+01 2.4433E+02 5.0074E+015018 3102
 2.4435E+02 4.6455E+01 2.4438E+02 4.1260E+01 2.4442E+02 3.6402E+015018 3102
 2.4443E+02 3.4855E+01 2.4445E+02 3.1888E+01 2.4446E+02 3.0469E+015018 3102
 2.4448E+02 2.7774E+01 2.4451E+02 2.5239E+01 2.4453E+02 2.2882E+015018 3102
 2.4455E+02 2.0698E+01 2.4456E+02 1.9670E+01 2.4457E+02 1.8694E+015018 3102
 2.4458E+02 1.7749E+01 2.4459E+02 1.6845E+01 2.4460E+02 1.5980E+015018 3102
 2.4462E+02 1.5163E+01 2.4463E+02 1.4374E+01 2.4464E+02 1.3624E+015018 3102
 2.4465E+02 1.2908E+01 2.4466E+02 1.2234E+01 2.4467E+02 1.1587E+015018 3102
 2.4468E+02 1.0973E+01 2.4469E+02 1.0390E+01 2.4470E+02 9.8375E+005018 3102
 2.4471E+02 9.3135E+00 2.4473E+02 8.8184E+00 2.4474E+02 8.3498E+005018 3102
 2.4475E+02 7.9110E+00 2.4476E+02 7.4926E+00 2.4477E+02 7.0975E+005018 3102
 2.4478E+02 6.7250E+00 2.4479E+02 6.3742E+00 2.4480E+02 6.0435E+005018 3102
 2.4481E+02 5.7321E+00 2.4482E+02 5.4392E+00 2.4484E+02 5.1658E+005018 3102
 2.4485E+02 4.9068E+00 2.4486E+02 4.6632E+00 2.4487E+02 4.4341E+005018 3102
 2.4488E+02 4.2193E+00 2.4489E+02 4.0173E+00 2.4490E+02 3.8280E+005018 3102
 2.4492E+02 3.4844E+00 2.4494E+02 3.1804E+00 2.4497E+02 2.9142E+005018 3102
 2.4499E+02 2.6780E+00 2.4501E+02 2.4709E+00 2.4503E+02 2.2871E+005018 3102
 2.4505E+02 2.1244E+00 2.4508E+02 1.9803E+00 2.4510E+02 1.8527E+005018 3102
 2.4512E+02 1.7385E+00 2.4514E+02 1.6368E+00 2.4516E+02 1.5452E+005018 3102
 2.4519E+02 1.4630E+00 2.4521E+02 1.3884E+00 2.4523E+02 1.3208E+005018 3102
 2.4527E+02 1.2030E+00 2.4532E+02 1.1038E+00 2.4536E+02 1.0190E+005018 3102
 2.4541E+02 9.4536E-01 2.4545E+02 8.8101E-01 2.4549E+02 8.2393E-015018 3102
 2.4554E+02 7.7316E-01 2.4558E+02 7.2743E-01 2.4563E+02 6.8615E-015018 3102
 2.4567E+02 6.4865E-01 2.4571E+02 6.1443E-01 2.4580E+02 5.5422E-015018 3102
 2.4589E+02 5.0309E-01 2.4598E+02 4.5919E-01 2.4607E+02 4.2121E-015018 3102
 2.4615E+02 3.8803E-01 2.4624E+02 3.5887E-01 2.4633E+02 3.3310E-015018 3102
 2.4642E+02 3.1027E-01 2.4650E+02 2.8983E-01 2.4659E+02 2.7157E-015018 3102
 2.4668E+02 2.5508E-01 2.4677E+02 2.4019E-01 2.4694E+02 2.1435E-015018 3102
 2.4712E+02 1.9281E-01 2.4730E+02 1.7465E-01 2.4747E+02 1.5921E-015018 3102
 2.4765E+02 1.4596E-01 2.4782E+02 1.3452E-01 2.4800E+02 1.2457E-015018 3102
 2.4817E+02 1.1586E-01 2.4835E+02 1.0820E-01 2.4853E+02 1.0144E-015018 3102
 2.4888E+02 9.0030E-02 2.4923E+02 8.0822E-02 2.4958E+02 7.3295E-025018 3102
 2.4993E+02 6.7078E-02 2.5028E+02 6.1886E-02 2.5063E+02 5.7508E-025018 3102
 2.5099E+02 5.3788E-02 2.5134E+02 5.0612E-02 2.5169E+02 4.7890E-025018 3102
 2.5239E+02 4.3454E-02 2.5309E+02 4.0015E-02 2.5380E+02 3.7330E-025018 3102
 2.5450E+02 3.5211E-02 2.5520E+02 3.3522E-02 2.5591E+02 3.2167E-025018 3102
 2.5661E+02 3.1086E-02 2.5802E+02 2.9494E-02 2.5942E+02 2.8450E-025018 3102
 2.6083E+02 2.7801E-02 2.6223E+02 2.7444E-02 2.6364E+02 2.7307E-025018 3102
 2.6504E+02 2.7347E-02 2.6645E+02 2.7532E-02 2.6786E+02 2.7844E-025018 3102
 2.6926E+02 2.8265E-02 2.7067E+02 2.8801E-02 2.7207E+02 2.9442E-025018 3102
 2.7348E+02 3.0204E-02 2.7489E+02 3.1102E-02 2.7629E+02 3.2165E-025018 3102
 2.7770E+02 3.3436E-02 2.7840E+02 3.4176E-02 2.7981E+02 3.5973E-025018 3102
 2.8051E+02 3.7086E-02 2.8121E+02 3.8409E-02 2.8192E+02 4.0023E-025018 3102
 2.8262E+02 4.2051E-02 2.8332E+02 4.4717E-02 2.8402E+02 4.8341E-025018 3102
 2.8438E+02 5.0720E-02 2.8473E+02 5.3684E-02 2.8508E+02 5.7444E-025018 3102
 2.8543E+02 6.2336E-02 2.8578E+02 6.8883E-02 2.8613E+02 7.7989E-025018 3102
 2.8631E+02 8.4003E-02 2.8648E+02 9.1411E-02 2.8666E+02 1.0073E-015018 3102
 2.8684E+02 1.1268E-01 2.8701E+02 1.2848E-01 2.8710E+02 1.3842E-015018 3102
 2.8719E+02 1.5020E-01 2.8728E+02 1.6446E-01 2.8736E+02 1.8210E-015018 3102
 2.8745E+02 2.0470E-01 2.8754E+02 2.3492E-01 2.8758E+02 2.5432E-015018 3102
 2.8763E+02 2.7763E-01 2.8767E+02 3.0614E-01 2.8771E+02 3.4133E-015018 3102
 2.8776E+02 3.8540E-01 2.8780E+02 4.4081E-01 2.8785E+02 5.1101E-015018 3102
 2.8789E+02 6.0024E-01 2.8791E+02 6.5367E-01 2.8793E+02 7.1391E-015018 3102
 2.8796E+02 7.8177E-01 2.8798E+02 8.5775E-01 2.8800E+02 9.4350E-015018 3102
 2.8802E+02 1.0392E+00 2.8804E+02 1.1469E+00 2.8807E+02 1.2667E+005018 3102
 2.8809E+02 1.4008E+00 2.8811E+02 1.5500E+00 2.8813E+02 1.7156E+005018 3102
 2.8815E+02 1.8978E+00 2.8818E+02 2.0997E+00 2.8820E+02 2.3207E+005018 3102
 2.8822E+02 2.5639E+00 2.8824E+02 2.8283E+00 2.8826E+02 3.1175E+005018 3102
 2.8829E+02 3.4310E+00 2.8831E+02 3.7698E+00 2.8833E+02 4.1327E+005018 3102
 2.8835E+02 4.5232E+00 2.8837E+02 4.9402E+00 2.8840E+02 5.3836E+005018 3102
 2.8842E+02 5.8503E+00 2.8844E+02 6.3444E+00 2.8846E+02 6.8623E+005018 3102
 2.8848E+02 7.4030E+00 2.8851E+02 7.9617E+00 2.8855E+02 9.1344E+005018 3102
 2.8866E+02 1.2230E+01 2.8871E+02 1.3745E+01 2.8875E+02 1.4601E+015018 3102
 2.8878E+02 1.5399E+01 2.8881E+02 1.6123E+01 2.8885E+02 1.6758E+015018 3102
 2.8887E+02 1.7205E+01 2.8890E+02 1.7574E+01 2.8893E+02 1.7884E+015018 3102
 2.8894E+02 1.7987E+01 2.8898E+02 1.8139E+01 2.8900E+02 1.8174E+015018 3102
 2.8902E+02 1.8146E+01 2.8904E+02 1.8045E+01 2.8906E+02 1.7949E+015018 3102
 2.8908E+02 1.7752E+01 2.8911E+02 1.7437E+01 2.8913E+02 1.7115E+015018 3102
 2.8916E+02 1.6658E+01 2.8919E+02 1.6042E+01 2.8922E+02 1.5450E+015018 3102
 2.8924E+02 1.4805E+01 2.8929E+02 1.3643E+01 2.8932E+02 1.2658E+015018 3102
 2.8941E+02 1.0120E+01 2.8947E+02 8.6363E+00 2.8949E+02 8.1621E+005018 3102
 2.8952E+02 7.2472E+00 2.8954E+02 6.8092E+00 2.8956E+02 6.3886E+005018 3102
 2.8958E+02 5.9818E+00 2.8959E+02 5.5937E+00 2.8961E+02 5.2203E+005018 3102
 2.8963E+02 4.8660E+00 2.8965E+02 4.5278E+00 2.8967E+02 4.2067E+005018 3102
 2.8968E+02 3.9031E+00 2.8970E+02 3.6185E+00 2.8972E+02 3.3495E+005018 3102
 2.8974E+02 3.0982E+00 2.8976E+02 2.8619E+00 2.8977E+02 2.6426E+005018 3102
 2.8979E+02 2.4370E+00 2.8981E+02 2.2461E+00 2.8983E+02 2.0692E+005018 3102
 2.8985E+02 1.9063E+00 2.8986E+02 1.7552E+00 2.8988E+02 1.6167E+005018 3102
 2.8990E+02 1.4885E+00 2.8992E+02 1.3716E+00 2.8994E+02 1.2638E+005018 3102
 2.8995E+02 1.1652E+00 2.8999E+02 9.9330E-01 2.9002E+02 8.5065E-015018 3102
 2.9006E+02 7.3263E-01 2.9010E+02 6.3540E-01 2.9013E+02 5.5540E-015018 3102
 2.9017E+02 4.8963E-01 2.9020E+02 4.3550E-01 2.9024E+02 3.9076E-015018 3102
 2.9028E+02 3.5386E-01 2.9031E+02 3.2312E-01 2.9035E+02 2.9737E-015018 3102
 2.9042E+02 2.5710E-01 2.9049E+02 2.2743E-01 2.9056E+02 2.0469E-015018 3102
 2.9064E+02 1.8670E-01 2.9071E+02 1.7204E-01 2.9078E+02 1.5980E-015018 3102
 2.9092E+02 1.4046E-01 2.9107E+02 1.2587E-01 2.9121E+02 1.1451E-015018 3102
 2.9135E+02 1.0547E-01 2.9150E+02 9.8137E-02 2.9164E+02 9.2108E-025018 3102
 2.9193E+02 8.2852E-02 2.9222E+02 7.6192E-02 2.9250E+02 7.1278E-025018 3102
 2.9279E+02 6.7599E-02 2.9308E+02 6.4806E-02 2.9365E+02 6.0973E-025018 3102
 2.9423E+02 5.8621E-02 2.9480E+02 5.7245E-02 2.9538E+02 5.6532E-025018 3102
 2.9595E+02 5.6293E-02 2.9653E+02 5.6417E-02 2.9710E+02 5.6838E-025018 3102
 2.9768E+02 5.7514E-02 2.9882E+02 5.9607E-02 2.9940E+02 6.1043E-025018 3102
 2.9997E+02 6.2792E-02 3.0055E+02 6.4922E-02 3.0112E+02 6.7545E-025018 3102
 3.0170E+02 7.0841E-02 3.0227E+02 7.5090E-02 3.0285E+02 8.0717E-025018 3102
 3.0313E+02 8.4304E-02 3.0342E+02 8.8632E-02 3.0371E+02 9.3943E-025018 3102
 3.0400E+02 1.0057E-01 3.0428E+02 1.0902E-01 3.0457E+02 1.2008E-015018 3102
 3.0472E+02 1.2697E-01 3.0486E+02 1.3506E-01 3.0500E+02 1.4471E-015018 3102
 3.0515E+02 1.5634E-01 3.0529E+02 1.7062E-01 3.0543E+02 1.8845E-015018 3102
 3.0558E+02 2.1131E-01 3.0565E+02 2.2531E-01 3.0572E+02 2.4163E-015018 3102
 3.0579E+02 2.6097E-01 3.0586E+02 2.8431E-01 3.0594E+02 3.1330E-015018 3102
 3.0601E+02 3.5038E-01 3.0608E+02 3.9959E-01 3.0612E+02 4.3057E-015018 3102
 3.0615E+02 4.6713E-01 3.0619E+02 5.1066E-01 3.0622E+02 5.6280E-015018 3102
 3.0626E+02 6.2553E-01 3.0630E+02 7.0130E-01 3.0633E+02 7.9330E-015018 3102
 3.0637E+02 9.0448E-01 3.0640E+02 1.0391E+00 3.0644E+02 1.2017E+005018 3102
 3.0646E+02 1.2955E+00 3.0648E+02 1.3983E+00 3.0649E+02 1.5110E+005018 3102
 3.0651E+02 1.6336E+00 3.0653E+02 1.7684E+00 3.0655E+02 1.9146E+005018 3102
 3.0656E+02 2.0748E+00 3.0658E+02 2.2482E+00 3.0660E+02 2.4375E+005018 3102
 3.0662E+02 2.6428E+00 3.0664E+02 2.8651E+00 3.0665E+02 3.1035E+005018 3102
 3.0667E+02 3.3621E+00 3.0669E+02 3.6389E+00 3.0671E+02 3.9374E+005018 3102
 3.0673E+02 4.2555E+00 3.0674E+02 4.5972E+00 3.0676E+02 4.9596E+005018 3102
 3.0678E+02 5.3472E+00 3.0680E+02 5.7559E+00 3.0682E+02 6.1910E+005018 3102
 3.0683E+02 6.6477E+00 3.0685E+02 7.1316E+00 3.0687E+02 7.6364E+005018 3102
 3.0689E+02 8.1679E+00 3.0691E+02 8.7232E+00 3.0692E+02 9.3015E+005018 3102
 3.0694E+02 9.8986E+00 3.0698E+02 1.1157E+01 3.0700E+02 1.1816E+015018 3102
 3.0703E+02 1.3178E+01 3.0720E+02 1.9954E+01 3.0725E+02 2.1605E+015018 3102
 3.0727E+02 2.2521E+01 3.0730E+02 2.3367E+01 3.0733E+02 2.4136E+015018 3102
 3.0736E+02 2.4811E+01 3.0738E+02 2.5297E+01 3.0740E+02 2.5784E+015018 3102
 3.0743E+02 2.6102E+01 3.0745E+02 2.6357E+01 3.0748E+02 2.6520E+015018 3102
 3.0751E+02 2.6551E+01 3.0752E+02 2.6502E+01 3.0756E+02 2.6258E+015018 3102
 3.0759E+02 2.5850E+01 3.0763E+02 2.5219E+01 3.0764E+02 2.4799E+015018 3102
 3.0768E+02 2.3811E+01 3.0771E+02 2.2851E+01 3.0776E+02 2.1341E+015018 3102
 3.0778E+02 2.0408E+01 3.0782E+02 1.8936E+01 3.0793E+02 1.4851E+015018 3102
 3.0799E+02 1.2365E+01 3.0801E+02 1.1419E+01 3.0804E+02 1.0508E+015018 3102
 3.0807E+02 9.6361E+00 3.0809E+02 8.8077E+00 3.0812E+02 8.0248E+005018 3102
 3.0814E+02 7.2893E+00 3.0817E+02 6.6021E+00 3.0819E+02 5.9641E+005018 3102
 3.0822E+02 5.3737E+00 3.0824E+02 4.8311E+00 3.0827E+02 4.3344E+005018 3102
 3.0829E+02 3.8818E+00 3.0832E+02 3.4721E+00 3.0835E+02 3.1014E+005018 3102
 3.0837E+02 2.7685E+00 3.0840E+02 2.4693E+00 3.0842E+02 2.2034E+005018 3102
 3.0845E+02 1.9670E+00 3.0847E+02 1.7576E+00 3.0850E+02 1.5726E+005018 3102
 3.0852E+02 1.4096E+00 3.0855E+02 1.2664E+00 3.0858E+02 1.1408E+005018 3102
 3.0860E+02 1.0309E+00 3.0863E+02 9.3476E-01 3.0865E+02 8.5078E-015018 3102
 3.0868E+02 7.7753E-01 3.0870E+02 7.1359E-01 3.0873E+02 6.5772E-015018 3102
 3.0878E+02 5.6620E-01 3.0883E+02 4.9582E-01 3.0888E+02 4.4114E-015018 3102
 3.0893E+02 3.9806E-01 3.0898E+02 3.6357E-01 3.0903E+02 3.3543E-015018 3102
 3.0909E+02 3.1212E-01 3.0919E+02 2.7557E-01 3.0929E+02 2.4804E-015018 3102
 3.0939E+02 2.2645E-01 3.0949E+02 2.0900E-01 3.0960E+02 1.9460E-015018 3102
 3.0970E+02 1.8254E-01 3.0980E+02 1.7232E-01 3.1000E+02 1.5603E-015018 3102
 3.1021E+02 1.4373E-01 3.1041E+02 1.3425E-01 3.1062E+02 1.2680E-015018 3102
 3.1082E+02 1.2089E-01 3.1102E+02 1.1613E-01 3.1123E+02 1.1228E-015018 3102
 3.1164E+02 1.0655E-01 3.1204E+02 1.0264E-01 3.1245E+02 9.9998E-025018 3102
 3.1286E+02 9.8270E-02 3.1327E+02 9.7230E-02 3.1408E+02 9.6485E-025018 3102
 3.1490E+02 9.6944E-02 3.1572E+02 9.8251E-02 3.1653E+02 1.0019E-015018 3102
 3.1735E+02 1.0262E-01 3.1817E+02 1.0547E-01 3.1898E+02 1.0868E-015018 3102
 3.1980E+02 1.1225E-01 3.2061E+02 1.1616E-01 3.2143E+02 1.2042E-015018 3102
 3.2225E+02 1.2503E-01 3.2306E+02 1.3001E-01 3.2388E+02 1.3538E-015018 3102
 3.2469E+02 1.4116E-01 3.2551E+02 1.4740E-01 3.2633E+02 1.5412E-015018 3102
 3.2714E+02 1.6137E-01 3.2796E+02 1.6921E-01 3.2877E+02 1.7768E-015018 3102
 3.2959E+02 1.8686E-01 3.3041E+02 1.9682E-01 3.3122E+02 2.0765E-015018 3102
 3.3204E+02 2.1945E-01 3.3286E+02 2.3233E-01 3.3367E+02 2.4643E-015018 3102
 3.3449E+02 2.6194E-01 3.3530E+02 2.7900E-01 3.3612E+02 2.9783E-015018 3102
 3.3694E+02 3.1867E-01 3.3775E+02 3.4179E-01 3.3816E+02 3.5431E-015018 3102
 3.3857E+02 3.6759E-01 3.3898E+02 3.8165E-01 3.3938E+02 3.9658E-015018 3102
 3.3979E+02 4.1241E-01 3.4020E+02 4.2923E-01 3.4061E+02 4.4714E-015018 3102
 3.4102E+02 4.6619E-01 3.4142E+02 4.8649E-01 3.4183E+02 5.0822E-015018 3102
 3.4224E+02 5.3144E-01 3.4265E+02 5.5631E-01 3.4306E+02 5.8300E-015018 3102
 3.4346E+02 6.1169E-01 3.4387E+02 6.4259E-01 3.4428E+02 6.7593E-015018 3102
 3.4469E+02 7.1195E-01 3.4510E+02 7.5095E-01 3.4551E+02 7.9333E-015018 3102
 3.4591E+02 8.3944E-01 3.4632E+02 8.8975E-01 3.4673E+02 9.4474E-015018 3102
 3.4714E+02 1.0051E+00 3.4755E+02 1.0714E+00 3.4795E+02 1.1447E+005018 3102
 3.4836E+02 1.2257E+00 3.4877E+02 1.3155E+00 3.4897E+02 1.3643E+005018 3102
 3.4918E+02 1.4158E+00 3.4938E+02 1.4704E+00 3.4959E+02 1.5282E+005018 3102
 3.4979E+02 1.5896E+00 3.4999E+02 1.6548E+00 3.5020E+02 1.7242E+005018 3102
 3.5040E+02 1.7980E+00 3.5061E+02 1.8767E+00 3.5081E+02 1.9607E+005018 3102
 3.5101E+02 2.0506E+00 3.5122E+02 2.1468E+00 3.5142E+02 2.2499E+005018 3102
 3.5163E+02 2.3607E+00 3.5173E+02 2.4192E+00 3.5183E+02 2.4799E+005018 3102
 3.5203E+02 2.6085E+00 3.5214E+02 2.6767E+00 3.5224E+02 2.7476E+005018 3102
 3.5234E+02 2.8211E+00 3.5244E+02 2.8978E+00 3.5254E+02 2.9780E+005018 3102
 3.5265E+02 3.0612E+00 3.5275E+02 3.1483E+00 3.5285E+02 3.2390E+005018 3102
 3.5295E+02 3.3337E+00 3.5311E+02 3.4836E+00 3.5323E+02 3.6166E+005018 3102
 3.5331E+02 3.7006E+00 3.5336E+02 3.7579E+00 3.5342E+02 3.8315E+005018 3102
 3.5349E+02 3.9071E+00 3.5356E+02 4.0013E+00 3.5367E+02 4.1319E+005018 3102
 3.5372E+02 4.1997E+00 3.5377E+02 4.2692E+00 3.5387E+02 4.4135E+005018 3102
 3.5397E+02 4.5653E+00 3.5407E+02 4.7252E+00 3.5418E+02 4.8939E+005018 3102
 3.5428E+02 5.0714E+00 3.5438E+02 5.2589E+00 3.5443E+02 5.3565E+005018 3102
 3.5448E+02 5.4569E+00 3.5453E+02 5.5604E+00 3.5458E+02 5.6666E+005018 3102
 3.5464E+02 5.7763E+00 3.5469E+02 5.8887E+00 3.5474E+02 6.0051E+005018 3102
 3.5479E+02 6.1245E+00 3.5484E+02 6.2476E+00 3.5489E+02 6.3747E+005018 3102
 3.5494E+02 6.5059E+00 3.5499E+02 6.6411E+00 3.5504E+02 6.7802E+005018 3102
 3.5509E+02 6.9240E+00 3.5515E+02 7.0726E+00 3.5520E+02 7.2260E+005018 3102
 3.5525E+02 7.3846E+00 3.5530E+02 7.5484E+00 3.5535E+02 7.7177E+005018 3102
 3.5540E+02 7.8929E+00 3.5545E+02 8.0741E+00 3.5550E+02 8.2619E+005018 3102
 3.5555E+02 8.4563E+00 3.5560E+02 8.6575E+00 3.5566E+02 8.8662E+005018 3102
 3.5571E+02 9.0829E+00 3.5576E+02 9.3079E+00 3.5581E+02 9.5410E+005018 3102
 3.5586E+02 9.7831E+00 3.5591E+02 1.0035E+01 3.5596E+02 1.0296E+015018 3102
 3.5601E+02 1.0568E+01 3.5606E+02 1.0851E+01 3.5612E+02 1.1146E+015018 3102
 3.5617E+02 1.1453E+01 3.5622E+02 1.1773E+01 3.5627E+02 1.2107E+015018 3102
 3.5632E+02 1.2455E+01 3.5637E+02 1.2819E+01 3.5642E+02 1.3200E+015018 3102
 3.5647E+02 1.3598E+01 3.5652E+02 1.4014E+01 3.5657E+02 1.4451E+015018 3102
 3.5663E+02 1.4909E+01 3.5668E+02 1.5388E+01 3.5673E+02 1.5892E+015018 3102
 3.5678E+02 1.6422E+01 3.5683E+02 1.6978E+01 3.5688E+02 1.7564E+015018 3102
 3.5693E+02 1.8182E+01 3.5698E+02 1.8835E+01 3.5703E+02 1.9523E+015018 3102
 3.5708E+02 2.0250E+01 3.5714E+02 2.1020E+01 3.5719E+02 2.1836E+015018 3102
 3.5724E+02 2.2701E+01 3.5729E+02 2.3621E+01 3.5734E+02 2.4599E+015018 3102
 3.5739E+02 2.5644E+01 3.5744E+02 2.6755E+01 3.5749E+02 2.7945E+015018 3102
 3.5754E+02 2.9217E+01 3.5759E+02 3.0579E+01 3.5765E+02 3.2046E+015018 3102
 3.5770E+02 3.3626E+01 3.5775E+02 3.5332E+01 3.5780E+02 3.7177E+015018 3102
 3.5785E+02 3.9175E+01 3.5790E+02 4.1354E+01 3.5793E+02 4.2515E+015018 3102
 3.5795E+02 4.3727E+01 3.5798E+02 4.4999E+01 3.5800E+02 4.6329E+015018 3102
 3.5803E+02 4.7723E+01 3.5805E+02 4.9186E+01 3.5808E+02 5.0725E+015018 3102
 3.5810E+02 5.2341E+01 3.5813E+02 5.4040E+01 3.5816E+02 5.5832E+015018 3102
 3.5818E+02 5.7734E+01 3.5821E+02 5.9732E+01 3.5823E+02 6.1845E+015018 3102
 3.5826E+02 6.4085E+01 3.5828E+02 6.6464E+01 3.5831E+02 6.8988E+015018 3102
 3.5833E+02 7.1673E+01 3.5836E+02 7.4532E+01 3.5838E+02 7.7587E+015018 3102
 3.5841E+02 8.0846E+01 3.5844E+02 8.4335E+01 3.5846E+02 8.8074E+015018 3102
 3.5849E+02 9.2087E+01 3.5851E+02 9.6400E+01 3.5854E+02 1.0104E+025018 3102
 3.5856E+02 1.0604E+02 3.5859E+02 1.1143E+02 3.5861E+02 1.1725E+025018 3102
 3.5864E+02 1.2355E+02 3.5867E+02 1.3036E+02 3.5869E+02 1.3773E+025018 3102
 3.5872E+02 1.4572E+02 3.5874E+02 1.5437E+02 3.5877E+02 1.6375E+025018 3102
 3.5879E+02 1.7392E+02 3.5882E+02 1.8494E+02 3.5884E+02 1.9688E+025018 3102
 3.5887E+02 2.0981E+02 3.5889E+02 2.2381E+02 3.5892E+02 2.3894E+025018 3102
 3.5895E+02 2.5529E+02 3.5897E+02 2.7294E+02 3.5900E+02 2.9203E+025018 3102
 3.5902E+02 3.1250E+02 3.5905E+02 3.3447E+02 3.5907E+02 3.5799E+025018 3102
 3.5910E+02 3.8320E+02 3.5912E+02 4.1008E+02 3.5915E+02 4.3872E+025018 3102
 3.5918E+02 4.6911E+02 3.5920E+02 5.0130E+02 3.5923E+02 5.3531E+025018 3102
 3.5925E+02 5.7106E+02 3.5928E+02 6.0864E+02 3.5930E+02 6.4790E+025018 3102
 3.5933E+02 6.8881E+02 3.5937E+02 7.5317E+02 3.5940E+02 8.2047E+025018 3102
 3.5943E+02 8.6688E+02 3.5947E+02 9.3833E+02 3.5961E+02 1.2056E+035018 3102
 3.5965E+02 1.2760E+03 3.5969E+02 1.3431E+03 3.5971E+02 1.3855E+035018 3102
 3.5975E+02 1.4450E+03 3.5979E+02 1.4981E+03 3.5983E+02 1.5462E+035018 3102
 3.5987E+02 1.5854E+03 3.5991E+02 1.6151E+03 3.5993E+02 1.6292E+035018 3102
 3.5996E+02 1.6386E+03 3.6000E+02 1.6439E+03 3.6001E+02 1.6432E+035018 3102
 3.6004E+02 1.6383E+03 3.6008E+02 1.6219E+03 3.6009E+02 1.6141E+035018 3102
 3.6013E+02 1.5841E+03 3.6016E+02 1.5588E+03 3.6019E+02 1.5294E+035018 3102
 3.6021E+02 1.4965E+03 3.6025E+02 1.4436E+03 3.6029E+02 1.3852E+035018 3102
 3.6033E+02 1.3218E+03 3.6039E+02 1.2084E+03 3.6046E+02 1.0653E+035018 3102
 3.6053E+02 9.4533E+02 3.6056E+02 8.7506E+02 3.6061E+02 7.8453E+025018 3102
 3.6066E+02 6.9873E+02 3.6069E+02 6.5812E+02 3.6071E+02 6.1904E+025018 3102
 3.6074E+02 5.8168E+02 3.6076E+02 5.4595E+02 3.6079E+02 5.1197E+025018 3102
 3.6082E+02 4.7973E+02 3.6084E+02 4.4924E+02 3.6087E+02 4.2046E+025018 3102
 3.6089E+02 3.9337E+02 3.6092E+02 3.6794E+02 3.6094E+02 3.4412E+025018 3102
 3.6097E+02 3.2183E+02 3.6099E+02 3.0105E+02 3.6102E+02 2.8171E+025018 3102
 3.6104E+02 2.6362E+02 3.6107E+02 2.4693E+02 3.6109E+02 2.3143E+025018 3102
 3.6112E+02 2.1707E+02 3.6114E+02 2.0378E+02 3.6117E+02 1.9149E+025018 3102
 3.6119E+02 1.8013E+02 3.6122E+02 1.6963E+02 3.6124E+02 1.5993E+025018 3102
 3.6127E+02 1.5097E+02 3.6129E+02 1.4269E+02 3.6132E+02 1.3505E+025018 3102
 3.6134E+02 1.2797E+02 3.6137E+02 1.2143E+02 3.6139E+02 1.1537E+025018 3102
 3.6142E+02 1.0976E+02 3.6144E+02 1.0453E+02 3.6147E+02 9.9702E+015018 3102
 3.6149E+02 9.5209E+01 3.6152E+02 9.1030E+01 3.6154E+02 8.7133E+015018 3102
 3.6157E+02 8.3501E+01 3.6159E+02 8.0104E+01 3.6162E+02 7.6924E+015018 3102
 3.6164E+02 7.3947E+01 3.6167E+02 7.1155E+01 3.6169E+02 6.8527E+015018 3102
 3.6172E+02 6.6055E+01 3.6174E+02 6.3728E+01 3.6177E+02 6.1532E+015018 3102
 3.6182E+02 5.7492E+01 3.6187E+02 5.3858E+01 3.6192E+02 5.0588E+015018 3102
 3.6197E+02 4.7630E+01 3.6202E+02 4.4940E+01 3.6207E+02 4.2483E+015018 3102
 3.6212E+02 4.0232E+01 3.6217E+02 3.8167E+01 3.6222E+02 3.6260E+015018 3102
 3.6227E+02 3.4501E+01 3.6232E+02 3.2873E+01 3.6237E+02 3.1360E+015018 3102
 3.6242E+02 2.9954E+01 3.6247E+02 2.8643E+01 3.6252E+02 2.7420E+015018 3102
 3.6257E+02 2.6276E+01 3.6262E+02 2.5203E+01 3.6267E+02 2.4195E+015018 3102
 3.6272E+02 2.3249E+01 3.6277E+02 2.2359E+01 3.6282E+02 2.1520E+015018 3102
 3.6287E+02 2.0729E+01 3.6292E+02 1.9981E+01 3.6302E+02 1.8605E+015018 3102
 3.6312E+02 1.7366E+01 3.6323E+02 1.6250E+01 3.6333E+02 1.5240E+015018 3102
 3.6343E+02 1.4322E+01 3.6353E+02 1.3485E+01 3.6363E+02 1.2721E+015018 3102
 3.6373E+02 1.2020E+01 3.6383E+02 1.1376E+01 3.6393E+02 1.0783E+015018 3102
 3.6403E+02 1.0235E+01 3.6413E+02 9.7287E+00 3.6423E+02 9.2594E+005018 3102
 3.6433E+02 8.8230E+00 3.6443E+02 8.4172E+00 3.6453E+02 8.0390E+005018 3102
 3.6463E+02 7.6857E+00 3.6473E+02 7.3552E+00 3.6483E+02 7.0460E+005018 3102
 3.6493E+02 6.7558E+00 3.6503E+02 6.4839E+00 3.6513E+02 6.2274E+005018 3102
 3.6523E+02 5.9860E+00 3.6533E+02 5.7589E+00 3.6543E+02 5.5443E+005018 3102
 3.6554E+02 5.3414E+00 3.6564E+02 5.1498E+00 3.6584E+02 4.7960E+005018 3102
 3.6604E+02 4.4771E+00 3.6624E+02 4.1895E+00 3.6644E+02 3.9283E+005018 3102
 3.6664E+02 3.6912E+00 3.6684E+02 3.4744E+00 3.6704E+02 3.2765E+005018 3102
 3.6724E+02 3.0949E+00 3.6744E+02 2.9281E+00 3.6764E+02 2.7744E+005018 3102
 3.6784E+02 2.6324E+00 3.6805E+02 2.5012E+00 3.6825E+02 2.3795E+005018 3102
 3.6845E+02 2.2664E+00 3.6865E+02 2.1613E+00 3.6885E+02 2.0632E+005018 3102
 3.6905E+02 1.9717E+00 3.6925E+02 1.8862E+00 3.6945E+02 1.8060E+005018 3102
 3.6965E+02 1.7309E+00 3.6985E+02 1.6604E+00 3.7005E+02 1.5940E+005018 3102
 3.7025E+02 1.5316E+00 3.7046E+02 1.4728E+00 3.7066E+02 1.4174E+005018 3102
 3.7086E+02 1.3650E+00 3.7106E+02 1.3155E+00 3.7146E+02 1.2243E+005018 3102
 3.7186E+02 1.1421E+00 3.7226E+02 1.0678E+00 3.7267E+02 1.0005E+005018 3102
 3.7307E+02 9.3943E-01 3.7347E+02 8.8369E-01 3.7387E+02 8.3281E-015018 3102
 3.7427E+02 7.8614E-01 3.7467E+02 7.4331E-01 3.7508E+02 7.0388E-015018 3102
 3.7548E+02 6.6748E-01 3.7588E+02 6.3385E-01 3.7628E+02 6.0268E-015018 3102
 3.7668E+02 5.7374E-01 3.7708E+02 5.4687E-01 3.7749E+02 5.2179E-015018 3102
 3.7789E+02 4.9843E-01 3.7829E+02 4.7657E-01 3.7869E+02 4.5613E-015018 3102
 3.7909E+02 4.3698E-01 3.7949E+02 4.1901E-01 3.7990E+02 4.0211E-015018 3102
 3.8030E+02 3.8620E-01 3.8070E+02 3.7124E-01 3.8110E+02 3.5710E-015018 3102
 3.8150E+02 3.4380E-01 3.8190E+02 3.3125E-01 3.8271E+02 3.0810E-015018 3102
 3.8351E+02 2.8723E-01 3.8431E+02 2.6840E-01 3.8512E+02 2.5138E-015018 3102
 3.8592E+02 2.3591E-01 3.8672E+02 2.2183E-01 3.8753E+02 2.0897E-015018 3102
 3.8833E+02 1.9720E-01 3.8913E+02 1.8639E-01 3.8994E+02 1.7645E-015018 3102
 3.9074E+02 1.6729E-01 3.9154E+02 1.5882E-01 3.9235E+02 1.5099E-015018 3102
 3.9315E+02 1.4372E-01 3.9395E+02 1.3696E-01 3.9476E+02 1.3067E-015018 3102
 3.9556E+02 1.2481E-01 3.9636E+02 1.1933E-01 3.9717E+02 1.1421E-015018 3102
 3.9797E+02 1.0942E-01 3.9877E+02 1.0492E-01 3.9958E+02 1.0070E-015018 3102
 4.0119E+02 9.2985E-02 4.0199E+02 8.9464E-02 4.0360E+02 8.3013E-025018 3102
 4.0520E+02 7.7246E-02 4.0681E+02 7.2054E-02 4.0842E+02 6.7379E-025018 3102
 4.1002E+02 6.3152E-02 4.1163E+02 5.9319E-02 4.1324E+02 5.5832E-025018 3102
 4.1484E+02 5.2657E-02 4.1645E+02 4.9749E-02 4.1806E+02 4.7085E-025018 3102
 4.1966E+02 4.4637E-02 4.2127E+02 4.2384E-02 4.2288E+02 4.0305E-025018 3102
 4.2448E+02 3.8382E-02 4.2609E+02 3.6601E-02 4.2930E+02 3.3412E-025018 3102
 4.3091E+02 3.1982E-02 4.3412E+02 2.9407E-02 4.3573E+02 2.8243E-025018 3102
 4.3894E+02 2.6133E-02 4.4216E+02 2.4275E-02 4.4376E+02 2.3428E-025018 3102
 4.4698E+02 2.1882E-02 4.5019E+02 2.0506E-02 4.5341E+02 1.9276E-025018 3102
 4.5662E+02 1.8174E-02 4.5983E+02 1.7183E-02 4.6305E+02 1.6291E-025018 3102
 4.6626E+02 1.5487E-02 4.7269E+02 1.4099E-02 4.7590E+02 1.3500E-025018 3102
 4.8233E+02 1.2461E-02 4.8554E+02 1.2011E-02 4.9197E+02 1.1227E-025018 3102
 4.9518E+02 1.0887E-02 5.0161E+02 1.0296E-02 5.0804E+02 9.8080E-035018 3102
 5.1125E+02 9.5989E-03 5.2089E+02 9.0907E-03 5.2732E+02 8.8391E-035018 3102
 5.3374E+02 8.6488E-03 5.4017E+02 8.5156E-03 5.4660E+02 8.4349E-035018 3102
 5.5302E+02 8.4043E-03 5.5945E+02 8.4223E-03 5.6588E+02 8.4880E-035018 3102
 5.7231E+02 8.6020E-03 5.7873E+02 8.7656E-03 5.8516E+02 8.9807E-035018 3102
 5.9159E+02 9.2511E-03 5.9801E+02 9.5808E-03 6.0444E+02 9.9760E-035018 3102
 6.1087E+02 1.0444E-02 6.1730E+02 1.0993E-02 6.2372E+02 1.1639E-025018 3102
 6.3336E+02 1.2818E-02 6.3658E+02 1.3278E-02 6.4300E+02 1.4313E-025018 3102
 6.4622E+02 1.4898E-02 6.5264E+02 1.6224E-02 6.5907E+02 1.7796E-025018 3102
 6.6228E+02 1.8693E-02 6.6871E+02 2.0754E-02 6.7193E+02 2.1941E-025018 3102
 6.7514E+02 2.3251E-02 6.7835E+02 2.4700E-02 6.8157E+02 2.6309E-025018 3102
 6.8478E+02 2.8101E-02 6.8799E+02 3.0097E-02 6.9121E+02 3.2342E-025018 3102
 6.9281E+02 3.3570E-02 6.9603E+02 3.6263E-02 6.9763E+02 3.7743E-025018 3102
 7.0085E+02 4.1013E-02 7.0245E+02 4.2821E-02 7.0567E+02 4.6836E-025018 3102
 7.0888E+02 5.1481E-02 7.1049E+02 5.4080E-02 7.1209E+02 5.6891E-025018 3102
 7.1370E+02 5.9936E-02 7.1531E+02 6.3245E-02 7.1691E+02 6.6845E-025018 3102
 7.1852E+02 7.0774E-02 7.2013E+02 7.5076E-02 7.2174E+02 7.9794E-025018 3102
 7.2334E+02 8.4984E-02 7.2495E+02 9.0719E-02 7.2656E+02 9.7068E-025018 3102
 7.2816E+02 1.0410E-01 7.2977E+02 1.1195E-01 7.3057E+02 1.1623E-015018 3102
 7.3218E+02 1.2558E-01 7.3298E+02 1.3069E-01 7.3459E+02 1.4193E-015018 3102
 7.3620E+02 1.5470E-01 7.3700E+02 1.6176E-01 7.3780E+02 1.6932E-015018 3102
 7.3861E+02 1.7743E-01 7.3941E+02 1.8614E-01 7.4021E+02 1.9552E-015018 3102
 7.4102E+02 2.0564E-01 7.4182E+02 2.1658E-01 7.4262E+02 2.2843E-015018 3102
 7.4343E+02 2.4128E-01 7.4423E+02 2.5525E-01 7.4503E+02 2.7052E-015018 3102
 7.4584E+02 2.8721E-01 7.4664E+02 3.0553E-01 7.4744E+02 3.2564E-015018 3102
 7.4825E+02 3.4782E-01 7.4905E+02 3.7236E-01 7.4985E+02 3.9959E-015018 3102
 7.5026E+02 4.1431E-01 7.5106E+02 4.4642E-01 7.5146E+02 4.6393E-015018 3102
 7.5186E+02 4.8249E-01 7.5226E+02 5.0221E-01 7.5267E+02 5.2316E-015018 3102
 7.5307E+02 5.4550E-01 7.5347E+02 5.6926E-01 7.5387E+02 5.9464E-015018 3102
 7.5427E+02 6.2175E-01 7.5467E+02 6.5080E-01 7.5508E+02 6.8194E-015018 3102
 7.5548E+02 7.1537E-01 7.5588E+02 7.5135E-01 7.5628E+02 7.9013E-015018 3102
 7.5668E+02 8.3198E-01 7.5708E+02 8.7731E-01 7.5749E+02 9.2647E-015018 3102
 7.5789E+02 9.7984E-01 7.5829E+02 1.0380E+00 7.5849E+02 1.0690E+005018 3102
 7.5869E+02 1.1015E+00 7.5889E+02 1.1354E+00 7.5909E+02 1.1710E+005018 3102
 7.5929E+02 1.2083E+00 7.5949E+02 1.2474E+00 7.5970E+02 1.2885E+005018 3102
 7.5990E+02 1.3316E+00 7.6010E+02 1.3769E+00 7.6030E+02 1.4246E+005018 3102
 7.6040E+02 1.4495E+00 7.6060E+02 1.5010E+00 7.6075E+02 1.5416E+005018 3102
 7.6090E+02 1.5838E+00 7.6096E+02 1.6020E+00 7.6103E+02 1.6203E+005018 3102
 7.6110E+02 1.6429E+00 7.6120E+02 1.6737E+00 7.6130E+02 1.7054E+005018 3102
 7.6140E+02 1.7380E+00 7.6160E+02 1.8061E+00 7.6170E+02 1.8416E+005018 3102
 7.6190E+02 1.9159E+00 7.6211E+02 1.9949E+00 7.6221E+02 2.0362E+005018 3102
 7.6231E+02 2.0788E+00 7.6241E+02 2.1229E+00 7.6251E+02 2.1683E+005018 3102
 7.6261E+02 2.2151E+00 7.6271E+02 2.2635E+00 7.6281E+02 2.3136E+005018 3102
 7.6291E+02 2.3653E+00 7.6301E+02 2.4188E+00 7.6311E+02 2.4741E+005018 3102
 7.6321E+02 2.5315E+00 7.6331E+02 2.5909E+00 7.6341E+02 2.6523E+005018 3102
 7.6351E+02 2.7157E+00 7.6361E+02 2.7819E+00 7.6371E+02 2.8503E+005018 3102
 7.6381E+02 2.9214E+00 7.6391E+02 2.9949E+00 7.6401E+02 3.0716E+005018 3102
 7.6411E+02 3.1513E+00 7.6421E+02 3.2339E+00 7.6431E+02 3.3200E+005018 3102
 7.6442E+02 3.4096E+00 7.6452E+02 3.5029E+00 7.6462E+02 3.6000E+005018 3102
 7.6472E+02 3.7014E+00 7.6482E+02 3.8068E+00 7.6492E+02 3.9170E+005018 3102
 7.6502E+02 4.0324E+00 7.6512E+02 4.1525E+00 7.6522E+02 4.2787E+005018 3102
 7.6532E+02 4.4105E+00 7.6542E+02 4.5481E+00 7.6552E+02 4.6927E+005018 3102
 7.6562E+02 4.8445E+00 7.6572E+02 5.0038E+00 7.6582E+02 5.1712E+005018 3102
 7.6592E+02 5.3472E+00 7.6602E+02 5.5322E+00 7.6612E+02 5.7272E+005018 3102
 7.6622E+02 5.9329E+00 7.6632E+02 6.1499E+00 7.6642E+02 6.3795E+005018 3102
 7.6652E+02 6.6220E+00 7.6662E+02 6.8787E+00 7.6672E+02 7.1509E+005018 3102
 7.6683E+02 7.4401E+00 7.6693E+02 7.7472E+00 7.6703E+02 8.0738E+005018 3102
 7.6713E+02 8.4217E+00 7.6723E+02 8.7937E+00 7.6733E+02 9.1907E+005018 3102
 7.6743E+02 9.6151E+00 7.6753E+02 1.0072E+01 7.6763E+02 1.0561E+015018 3102
 7.6773E+02 1.1088E+01 7.6783E+02 1.1656E+01 7.6793E+02 1.2269E+015018 3102
 7.6803E+02 1.2934E+01 7.6808E+02 1.3287E+01 7.6813E+02 1.3655E+015018 3102
 7.6818E+02 1.4039E+01 7.6823E+02 1.4440E+01 7.6828E+02 1.4859E+015018 3102
 7.6833E+02 1.5297E+01 7.6838E+02 1.5756E+01 7.6843E+02 1.6235E+015018 3102
 7.6848E+02 1.6738E+01 7.6853E+02 1.7265E+01 7.6858E+02 1.7818E+015018 3102
 7.6863E+02 1.8399E+01 7.6868E+02 1.9010E+01 7.6873E+02 1.9653E+015018 3102
 7.6878E+02 2.0332E+01 7.6883E+02 2.1047E+01 7.6888E+02 2.1802E+015018 3102
 7.6893E+02 2.2599E+01 7.6898E+02 2.3444E+01 7.6903E+02 2.4339E+015018 3102
 7.6908E+02 2.5289E+01 7.6913E+02 2.6298E+01 7.6919E+02 2.7373E+015018 3102
 7.6924E+02 2.8517E+01 7.6929E+02 2.9740E+01 7.6934E+02 3.1046E+015018 3102
 7.6939E+02 3.2443E+01 7.6944E+02 3.3945E+01 7.6949E+02 3.5555E+015018 3102
 7.6954E+02 3.7290E+01 7.6959E+02 3.9165E+01 7.6964E+02 4.1187E+015018 3102
 7.6969E+02 4.3373E+01 7.6974E+02 4.5742E+01 7.6979E+02 4.8316E+015018 3102
 7.6984E+02 5.1114E+01 7.6989E+02 5.4158E+01 7.6994E+02 5.7476E+015018 3102
 7.6999E+02 6.1105E+01 7.7004E+02 6.5059E+01 7.7009E+02 6.9385E+015018 3102
 7.7014E+02 7.4108E+01 7.7019E+02 7.9271E+01 7.7024E+02 8.4920E+015018 3102
 7.7029E+02 9.1089E+01 7.7034E+02 9.7822E+01 7.7039E+02 1.0518E+025018 3102
 7.7044E+02 1.1317E+02 7.7049E+02 1.2186E+02 7.7054E+02 1.3129E+025018 3102
 7.7059E+02 1.4148E+02 7.7064E+02 1.5247E+02 7.7067E+02 1.5828E+025018 3102
 7.7072E+02 1.7052E+02 7.7074E+02 1.7695E+02 7.7079E+02 1.9049E+025018 3102
 7.7082E+02 1.9756E+02 7.7087E+02 2.1233E+02 7.7092E+02 2.2791E+025018 3102
 7.7099E+02 2.5272E+02 7.7107E+02 2.7903E+02 7.7114E+02 3.0657E+025018 3102
 7.7127E+02 3.5407E+02 7.7142E+02 4.1072E+02 7.7147E+02 4.2872E+025018 3102
 7.7154E+02 4.5417E+02 7.7163E+02 4.8005E+02 7.7166E+02 4.8781E+025018 3102
 7.7169E+02 4.9510E+02 7.7174E+02 5.0803E+02 7.7180E+02 5.1868E+025018 3102
 7.7183E+02 5.2308E+02 7.7189E+02 5.2992E+02 7.7194E+02 5.3405E+025018 3102
 7.7200E+02 5.3541E+02 7.7203E+02 5.3504E+02 7.7209E+02 5.3223E+025018 3102
 7.7211E+02 5.2973E+02 7.7217E+02 5.2281E+02 7.7220E+02 5.1838E+025018 3102
 7.7223E+02 5.1334E+02 7.7228E+02 5.0143E+02 7.7234E+02 4.8735E+025018 3102
 7.7240E+02 4.7131E+02 7.7246E+02 4.5366E+02 7.7253E+02 4.2848E+025018 3102
 7.7260E+02 4.0168E+02 7.7268E+02 3.7379E+02 7.7280E+02 3.2666E+025018 3102
 7.7288E+02 2.9887E+02 7.7295E+02 2.7200E+02 7.7300E+02 2.5478E+025018 3102
 7.7307E+02 2.3018E+02 7.7315E+02 2.0724E+02 7.7320E+02 1.9295E+025018 3102
 7.7325E+02 1.7948E+02 7.7330E+02 1.6681E+02 7.7335E+02 1.5499E+025018 3102
 7.7340E+02 1.4397E+02 7.7345E+02 1.3373E+02 7.7350E+02 1.2423E+025018 3102
 7.7354E+02 1.1547E+02 7.7359E+02 1.0740E+02 7.7364E+02 9.9970E+015018 3102
 7.7369E+02 9.3130E+01 7.7374E+02 8.6870E+01 7.7379E+02 8.1133E+015018 3102
 7.7384E+02 7.5873E+01 7.7389E+02 7.1059E+01 7.7394E+02 6.6646E+015018 3102
 7.7399E+02 6.2604E+01 7.7404E+02 5.8903E+01 7.7409E+02 5.5499E+015018 3102
 7.7414E+02 5.2380E+01 7.7419E+02 4.9513E+01 7.7424E+02 4.6873E+015018 3102
 7.7429E+02 4.4438E+01 7.7434E+02 4.2196E+01 7.7439E+02 4.0122E+015018 3102
 7.7444E+02 3.8199E+01 7.7449E+02 3.6416E+01 7.7453E+02 3.4761E+015018 3102
 7.7458E+02 3.3221E+01 7.7463E+02 3.1783E+01 7.7468E+02 3.0445E+015018 3102
 7.7473E+02 2.9190E+01 7.7478E+02 2.8015E+01 7.7483E+02 2.6916E+015018 3102
 7.7488E+02 2.5878E+01 7.7493E+02 2.4903E+01 7.7498E+02 2.3985E+015018 3102
 7.7503E+02 2.3119E+01 7.7513E+02 2.1525E+01 7.7523E+02 2.0098E+015018 3102
 7.7533E+02 1.8811E+01 7.7543E+02 1.7649E+01 7.7553E+02 1.6593E+015018 3102
 7.7562E+02 1.5633E+01 7.7572E+02 1.4754E+01 7.7582E+02 1.3950E+015018 3102
 7.7592E+02 1.3210E+01 7.7602E+02 1.2530E+01 7.7612E+02 1.1901E+015018 3102
 7.7622E+02 1.1320E+01 7.7632E+02 1.0780E+01 7.7642E+02 1.0279E+015018 3102
 7.7652E+02 9.8127E+00 7.7661E+02 9.3779E+00 7.7671E+02 8.9716E+005018 3102
 7.7681E+02 8.5915E+00 7.7691E+02 8.2353E+00 7.7701E+02 7.9014E+005018 3102
 7.7711E+02 7.5876E+00 7.7721E+02 7.2922E+00 7.7731E+02 7.0139E+005018 3102
 7.7741E+02 6.7513E+00 7.7751E+02 6.5034E+00 7.7761E+02 6.2693E+005018 3102
 7.7780E+02 5.8372E+00 7.7800E+02 5.4488E+00 7.7820E+02 5.0980E+005018 3102
 7.7840E+02 4.7799E+00 7.7860E+02 4.4909E+00 7.7879E+02 4.2276E+005018 3102
 7.7899E+02 3.9868E+00 7.7919E+02 3.7660E+00 7.7939E+02 3.5633E+005018 3102
 7.7959E+02 3.3763E+00 7.7978E+02 3.2038E+00 7.7998E+02 3.0445E+005018 3102
 7.8018E+02 2.8965E+00 7.8038E+02 2.7594E+00 7.8058E+02 2.6314E+005018 3102
 7.8077E+02 2.5124E+00 7.8097E+02 2.4012E+00 7.8117E+02 2.2974E+005018 3102
 7.8137E+02 2.2000E+00 7.8157E+02 2.1088E+00 7.8176E+02 2.0231E+005018 3102
 7.8196E+02 1.9427E+00 7.8216E+02 1.8669E+00 7.8236E+02 1.7955E+005018 3102
 7.8256E+02 1.7281E+00 7.8276E+02 1.6645E+00 7.8315E+02 1.5474E+005018 3102
 7.8355E+02 1.4421E+00 7.8394E+02 1.3472E+00 7.8434E+02 1.2613E+005018 3102
 7.8474E+02 1.1834E+00 7.8513E+02 1.1125E+00 7.8553E+02 1.0477E+005018 3102
 7.8592E+02 9.8843E-01 7.8632E+02 9.3409E-01 7.8672E+02 8.8409E-015018 3102
 7.8711E+02 8.3801E-01 7.8751E+02 7.9542E-01 7.8791E+02 7.5599E-015018 3102
 7.8830E+02 7.1941E-01 7.8870E+02 6.8545E-01 7.8909E+02 6.5381E-015018 3102
 7.8949E+02 6.2433E-01 7.8989E+02 5.9678E-01 7.9028E+02 5.7101E-015018 3102
 7.9068E+02 5.4687E-01 7.9107E+02 5.2423E-01 7.9147E+02 5.0296E-015018 3102
 7.9187E+02 4.8295E-01 7.9226E+02 4.6412E-01 7.9266E+02 4.4639E-015018 3102
 7.9306E+02 4.2966E-01 7.9385E+02 3.9892E-01 7.9464E+02 3.7137E-015018 3102
 7.9543E+02 3.4651E-01 7.9622E+02 3.2406E-01 7.9702E+02 3.0370E-015018 3102
 7.9781E+02 2.8522E-01 7.9860E+02 2.6835E-01 7.9939E+02 2.5294E-015018 3102
 8.0019E+02 2.3883E-01 8.0098E+02 2.2585E-01 8.0177E+02 2.1390E-015018 3102
 8.0256E+02 2.0287E-01 8.0336E+02 1.9268E-01 8.0415E+02 1.8323E-015018 3102
 8.0494E+02 1.7445E-01 8.0573E+02 1.6629E-01 8.0652E+02 1.5869E-015018 3102
 8.0732E+02 1.5160E-01 8.0890E+02 1.3876E-01 8.0969E+02 1.3295E-015018 3102
 8.1128E+02 1.2236E-01 8.1286E+02 1.1298E-01 8.1366E+02 1.0869E-015018 3102
 8.1524E+02 1.0084E-01 8.1682E+02 9.3801E-02 8.1841E+02 8.7455E-025018 3102
 8.1999E+02 8.1728E-02 8.2158E+02 7.6546E-02 8.2316E+02 7.1842E-025018 3102
 8.2475E+02 6.7556E-02 8.2633E+02 6.3642E-02 8.2792E+02 6.0056E-025018 3102
 8.2950E+02 5.6768E-02 8.3267E+02 5.0948E-02 8.3426E+02 4.8367E-025018 3102
 8.3742E+02 4.3759E-02 8.3901E+02 4.1702E-02 8.4218E+02 3.7993E-025018 3102
 8.4535E+02 3.4758E-02 8.5010E+02 3.0630E-02 8.5486E+02 2.7194E-025018 3102
 8.5644E+02 2.6179E-02 8.6119E+02 2.3455E-02 8.6436E+02 2.1865E-025018 3102
 8.6753E+02 2.0431E-02 8.7070E+02 1.9135E-02 8.7704E+02 1.6887E-025018 3102
 8.8021E+02 1.5910E-02 8.8655E+02 1.4195E-02 8.8972E+02 1.3440E-025018 3102
 8.9606E+02 1.2102E-02 9.0239E+02 1.0956E-02 9.1190E+02 9.5219E-035018 3102
 9.2141E+02 8.3557E-03 9.3092E+02 7.3942E-03 9.3726E+02 6.8443E-035018 3102
 9.4993E+02 5.9185E-03 9.5627E+02 5.5258E-03 9.6895E+02 4.8526E-035018 3102
 9.8796E+02 4.0595E-03 1.0006E+03 3.6392E-03 1.0197E+03 3.1280E-035018 3102
 1.0387E+03 2.7253E-03 1.0577E+03 2.4034E-03 1.0894E+03 1.9972E-035018 3102
 1.1084E+03 1.8112E-03 1.1401E+03 1.5719E-03 1.1654E+03 1.4296E-035018 3102
 1.2035E+03 1.2797E-03 1.2288E+03 1.2155E-03 1.2795E+03 1.1656E-035018 3102
 1.3049E+03 1.1822E-03 1.3302E+03 1.2330E-03 1.3683E+03 1.3978E-035018 3102
 1.4000E+03 1.6646E-03 1.4190E+03 1.9200E-03 1.4348E+03 2.2197E-035018 3102
 1.4507E+03 2.6403E-03 1.4602E+03 2.9769E-03 1.4697E+03 3.4029E-035018 3102
 1.4760E+03 3.7529E-03 1.4855E+03 4.4111E-03 1.4950E+03 5.2930E-035018 3102
 1.5030E+03 6.2758E-03 1.5109E+03 7.5970E-03 1.5156E+03 8.6197E-035018 3102
 1.5204E+03 9.8786E-03 1.5236E+03 1.0889E-02 1.5283E+03 1.2739E-025018 3102
 1.5331E+03 1.5130E-02 1.5378E+03 1.8297E-02 1.5410E+03 2.1010E-025018 3102
 1.5434E+03 2.3472E-02 1.5458E+03 2.6410E-02 1.5481E+03 2.9957E-025018 3102
 1.5497E+03 3.2741E-02 1.5521E+03 3.7719E-02 1.5545E+03 4.3953E-025018 3102
 1.5568E+03 5.1895E-02 1.5584E+03 5.8466E-02 1.5592E+03 6.2240E-025018 3102
 1.5608E+03 7.0978E-02 1.5616E+03 7.6061E-02 1.5632E+03 8.8015E-025018 3102
 1.5644E+03 9.8939E-02 1.5652E+03 1.0744E-01 1.5664E+03 1.2238E-015018 3102
 1.5675E+03 1.4072E-01 1.5687E+03 1.6357E-01 1.5695E+03 1.8206E-015018 3102
 1.5699E+03 1.9251E-01 1.5707E+03 2.1632E-01 1.5711E+03 2.2994E-015018 3102
 1.5719E+03 2.6140E-01 1.5723E+03 2.7962E-01 1.5727E+03 2.9984E-015018 3102
 1.5731E+03 3.2237E-01 1.5735E+03 3.4755E-01 1.5739E+03 3.7580E-015018 3102
 1.5743E+03 4.0766E-01 1.5747E+03 4.4390E-01 1.5751E+03 4.8510E-015018 3102
 1.5755E+03 5.3238E-01 1.5759E+03 5.8707E-01 1.5761E+03 6.1770E-015018 3102
 1.5765E+03 6.8671E-01 1.5769E+03 7.6825E-01 1.5771E+03 8.1469E-015018 3102
 1.5772E+03 8.6556E-01 1.5774E+03 9.2148E-01 1.5776E+03 9.8347E-015018 3102
 1.5778E+03 1.0517E+00 1.5780E+03 1.1275E+00 1.5782E+03 1.2120E+005018 3102
 1.5784E+03 1.3067E+00 1.5786E+03 1.4134E+00 1.5788E+03 1.5342E+005018 3102
 1.5790E+03 1.6720E+00 1.5792E+03 1.8301E+00 1.5794E+03 2.0133E+005018 3102
 1.5795E+03 2.1161E+00 1.5796E+03 2.2277E+00 1.5797E+03 2.3490E+005018 3102
 1.5798E+03 2.4816E+00 1.5799E+03 2.6270E+00 1.5800E+03 2.7870E+005018 3102
 1.5801E+03 2.9646E+00 1.5802E+03 3.1623E+00 1.5803E+03 3.3844E+005018 3102
 1.5804E+03 3.6354E+00 1.5805E+03 3.9213E+00 1.5806E+03 4.0814E+005018 3102
 1.5806E+03 4.2502E+00 1.5807E+03 4.4358E+00 1.5807E+03 4.6361E+005018 3102
 1.5808E+03 4.8534E+00 1.5808E+03 5.0840E+00 1.5809E+03 5.3405E+005018 3102
 1.5809E+03 5.6140E+00 1.5809E+03 5.7632E+00 1.5810E+03 6.1633E+005018 3102
 1.5811E+03 6.6123E+00 1.5811E+03 6.8084E+00 1.5811E+03 7.0058E+005018 3102
 1.5812E+03 7.4481E+00 1.5812E+03 7.9247E+00 1.5813E+03 8.4612E+005018 3102
 1.5813E+03 8.7500E+00 1.5813E+03 9.0410E+00 1.5813E+03 9.3594E+005018 3102
 1.5814E+03 9.6944E+00 1.5814E+03 1.0047E+01 1.5814E+03 1.0401E+015018 3102
 1.5814E+03 1.0790E+01 1.5815E+03 1.1198E+01 1.5815E+03 1.1627E+015018 3102
 1.5815E+03 1.2061E+01 1.5815E+03 1.2534E+01 1.5816E+03 1.3032E+015018 3102
 1.5816E+03 1.3556E+01 1.5816E+03 1.4083E+01 1.5816E+03 1.4659E+015018 3102
 1.5817E+03 1.5265E+01 1.5817E+03 1.5901E+01 1.5817E+03 1.6541E+015018 3102
 1.5817E+03 1.7240E+01 1.5818E+03 1.7974E+01 1.5818E+03 1.8743E+015018 3102
 1.5818E+03 1.9516E+01 1.5818E+03 2.0360E+01 1.5819E+03 2.1243E+015018 3102
 1.5819E+03 2.2168E+01 1.5819E+03 2.3097E+01 1.5819E+03 2.4107E+015018 3102
 1.5820E+03 2.5164E+01 1.5820E+03 2.6268E+01 1.5820E+03 2.7373E+015018 3102
 1.5820E+03 2.8573E+01 1.5821E+03 2.9828E+01 1.5821E+03 3.1135E+015018 3102
 1.5821E+03 3.2438E+01 1.5821E+03 3.3854E+01 1.5822E+03 3.5324E+015018 3102
 1.5822E+03 3.6853E+01 1.5822E+03 3.8379E+01 1.5822E+03 4.0029E+015018 3102
 1.5823E+03 4.1734E+01 1.5823E+03 4.3507E+01 1.5823E+03 4.5270E+015018 3102
 1.5823E+03 4.9129E+01 1.5824E+03 5.1160E+01 1.5824E+03 5.5325E+015018 3102
 1.5824E+03 5.7554E+01 1.5825E+03 6.2105E+01 1.5825E+03 6.4530E+015018 3102
 1.5826E+03 6.9573E+01 1.5826E+03 7.4763E+01 1.5826E+03 7.7504E+015018 3102
 1.5827E+03 8.3053E+01 1.5828E+03 9.1969E+01 1.5828E+03 1.0122E+025018 3102
 1.5829E+03 1.0755E+02 1.5830E+03 1.1750E+02 1.5830E+03 1.2753E+025018 3102
 1.5831E+03 1.3766E+02 1.5832E+03 1.5286E+02 1.5833E+03 1.6416E+025018 3102
 1.5834E+03 1.7196E+02 1.5835E+03 1.8086E+02 1.5835E+03 1.8756E+025018 3102
 1.5836E+03 1.9492E+02 1.5837E+03 2.0042E+02 1.5837E+03 2.0588E+025018 3102
 1.5838E+03 2.0949E+02 1.5839E+03 2.1296E+02 1.5839E+03 2.1465E+025018 3102
 1.5840E+03 2.1518E+02 1.5840E+03 2.1516E+02 1.5841E+03 2.1435E+025018 3102
 1.5841E+03 2.1289E+02 1.5842E+03 2.1073E+02 1.5843E+03 2.0672E+025018 3102
 1.5843E+03 2.0358E+02 1.5844E+03 2.0001E+02 1.5844E+03 1.9312E+025018 3102
 1.5845E+03 1.8356E+02 1.5846E+03 1.7465E+02 1.5847E+03 1.6314E+025018 3102
 1.5848E+03 1.5301E+02 1.5849E+03 1.4055E+02 1.5850E+03 1.2797E+025018 3102
 1.5851E+03 1.0733E+02 1.5852E+03 9.5712E+01 1.5853E+03 8.4491E+015018 3102
 1.5854E+03 7.7549E+01 1.5854E+03 7.4162E+01 1.5854E+03 6.7777E+015018 3102
 1.5855E+03 6.4678E+01 1.5855E+03 5.8785E+01 1.5856E+03 5.6084E+015018 3102
 1.5856E+03 5.0881E+01 1.5857E+03 4.8386E+01 1.5857E+03 4.6069E+015018 3102
 1.5857E+03 4.3773E+01 1.5858E+03 4.1574E+01 1.5858E+03 3.9471E+015018 3102
 1.5858E+03 3.7529E+01 1.5858E+03 3.5608E+01 1.5859E+03 3.3782E+015018 3102
 1.5859E+03 3.2041E+01 1.5859E+03 3.0437E+01 1.5860E+03 2.8863E+015018 3102
 1.5860E+03 2.7366E+01 1.5860E+03 2.5947E+01 1.5861E+03 2.4646E+015018 3102
 1.5861E+03 2.3371E+01 1.5861E+03 2.2202E+01 1.5862E+03 2.1060E+015018 3102
 1.5862E+03 2.0015E+01 1.5862E+03 1.8995E+01 1.5862E+03 1.8032E+015018 3102
 1.5863E+03 1.7125E+01 1.5863E+03 1.6297E+01 1.5863E+03 1.5489E+015018 3102
 1.5864E+03 1.4730E+01 1.5864E+03 1.4015E+01 1.5864E+03 1.3364E+015018 3102
 1.5865E+03 1.2730E+01 1.5865E+03 1.2134E+01 1.5865E+03 1.1574E+015018 3102
 1.5865E+03 1.1065E+01 1.5866E+03 1.0569E+01 1.5866E+03 1.0118E+015018 3102
 1.5867E+03 9.2803E+00 1.5867E+03 8.5277E+00 1.5868E+03 7.8719E+005018 3102
 1.5869E+03 7.2813E+00 1.5869E+03 6.7655E+00 1.5870E+03 6.2993E+005018 3102
 1.5870E+03 5.8900E+00 1.5871E+03 5.5240E+00 1.5872E+03 5.1954E+005018 3102
 1.5872E+03 4.8944E+00 1.5873E+03 4.6273E+00 1.5873E+03 4.3810E+005018 3102
 1.5874E+03 4.1611E+00 1.5875E+03 3.9567E+00 1.5875E+03 3.7725E+005018 3102
 1.5877E+03 3.4466E+00 1.5878E+03 3.1652E+00 1.5879E+03 2.9217E+005018 3102
 1.5880E+03 2.7084E+00 1.5881E+03 2.5213E+00 1.5883E+03 2.3536E+005018 3102
 1.5884E+03 2.2033E+00 1.5885E+03 2.0680E+00 1.5886E+03 1.9455E+005018 3102
 1.5888E+03 1.8342E+00 1.5889E+03 1.7326E+00 1.5890E+03 1.6396E+005018 3102
 1.5891E+03 1.5548E+00 1.5892E+03 1.4761E+00 1.5895E+03 1.3361E+005018 3102
 1.5896E+03 1.2742E+00 1.5899E+03 1.1620E+00 1.5900E+03 1.1116E+005018 3102
 1.5902E+03 1.0206E+00 1.5904E+03 9.7917E-01 1.5906E+03 9.0400E-015018 3102
 1.5908E+03 8.3705E-01 1.5911E+03 7.7761E-01 1.5913E+03 7.2418E-015018 3102
 1.5916E+03 6.7633E-01 1.5918E+03 6.3294E-01 1.5921E+03 5.9380E-015018 3102
 1.5923E+03 5.5808E-01 1.5926E+03 5.2552E-01 1.5931E+03 4.6857E-015018 3102
 1.5935E+03 4.2046E-01 1.5938E+03 3.9911E-01 1.5943E+03 3.6113E-015018 3102
 1.5945E+03 3.4420E-01 1.5950E+03 3.1365E-01 1.5958E+03 2.7499E-015018 3102
 1.5962E+03 2.5308E-01 1.5970E+03 2.2484E-01 1.5980E+03 1.9405E-015018 3102
 1.5985E+03 1.8098E-01 1.5994E+03 1.5852E-01 1.6004E+03 1.3998E-015018 3102
 1.6009E+03 1.3193E-01 1.6019E+03 1.1778E-01 1.6034E+03 1.0048E-015018 3102
 1.6048E+03 8.6752E-02 1.6058E+03 7.9117E-02 1.6073E+03 6.9433E-025018 3102
 1.6088E+03 6.1438E-02 1.6102E+03 5.4770E-02 1.6117E+03 4.9150E-025018 3102
 1.6127E+03 4.5870E-02 1.6147E+03 4.0232E-02 1.6176E+03 3.3573E-025018 3102
 1.6206E+03 2.8468E-02 1.6225E+03 2.5707E-02 1.6255E+03 2.2286E-025018 3102
 1.6284E+03 1.9536E-02 1.6314E+03 1.7294E-02 1.6363E+03 1.4394E-025018 3102
 1.6412E+03 1.2253E-02 1.6471E+03 1.0369E-02 1.6510E+03 9.4267E-035018 3102
 1.6569E+03 8.3799E-03 1.6628E+03 7.7072E-03 1.6687E+03 7.3923E-035018 3102
 1.6707E+03 7.3743E-03 1.6746E+03 7.4961E-03 1.6805E+03 8.2168E-035018 3102
 1.6824E+03 8.6690E-03 1.6864E+03 1.0093E-02 1.6883E+03 1.1193E-025018 3102
 1.6903E+03 1.2691E-02 1.6923E+03 1.4775E-02 1.6942E+03 1.7758E-025018 3102
 1.6962E+03 2.2201E-02 1.6982E+03 2.9013E-02 1.6991E+03 3.3921E-025018 3102
 1.7001E+03 4.0522E-02 1.7011E+03 4.9570E-02 1.7021E+03 6.2355E-025018 3102
 1.7026E+03 7.0825E-02 1.7031E+03 8.1243E-02 1.7036E+03 9.4350E-025018 3102
 1.7040E+03 1.1122E-01 1.7045E+03 1.3345E-01 1.7050E+03 1.6372E-015018 3102
 1.7053E+03 1.8330E-01 1.7055E+03 2.0695E-01 1.7058E+03 2.3648E-015018 3102
 1.7060E+03 2.7455E-01 1.7063E+03 3.2725E-01 1.7064E+03 3.6249E-015018 3102
 1.7065E+03 4.0648E-01 1.7066E+03 4.6383E-01 1.7067E+03 5.3987E-015018 3102
 1.7069E+03 6.4273E-01 1.7070E+03 7.8266E-01 1.7071E+03 8.7304E-015018 3102
 1.7071E+03 9.7774E-01 1.7072E+03 1.1033E+00 1.7072E+03 1.2488E+005018 3102
 1.7073E+03 1.4229E+00 1.7074E+03 1.6243E+00 1.7074E+03 1.8602E+005018 3102
 1.7075E+03 2.1360E+00 1.7075E+03 2.4632E+00 1.7076E+03 2.8377E+005018 3102
 1.7077E+03 3.2791E+00 1.7077E+03 3.7808E+00 1.7078E+03 4.3674E+005018 3102
 1.7079E+03 5.0285E+00 1.7079E+03 5.7817E+00 1.7080E+03 6.6362E+005018 3102
 1.7080E+03 7.1118E+00 1.7080E+03 7.6173E+00 1.7081E+03 8.1534E+005018 3102
 1.7081E+03 8.7025E+00 1.7081E+03 9.3028E+00 1.7082E+03 9.9359E+005018 3102
 1.7082E+03 1.0606E+01 1.7082E+03 1.1287E+01 1.7082E+03 1.2028E+015018 3102
 1.7083E+03 1.2806E+01 1.7083E+03 1.3623E+01 1.7083E+03 1.4451E+015018 3102
 1.7084E+03 1.5345E+01 1.7084E+03 1.6249E+01 1.7084E+03 1.7222E+015018 3102
 1.7085E+03 1.8203E+01 1.7085E+03 1.9257E+01 1.7085E+03 2.0351E+015018 3102
 1.7086E+03 2.2622E+01 1.7086E+03 2.5086E+01 1.7087E+03 2.7656E+015018 3102
 1.7088E+03 3.0410E+01 1.7088E+03 3.3245E+01 1.7089E+03 3.6185E+015018 3102
 1.7090E+03 3.9217E+01 1.7093E+03 5.5014E+01 1.7093E+03 5.8029E+015018 3102
 1.7094E+03 6.2355E+01 1.7095E+03 6.5026E+01 1.7095E+03 6.6952E+015018 3102
 1.7096E+03 6.9785E+01 1.7096E+03 7.1335E+01 1.7097E+03 7.2669E+015018 3102
 1.7097E+03 7.3695E+01 1.7098E+03 7.4760E+01 1.7098E+03 7.5913E+015018 3102
 1.7099E+03 7.6444E+01 1.7099E+03 7.6823E+01 1.7100E+03 7.7061E+015018 3102
 1.7100E+03 7.7083E+01 1.7101E+03 7.6930E+01 1.7101E+03 7.6672E+015018 3102
 1.7101E+03 7.6259E+01 1.7102E+03 7.5304E+01 1.7103E+03 7.4033E+015018 3102
 1.7103E+03 7.2617E+01 1.7104E+03 7.0568E+01 1.7104E+03 6.8607E+015018 3102
 1.7105E+03 6.6440E+01 1.7106E+03 6.3613E+01 1.7107E+03 5.8477E+015018 3102
 1.7107E+03 5.5175E+01 1.7109E+03 4.8325E+01 1.7110E+03 4.3722E+015018 3102
 1.7111E+03 3.6947E+01 1.7111E+03 3.4798E+01 1.7112E+03 3.0617E+015018 3102
 1.7113E+03 2.8600E+01 1.7113E+03 2.6696E+01 1.7114E+03 2.4826E+015018 3102
 1.7114E+03 2.3074E+01 1.7114E+03 2.1364E+01 1.7115E+03 1.9773E+015018 3102
 1.7115E+03 1.8230E+01 1.7116E+03 1.6773E+01 1.7116E+03 1.5400E+015018 3102
 1.7117E+03 1.4141E+01 1.7117E+03 1.2934E+01 1.7118E+03 1.1833E+015018 3102
 1.7118E+03 1.0785E+01 1.7118E+03 9.8337E+00 1.7119E+03 8.9338E+005018 3102
 1.7119E+03 8.1039E+00 1.7120E+03 7.3405E+00 1.7120E+03 6.6555E+005018 3102
 1.7121E+03 6.0142E+00 1.7121E+03 5.4416E+00 1.7122E+03 4.9081E+005018 3102
 1.7122E+03 4.4339E+00 1.7122E+03 3.9940E+00 1.7123E+03 3.5968E+005018 3102
 1.7123E+03 3.2384E+00 1.7124E+03 2.9230E+00 1.7124E+03 2.6332E+005018 3102
 1.7125E+03 2.3786E+00 1.7125E+03 2.1454E+00 1.7126E+03 1.9415E+005018 3102
 1.7126E+03 1.7553E+00 1.7127E+03 1.5929E+00 1.7127E+03 1.3162E+005018 3102
 1.7128E+03 1.0975E+00 1.7129E+03 9.2500E-01 1.7130E+03 7.8754E-015018 3102
 1.7131E+03 6.8028E-01 1.7132E+03 5.9520E-01 1.7133E+03 5.2726E-015018 3102
 1.7134E+03 4.7203E-01 1.7135E+03 4.2762E-01 1.7136E+03 3.6043E-015018 3102
 1.7138E+03 3.1202E-01 1.7140E+03 2.7557E-01 1.7142E+03 2.4669E-015018 3102
 1.7143E+03 2.2297E-01 1.7147E+03 1.8576E-01 1.7151E+03 1.5780E-015018 3102
 1.7154E+03 1.3605E-01 1.7158E+03 1.1877E-01 1.7161E+03 1.0469E-015018 3102
 1.7165E+03 9.3066E-02 1.7172E+03 7.5122E-02 1.7179E+03 6.2014E-025018 3102
 1.7186E+03 5.2184E-02 1.7193E+03 4.4618E-02 1.7201E+03 3.8706E-025018 3102
 1.7215E+03 3.0062E-02 1.7229E+03 2.4080E-02 1.7243E+03 1.9811E-025018 3102
 1.7258E+03 1.6663E-02 1.7272E+03 1.4306E-02 1.7300E+03 1.0979E-025018 3102
 1.7329E+03 8.7643E-03 1.7357E+03 7.2354E-03 1.7386E+03 6.1306E-035018 3102
 1.7443E+03 4.6691E-03 1.7500E+03 3.7566E-03 1.7557E+03 3.1336E-035018 3102
 1.7614E+03 2.6878E-03 1.7728E+03 2.0934E-03 1.7843E+03 1.7152E-035018 3102
 1.7957E+03 1.4523E-03 1.8128E+03 1.1787E-03 1.8299E+03 9.8920E-045018 3102
 1.8470E+03 8.4955E-04 1.8699E+03 7.1185E-04 1.8813E+03 6.5729E-045018 3102
 1.8884E+03 6.2658E-04 1.8888E+03 6.3487E-04 1.8891E+03 6.8350E-045018 3102
 1.8893E+03 7.5648E-04 1.8895E+03 9.0620E-04 1.8896E+03 1.0300E-035018 3102
 1.8897E+03 1.2026E-03 1.8898E+03 1.4409E-03 1.8898E+03 1.7669E-035018 3102
 1.8899E+03 2.2142E-03 1.8900E+03 2.8088E-03 1.8901E+03 3.5987E-035018 3102
 1.8902E+03 4.6388E-03 1.8903E+03 6.0121E-03 1.8904E+03 7.7689E-035018 3102
 1.8905E+03 1.0016E-02 1.8906E+03 1.2865E-02 1.8907E+03 1.6485E-025018 3102
 1.8907E+03 2.0942E-02 1.8908E+03 2.6431E-02 1.8909E+03 3.3130E-025018 3102
 1.8911E+03 5.0918E-02 1.8913E+03 7.5916E-02 1.8915E+03 1.0996E-015018 3102
 1.8916E+03 1.5411E-01 1.8918E+03 2.0948E-01 1.8920E+03 2.7637E-015018 3102
 1.8922E+03 3.5466E-01 1.8923E+03 4.4186E-01 1.8927E+03 5.8697E-045018 3102
 1.8927E+03 1.2201E+00 2.0120E+03 1.1868E+00 2.1373E+03 1.1547E+005018 3102
 2.2669E+03 1.1243E+00 2.4028E+03 1.0950E+00 2.5420E+03 1.0674E+005018 3102
 2.6878E+03 1.0408E+00 3.0000E+03 9.9021E-01 3.2810E+03 9.4849E-015018 3102
 3.5835E+03 9.0912E-01 3.9006E+03 8.7281E-01 4.2405E+03 8.3844E-015018 3102
 4.5960E+03 8.0660E-01 4.9757E+03 7.7637E-01 5.3720E+03 7.4827E-015018 3102
 5.7941E+03 7.2156E-01 6.2340E+03 6.9661E-01 6.7012E+03 6.7280E-015018 3102
 7.1868E+03 6.5055E-01 7.7012E+03 6.2928E-01 8.2351E+03 6.0930E-015018 3102
 8.7992E+03 5.9018E-01 9.3837E+03 5.7222E-01 1.0000E+04 5.5498E-015018 3102
 1.0488E+04 5.3776E-01 1.0996E+04 5.2115E-01 1.1527E+04 5.0513E-015018 3102
 1.2080E+04 4.8970E-01 1.2633E+04 4.7537E-01 1.3208E+04 4.6154E-015018 3102
 1.3806E+04 4.4821E-01 1.4428E+04 4.3530E-01 1.5697E+04 4.1167E-015018 3102
 1.7063E+04 3.8951E-01 1.8480E+04 3.6943E-01 2.0000E+04 3.5060E-015018 3102
 2.1366E+04 3.3529E-01 2.2815E+04 3.2076E-01 2.4303E+04 3.0735E-015018 3102
 2.5877E+04 2.9459E-01 2.7492E+04 2.8277E-01 2.9196E+04 2.7151E-015018 3102
 3.0943E+04 2.6105E-01 3.2782E+04 2.5105E-01 3.4642E+04 2.4187E-015018 3102
 3.6595E+04 2.3306E-01 3.8646E+04 2.2463E-01 4.0798E+04 2.1655E-015018 3102
 4.2944E+04 2.0916E-01 4.5191E+04 2.0208E-01 4.7541E+04 1.9527E-015018 3102
 5.0000E+04 1.8871E-01 5.5012E+04 1.7976E-01 6.0437E+04 1.7135E-015018 3102
 6.6099E+04 1.6371E-01 7.2199E+04 1.5651E-01 7.8551E+04 1.4993E-015018 3102
 8.5363E+04 1.4370E-01 9.2440E+04 1.3798E-01 1.0000E+05 1.3256E-015018 3102
 1.2084E+05 1.2804E-01 1.4435E+05 1.2392E-01 1.7069E+05 1.2014E-015018 3102
 2.0000E+05 1.1666E-01 2.3817E+05 1.1887E-01 2.7635E+05 1.2074E-015018 3102
 3.2317E+05 1.2274E-01 3.7000E+05 1.2447E-01 4.3945E+05 1.3243E-015018 3102
 5.1725E+05 1.4039E-01 6.0394E+05 1.4835E-01 7.0000E+05 1.5629E-015018 3102
 8.4063E+05 1.7652E-01 1.0000E+06 1.9797E-01 1.1155E+06 1.9821E-015018 3102
 1.2405E+06 1.9837E-01 1.2405E+06 1.9837E-01 1.2531E+06 1.9838E-015018 3102
 1.2659E+06 1.9838E-01 1.2788E+06 1.9839E-01 1.2918E+06 1.9840E-015018 3102
 1.3183E+06 1.9842E-01 1.3453E+06 1.9842E-01 1.3796E+06 1.9843E-015018 3102
 1.4566E+06 1.9843E-01 1.5000E+06 1.9843E-01 1.6000E+06 1.9837E-015018 3102
 1.7650E+06 2.1362E-01 1.8793E+06 2.2391E-01 2.0000E+06 2.3456E-015018 3102
 2.0575E+06 2.3092E-01 2.0675E+06 2.3031E-01 2.0675E+06 2.3031E-015018 3102
 2.1810E+06 2.2360E-01 2.2995E+06 2.1709E-01 2.2995E+06 2.1709E-015018 3102
 2.3398E+06 2.1500E-01 2.3398E+06 2.1499E-01 2.4205E+06 2.1093E-015018 3102
 2.4205E+06 2.1093E-01 2.5000E+06 2.0712E-01 2.5113E+06 2.0660E-015018 3102
 2.5214E+06 2.0612E-01 2.6021E+06 2.0247E-01 2.7029E+06 1.9811E-015018 3102
 2.7534E+06 1.9603E-01 2.9248E+06 1.8930E-01 2.9248E+06 1.8930E-015018 3102
 2.9700E+06 1.8763E-01 2.9853E+06 1.8706E-01 3.0000E+06 1.8652E-015018 3102
 3.0000E+06 1.8652E-01 3.0520E+06 1.7798E-01 3.1053E+06 1.6975E-015018 3102
 3.1601E+06 1.6183E-01 3.2165E+06 1.5419E-01 3.2727E+06 1.4705E-015018 3102
 3.3305E+06 1.4017E-01 3.3887E+06 1.3367E-01 3.4485E+06 1.2740E-015018 3102
 3.4491E+06 1.2735E-01 3.5000E+06 1.2232E-01 3.5090E+06 1.2146E-015018 3102
 3.5665E+06 1.1615E-01 3.6255E+06 1.1103E-01 3.6850E+06 1.0617E-015018 3102
 3.7460E+06 1.0147E-01 3.8076E+06 9.7012E-02 3.8708E+06 9.2714E-025018 3102
 3.9346E+06 8.8625E-02 4.0000E+06 8.4676E-02 4.0586E+06 8.1336E-025018 3102
 4.1186E+06 7.8100E-02 4.1793E+06 7.5000E-02 4.2414E+06 7.1996E-025018 3102
 4.3042E+06 6.9120E-02 4.3685E+06 6.6334E-02 4.4335E+06 6.3665E-025018 3102
 4.5000E+06 6.1083E-02 4.6185E+06 5.6816E-02 4.7413E+06 5.2808E-025018 3102
 4.8683E+06 4.9047E-02 5.0000E+06 4.5517E-02 5.0560E+06 4.2530E-025018 3102
 5.1136E+06 3.9687E-02 5.1730E+06 3.6982E-02 5.2343E+06 3.4417E-025018 3102
 5.2975E+06 3.1983E-02 5.3628E+06 2.9675E-02 5.4303E+06 2.7490E-025018 3102
 5.5000E+06 2.5426E-02 5.5565E+06 2.3885E-02 5.6146E+06 2.2411E-025018 3102
 5.6742E+06 2.1005E-02 5.7356E+06 1.9665E-02 5.7988E+06 1.8388E-025018 3102
 5.8639E+06 1.7172E-02 5.9309E+06 1.6015E-02 6.0000E+06 1.4916E-025018 3102
 6.0570E+06 1.4075E-02 6.1154E+06 1.3269E-02 6.1753E+06 1.2497E-025018 3102
 6.2368E+06 1.1758E-02 6.2999E+06 1.1052E-02 6.3648E+06 1.0377E-025018 3102
 6.4315E+06 9.7322E-03 6.5000E+06 9.1171E-03 6.5574E+06 8.6362E-035018 3102
 6.6161E+06 8.1746E-03 6.6762E+06 7.7307E-03 6.7378E+06 7.3049E-035018 3102
 6.8009E+06 6.8965E-03 6.8656E+06 6.5047E-03 6.9319E+06 6.1294E-035018 3102
 7.0000E+06 5.7701E-03 7.2446E+06 5.3833E-03 7.5000E+06 5.0173E-035018 3102
 7.6659E+06 4.7980E-03 7.8365E+06 4.5864E-03 7.8377E+06 4.5851E-035018 3102
 8.0000E+06 4.3956E-03 8.1541E+06 4.2260E-03 8.3248E+06 4.0482E-035018 3102
 8.5000E+06 3.8764E-03 8.7455E+06 3.6522E-03 9.0000E+06 3.4384E-035018 3102
 9.2458E+06 3.2478E-03 9.5000E+06 3.0653E-03 9.6862E+06 2.9406E-035018 3102
 9.8748E+06 2.8209E-03 9.8763E+06 2.8201E-03 1.0000E+07 2.7452E-035018 3102
 1.0180E+07 2.7645E-03 1.0361E+07 2.7834E-03 1.0363E+07 2.7836E-035018 3102
 1.0489E+07 2.7964E-03 1.0500E+07 2.7976E-03 1.0748E+07 2.8214E-035018 3102
 1.1000E+07 2.8444E-03 1.1248E+07 2.8657E-03 1.1500E+07 2.8860E-035018 3102
 1.1839E+07 2.9113E-03 1.1840E+07 2.9115E-03 1.1976E+07 2.9210E-035018 3102
 1.2000E+07 2.9226E-03 1.2248E+07 2.9454E-03 1.2500E+07 2.9675E-035018 3102
 1.2748E+07 2.9877E-03 1.3000E+07 3.0070E-03 1.3248E+07 3.0249E-035018 3102
 1.3500E+07 3.0415E-03 1.3748E+07 3.0568E-03 1.4000E+07 3.0707E-035018 3102
 1.4249E+07 3.0836E-03 1.4500E+07 3.0951E-03 1.4749E+07 3.1053E-035018 3102
 1.5000E+07 3.1144E-03 1.5249E+07 3.1277E-03 1.5500E+07 3.1401E-035018 3102
 1.5749E+07 3.1509E-03 1.6000E+07 3.1607E-03 1.6249E+07 3.1688E-035018 3102
 1.6500E+07 3.1758E-03 1.6749E+07 3.1814E-03 1.7000E+07 3.1859E-035018 3102
 1.7249E+07 3.1889E-03 1.7500E+07 3.1907E-03 1.7749E+07 3.1911E-035018 3102
 1.8000E+07 3.1902E-03 1.8249E+07 3.1881E-03 1.8500E+07 3.1846E-035018 3102
 1.8749E+07 3.1797E-03 1.9000E+07 3.1736E-03 1.9249E+07 3.1662E-035018 3102
 1.9500E+07 3.1574E-03 1.9749E+07 3.1474E-03 2.0000E+07 3.1360E-035018 3102
                                                                  5018 3  0
