SN*119N,G    1.0000+00* JEF-2.2                                   5069 3102
                                                                  5069 3102
 5.01190+04 1.1788E+02          1         99          0          05069 3102
 3.0000E+02 9.1994E+06          0          0          1       24555069 3102
       2455          2                                            5069 3102
 1.0000E-05 1.1552E+02 1.0749E-05 1.1142E+02 1.1544E-05 1.0752E+025069 3102
 1.2295E-05 1.0418E+02 1.3087E-05 1.0098E+02 1.3809E-05 9.8306E+015069 3102
 1.4563E-05 9.5727E+01 1.5351E-05 9.3237E+01 1.6174E-05 9.0833E+015069 3102
 1.7662E-05 8.6925E+01 1.9261E-05 8.3238E+01 2.0757E-05 8.0184E+015069 3102
 2.2349E-05 7.7278E+01 2.3851E-05 7.4806E+01 2.5436E-05 7.2438E+015069 3102
 2.6943E-05 7.0384E+01 2.8523E-05 6.8407E+01 3.1484E-05 6.5112E+015069 3102
 3.4697E-05 6.2026E+01 3.7679E-05 5.9522E+01 4.0872E-05 5.7151E+015069 3102
 4.3868E-05 5.5166E+01 4.7046E-05 5.3271E+01 5.0054E-05 5.1647E+015069 3102
 5.3220E-05 5.0088E+01 5.6237E-05 4.8727E+01 5.9395E-05 4.7415E+015069 3102
 6.5326E-05 4.5213E+01 7.1743E-05 4.3145E+01 7.7713E-05 4.1456E+015069 3102
 8.4092E-05 3.9854E+01 9.0090E-05 3.8506E+01 9.6440E-05 3.7218E+015069 3102
 1.0246E-04 3.6109E+01 1.0879E-04 3.5044E+01 1.2061E-04 3.3285E+015069 3102
 1.3349E-04 3.1640E+01 1.4540E-04 3.0318E+01 1.5818E-04 2.9069E+015069 3102
 1.7016E-04 2.8028E+01 1.8288E-04 2.7037E+01 1.9490E-04 2.6191E+015069 3102
 2.0758E-04 2.5380E+01 2.1911E-04 2.4704E+01 2.3118E-04 2.4051E+015069 3102
 2.4379E-04 2.3422E+01 2.5697E-04 2.2814E+01 2.8077E-04 2.1827E+015069 3102
 3.0637E-04 2.0896E+01 3.3030E-04 2.0126E+01 3.5576E-04 1.9393E+015069 3102
 3.7979E-04 1.8770E+01 4.0516E-04 1.8173E+01 4.2819E-04 1.7678E+015069 3102
 4.5231E-04 1.7201E+01 4.7755E-04 1.6741E+01 5.0395E-04 1.6297E+015069 3102
 5.5150E-04 1.5579E+01 6.0273E-04 1.4903E+01 6.5057E-04 1.4345E+015069 3102
 7.0152E-04 1.3814E+01 7.4956E-04 1.3365E+01 8.0031E-04 1.2934E+015069 3102
 8.4635E-04 1.2578E+01 8.9456E-04 1.2234E+01 9.4505E-04 1.1903E+015069 3102
 9.9789E-04 1.1584E+01 1.0930E-03 1.1068E+01 1.1955E-03 1.0583E+015069 3102
 1.2911E-03 1.0184E+01 1.3930E-03 9.8040E+00 1.4891E-03 9.4824E+005069 3102
 1.5906E-03 9.1748E+00 1.6827E-03 8.9204E+00 1.7791E-03 8.6753E+005069 3102
 1.8801E-03 8.4391E+00 1.9858E-03 8.2113E+00 2.1759E-03 7.8444E+005069 3102
 2.3809E-03 7.4991E+00 2.5722E-03 7.2149E+00 2.7761E-03 6.9449E+005069 3102
 2.9682E-03 6.7164E+00 3.1713E-03 6.4979E+00 3.3553E-03 6.3172E+005069 3102
 3.5481E-03 6.1431E+00 3.7501E-03 5.9754E+00 3.9616E-03 5.8137E+005069 3102
 4.3418E-03 5.5534E+00 4.7519E-03 5.3083E+00 5.1344E-03 5.1067E+005069 3102
 5.5422E-03 4.9152E+00 5.9264E-03 4.7532E+00 6.3325E-03 4.5983E+005069 3102
 6.7005E-03 4.4702E+00 7.0862E-03 4.3469E+00 7.4901E-03 4.2281E+005069 3102
 7.9131E-03 4.1136E+00 8.6735E-03 3.9292E+00 9.4938E-03 3.7556E+005069 3102
 1.0259E-02 3.6128E+00 1.1074E-02 3.4771E+00 1.1843E-02 3.3624E+005069 3102
 1.2655E-02 3.2527E+00 1.3391E-02 3.1620E+00 1.4162E-02 3.0748E+005069 3102
 1.4970E-02 2.9907E+00 1.5816E-02 2.9097E+00 1.7337E-02 2.7792E+005069 3102
 1.8978E-02 2.6564E+00 2.0507E-02 2.5553E+00 2.2139E-02 2.4593E+005069 3102
 2.3675E-02 2.3780E+00 2.5300E-02 2.3004E+00 2.6708E-02 2.2389E+005069 3102
 2.8180E-02 2.1796E+00 2.9720E-02 2.1225E+00 3.1329E-02 2.0674E+005069 3102
 3.4233E-02 1.9779E+00 3.7358E-02 1.8933E+00 4.0279E-02 1.8233E+005069 3102
 4.3387E-02 1.7567E+00 4.6320E-02 1.7001E+00 4.9416E-02 1.6459E+005069 3102
 5.2227E-02 1.6010E+00 5.5171E-02 1.5577E+00 5.8251E-02 1.5161E+005069 3102
 6.1474E-02 1.4759E+00 6.7278E-02 1.4109E+00 7.3532E-02 1.3496E+005069 3102
 7.9370E-02 1.2989E+00 8.5590E-02 1.2508E+00 9.1453E-02 1.2100E+005069 3102
 9.7648E-02 1.1709E+00 1.0327E-01 1.1386E+00 1.0915E-01 1.1075E+005069 3102
 1.1531E-01 1.0775E+00 1.2176E-01 1.0487E+00 1.3337E-01 1.0022E+005069 3102
 1.4588E-01 9.5819E-01 1.5755E-01 9.2195E-01 1.7000E-01 8.8753E-015069 3102
 1.8172E-01 8.5839E-01 1.9411E-01 8.3051E-01 2.0588E-01 8.0644E-015069 3102
 2.1823E-01 7.8342E-01 2.4134E-01 7.4511E-01 2.6646E-01 7.0906E-015069 3102
 2.8974E-01 6.7992E-01 3.1469E-01 6.5238E-01 3.3809E-01 6.2937E-015069 3102
 3.6292E-01 6.0744E-01 3.8641E-01 5.8867E-01 4.1116E-01 5.7067E-015069 3102
 4.3370E-01 5.5562E-01 4.5727E-01 5.4112E-01 4.8190E-01 5.2711E-015069 3102
 5.0762E-01 5.1366E-01 5.5410E-01 4.9171E-01 6.0408E-01 4.7091E-015069 3102
 6.5083E-01 4.5367E-01 7.0055E-01 4.3727E-01 7.4748E-01 4.2331E-015069 3102
 7.9701E-01 4.0994E-01 8.4202E-01 3.9883E-01 8.8912E-01 3.8813E-015069 3102
 9.3840E-01 3.7780E-01 9.8994E-01 3.6789E-01 1.0828E+00 3.5180E-015069 3102
 1.1829E+00 3.3660E-01 1.2763E+00 3.2405E-01 1.3758E+00 3.1212E-015069 3102
 1.4696E+00 3.0200E-01 1.5687E+00 2.9232E-01 1.6586E+00 2.8430E-015069 3102
 1.7528E+00 2.7657E-01 1.8514E+00 2.6913E-01 1.9546E+00 2.6195E-015069 3102
 2.0474E+00 2.5596E-01 2.2404E+00 2.4474E-01 2.3404E+00 2.3948E-015069 3102
 2.5272E+00 2.3052E-01 2.7263E+00 2.2202E-01 3.0130E+00 2.1133E-015069 3102
 3.2919E+00 2.0234E-01 3.5788E+00 1.9429E-01 3.7806E+00 1.8924E-015069 3102
 4.0695E+00 1.8280E-01 4.3553E+00 1.7730E-01 4.6556E+00 1.7249E-015069 3102
 4.8890E+00 1.6962E-01 4.9824E+00 1.6876E-01 5.1286E+00 1.6790E-015069 3102
 5.2282E+00 1.6778E-01 5.3526E+00 1.6844E-01 5.4273E+00 1.6949E-015069 3102
 5.4976E+00 1.7117E-01 5.5445E+00 1.7280E-01 5.6149E+00 1.7635E-015069 3102
 5.6383E+00 1.7792E-01 5.6852E+00 1.8189E-01 5.7087E+00 1.8439E-015069 3102
 5.7321E+00 1.8733E-01 5.7556E+00 1.9081E-01 5.7907E+00 1.9733E-015069 3102
 5.8025E+00 1.9994E-01 5.8272E+00 2.0635E-01 5.8396E+00 2.1009E-015069 3102
 5.8520E+00 2.1429E-01 5.8644E+00 2.1899E-01 5.8768E+00 2.2429E-015069 3102
 5.8892E+00 2.3030E-01 5.9016E+00 2.3714E-01 5.9140E+00 2.4497E-015069 3102
 5.9202E+00 2.4933E-01 5.9326E+00 2.5908E-01 5.9388E+00 2.6455E-015069 3102
 5.9512E+00 2.7692E-01 5.9574E+00 2.8395E-01 5.9636E+00 2.9165E-015069 3102
 5.9697E+00 3.0009E-01 5.9759E+00 3.0941E-01 5.9821E+00 3.1973E-015069 3102
 5.9883E+00 3.3123E-01 5.9945E+00 3.4410E-01 6.0007E+00 3.5859E-015069 3102
 6.0069E+00 3.7503E-01 6.0131E+00 3.9378E-01 6.0193E+00 4.1532E-015069 3102
 6.0224E+00 4.2731E-01 6.0255E+00 4.4023E-01 6.0286E+00 4.5417E-015069 3102
 6.0317E+00 4.6923E-01 6.0348E+00 4.8552E-01 6.0379E+00 5.0317E-015069 3102
 6.0410E+00 5.2231E-01 6.0441E+00 5.4310E-01 6.0472E+00 5.6569E-015069 3102
 6.0503E+00 5.9026E-01 6.0534E+00 6.1701E-01 6.0565E+00 6.4613E-015069 3102
 6.0596E+00 6.7784E-01 6.0627E+00 7.1239E-01 6.0658E+00 7.5001E-015069 3102
 6.0689E+00 7.9098E-01 6.0720E+00 8.3557E-01 6.0751E+00 8.8407E-015069 3102
 6.0782E+00 9.3678E-01 6.0813E+00 9.9400E-01 6.0844E+00 1.0561E+005069 3102
 6.0875E+00 1.1233E+00 6.0906E+00 1.1959E+00 6.0937E+00 1.2744E+005069 3102
 6.0968E+00 1.3589E+00 6.0999E+00 1.4498E+00 6.1030E+00 1.5474E+005069 3102
 6.1061E+00 1.6519E+00 6.1092E+00 1.7635E+00 6.1123E+00 1.8825E+005069 3102
 6.1154E+00 2.0089E+00 6.1184E+00 2.1428E+00 6.1215E+00 2.2843E+005069 3102
 6.1246E+00 2.4334E+00 6.1277E+00 2.5900E+00 6.1308E+00 2.7538E+005069 3102
 6.1339E+00 2.9247E+00 6.1370E+00 3.1022E+00 6.1417E+00 3.3802E+005069 3102
 6.1463E+00 3.6704E+00 6.1556E+00 4.2780E+00 6.1727E+00 5.4109E+005069 3102
 6.1804E+00 5.8910E+00 6.1851E+00 6.1564E+00 6.1897E+00 6.3994E+005069 3102
 6.1928E+00 6.5469E+00 6.1974E+00 6.7436E+00 6.2016E+00 6.8927E+005069 3102
 6.2069E+00 7.0395E+00 6.2121E+00 7.1379E+00 6.2147E+00 7.1682E+005069 3102
 6.2200E+00 7.1900E+00 6.2226E+00 7.1814E+00 6.2266E+00 7.1442E+005069 3102
 6.2292E+00 7.1035E+00 6.2325E+00 7.0351E+00 6.2358E+00 6.9480E+005069 3102
 6.2397E+00 6.8198E+00 6.2450E+00 6.6071E+00 6.2511E+00 6.3189E+005069 3102
 6.2562E+00 6.0462E+00 6.2622E+00 5.6882E+00 6.2713E+00 5.1080E+005069 3102
 6.2835E+00 4.3034E+00 6.2936E+00 3.6497E+00 6.2996E+00 3.2786E+005069 3102
 6.3057E+00 2.9293E+00 6.3097E+00 2.7103E+00 6.3118E+00 2.6052E+005069 3102
 6.3158E+00 2.4042E+00 6.3178E+00 2.3085E+00 6.3219E+00 2.1262E+005069 3102
 6.3239E+00 2.0398E+00 6.3259E+00 1.9566E+00 6.3300E+00 1.7994E+005069 3102
 6.3340E+00 1.6545E+00 6.3380E+00 1.5214E+00 6.3421E+00 1.3996E+005069 3102
 6.3461E+00 1.2885E+00 6.3502E+00 1.1876E+00 6.3522E+00 1.1407E+005069 3102
 6.3542E+00 1.0961E+00 6.3562E+00 1.0537E+00 6.3583E+00 1.0134E+005069 3102
 6.3623E+00 9.3890E-01 6.3663E+00 8.7180E-01 6.3704E+00 8.1149E-015069 3102
 6.3744E+00 7.5735E-01 6.3785E+00 7.0878E-01 6.3825E+00 6.6524E-015069 3102
 6.3866E+00 6.2619E-01 6.3906E+00 5.9117E-01 6.3946E+00 5.5973E-015069 3102
 6.3987E+00 5.3147E-01 6.4027E+00 5.0605E-01 6.4068E+00 4.8313E-015069 3102
 6.4108E+00 4.6243E-01 6.4149E+00 4.4369E-01 6.4189E+00 4.2669E-015069 3102
 6.4229E+00 4.1122E-01 6.4270E+00 3.9712E-01 6.4310E+00 3.8421E-015069 3102
 6.4351E+00 3.7238E-01 6.4391E+00 3.6150E-01 6.4432E+00 3.5146E-015069 3102
 6.4512E+00 3.3357E-01 6.4593E+00 3.1812E-01 6.4674E+00 3.0465E-015069 3102
 6.4755E+00 2.9281E-01 6.4836E+00 2.8231E-01 6.4917E+00 2.7295E-015069 3102
 6.4998E+00 2.6456E-01 6.5078E+00 2.5699E-01 6.5159E+00 2.5013E-015069 3102
 6.5240E+00 2.4389E-01 6.5321E+00 2.3819E-01 6.5402E+00 2.3297E-015069 3102
 6.5564E+00 2.2375E-01 6.5644E+00 2.1967E-01 6.5806E+00 2.1236E-015069 3102
 6.5968E+00 2.0604E-01 6.6130E+00 2.0052E-01 6.6291E+00 1.9565E-015069 3102
 6.6453E+00 1.9136E-01 6.6615E+00 1.8753E-01 6.6938E+00 1.8102E-015069 3102
 6.7100E+00 1.7823E-01 6.7423E+00 1.7340E-01 6.7758E+00 1.6922E-015069 3102
 6.8276E+00 1.6400E-01 6.8967E+00 1.5867E-01 6.9313E+00 1.5650E-015069 3102
 7.0003E+00 1.5288E-01 7.0694E+00 1.4996E-01 7.1731E+00 1.4647E-015069 3102
 7.2767E+00 1.4370E-01 7.4413E+00 1.4022E-01 7.5712E+00 1.3799E-015069 3102
 7.7662E+00 1.3517E-01 7.9688E+00 1.3268E-01 8.3816E+00 1.2844E-015069 3102
 8.6424E+00 1.2612E-01 9.0404E+00 1.2294E-01 9.7134E+00 1.1825E-015069 3102
 1.0522E+01 1.1338E-01 1.1037E+01 1.1062E-01 1.1551E+01 1.0806E-015069 3102
 1.2663E+01 1.0312E-01 1.3180E+01 1.0104E-01 1.4251E+01 9.7134E-025069 3102
 1.5843E+01 9.2084E-02 1.6944E+01 8.9027E-02 1.8536E+01 8.5103E-025069 3102
 2.0110E+01 8.1697E-02 2.1135E+01 7.9688E-02 2.3366E+01 7.5784E-025069 3102
 2.5431E+01 7.2639E-02 2.6539E+01 7.1107E-02 2.8685E+01 6.8396E-025069 3102
 3.1928E+01 6.4835E-02 3.4012E+01 6.2821E-02 3.6209E+01 6.0891E-025069 3102
 3.8300E+01 5.9210E-02 4.0490E+01 5.7592E-02 4.2545E+01 5.6190E-025069 3102
 4.4600E+01 5.4888E-02 4.9052E+01 5.2355E-02 5.1121E+01 5.1295E-025069 3102
 5.5402E+01 4.9299E-02 5.7614E+01 4.8360E-02 6.1772E+01 4.6752E-025069 3102
 6.3974E+01 4.5982E-02 6.7220E+01 4.4979E-02 6.9828E+01 4.4419E-025069 3102
 7.0898E+01 4.4396E-02 7.1447E+01 4.4510E-02 7.1995E+01 4.4812E-025069 3102
 7.2270E+01 4.5094E-02 7.2544E+01 4.5523E-02 7.2819E+01 4.6183E-025069 3102
 7.2956E+01 4.6650E-02 7.3093E+01 4.7259E-02 7.3230E+01 4.8065E-025069 3102
 7.3367E+01 4.9153E-02 7.3504E+01 5.0664E-02 7.3573E+01 5.1650E-025069 3102
 7.3642E+01 5.2852E-02 7.3710E+01 5.4342E-02 7.3779E+01 5.6226E-025069 3102
 7.3847E+01 5.8677E-02 7.3916E+01 6.2002E-02 7.3950E+01 6.4176E-025069 3102
 7.3985E+01 6.6871E-02 7.4019E+01 7.0324E-02 7.4053E+01 7.4923E-025069 3102
 7.4087E+01 8.1286E-02 7.4122E+01 9.0387E-02 7.4139E+01 9.6411E-025069 3102
 7.4156E+01 1.0373E-01 7.4173E+01 1.1266E-01 7.4190E+01 1.2356E-015069 3102
 7.4207E+01 1.3686E-01 7.4225E+01 1.5306E-01 7.4242E+01 1.7275E-015069 3102
 7.4259E+01 1.9656E-01 7.4276E+01 2.2527E-01 7.4293E+01 2.5967E-015069 3102
 7.4302E+01 2.7928E-01 7.4310E+01 3.0062E-01 7.4319E+01 3.2382E-015069 3102
 7.4327E+01 3.4901E-01 7.4336E+01 3.7633E-01 7.4345E+01 4.0583E-015069 3102
 7.4353E+01 4.3771E-01 7.4362E+01 4.7199E-01 7.4370E+01 5.0888E-015069 3102
 7.4379E+01 5.4838E-01 7.4387E+01 5.9063E-01 7.4396E+01 6.3573E-015069 3102
 7.4405E+01 6.8381E-01 7.4413E+01 7.3482E-01 7.4422E+01 7.8887E-015069 3102
 7.4430E+01 8.4600E-01 7.4439E+01 9.0630E-01 7.4448E+01 9.6963E-015069 3102
 7.4456E+01 1.0361E+00 7.4465E+01 1.1055E+00 7.4473E+01 1.1781E+005069 3102
 7.4482E+01 1.2534E+00 7.4499E+01 1.4124E+00 7.4516E+01 1.5814E+005069 3102
 7.4533E+01 1.7585E+00 7.4559E+01 2.0351E+00 7.4585E+01 2.3168E+005069 3102
 7.4602E+01 2.5022E+00 7.4628E+01 2.7685E+00 7.4640E+01 2.8930E+005069 3102
 7.4653E+01 3.0097E+00 7.4662E+01 3.0825E+00 7.4675E+01 3.1831E+005069 3102
 7.4692E+01 3.2994E+00 7.4703E+01 3.3603E+00 7.4715E+01 3.4208E+005069 3102
 7.4729E+01 3.4698E+00 7.4742E+01 3.4981E+00 7.4752E+01 3.5109E+005069 3102
 7.4760E+01 3.5136E+00 7.4767E+01 3.5112E+00 7.4780E+01 3.4941E+005069 3102
 7.4793E+01 3.4604E+00 7.4807E+01 3.4060E+00 7.4819E+01 3.3471E+005069 3102
 7.4833E+01 3.2610E+00 7.4848E+01 3.1598E+00 7.4862E+01 3.0448E+005069 3102
 7.4876E+01 2.9181E+00 7.4900E+01 2.6859E+00 7.4924E+01 2.4358E+005069 3102
 7.4971E+01 1.9183E+00 7.5000E+01 1.6186E+00 7.5009E+01 1.5231E+005069 3102
 7.5019E+01 1.4303E+00 7.5028E+01 1.3405E+00 7.5038E+01 1.2539E+005069 3102
 7.5047E+01 1.1707E+00 7.5057E+01 1.0911E+00 7.5066E+01 1.0152E+005069 3102
 7.5076E+01 9.4302E-01 7.5085E+01 8.7462E-01 7.5095E+01 8.1002E-015069 3102
 7.5104E+01 7.4920E-01 7.5114E+01 6.9211E-01 7.5123E+01 6.3868E-015069 3102
 7.5133E+01 5.8882E-01 7.5142E+01 5.4244E-01 7.5152E+01 4.9940E-015069 3102
 7.5161E+01 4.5957E-01 7.5171E+01 4.2282E-01 7.5180E+01 3.8899E-015069 3102
 7.5190E+01 3.5792E-01 7.5199E+01 3.2946E-01 7.5209E+01 3.0345E-015069 3102
 7.5218E+01 2.7974E-01 7.5228E+01 2.5816E-01 7.5237E+01 2.3856E-015069 3102
 7.5247E+01 2.2080E-01 7.5257E+01 2.0473E-01 7.5276E+01 1.7713E-015069 3102
 7.5295E+01 1.5476E-01 7.5314E+01 1.3668E-01 7.5333E+01 1.2214E-015069 3102
 7.5352E+01 1.1047E-01 7.5371E+01 1.0109E-01 7.5390E+01 9.3549E-025069 3102
 7.5409E+01 8.7455E-02 7.5428E+01 8.2504E-02 7.5466E+01 7.5099E-025069 3102
 7.5504E+01 6.9935E-02 7.5542E+01 6.6162E-02 7.5580E+01 6.3276E-025069 3102
 7.5618E+01 6.0980E-02 7.5694E+01 5.7510E-02 7.5770E+01 5.4986E-025069 3102
 7.5846E+01 5.3061E-02 7.5922E+01 5.1550E-02 7.5998E+01 5.0337E-025069 3102
 7.6150E+01 4.8521E-02 7.6303E+01 4.7234E-02 7.6455E+01 4.6281E-025069 3102
 7.6607E+01 4.5554E-02 7.6759E+01 4.4986E-02 7.6911E+01 4.4532E-025069 3102
 7.7216E+01 4.3846E-02 7.7520E+01 4.3348E-02 7.7824E+01 4.2976E-025069 3102
 7.8433E+01 4.2435E-02 7.9041E+01 4.2044E-02 7.9650E+01 4.1738E-025069 3102
 8.0933E+01 4.1238E-02 8.3498E+01 4.0477E-02 8.7222E+01 3.9579E-025069 3102
 9.0943E+01 3.8800E-02 9.4780E+01 3.8090E-02 9.9580E+01 3.7350E-025069 3102
 1.0198E+02 3.7072E-02 1.0438E+02 3.6909E-02 1.0633E+02 3.6938E-025069 3102
 1.0698E+02 3.7008E-02 1.0828E+02 3.7312E-02 1.0893E+02 3.7597E-025069 3102
 1.0958E+02 3.8026E-02 1.0990E+02 3.8318E-02 1.1023E+02 3.8691E-025069 3102
 1.1055E+02 3.9165E-02 1.1088E+02 3.9776E-02 1.1120E+02 4.0576E-025069 3102
 1.1153E+02 4.1642E-02 1.1185E+02 4.3090E-02 1.1202E+02 4.4020E-025069 3102
 1.1218E+02 4.5144E-02 1.1234E+02 4.6513E-02 1.1250E+02 4.8204E-025069 3102
 1.1267E+02 5.0318E-02 1.1283E+02 5.3004E-02 1.1299E+02 5.6500E-025069 3102
 1.1307E+02 5.8663E-02 1.1315E+02 6.1183E-02 1.1324E+02 6.4153E-025069 3102
 1.1332E+02 6.7681E-02 1.1340E+02 7.1924E-02 1.1348E+02 7.7100E-025069 3102
 1.1356E+02 8.3534E-02 1.1364E+02 9.1705E-02 1.1368E+02 9.6700E-025069 3102
 1.1372E+02 1.0249E-01 1.1376E+02 1.0933E-01 1.1380E+02 1.1761E-015069 3102
 1.1384E+02 1.2794E-01 1.1389E+02 1.4125E-01 1.1391E+02 1.4948E-015069 3102
 1.1393E+02 1.5910E-01 1.1395E+02 1.7045E-01 1.1397E+02 1.8397E-015069 3102
 1.1399E+02 2.0019E-01 1.1401E+02 2.1977E-01 1.1403E+02 2.4353E-015069 3102
 1.1405E+02 2.7245E-01 1.1407E+02 3.0774E-01 1.1409E+02 3.5083E-015069 3102
 1.1410E+02 3.7595E-01 1.1411E+02 4.0342E-01 1.1412E+02 4.3403E-015069 3102
 1.1413E+02 4.6747E-01 1.1414E+02 5.0469E-01 1.1415E+02 5.4571E-015069 3102
 1.1416E+02 5.9085E-01 1.1417E+02 6.3997E-01 1.1418E+02 6.9443E-015069 3102
 1.1419E+02 7.5354E-01 1.1420E+02 8.1890E-01 1.1421E+02 8.8965E-015069 3102
 1.1422E+02 9.6764E-01 1.1423E+02 1.0518E+00 1.1424E+02 1.1443E+005069 3102
 1.1425E+02 1.2438E+00 1.1426E+02 1.3527E+00 1.1427E+02 1.4695E+005069 3102
 1.1428E+02 1.5969E+00 1.1429E+02 1.7329E+00 1.1430E+02 1.8807E+005069 3102
 1.1431E+02 2.0379E+00 1.1432E+02 2.2081E+00 1.1433E+02 2.3883E+005069 3102
 1.1434E+02 2.5825E+00 1.1435E+02 2.7873E+00 1.1436E+02 3.0071E+005069 3102
 1.1437E+02 3.2378E+00 1.1438E+02 3.4842E+00 1.1439E+02 3.7418E+005069 3102
 1.1440E+02 4.0155E+00 1.1441E+02 4.3002E+00 1.1442E+02 4.6013E+005069 3102
 1.1443E+02 4.9129E+00 1.1444E+02 5.2408E+00 1.1445E+02 5.5784E+005069 3102
 1.1446E+02 5.9317E+00 1.1447E+02 6.2971E+00 1.1449E+02 7.0572E+005069 3102
 1.1450E+02 7.4541E+00 1.1453E+02 8.2686E+00 1.1456E+02 9.5319E+005069 3102
 1.1460E+02 1.1240E+01 1.1463E+02 1.2479E+01 1.1465E+02 1.3444E+015069 3102
 1.1468E+02 1.4310E+01 1.1469E+02 1.4704E+01 1.1471E+02 1.5127E+015069 3102
 1.1472E+02 1.5438E+01 1.1473E+02 1.5762E+01 1.1475E+02 1.6042E+015069 3102
 1.1476E+02 1.6219E+01 1.1478E+02 1.6340E+01 1.1479E+02 1.6408E+015069 3102
 1.1480E+02 1.6411E+01 1.1482E+02 1.6350E+01 1.1484E+02 1.6208E+015069 3102
 1.1486E+02 1.5935E+01 1.1487E+02 1.5618E+01 1.1488E+02 1.5415E+015069 3102
 1.1490E+02 1.4949E+01 1.1492E+02 1.4504E+01 1.1493E+02 1.3909E+015069 3102
 1.1495E+02 1.3371E+01 1.1497E+02 1.2685E+01 1.1499E+02 1.1958E+015069 3102
 1.1502E+02 1.0701E+01 1.1505E+02 9.1626E+00 1.1508E+02 8.1569E+005069 3102
 1.1509E+02 7.6673E+00 1.1511E+02 6.7283E+00 1.1513E+02 6.2784E+005069 3102
 1.1514E+02 5.8447E+00 1.1515E+02 5.4284E+00 1.1516E+02 5.0334E+005069 3102
 1.1517E+02 4.6539E+00 1.1519E+02 4.2937E+00 1.1520E+02 3.9530E+005069 3102
 1.1521E+02 3.6345E+00 1.1522E+02 3.3329E+00 1.1524E+02 3.0505E+005069 3102
 1.1525E+02 2.7872E+00 1.1526E+02 2.5423E+00 1.1527E+02 2.3153E+005069 3102
 1.1528E+02 2.1056E+00 1.1529E+02 2.0070E+00 1.1530E+02 1.9124E+005069 3102
 1.1531E+02 1.7363E+00 1.1532E+02 1.5737E+00 1.1533E+02 1.4251E+005069 3102
 1.1534E+02 1.2898E+00 1.1536E+02 1.1679E+00 1.1537E+02 1.0564E+005069 3102
 1.1538E+02 9.5562E-01 1.1539E+02 8.6475E-01 1.1541E+02 7.8360E-015069 3102
 1.1542E+02 7.1010E-01 1.1543E+02 6.4423E-01 1.1544E+02 5.8530E-015069 3102
 1.1545E+02 5.3308E-01 1.1547E+02 4.8610E-01 1.1548E+02 4.4427E-015069 3102
 1.1549E+02 4.0705E-01 1.1550E+02 3.7423E-01 1.1552E+02 3.4483E-015069 3102
 1.1553E+02 3.1873E-01 1.1554E+02 2.9556E-01 1.1555E+02 2.7515E-015069 3102
 1.1556E+02 2.5689E-01 1.1558E+02 2.4065E-01 1.1560E+02 2.1348E-015069 3102
 1.1562E+02 1.9176E-01 1.1565E+02 1.7436E-01 1.1567E+02 1.6028E-015069 3102
 1.1570E+02 1.4878E-01 1.1572E+02 1.3919E-01 1.1575E+02 1.3114E-015069 3102
 1.1580E+02 1.1830E-01 1.1584E+02 1.0842E-01 1.1589E+02 1.0055E-015069 3102
 1.1594E+02 9.4050E-02 1.1599E+02 8.8573E-02 1.1604E+02 8.3873E-025069 3102
 1.1609E+02 7.9810E-02 1.1619E+02 7.3127E-02 1.1628E+02 6.7878E-025069 3102
 1.1638E+02 6.3665E-02 1.1648E+02 6.0226E-02 1.1658E+02 5.7382E-025069 3102
 1.1667E+02 5.5000E-02 1.1677E+02 5.2987E-02 1.1696E+02 4.9779E-025069 3102
 1.1716E+02 4.7355E-02 1.1735E+02 4.5474E-02 1.1755E+02 4.3986E-025069 3102
 1.1774E+02 4.2790E-02 1.1794E+02 4.1815E-02 1.1813E+02 4.1009E-025069 3102
 1.1833E+02 4.0338E-02 1.1872E+02 3.9282E-02 1.1911E+02 3.8492E-025069 3102
 1.1950E+02 3.7890E-02 1.1989E+02 3.7423E-02 1.2028E+02 3.7058E-025069 3102
 1.2106E+02 3.6526E-02 1.2184E+02 3.6166E-02 1.2262E+02 3.5927E-025069 3102
 1.2418E+02 3.5692E-02 1.2573E+02 3.5694E-02 1.2690E+02 3.5840E-025069 3102
 1.2814E+02 3.6151E-02 1.2942E+02 3.6686E-02 1.2984E+02 3.6927E-025069 3102
 1.3069E+02 3.7532E-02 1.3154E+02 3.8351E-02 1.3196E+02 3.8865E-025069 3102
 1.3239E+02 3.9468E-02 1.3281E+02 4.0177E-02 1.3323E+02 4.1013E-025069 3102
 1.3366E+02 4.2010E-02 1.3408E+02 4.3214E-02 1.3451E+02 4.4676E-025069 3102
 1.3472E+02 4.5527E-02 1.3514E+02 4.7528E-02 1.3536E+02 4.8710E-025069 3102
 1.3557E+02 5.0040E-02 1.3578E+02 5.1541E-02 1.3599E+02 5.3245E-025069 3102
 1.3621E+02 5.5190E-02 1.3642E+02 5.7423E-02 1.3663E+02 6.0002E-025069 3102
 1.3684E+02 6.2998E-02 1.3705E+02 6.6506E-02 1.3727E+02 7.0658E-025069 3102
 1.3748E+02 7.5630E-02 1.3758E+02 7.8492E-02 1.3769E+02 8.1649E-025069 3102
 1.3780E+02 8.5144E-02 1.3790E+02 8.9028E-02 1.3801E+02 9.3360E-025069 3102
 1.3812E+02 9.8212E-02 1.3822E+02 1.0367E-01 1.3833E+02 1.0985E-015069 3102
 1.3843E+02 1.1687E-01 1.3854E+02 1.2490E-01 1.3865E+02 1.3414E-015069 3102
 1.3875E+02 1.4487E-01 1.3886E+02 1.5741E-01 1.3891E+02 1.6451E-015069 3102
 1.3896E+02 1.7223E-01 1.3902E+02 1.8068E-01 1.3907E+02 1.8992E-015069 3102
 1.3912E+02 2.0010E-01 1.3918E+02 2.1132E-01 1.3923E+02 2.2375E-015069 3102
 1.3928E+02 2.3755E-01 1.3934E+02 2.5299E-01 1.3939E+02 2.7029E-015069 3102
 1.3944E+02 2.8985E-01 1.3949E+02 3.1202E-01 1.3955E+02 3.3745E-015069 3102
 1.3957E+02 3.5157E-01 1.3960E+02 3.6678E-01 1.3963E+02 3.8328E-015069 3102
 1.3965E+02 4.0113E-01 1.3968E+02 4.2056E-01 1.3971E+02 4.4187E-015069 3102
 1.3973E+02 4.6543E-01 1.3976E+02 4.9147E-01 1.3979E+02 5.2061E-015069 3102
 1.3981E+02 5.5353E-01 1.3984E+02 5.9126E-01 1.3987E+02 6.3469E-015069 3102
 1.3989E+02 6.8552E-01 1.3991E+02 7.1443E-01 1.3992E+02 7.4577E-015069 3102
 1.3993E+02 7.8037E-01 1.3995E+02 8.1842E-01 1.3996E+02 8.6037E-015069 3102
 1.3997E+02 9.0641E-01 1.3999E+02 9.5782E-01 1.4000E+02 1.0145E+005069 3102
 1.4001E+02 1.0781E+00 1.4003E+02 1.1485E+00 1.4004E+02 1.2278E+005069 3102
 1.4005E+02 1.3165E+00 1.4007E+02 1.4160E+00 1.4008E+02 1.5266E+005069 3102
 1.4009E+02 1.6516E+00 1.4010E+02 1.7907E+00 1.4011E+02 1.8677E+005069 3102
 1.4012E+02 1.9480E+00 1.4012E+02 2.0330E+00 1.4013E+02 2.1229E+005069 3102
 1.4014E+02 2.2197E+00 1.4014E+02 2.3205E+00 1.4015E+02 2.4289E+005069 3102
 1.4016E+02 2.5419E+00 1.4016E+02 2.6633E+00 1.4017E+02 2.7897E+005069 3102
 1.4018E+02 2.9234E+00 1.4018E+02 3.0646E+00 1.4019E+02 3.2161E+005069 3102
 1.4020E+02 3.3737E+00 1.4020E+02 3.5400E+00 1.4021E+02 3.7156E+005069 3102
 1.4022E+02 3.9036E+00 1.4022E+02 4.0989E+00 1.4023E+02 4.3047E+005069 3102
 1.4024E+02 4.5214E+00 1.4024E+02 4.7531E+00 1.4025E+02 4.9933E+005069 3102
 1.4026E+02 5.2499E+00 1.4026E+02 5.5157E+00 1.4027E+02 5.7992E+005069 3102
 1.4028E+02 6.0926E+00 1.4028E+02 6.4003E+00 1.4029E+02 6.7231E+005069 3102
 1.4030E+02 7.0666E+00 1.4030E+02 7.4213E+00 1.4031E+02 7.7926E+005069 3102
 1.4032E+02 8.1808E+00 1.4032E+02 8.5932E+00 1.4033E+02 9.0177E+005069 3102
 1.4034E+02 9.4609E+00 1.4034E+02 9.9234E+00 1.4036E+02 1.0916E+015069 3102
 1.4037E+02 1.1993E+01 1.4038E+02 1.3158E+01 1.4040E+02 1.4404E+015069 3102
 1.4041E+02 1.5755E+01 1.4042E+02 1.7191E+01 1.4044E+02 1.8738E+015069 3102
 1.4045E+02 2.0372E+01 1.4046E+02 2.2121E+01 1.4048E+02 2.3971E+015069 3102
 1.4049E+02 2.5921E+01 1.4050E+02 2.7956E+01 1.4052E+02 3.0101E+015069 3102
 1.4053E+02 3.2322E+01 1.4054E+02 3.4647E+01 1.4056E+02 3.7035E+015069 3102
 1.4058E+02 4.0791E+01 1.4060E+02 4.4665E+01 1.4062E+02 4.8643E+015069 3102
 1.4065E+02 5.5377E+01 1.4069E+02 6.3401E+01 1.4072E+02 6.9748E+015069 3102
 1.4074E+02 7.3269E+01 1.4076E+02 7.6022E+01 1.4078E+02 7.9034E+015069 3102
 1.4079E+02 8.1274E+01 1.4081E+02 8.3592E+01 1.4083E+02 8.5339E+015069 3102
 1.4085E+02 8.6684E+01 1.4087E+02 8.7617E+01 1.4089E+02 8.8167E+015069 3102
 1.4090E+02 8.8220E+01 1.4092E+02 8.7868E+01 1.4094E+02 8.7330E+015069 3102
 1.4095E+02 8.6303E+01 1.4097E+02 8.5404E+01 1.4098E+02 8.4126E+015069 3102
 1.4099E+02 8.2890E+01 1.4100E+02 8.1222E+01 1.4102E+02 7.9681E+015069 3102
 1.4104E+02 7.6593E+01 1.4106E+02 7.2741E+01 1.4109E+02 6.7692E+015069 3102
 1.4111E+02 6.3204E+01 1.4114E+02 5.7606E+01 1.4118E+02 5.0061E+015069 3102
 1.4120E+02 4.4499E+01 1.4123E+02 3.9141E+01 1.4125E+02 3.5715E+015069 3102
 1.4126E+02 3.4059E+01 1.4128E+02 3.0869E+01 1.4129E+02 2.9340E+015069 3102
 1.4131E+02 2.6435E+01 1.4132E+02 2.5046E+01 1.4133E+02 2.3706E+015069 3102
 1.4133E+02 2.2429E+01 1.4134E+02 2.1187E+01 1.4135E+02 1.9994E+015069 3102
 1.4136E+02 1.8851E+01 1.4137E+02 1.7769E+01 1.4138E+02 1.6723E+015069 3102
 1.4139E+02 1.5726E+01 1.4140E+02 1.4776E+01 1.4141E+02 1.3872E+015069 3102
 1.4142E+02 1.3013E+01 1.4143E+02 1.2199E+01 1.4144E+02 1.1428E+015069 3102
 1.4145E+02 1.0707E+01 1.4146E+02 1.0018E+01 1.4146E+02 9.3685E+005069 3102
 1.4147E+02 8.7567E+00 1.4148E+02 8.1871E+00 1.4149E+02 7.6461E+005069 3102
 1.4150E+02 7.1385E+00 1.4151E+02 6.6628E+00 1.4152E+02 6.2221E+005069 3102
 1.4153E+02 5.8055E+00 1.4154E+02 5.4164E+00 1.4155E+02 5.0535E+005069 3102
 1.4156E+02 4.7152E+00 1.4157E+02 4.4003E+00 1.4158E+02 4.1074E+005069 3102
 1.4159E+02 3.8352E+00 1.4159E+02 3.5851E+00 1.4160E+02 3.3505E+005069 3102
 1.4161E+02 3.1330E+00 1.4162E+02 2.9316E+00 1.4163E+02 2.7471E+005069 3102
 1.4164E+02 2.5744E+00 1.4165E+02 2.4148E+00 1.4166E+02 2.2673E+005069 3102
 1.4167E+02 2.1324E+00 1.4168E+02 2.0065E+00 1.4169E+02 1.8903E+005069 3102
 1.4170E+02 1.7830E+00 1.4171E+02 1.6840E+00 1.4172E+02 1.5926E+005069 3102
 1.4172E+02 1.5083E+00 1.4173E+02 1.4305E+00 1.4174E+02 1.3594E+005069 3102
 1.4175E+02 1.2929E+00 1.4176E+02 1.2315E+00 1.4177E+02 1.1748E+005069 3102
 1.4178E+02 1.1229E+00 1.4179E+02 1.0743E+00 1.4180E+02 1.0293E+005069 3102
 1.4182E+02 9.4920E-01 1.4184E+02 8.7968E-01 1.4185E+02 8.1940E-015069 3102
 1.4187E+02 7.6685E-01 1.4189E+02 7.2101E-01 1.4191E+02 6.8034E-015069 3102
 1.4193E+02 6.4441E-01 1.4195E+02 6.1214E-01 1.4197E+02 5.8327E-015069 3102
 1.4198E+02 5.5701E-01 1.4200E+02 5.3313E-01 1.4202E+02 5.1128E-015069 3102
 1.4204E+02 4.9130E-01 1.4208E+02 4.5563E-01 1.4211E+02 4.2471E-015069 3102
 1.4215E+02 3.9751E-01 1.4219E+02 3.7347E-01 1.4223E+02 3.5193E-015069 3102
 1.4226E+02 3.3261E-01 1.4230E+02 3.1509E-01 1.4234E+02 2.9923E-015069 3102
 1.4237E+02 2.8476E-01 1.4241E+02 2.7153E-01 1.4245E+02 2.5936E-015069 3102
 1.4249E+02 2.4819E-01 1.4252E+02 2.3789E-01 1.4256E+02 2.2837E-015069 3102
 1.4263E+02 2.1133E-01 1.4271E+02 1.9663E-01 1.4278E+02 1.8383E-015069 3102
 1.4286E+02 1.7265E-01 1.4293E+02 1.6281E-01 1.4301E+02 1.5415E-015069 3102
 1.4308E+02 1.4650E-01 1.4315E+02 1.3972E-01 1.4323E+02 1.3371E-015069 3102
 1.4330E+02 1.2839E-01 1.4338E+02 1.2368E-01 1.4345E+02 1.1952E-015069 3102
 1.4353E+02 1.1588E-01 1.4360E+02 1.1271E-01 1.4367E+02 1.0998E-015069 3102
 1.4375E+02 1.0769E-01 1.4382E+02 1.0581E-01 1.4390E+02 1.0436E-015069 3102
 1.4397E+02 1.0333E-01 1.4404E+02 1.0276E-01 1.4412E+02 1.0269E-015069 3102
 1.4419E+02 1.0318E-01 1.4427E+02 1.0432E-01 1.4434E+02 1.0625E-015069 3102
 1.4442E+02 1.0919E-01 1.4449E+02 1.1347E-01 1.4456E+02 1.1979E-015069 3102
 1.4460E+02 1.2410E-01 1.4464E+02 1.2953E-01 1.4468E+02 1.3652E-015069 3102
 1.4471E+02 1.4570E-01 1.4475E+02 1.5804E-01 1.4479E+02 1.7490E-015069 3102
 1.4481E+02 1.8565E-01 1.4482E+02 1.9835E-01 1.4484E+02 2.1335E-015069 3102
 1.4486E+02 2.3100E-01 1.4488E+02 2.5200E-01 1.4490E+02 2.7669E-015069 3102
 1.4492E+02 3.0601E-01 1.4494E+02 3.4041E-01 1.4495E+02 3.8111E-015069 3102
 1.4497E+02 4.2890E-01 1.4499E+02 4.8485E-01 1.4501E+02 5.4974E-015069 3102
 1.4503E+02 6.2554E-01 1.4505E+02 7.1279E-01 1.4506E+02 7.6156E-015069 3102
 1.4507E+02 8.1387E-01 1.4508E+02 8.6989E-01 1.4508E+02 9.2917E-015069 3102
 1.4509E+02 9.9318E-01 1.4510E+02 1.0615E+00 1.4511E+02 1.1343E+005069 3102
 1.4512E+02 1.2118E+00 1.4513E+02 1.2944E+00 1.4514E+02 1.3818E+005069 3102
 1.4515E+02 1.4745E+00 1.4516E+02 1.5717E+00 1.4517E+02 1.6755E+005069 3102
 1.4518E+02 1.7851E+00 1.4519E+02 1.9006E+00 1.4520E+02 2.0209E+005069 3102
 1.4521E+02 2.1487E+00 1.4521E+02 2.2829E+00 1.4522E+02 2.4234E+005069 3102
 1.4523E+02 2.5689E+00 1.4524E+02 2.7224E+00 1.4525E+02 2.8826E+005069 3102
 1.4526E+02 3.0494E+00 1.4527E+02 3.2228E+00 1.4529E+02 3.5892E+005069 3102
 1.4531E+02 3.9790E+00 1.4533E+02 4.3953E+00 1.4534E+02 4.8317E+005069 3102
 1.4536E+02 5.2909E+00 1.4538E+02 5.7651E+00 1.4540E+02 6.2559E+005069 3102
 1.4546E+02 7.7688E+00 1.4550E+02 9.0036E+00 1.4553E+02 9.5827E+005069 3102
 1.4554E+02 9.9109E+00 1.4556E+02 1.0421E+01 1.4558E+02 1.0698E+015069 3102
 1.4559E+02 1.0954E+01 1.4560E+02 1.1181E+01 1.4562E+02 1.1384E+015069 3102
 1.4563E+02 1.1530E+01 1.4564E+02 1.1677E+01 1.4566E+02 1.1802E+015069 3102
 1.4567E+02 1.1877E+01 1.4569E+02 1.1930E+01 1.4570E+02 1.1945E+015069 3102
 1.4572E+02 1.1907E+01 1.4573E+02 1.1847E+01 1.4575E+02 1.1761E+015069 3102
 1.4577E+02 1.1577E+01 1.4578E+02 1.1441E+01 1.4579E+02 1.1250E+015069 3102
 1.4580E+02 1.1072E+01 1.4583E+02 1.0616E+01 1.4585E+02 1.0239E+015069 3102
 1.4586E+02 9.9358E+00 1.4588E+02 9.5026E+00 1.4589E+02 9.2777E+005069 3102
 1.4590E+02 8.8102E+00 1.4593E+02 8.0822E+00 1.4599E+02 6.5894E+005069 3102
 1.4601E+02 5.8628E+00 1.4603E+02 5.3912E+00 1.4605E+02 4.9358E+005069 3102
 1.4607E+02 4.4995E+00 1.4609E+02 4.0845E+00 1.4611E+02 3.6928E+005069 3102
 1.4612E+02 3.3253E+00 1.4613E+02 3.1501E+00 1.4614E+02 2.9830E+005069 3102
 1.4615E+02 2.8223E+00 1.4616E+02 2.6679E+00 1.4617E+02 2.5181E+005069 3102
 1.4618E+02 2.3763E+00 1.4619E+02 2.2392E+00 1.4620E+02 2.1097E+005069 3102
 1.4621E+02 1.9849E+00 1.4622E+02 1.8674E+00 1.4622E+02 1.7556E+005069 3102
 1.4623E+02 1.6496E+00 1.4624E+02 1.5479E+00 1.4625E+02 1.4527E+005069 3102
 1.4626E+02 1.3617E+00 1.4627E+02 1.2767E+00 1.4628E+02 1.1956E+005069 3102
 1.4629E+02 1.1202E+00 1.4630E+02 1.0491E+00 1.4631E+02 9.8239E-015069 3102
 1.4632E+02 9.1908E-01 1.4632E+02 8.6040E-01 1.4633E+02 8.0485E-015069 3102
 1.4634E+02 7.5348E-01 1.4635E+02 7.0496E-01 1.4636E+02 6.6018E-015069 3102
 1.4638E+02 5.7912E-01 1.4640E+02 5.0897E-01 1.4642E+02 4.4846E-015069 3102
 1.4643E+02 3.9646E-01 1.4645E+02 3.5211E-01 1.4647E+02 3.1397E-015069 3102
 1.4649E+02 2.8143E-01 1.4651E+02 2.5371E-01 1.4653E+02 2.3023E-015069 3102
 1.4654E+02 2.1014E-01 1.4656E+02 1.9304E-01 1.4658E+02 1.7848E-015069 3102
 1.4660E+02 1.6611E-01 1.4664E+02 1.4632E-01 1.4667E+02 1.3165E-015069 3102
 1.4671E+02 1.2050E-01 1.4675E+02 1.1186E-01 1.4678E+02 1.0494E-015069 3102
 1.4682E+02 9.9300E-02 1.4689E+02 9.0504E-02 1.4696E+02 8.3843E-025069 3102
 1.4704E+02 7.8553E-02 1.4711E+02 7.4211E-02 1.4718E+02 7.0571E-025069 3102
 1.4726E+02 6.7469E-02 1.4733E+02 6.4799E-02 1.4748E+02 6.0429E-025069 3102
 1.4762E+02 5.7001E-02 1.4777E+02 5.4245E-02 1.4792E+02 5.1982E-025069 3102
 1.4806E+02 5.0092E-02 1.4821E+02 4.8489E-02 1.4835E+02 4.7115E-025069 3102
 1.4865E+02 4.4869E-02 1.4894E+02 4.3099E-02 1.4923E+02 4.1669E-025069 3102
 1.4952E+02 4.0489E-02 1.4982E+02 3.9498E-02 1.5011E+02 3.8652E-025069 3102
 1.5040E+02 3.7921E-02 1.5069E+02 3.7282E-02 1.5128E+02 3.6218E-025069 3102
 1.5157E+02 3.5772E-02 1.5216E+02 3.5004E-02 1.5274E+02 3.4362E-025069 3102
 1.5333E+02 3.3819E-02 1.5450E+02 3.2952E-02 1.5570E+02 3.2270E-025069 3102
 1.5754E+02 3.1481E-02 1.5939E+02 3.0890E-02 1.6124E+02 3.0424E-025069 3102
 1.6247E+02 3.0161E-02 1.6611E+02 2.9533E-02 1.6963E+02 2.9061E-025069 3102
 1.7432E+02 2.8559E-02 1.7923E+02 2.8138E-02 1.8415E+02 2.7806E-025069 3102
 1.9107E+02 2.7499E-02 1.9453E+02 2.7444E-02 1.9799E+02 2.7489E-025069 3102
 2.0030E+02 2.7605E-02 2.0203E+02 2.7758E-02 2.0323E+02 2.7911E-025069 3102
 2.0510E+02 2.8249E-02 2.0635E+02 2.8567E-02 2.0697E+02 2.8764E-025069 3102
 2.0822E+02 2.9253E-02 2.0884E+02 2.9557E-02 2.1009E+02 3.0326E-025069 3102
 2.1072E+02 3.0811E-02 2.1134E+02 3.1389E-02 2.1197E+02 3.2078E-025069 3102
 2.1259E+02 3.2908E-02 2.1321E+02 3.3918E-02 2.1353E+02 3.4506E-025069 3102
 2.1415E+02 3.5889E-02 2.1446E+02 3.6707E-02 2.1509E+02 3.8668E-025069 3102
 2.1540E+02 3.9850E-02 2.1571E+02 4.1200E-02 2.1602E+02 4.2748E-025069 3102
 2.1649E+02 4.5532E-02 2.1665E+02 4.6612E-02 2.1696E+02 4.9056E-025069 3102
 2.1711E+02 5.0442E-02 2.1743E+02 5.3606E-02 2.1758E+02 5.5418E-025069 3102
 2.1789E+02 5.9611E-02 2.1821E+02 6.4750E-02 2.1836E+02 6.7768E-025069 3102
 2.1852E+02 7.1146E-02 2.1867E+02 7.4946E-02 2.1883E+02 7.9242E-025069 3102
 2.1899E+02 8.4127E-02 2.1914E+02 8.9707E-02 2.1930E+02 9.6124E-025069 3102
 2.1945E+02 1.0355E-01 2.1961E+02 1.1224E-01 2.1977E+02 1.2247E-015069 3102
 2.1984E+02 1.2828E-01 2.1992E+02 1.3465E-01 2.2000E+02 1.4164E-015069 3102
 2.2008E+02 1.4933E-01 2.2016E+02 1.5784E-01 2.2023E+02 1.6727E-015069 3102
 2.2031E+02 1.7776E-01 2.2039E+02 1.8949E-01 2.2047E+02 2.0267E-015069 3102
 2.2055E+02 2.1756E-01 2.2062E+02 2.3447E-01 2.2070E+02 2.5381E-015069 3102
 2.2078E+02 2.7614E-01 2.2086E+02 3.0208E-01 2.2090E+02 3.1669E-015069 3102
 2.2094E+02 3.3260E-01 2.2098E+02 3.4997E-01 2.2101E+02 3.6904E-015069 3102
 2.2105E+02 3.9010E-01 2.2109E+02 4.1352E-01 2.2113E+02 4.3980E-015069 3102
 2.2117E+02 4.6960E-01 2.2121E+02 5.0385E-01 2.2125E+02 5.4384E-015069 3102
 2.2129E+02 5.9136E-01 2.2131E+02 6.1871E-01 2.2133E+02 6.4896E-015069 3102
 2.2135E+02 6.8279E-01 2.2137E+02 7.2041E-01 2.2139E+02 7.6265E-015069 3102
 2.2140E+02 8.1031E-01 2.2142E+02 8.6430E-01 2.2144E+02 9.2570E-015069 3102
 2.2146E+02 9.9578E-01 2.2148E+02 1.0760E+00 2.2150E+02 1.1681E+005069 3102
 2.2152E+02 1.2739E+00 2.2154E+02 1.3958E+00 2.2155E+02 1.4638E+005069 3102
 2.2156E+02 1.5362E+00 2.2157E+02 1.6147E+00 2.2158E+02 1.6981E+005069 3102
 2.2159E+02 1.7886E+00 2.2160E+02 1.8848E+00 2.2161E+02 1.9892E+005069 3102
 2.2162E+02 2.1001E+00 2.2163E+02 2.2203E+00 2.2164E+02 2.3479E+005069 3102
 2.2165E+02 2.4862E+00 2.2166E+02 2.6330E+00 2.2167E+02 2.7919E+005069 3102
 2.2168E+02 2.9604E+00 2.2169E+02 3.1427E+00 2.2170E+02 3.3358E+005069 3102
 2.2171E+02 3.5444E+00 2.2172E+02 3.7652E+00 2.2173E+02 4.0035E+005069 3102
 2.2174E+02 4.2554E+00 2.2175E+02 4.5269E+00 2.2176E+02 4.8134E+005069 3102
 2.2177E+02 5.1218E+00 2.2178E+02 5.4468E+00 2.2179E+02 5.7962E+005069 3102
 2.2179E+02 6.1639E+00 2.2180E+02 6.5584E+00 2.2181E+02 6.9729E+005069 3102
 2.2182E+02 7.4170E+00 2.2183E+02 7.8827E+00 2.2184E+02 8.3809E+005069 3102
 2.2185E+02 8.9024E+00 2.2186E+02 9.4592E+00 2.2187E+02 1.0041E+015069 3102
 2.2188E+02 1.0661E+01 2.2189E+02 1.1308E+01 2.2190E+02 1.1996E+015069 3102
 2.2191E+02 1.2712E+01 2.2192E+02 1.3473E+01 2.2193E+02 1.4262E+015069 3102
 2.2194E+02 1.5099E+01 2.2195E+02 1.5967E+01 2.2196E+02 1.6884E+015069 3102
 2.2197E+02 1.7843E+01 2.2198E+02 1.8845E+01 2.2199E+02 1.9879E+015069 3102
 2.2200E+02 2.0967E+01 2.2201E+02 2.2088E+01 2.2203E+02 2.4476E+015069 3102
 2.2205E+02 2.7045E+01 2.2207E+02 2.9796E+01 2.2209E+02 3.2726E+015069 3102
 2.2210E+02 3.4266E+01 2.2212E+02 3.7461E+01 2.2213E+02 3.9112E+015069 3102
 2.2215E+02 4.2553E+01 2.2218E+02 4.8001E+01 2.2219E+02 5.1792E+015069 3102
 2.2222E+02 5.7667E+01 2.2225E+02 6.3737E+01 2.2228E+02 6.9873E+015069 3102
 2.2233E+02 8.0050E+01 2.2237E+02 8.6873E+01 2.2239E+02 9.1491E+015069 3102
 2.2241E+02 9.5812E+01 2.2244E+02 9.9384E+01 2.2246E+02 1.0329E+025069 3102
 2.2249E+02 1.0663E+02 2.2252E+02 1.0930E+02 2.2253E+02 1.1047E+025069 3102
 2.2254E+02 1.1135E+02 2.2256E+02 1.1205E+02 2.2257E+02 1.1255E+025069 3102
 2.2259E+02 1.1294E+02 2.2260E+02 1.1297E+02 2.2262E+02 1.1267E+025069 3102
 2.2264E+02 1.1224E+02 2.2265E+02 1.1146E+02 2.2268E+02 1.0970E+025069 3102
 2.2270E+02 1.0730E+02 2.2274E+02 1.0340E+02 2.2276E+02 1.0010E+025069 3102
 2.2279E+02 9.5649E+01 2.2281E+02 9.1576E+01 2.2284E+02 8.6345E+015069 3102
 2.2287E+02 7.8948E+01 2.2293E+02 6.7431E+01 2.2297E+02 5.7866E+015069 3102
 2.2300E+02 5.2309E+01 2.2303E+02 4.6967E+01 2.2305E+02 4.3550E+015069 3102
 2.2308E+02 3.8691E+01 2.2308E+02 3.7136E+01 2.2310E+02 3.4140E+015069 3102
 2.2312E+02 3.1298E+01 2.2314E+02 2.8629E+01 2.2316E+02 2.6105E+015069 3102
 2.2318E+02 2.3743E+01 2.2319E+02 2.1540E+01 2.2321E+02 1.9506E+015069 3102
 2.2322E+02 1.8541E+01 2.2323E+02 1.7613E+01 2.2324E+02 1.6723E+015069 3102
 2.2325E+02 1.5870E+01 2.2326E+02 1.5052E+01 2.2327E+02 1.4269E+015069 3102
 2.2328E+02 1.3521E+01 2.2329E+02 1.2805E+01 2.2330E+02 1.2123E+015069 3102
 2.2331E+02 1.1471E+01 2.2331E+02 1.0851E+01 2.2332E+02 1.0260E+015069 3102
 2.2333E+02 9.6980E+00 2.2334E+02 9.1637E+00 2.2335E+02 8.6563E+005069 3102
 2.2336E+02 8.1799E+00 2.2337E+02 7.7230E+00 2.2338E+02 7.2901E+005069 3102
 2.2339E+02 6.8802E+00 2.2340E+02 6.4924E+00 2.2341E+02 6.1259E+005069 3102
 2.2342E+02 5.7796E+00 2.2342E+02 5.4526E+00 2.2343E+02 5.1476E+005069 3102
 2.2344E+02 4.8565E+00 2.2345E+02 4.5824E+00 2.2346E+02 4.3243E+005069 3102
 2.2347E+02 4.0814E+00 2.2348E+02 3.8530E+00 2.2349E+02 3.6383E+005069 3102
 2.2350E+02 3.4365E+00 2.2351E+02 3.2492E+00 2.2352E+02 3.0714E+005069 3102
 2.2353E+02 2.9046E+00 2.2353E+02 2.7482E+00 2.2354E+02 2.6016E+005069 3102
 2.2355E+02 2.4644E+00 2.2356E+02 2.3357E+00 2.2357E+02 2.2153E+005069 3102
 2.2358E+02 2.1026E+00 2.2359E+02 1.9971E+00 2.2360E+02 1.8984E+005069 3102
 2.2361E+02 1.8061E+00 2.2362E+02 1.7198E+00 2.2363E+02 1.6391E+005069 3102
 2.2364E+02 1.5636E+00 2.2365E+02 1.4276E+00 2.2367E+02 1.3079E+005069 3102
 2.2369E+02 1.2032E+00 2.2371E+02 1.1114E+00 2.2373E+02 1.0312E+005069 3102
 2.2375E+02 9.6028E-01 2.2376E+02 8.9776E-01 2.2378E+02 8.4248E-015069 3102
 2.2380E+02 7.9370E-01 2.2382E+02 7.5005E-01 2.2384E+02 7.1105E-015069 3102
 2.2386E+02 6.7606E-01 2.2388E+02 6.4455E-01 2.2389E+02 6.1604E-015069 3102
 2.2391E+02 5.9013E-01 2.2395E+02 5.4489E-01 2.2399E+02 5.0643E-015069 3102
 2.2402E+02 4.7337E-01 2.2406E+02 4.4440E-01 2.2410E+02 4.1883E-015069 3102
 2.2413E+02 3.9591E-01 2.2417E+02 3.7524E-01 2.2421E+02 3.5648E-015069 3102
 2.2424E+02 3.3939E-01 2.2428E+02 3.2366E-01 2.2432E+02 3.0921E-015069 3102
 2.2439E+02 2.8344E-01 2.2446E+02 2.6115E-01 2.2454E+02 2.4176E-015069 3102
 2.2461E+02 2.2473E-01 2.2468E+02 2.0968E-01 2.2476E+02 1.9630E-015069 3102
 2.2483E+02 1.8436E-01 2.2490E+02 1.7365E-01 2.2498E+02 1.6401E-015069 3102
 2.2505E+02 1.5527E-01 2.2512E+02 1.4736E-01 2.2520E+02 1.4015E-015069 3102
 2.2535E+02 1.2753E-01 2.2542E+02 1.2200E-01 2.2557E+02 1.1221E-015069 3102
 2.2571E+02 1.0383E-01 2.2586E+02 9.6602E-02 2.2601E+02 9.0320E-025069 3102
 2.2615E+02 8.4828E-02 2.2630E+02 7.9993E-02 2.2645E+02 7.5719E-025069 3102
 2.2660E+02 7.1919E-02 2.2674E+02 6.8527E-02 2.2689E+02 6.5485E-025069 3102
 2.2718E+02 6.0273E-02 2.2733E+02 5.8031E-02 2.2762E+02 5.4131E-025069 3102
 2.2792E+02 5.0869E-02 2.2807E+02 4.9434E-02 2.2836E+02 4.6894E-025069 3102
 2.2851E+02 4.5767E-02 2.2880E+02 4.3748E-02 2.2910E+02 4.1995E-025069 3102
 2.2939E+02 4.0464E-02 2.2968E+02 3.9120E-02 2.2998E+02 3.7933E-025069 3102
 2.3027E+02 3.6880E-02 2.3086E+02 3.5101E-02 2.3145E+02 3.3663E-025069 3102
 2.3204E+02 3.2483E-02 2.3262E+02 3.1502E-02 2.3321E+02 3.0678E-025069 3102
 2.3380E+02 2.9977E-02 2.3439E+02 2.9378E-02 2.3498E+02 2.8861E-025069 3102
 2.3615E+02 2.8011E-02 2.3733E+02 2.7350E-02 2.3792E+02 2.7073E-025069 3102
 2.3909E+02 2.6602E-02 2.4086E+02 2.6056E-02 2.4271E+02 2.5633E-025069 3102
 2.4522E+02 2.5235E-02 2.4648E+02 2.5103E-02 2.4900E+02 2.4970E-025069 3102
 2.5025E+02 2.4986E-02 2.5151E+02 2.5082E-02 2.5277E+02 2.5296E-025069 3102
 2.5403E+02 2.5697E-02 2.5466E+02 2.6010E-02 2.5529E+02 2.6451E-025069 3102
 2.5592E+02 2.7071E-02 2.5655E+02 2.7966E-02 2.5717E+02 2.9282E-025069 3102
 2.5749E+02 3.0191E-02 2.5780E+02 3.1360E-02 2.5812E+02 3.2889E-025069 3102
 2.5843E+02 3.4927E-02 2.5875E+02 3.7719E-02 2.5890E+02 3.9520E-025069 3102
 2.5906E+02 4.1694E-02 2.5922E+02 4.4358E-02 2.5938E+02 4.7682E-025069 3102
 2.5953E+02 5.1909E-02 2.5969E+02 5.7414E-02 2.5985E+02 6.4847E-025069 3102
 2.5993E+02 6.9649E-02 2.6001E+02 7.5530E-02 2.6008E+02 8.3042E-025069 3102
 2.6016E+02 9.3161E-02 2.6020E+02 9.9747E-02 2.6024E+02 1.0782E-015069 3102
 2.6028E+02 1.1789E-01 2.6032E+02 1.3069E-01 2.6036E+02 1.4722E-015069 3102
 2.6040E+02 1.6871E-01 2.6044E+02 1.9692E-01 2.6048E+02 2.3409E-015069 3102
 2.6050E+02 2.5697E-01 2.6052E+02 2.8325E-01 2.6054E+02 3.1340E-015069 3102
 2.6056E+02 3.4778E-01 2.6058E+02 3.8733E-01 2.6060E+02 4.3229E-015069 3102
 2.6062E+02 4.8383E-01 2.6063E+02 5.4221E-01 2.6065E+02 6.0885E-015069 3102
 2.6067E+02 6.8439E-01 2.6069E+02 7.6980E-01 2.6071E+02 8.6557E-015069 3102
 2.6073E+02 9.7378E-01 2.6075E+02 1.0944E+00 2.6077E+02 1.2299E+005069 3102
 2.6079E+02 1.3801E+00 2.6081E+02 1.5476E+00 2.6083E+02 1.7321E+005069 3102
 2.6085E+02 1.9365E+00 2.6087E+02 2.1600E+00 2.6088E+02 2.2809E+005069 3102
 2.6089E+02 2.4060E+00 2.6090E+02 2.5367E+00 2.6091E+02 2.6730E+005069 3102
 2.6092E+02 2.8165E+00 2.6093E+02 2.9646E+00 2.6095E+02 3.2788E+005069 3102
 2.6097E+02 3.6194E+00 2.6099E+02 3.9852E+00 2.6101E+02 4.3765E+005069 3102
 2.6103E+02 4.7916E+00 2.6105E+02 5.2340E+00 2.6107E+02 5.6990E+005069 3102
 2.6109E+02 6.1904E+00 2.6111E+02 6.7022E+00 2.6113E+02 7.2382E+005069 3102
 2.6115E+02 7.7911E+00 2.6117E+02 8.3645E+00 2.6119E+02 8.9500E+005069 3102
 2.6122E+02 1.0158E+01 2.6130E+02 1.2614E+01 2.6135E+02 1.4081E+015069 3102
 2.6138E+02 1.4896E+01 2.6141E+02 1.5531E+01 2.6143E+02 1.6112E+015069 3102
 2.6146E+02 1.6726E+01 2.6149E+02 1.7162E+01 2.6150E+02 1.7387E+015069 3102
 2.6153E+02 1.7727E+01 2.6155E+02 1.7919E+01 2.6156E+02 1.8009E+015069 3102
 2.6157E+02 1.8073E+01 2.6159E+02 1.8116E+01 2.6160E+02 1.8119E+015069 3102
 2.6162E+02 1.8087E+01 2.6163E+02 1.8026E+01 2.6165E+02 1.7935E+015069 3102
 2.6167E+02 1.7800E+01 2.6169E+02 1.7482E+01 2.6172E+02 1.7041E+015069 3102
 2.6175E+02 1.6553E+01 2.6178E+02 1.5863E+01 2.6181E+02 1.5082E+015069 3102
 2.6183E+02 1.4519E+01 2.6186E+02 1.3617E+01 2.6192E+02 1.2026E+015069 3102
 2.6196E+02 1.0716E+01 2.6202E+02 8.7772E+00 2.6204E+02 8.1588E+005069 3102
 2.6206E+02 7.5556E+00 2.6208E+02 6.9763E+00 2.6210E+02 6.4177E+005069 3102
 2.6212E+02 5.8870E+00 2.6215E+02 5.3806E+00 2.6217E+02 4.9045E+005069 3102
 2.6219E+02 4.4548E+00 2.6221E+02 4.0360E+00 2.6223E+02 3.6441E+005069 3102
 2.6224E+02 3.4590E+00 2.6225E+02 3.2826E+00 2.6226E+02 3.1116E+005069 3102
 2.6227E+02 2.9474E+00 2.6228E+02 2.7902E+00 2.6229E+02 2.6410E+005069 3102
 2.6230E+02 2.4970E+00 2.6231E+02 2.3594E+00 2.6232E+02 2.2280E+005069 3102
 2.6233E+02 2.1028E+00 2.6234E+02 1.9836E+00 2.6236E+02 1.8702E+005069 3102
 2.6237E+02 1.7624E+00 2.6238E+02 1.6610E+00 2.6239E+02 1.5638E+005069 3102
 2.6240E+02 1.4718E+00 2.6242E+02 1.3030E+00 2.6244E+02 1.1515E+005069 3102
 2.6246E+02 1.0173E+00 2.6248E+02 8.9773E-01 2.6250E+02 7.9252E-015069 3102
 2.6252E+02 6.9938E-01 2.6254E+02 6.1795E-01 2.6256E+02 5.4629E-015069 3102
 2.6259E+02 4.8398E-01 2.6261E+02 4.2944E-01 2.6263E+02 3.8222E-015069 3102
 2.6265E+02 3.4107E-01 2.6267E+02 3.0559E-01 2.6269E+02 2.7475E-015069 3102
 2.6271E+02 2.4824E-01 2.6273E+02 2.2523E-01 2.6275E+02 2.0546E-015069 3102
 2.6280E+02 1.7356E-01 2.6284E+02 1.4969E-01 2.6288E+02 1.3169E-015069 3102
 2.6292E+02 1.1794E-01 2.6296E+02 1.0727E-01 2.6300E+02 9.8820E-025069 3102
 2.6305E+02 9.2010E-02 2.6313E+02 8.1653E-02 2.6321E+02 7.4039E-025069 3102
 2.6330E+02 6.8100E-02 2.6338E+02 6.3271E-02 2.6347E+02 5.9252E-025069 3102
 2.6363E+02 5.2918E-02 2.6380E+02 4.8163E-02 2.6397E+02 4.4490E-025069 3102
 2.6414E+02 4.1586E-02 2.6430E+02 3.9248E-02 2.6447E+02 3.7331E-025069 3102
 2.6464E+02 3.5738E-02 2.6497E+02 3.3252E-02 2.6531E+02 3.1423E-025069 3102
 2.6564E+02 3.0041E-02 2.6598E+02 2.8974E-02 2.6632E+02 2.8137E-025069 3102
 2.6699E+02 2.6902E-02 2.6766E+02 2.6040E-02 2.6833E+02 2.5422E-025069 3102
 2.6900E+02 2.4964E-02 2.6967E+02 2.4621E-02 2.7101E+02 2.4144E-025069 3102
 2.7235E+02 2.3847E-02 2.7369E+02 2.3686E-02 2.7503E+02 2.3650E-025069 3102
 2.7637E+02 2.3768E-02 2.7704E+02 2.3916E-02 2.7771E+02 2.4167E-025069 3102
 2.7839E+02 2.4576E-02 2.7906E+02 2.5236E-02 2.7939E+02 2.5728E-025069 3102
 2.7973E+02 2.6399E-02 2.8006E+02 2.7336E-02 2.8040E+02 2.8685E-025069 3102
 2.8073E+02 3.0713E-02 2.8090E+02 3.2138E-02 2.8107E+02 3.3988E-025069 3102
 2.8124E+02 3.6478E-02 2.8140E+02 4.0022E-02 2.8149E+02 4.2472E-025069 3102
 2.8157E+02 4.5726E-02 2.8165E+02 5.0359E-02 2.8174E+02 5.7518E-025069 3102
 2.8178E+02 6.2687E-02 2.8182E+02 6.9430E-02 2.8186E+02 7.8334E-025069 3102
 2.8191E+02 9.0166E-02 2.8195E+02 1.0593E-01 2.8199E+02 1.2692E-015069 3102
 2.8203E+02 1.5476E-01 2.8207E+02 1.9144E-01 2.8209E+02 2.1388E-015069 3102
 2.8212E+02 2.3937E-01 2.8214E+02 2.6852E-01 2.8216E+02 3.0144E-015069 3102
 2.8218E+02 3.3885E-01 2.8220E+02 3.8086E-01 2.8222E+02 4.2835E-015069 3102
 2.8224E+02 4.8129E-01 2.8226E+02 5.4074E-01 2.8228E+02 6.0661E-015069 3102
 2.8230E+02 6.8003E-01 2.8232E+02 7.6080E-01 2.8235E+02 8.5017E-015069 3102
 2.8237E+02 9.4775E-01 2.8239E+02 1.0549E+00 2.8241E+02 1.1709E+005069 3102
 2.8243E+02 1.2974E+00 2.8245E+02 1.4338E+00 2.8247E+02 1.5806E+005069 3102
 2.8249E+02 1.7369E+00 2.8251E+02 1.9043E+00 2.8253E+02 2.0810E+005069 3102
 2.8256E+02 2.2685E+00 2.8258E+02 2.4646E+00 2.8260E+02 2.6707E+005069 3102
 2.8262E+02 2.8841E+00 2.8264E+02 3.1061E+00 2.8266E+02 3.3336E+005069 3102
 2.8268E+02 3.5677E+00 2.8272E+02 4.0462E+00 2.8276E+02 4.5301E+005069 3102
 2.8283E+02 5.2363E+00 2.8286E+02 5.5686E+00 2.8289E+02 5.8769E+005069 3102
 2.8291E+02 6.0663E+00 2.8294E+02 6.3236E+00 2.8297E+02 6.5415E+005069 3102
 2.8300E+02 6.6905E+00 2.8302E+02 6.7758E+00 2.8305E+02 6.8755E+005069 3102
 2.8306E+02 6.9124E+00 2.8308E+02 6.9345E+00 2.8310E+02 6.9474E+005069 3102
 2.8312E+02 6.9350E+00 2.8314E+02 6.9112E+00 2.8315E+02 6.8753E+005069 3102
 2.8317E+02 6.8021E+00 2.8319E+02 6.7441E+00 2.8322E+02 6.6000E+005069 3102
 2.8324E+02 6.4213E+00 2.8326E+02 6.2989E+00 2.8329E+02 6.0714E+005069 3102
 2.8331E+02 5.8713E+00 2.8334E+02 5.5443E+00 2.8338E+02 5.1912E+005069 3102
 2.8343E+02 4.5694E+00 2.8348E+02 4.0585E+00 2.8354E+02 3.3068E+005069 3102
 2.8356E+02 3.0675E+00 2.8359E+02 2.8347E+00 2.8361E+02 2.6115E+005069 3102
 2.8363E+02 2.3971E+00 2.8365E+02 2.1937E+00 2.8368E+02 2.0003E+005069 3102
 2.8370E+02 1.8189E+00 2.8372E+02 1.6481E+00 2.8374E+02 1.4895E+005069 3102
 2.8376E+02 1.3416E+00 2.8379E+02 1.2057E+00 2.8381E+02 1.0801E+005069 3102
 2.8383E+02 9.6569E-01 2.8385E+02 8.6094E-01 2.8387E+02 7.6633E-015069 3102
 2.8390E+02 6.8046E-01 2.8392E+02 6.0355E-01 2.8394E+02 5.3431E-015069 3102
 2.8396E+02 4.7279E-01 2.8399E+02 4.1785E-01 2.8401E+02 3.6937E-015069 3102
 2.8403E+02 3.2639E-01 2.8405E+02 2.8874E-01 2.8407E+02 2.5559E-015069 3102
 2.8410E+02 2.2673E-01 2.8412E+02 2.0147E-01 2.8414E+02 1.7961E-015069 3102
 2.8418E+02 1.4417E-01 2.8423E+02 1.1774E-01 2.8427E+02 9.8143E-025069 3102
 2.8432E+02 8.3656E-02 2.8436E+02 7.2937E-02 2.8441E+02 6.4964E-025069 3102
 2.8445E+02 5.8978E-02 2.8454E+02 5.0879E-02 2.8463E+02 4.5801E-025069 3102
 2.8472E+02 4.2317E-02 2.8489E+02 3.7694E-02 2.8507E+02 3.4642E-025069 3102
 2.8525E+02 3.2448E-02 2.8542E+02 3.0799E-02 2.8560E+02 2.9519E-025069 3102
 2.8596E+02 2.7674E-02 2.8631E+02 2.6428E-02 2.8667E+02 2.5546E-025069 3102
 2.8737E+02 2.4412E-02 2.8808E+02 2.3723E-02 2.8879E+02 2.3258E-025069 3102
 2.8950E+02 2.2931E-02 2.9021E+02 2.2691E-02 2.9163E+02 2.2355E-025069 3102
 2.9304E+02 2.2124E-02 2.9446E+02 2.1954E-02 2.9730E+02 2.1706E-025069 3102
 3.0013E+02 2.1520E-02 3.0580E+02 2.1235E-02 3.1487E+02 2.0901E-025069 3102
 3.1940E+02 2.0807E-02 3.2242E+02 2.0839E-02 3.2318E+02 2.0879E-025069 3102
 3.2469E+02 2.1060E-02 3.2545E+02 2.1246E-02 3.2620E+02 2.1576E-025069 3102
 3.2658E+02 2.1844E-02 3.2696E+02 2.2230E-02 3.2733E+02 2.2813E-025069 3102
 3.2771E+02 2.3752E-02 3.2790E+02 2.4463E-02 3.2809E+02 2.5461E-025069 3102
 3.2828E+02 2.7004E-02 3.2847E+02 2.9979E-02 3.2856E+02 3.2897E-025069 3102
 3.2866E+02 3.8017E-02 3.2870E+02 4.1990E-02 3.2875E+02 4.7361E-025069 3102
 3.2880E+02 5.4631E-02 3.2885E+02 6.4427E-02 3.2889E+02 7.7562E-025069 3102
 3.2894E+02 9.4938E-02 3.2899E+02 1.1771E-01 3.2903E+02 1.4718E-015069 3102
 3.2908E+02 1.8479E-01 3.2913E+02 2.3210E-01 3.2915E+02 2.5988E-015069 3102
 3.2918E+02 2.9067E-01 3.2920E+02 3.2466E-01 3.2922E+02 3.6202E-015069 3102
 3.2925E+02 4.0309E-01 3.2927E+02 4.4765E-01 3.2929E+02 4.9600E-015069 3102
 3.2932E+02 5.4819E-01 3.2934E+02 6.0428E-01 3.2937E+02 6.6426E-015069 3102
 3.2939E+02 7.2808E-01 3.2941E+02 7.9567E-01 3.2944E+02 8.6716E-015069 3102
 3.2946E+02 9.4177E-01 3.2948E+02 1.0195E+00 3.2951E+02 1.1001E+005069 3102
 3.2955E+02 1.2680E+00 3.2967E+02 1.7035E+00 3.2970E+02 1.7879E+005069 3102
 3.2974E+02 1.9489E+00 3.2977E+02 2.0238E+00 3.2979E+02 2.0940E+005069 3102
 3.2983E+02 2.1890E+00 3.2986E+02 2.2698E+00 3.2988E+02 2.3147E+005069 3102
 3.2991E+02 2.3600E+00 3.2994E+02 2.3871E+00 3.2997E+02 2.4090E+005069 3102
 3.2998E+02 2.4151E+00 3.3001E+02 2.4167E+00 3.3003E+02 2.4114E+005069 3102
 3.3005E+02 2.3995E+00 3.3007E+02 2.3830E+00 3.3009E+02 2.3563E+005069 3102
 3.3012E+02 2.2961E+00 3.3015E+02 2.2508E+00 3.3018E+02 2.1621E+005069 3102
 3.3021E+02 2.0804E+00 3.3026E+02 1.9427E+00 3.3029E+02 1.8426E+005069 3102
 3.3035E+02 1.6307E+00 3.3044E+02 1.3022E+00 3.3047E+02 1.1953E+005069 3102
 3.3050E+02 1.0913E+00 3.3052E+02 9.9091E-01 3.3055E+02 8.9544E-015069 3102
 3.3058E+02 8.0487E-01 3.3061E+02 7.2023E-01 3.3064E+02 6.4126E-015069 3102
 3.3067E+02 5.6861E-01 3.3070E+02 5.0208E-01 3.3073E+02 4.4160E-015069 3102
 3.3076E+02 3.8683E-01 3.3079E+02 3.3792E-01 3.3082E+02 2.9439E-015069 3102
 3.3085E+02 2.5589E-01 3.3088E+02 2.2197E-01 3.3091E+02 1.9245E-015069 3102
 3.3094E+02 1.6685E-01 3.3097E+02 1.4476E-01 3.3100E+02 1.2575E-015069 3102
 3.3103E+02 1.0960E-01 3.3109E+02 8.4271E-02 3.3115E+02 6.6365E-025069 3102
 3.3121E+02 5.3919E-02 3.3127E+02 4.5335E-02 3.3132E+02 3.9469E-025069 3102
 3.3138E+02 3.5444E-02 3.3144E+02 3.2664E-02 3.3156E+02 2.9283E-025069 3102
 3.3168E+02 2.7401E-02 3.3192E+02 2.5324E-02 3.3215E+02 2.4116E-025069 3102
 3.3263E+02 2.2730E-02 3.3287E+02 2.2304E-02 3.3334E+02 2.1719E-025069 3102
 3.3381E+02 2.1339E-02 3.3429E+02 2.1077E-02 3.3571E+02 2.0638E-025069 3102
 3.3761E+02 2.0358E-02 3.3950E+02 2.0199E-02 3.4330E+02 1.9999E-025069 3102
 3.5278E+02 1.9676E-02 3.6444E+02 1.9364E-02 3.7668E+02 1.9085E-025069 3102
 3.8891E+02 1.8857E-02 3.9871E+02 1.8726E-02 4.0825E+02 1.8674E-025069 3102
 4.1397E+02 1.8706E-02 4.1778E+02 1.8770E-02 4.2255E+02 1.8928E-025069 3102
 4.2553E+02 1.9094E-02 4.2858E+02 1.9344E-02 4.3162E+02 1.9717E-025069 3102
 4.3466E+02 2.0291E-02 4.3669E+02 2.0850E-02 4.3771E+02 2.1208E-025069 3102
 4.3923E+02 2.1878E-02 4.4075E+02 2.2769E-02 4.4227E+02 2.3985E-025069 3102
 4.4329E+02 2.5055E-02 4.4379E+02 2.5695E-02 4.4481E+02 2.7253E-025069 3102
 4.4531E+02 2.8205E-02 4.4608E+02 2.9916E-02 4.4684E+02 3.2081E-025069 3102
 4.4734E+02 3.3860E-02 4.4810E+02 3.7210E-02 4.4836E+02 3.8559E-025069 3102
 4.4887E+02 4.1710E-02 4.4912E+02 4.3558E-02 4.4963E+02 4.7953E-025069 3102
 4.4988E+02 5.0581E-02 4.5013E+02 5.3565E-02 4.5039E+02 5.6972E-025069 3102
 4.5064E+02 6.0885E-02 4.5089E+02 6.5412E-02 4.5127E+02 7.3672E-025069 3102
 4.5140E+02 7.6911E-02 4.5165E+02 8.4304E-02 4.5191E+02 9.3190E-025069 3102
 4.5204E+02 9.8323E-02 4.5229E+02 1.1032E-01 4.5242E+02 1.1736E-015069 3102
 4.5254E+02 1.2526E-01 4.5267E+02 1.3415E-01 4.5280E+02 1.4422E-015069 3102
 4.5292E+02 1.5568E-01 4.5305E+02 1.6883E-01 4.5318E+02 1.8401E-015069 3102
 4.5330E+02 2.0170E-01 4.5343E+02 2.2252E-01 4.5356E+02 2.4735E-015069 3102
 4.5362E+02 2.6162E-01 4.5368E+02 2.7741E-01 4.5375E+02 2.9499E-015069 3102
 4.5381E+02 3.1471E-01 4.5387E+02 3.3706E-01 4.5394E+02 3.6272E-015069 3102
 4.5400E+02 3.9267E-01 4.5406E+02 4.2833E-01 4.5413E+02 4.7179E-015069 3102
 4.5416E+02 4.9735E-01 4.5419E+02 5.2613E-01 4.5422E+02 5.5873E-015069 3102
 4.5425E+02 5.9590E-01 4.5429E+02 6.3854E-01 4.5432E+02 6.8773E-015069 3102
 4.5435E+02 7.4476E-01 4.5438E+02 8.1117E-01 4.5441E+02 8.8880E-015069 3102
 4.5444E+02 9.7978E-01 4.5448E+02 1.0867E+00 4.5451E+02 1.2124E+005069 3102
 4.5452E+02 1.2836E+00 4.5454E+02 1.3603E+00 4.5456E+02 1.4442E+005069 3102
 4.5457E+02 1.5345E+00 4.5459E+02 1.6331E+00 4.5460E+02 1.7394E+005069 3102
 4.5462E+02 1.8553E+00 4.5463E+02 1.9801E+00 4.5465E+02 2.1161E+005069 3102
 4.5467E+02 2.2624E+00 4.5468E+02 2.4217E+00 4.5470E+02 2.5927E+005069 3102
 4.5471E+02 2.7788E+00 4.5473E+02 2.9783E+00 4.5475E+02 3.1950E+005069 3102
 4.5476E+02 3.4270E+00 4.5478E+02 3.6785E+00 4.5479E+02 3.9474E+005069 3102
 4.5481E+02 4.2383E+00 4.5482E+02 4.5488E+00 4.5484E+02 4.8840E+005069 3102
 4.5486E+02 5.2410E+00 4.5487E+02 5.6257E+00 4.5489E+02 6.0345E+005069 3102
 4.5490E+02 6.4740E+00 4.5492E+02 6.9401E+00 4.5494E+02 7.4400E+005069 3102
 4.5495E+02 7.9689E+00 4.5497E+02 8.5349E+00 4.5498E+02 9.1322E+005069 3102
 4.5500E+02 9.7699E+00 4.5501E+02 1.0441E+01 4.5503E+02 1.1156E+015069 3102
 4.5505E+02 1.1906E+01 4.5506E+02 1.2703E+01 4.5508E+02 1.3538E+015069 3102
 4.5509E+02 1.4422E+01 4.5511E+02 1.5345E+01 4.5513E+02 1.6319E+015069 3102
 4.5514E+02 1.7335E+01 4.5516E+02 1.8404E+01 4.5517E+02 1.9514E+015069 3102
 4.5519E+02 2.0680E+01 4.5520E+02 2.1886E+01 4.5522E+02 2.3150E+015069 3102
 4.5524E+02 2.4454E+01 4.5525E+02 2.5815E+01 4.5527E+02 2.7215E+015069 3102
 4.5530E+02 3.0166E+01 4.5532E+02 3.1715E+01 4.5535E+02 3.4934E+015069 3102
 4.5538E+02 3.8318E+01 4.5540E+02 4.0060E+01 4.5543E+02 4.3654E+015069 3102
 4.5546E+02 4.7363E+01 4.5551E+02 5.3085E+01 4.5562E+02 6.6550E+015069 3102
 4.5566E+02 7.1181E+01 4.5570E+02 7.6413E+01 4.5574E+02 8.0043E+015069 3102
 4.5576E+02 8.2287E+01 4.5581E+02 8.5962E+01 4.5585E+02 8.9022E+015069 3102
 4.5589E+02 9.0991E+01 4.5591E+02 9.1948E+01 4.5593E+02 9.2707E+015069 3102
 4.5595E+02 9.3262E+01 4.5597E+02 9.3621E+01 4.5600E+02 9.3760E+015069 3102
 4.5603E+02 9.3555E+01 4.5606E+02 9.2998E+01 4.5609E+02 9.2056E+015069 3102
 4.5612E+02 9.0749E+01 4.5616E+02 8.8415E+01 4.5618E+02 8.6536E+015069 3102
 4.5622E+02 8.3949E+01 4.5624E+02 8.1553E+01 4.5628E+02 7.8428E+015069 3102
 4.5631E+02 7.4487E+01 4.5634E+02 7.0896E+01 4.5638E+02 6.7158E+015069 3102
 4.5643E+02 6.0710E+01 4.5649E+02 5.2882E+01 4.5655E+02 4.6476E+015069 3102
 4.5659E+02 4.1523E+01 4.5661E+02 3.9136E+01 4.5666E+02 3.4562E+015069 3102
 4.5668E+02 3.2386E+01 4.5670E+02 3.0289E+01 4.5672E+02 2.8274E+015069 3102
 4.5674E+02 2.6336E+01 4.5676E+02 2.4494E+01 4.5678E+02 2.2740E+015069 3102
 4.5681E+02 2.1074E+01 4.5683E+02 1.9497E+01 4.5685E+02 1.8009E+015069 3102
 4.5687E+02 1.6606E+01 4.5689E+02 1.5289E+01 4.5691E+02 1.4050E+015069 3102
 4.5693E+02 1.2897E+01 4.5696E+02 1.1823E+01 4.5698E+02 1.0824E+015069 3102
 4.5700E+02 9.8969E+00 4.5702E+02 9.0391E+00 4.5704E+02 8.2471E+005069 3102
 4.5706E+02 7.5174E+00 4.5707E+02 7.1717E+00 4.5708E+02 6.8436E+005069 3102
 4.5709E+02 6.5293E+00 4.5711E+02 6.2285E+00 4.5712E+02 5.9406E+005069 3102
 4.5713E+02 5.6654E+00 4.5714E+02 5.4023E+00 4.5715E+02 5.1510E+005069 3102
 4.5716E+02 4.9111E+00 4.5717E+02 4.6820E+00 4.5718E+02 4.4635E+005069 3102
 4.5719E+02 4.2552E+00 4.5720E+02 4.0567E+00 4.5721E+02 3.8676E+005069 3102
 4.5722E+02 3.6874E+00 4.5723E+02 3.5159E+00 4.5725E+02 3.1962E+005069 3102
 4.5728E+02 2.9086E+00 4.5730E+02 2.6490E+00 4.5732E+02 2.4150E+005069 3102
 4.5734E+02 2.2043E+00 4.5736E+02 2.0149E+00 4.5738E+02 1.8448E+005069 3102
 4.5740E+02 1.6920E+00 4.5743E+02 1.5544E+00 4.5745E+02 1.4317E+005069 3102
 4.5747E+02 1.3217E+00 4.5749E+02 1.2231E+00 4.5751E+02 1.1348E+005069 3102
 4.5753E+02 1.0557E+00 4.5755E+02 9.8474E-01 4.5758E+02 9.2109E-015069 3102
 4.5760E+02 8.6368E-01 4.5762E+02 8.1233E-01 4.5764E+02 7.6611E-015069 3102
 4.5766E+02 7.2443E-01 4.5770E+02 6.5273E-01 4.5775E+02 5.9374E-015069 3102
 4.5779E+02 5.4463E-01 4.5783E+02 5.0347E-01 4.5788E+02 4.6848E-015069 3102
 4.5792E+02 4.3837E-01 4.5796E+02 4.1211E-01 4.5800E+02 3.8904E-015069 3102
 4.5809E+02 3.5009E-01 4.5818E+02 3.1817E-01 4.5826E+02 2.9138E-015069 3102
 4.5835E+02 2.6841E-01 4.5843E+02 2.4847E-01 4.5852E+02 2.3095E-015069 3102
 4.5860E+02 2.1548E-01 4.5869E+02 2.0168E-01 4.5878E+02 1.8935E-015069 3102
 4.5886E+02 1.7824E-01 4.5903E+02 1.5911E-01 4.5912E+02 1.5085E-015069 3102
 4.5929E+02 1.3636E-01 4.5946E+02 1.2416E-01 4.5955E+02 1.1875E-015069 3102
 4.5972E+02 1.0914E-01 4.5980E+02 1.0484E-01 4.5997E+02 9.7111E-025069 3102
 4.6015E+02 9.0371E-02 4.6032E+02 8.4453E-02 4.6049E+02 7.9229E-025069 3102
 4.6066E+02 7.4592E-02 4.6100E+02 6.6755E-02 4.6117E+02 6.3426E-025069 3102
 4.6152E+02 5.7701E-02 4.6169E+02 5.5228E-02 4.6203E+02 5.0916E-025069 3102
 4.6254E+02 4.5699E-02 4.6289E+02 4.2864E-02 4.6357E+02 3.8324E-025069 3102
 4.6391E+02 3.6486E-02 4.6460E+02 3.3450E-02 4.6494E+02 3.2188E-025069 3102
 4.6563E+02 3.0060E-02 4.6631E+02 2.8344E-02 4.6734E+02 2.6328E-025069 3102
 4.6837E+02 2.4794E-02 4.6940E+02 2.3598E-02 4.7008E+02 2.2941E-025069 3102
 4.7179E+02 2.1654E-02 4.7385E+02 2.0559E-02 4.7591E+02 1.9777E-025069 3102
 4.7796E+02 1.9195E-02 4.8070E+02 1.8622E-02 4.8344E+02 1.8200E-025069 3102
 4.8755E+02 1.7741E-02 4.9029E+02 1.7509E-02 4.9441E+02 1.7233E-025069 3102
 4.9852E+02 1.7016E-02 5.0284E+02 1.6829E-02 5.1024E+02 1.6572E-025069 3102
 5.2354E+02 1.6221E-02 5.3537E+02 1.5972E-02 5.4498E+02 1.5792E-025069 3102
 5.4535E+02 1.5852E-02 5.4572E+02 1.6850E-02 5.4591E+02 1.9264E-025069 3102
 5.4600E+02 2.1764E-02 5.4609E+02 2.5732E-02 5.4618E+02 3.1808E-025069 3102
 5.4628E+02 4.0786E-02 5.4637E+02 5.3590E-02 5.4646E+02 7.1212E-025069 3102
 5.4655E+02 9.4618E-02 5.4665E+02 1.2462E-01 5.4674E+02 1.6173E-015069 3102
 5.4683E+02 2.0604E-01 5.4692E+02 2.5710E-01 5.4702E+02 3.1387E-015069 3102
 5.4711E+02 3.7480E-01 5.4720E+02 1.5755E-02 5.4720E+02 8.5999E-015069 3102
 5.9314E+02 8.1319E-01 6.4251E+02 7.6929E-01 6.9402E+02 7.2919E-015069 3102
 7.4921E+02 6.9148E-01 8.0670E+02 6.5689E-01 8.6811E+02 6.2427E-015069 3102
 9.3196E+02 5.9427E-01 1.0000E+03 5.6590E-01 1.0824E+03 5.4328E-015069 3102
 1.1703E+03 5.2183E-01 1.2624E+03 5.0184E-01 1.3606E+03 4.8284E-015069 3102
 1.4631E+03 4.6509E-01 1.5721E+03 4.4818E-01 1.6858E+03 4.3233E-015069 3102
 1.8063E+03 4.1721E-01 1.9320E+03 4.0300E-01 2.0649E+03 3.8941E-015069 3102
 2.2031E+03 3.7662E-01 2.3490E+03 3.6437E-01 2.5005E+03 3.5282E-015069 3102
 2.6602E+03 3.4174E-01 2.8258E+03 3.3126E-01 3.0000E+03 3.2120E-015069 3102
 3.2799E+03 3.0490E-01 3.5820E+03 2.8960E-01 3.8979E+03 2.7565E-015069 3102
 4.2376E+03 2.6253E-01 4.5920E+03 2.5049E-01 4.9718E+03 2.3914E-015069 3102
 5.3672E+03 2.2868E-01 5.7894E+03 2.1879E-01 6.2287E+03 2.0964E-015069 3102
 6.6964E+03 2.0096E-01 7.1817E+03 1.9291E-01 7.6971E+03 1.8526E-015069 3102
 8.2310E+03 1.7815E-01 8.7966E+03 1.7136E-01 9.3817E+03 1.6504E-015069 3102
 1.0000E+04 1.5900E-01 1.0486E+04 1.5357E-01 1.0994E+04 1.4835E-015069 3102
 1.1524E+04 1.4333E-01 1.2077E+04 1.3850E-01 1.2629E+04 1.3404E-015069 3102
 1.3203E+04 1.2976E-01 1.3801E+04 1.2561E-01 1.4424E+04 1.2162E-015069 3102
 1.5046E+04 1.1792E-01 1.5692E+04 1.1435E-01 1.6363E+04 1.1090E-015069 3102
 1.7060E+04 1.0756E-01 1.7755E+04 1.0446E-01 1.8477E+04 1.0146E-015069 3102
 2.0000E+04 9.5750E-02 2.0950E+04 9.0421E-02 2.1948E+04 8.5370E-025069 3102
 2.2999E+04 8.0585E-02 2.4103E+04 7.6052E-02 2.4935E+04 7.2932E-025069 3102
 2.5798E+04 6.9933E-02 2.6688E+04 6.7064E-02 2.7612E+04 6.4306E-025069 3102
 2.8565E+04 6.1668E-02 2.9554E+04 5.9132E-02 3.0574E+04 5.6706E-025069 3102
 3.1632E+04 5.4374E-02 3.2721E+04 5.2149E-02 3.3850E+04 5.0010E-025069 3102
 3.5022E+04 4.7953E-02 3.6237E+04 4.5976E-02 3.7485E+04 4.4095E-025069 3102
 3.8779E+04 4.2286E-02 4.0121E+04 4.0547E-02 4.1513E+04 3.8876E-025069 3102
 4.3478E+04 3.6718E-02 4.5544E+04 3.4673E-02 4.7716E+04 3.2736E-025069 3102
 5.0000E+04 3.0900E-02 5.3733E+04 2.9323E-02 5.7718E+04 2.7835E-025069 3102
 6.1240E+04 2.6661E-02 6.4955E+04 2.5542E-02 6.8765E+04 2.4505E-025069 3102
 7.2776E+04 2.3515E-02 7.6831E+04 2.2605E-02 8.1090E+04 2.1735E-025069 3102
 8.5563E+04 2.0902E-02 9.0259E+04 2.0105E-02 9.5016E+04 1.9367E-025069 3102
 1.0000E+05 1.8660E-02 1.0458E+05 1.8335E-02 1.1427E+05 1.7709E-025069 3102
 1.2467E+05 1.7114E-02 1.3556E+05 1.6562E-02 1.4718E+05 1.6036E-025069 3102
 1.5932E+05 1.5546E-02 1.7225E+05 1.5078E-02 1.8571E+05 1.4639E-025069 3102
 2.0000E+05 1.4220E-02 2.0000E+05 1.4220E-02 2.3615E+05 1.3748E-025069 3102
 2.7639E+05 1.3316E-02 3.2094E+05 1.2918E-02 3.7000E+05 1.2550E-025069 3102
 4.3171E+05 1.2344E-02 5.0000E+05 1.2151E-02 5.9435E+05 1.1928E-025069 3102
 7.0000E+05 1.1720E-02 7.4564E+05 1.1399E-02 7.9368E+05 1.1091E-025069 3102
 8.5909E+05 1.0711E-02 9.2881E+05 1.0350E-02 9.2881E+05 1.0350E-025069 3102
 1.0000E+06 1.0020E-02 1.0486E+06 9.7115E-03 1.0992E+06 9.4140E-035069 3102
 1.0992E+06 9.4137E-03 1.1487E+06 9.1444E-03 1.2001E+06 8.8841E-035069 3102
 1.2606E+06 8.6005E-03 1.2606E+06 8.6005E-03 1.3700E+06 8.1411E-035069 3102
 1.3700E+06 8.1410E-03 1.3715E+06 8.1353E-03 1.3715E+06 8.1352E-035069 3102
 1.4344E+06 7.8981E-03 1.5000E+06 7.6686E-03 1.5664E+06 7.4526E-035069 3102
 1.5667E+06 7.4517E-03 1.6000E+06 7.3490E-03 1.6661E+06 6.9276E-035069 3102
 1.7348E+06 6.5315E-03 1.8061E+06 6.1591E-03 1.8800E+06 5.8090E-035069 3102
 1.9389E+06 5.5534E-03 2.0000E+06 5.3080E-03 2.0569E+06 5.1339E-035069 3102
 2.1156E+06 4.9651E-03 2.1755E+06 4.8030E-03 2.2372E+06 4.6459E-035069 3102
 2.3003E+06 4.4948E-03 2.3653E+06 4.3485E-03 2.5000E+06 4.0713E-035069 3102
 2.6170E+06 3.8559E-03 2.7391E+06 3.6523E-03 2.8667E+06 3.4599E-035069 3102
 3.0000E+06 3.2780E-03 3.1195E+06 3.2182E-03 3.2421E+06 3.1603E-035069 3102
 3.3694E+06 3.1035E-03 3.5000E+06 3.0485E-03 3.6202E+06 3.0003E-035069 3102
 3.7432E+06 2.9535E-03 3.8702E+06 2.9074E-03 4.0000E+06 2.8626E-035069 3102
 4.1208E+06 2.8228E-03 4.2440E+06 2.7839E-03 4.3707E+06 2.7455E-035069 3102
 4.5000E+06 2.7081E-03 4.6217E+06 2.6744E-03 4.7456E+06 2.6412E-035069 3102
 4.8717E+06 2.6087E-03 5.0000E+06 2.5770E-03 5.1213E+06 2.5328E-035069 3102
 5.2446E+06 2.4898E-03 5.3713E+06 2.4473E-03 5.5000E+06 2.4058E-035069 3102
 5.6216E+06 2.3682E-03 5.7451E+06 2.3314E-03 6.0000E+06 2.2595E-035069 3102
 6.2467E+06 2.1948E-03 6.5000E+06 2.1328E-03 6.7469E+06 2.0762E-035069 3102
 7.0000E+06 2.0218E-03 7.2471E+06 2.0256E-03 7.5000E+06 2.0294E-035069 3102
 7.7423E+06 2.0330E-03 7.7434E+06 2.0330E-03 7.9439E+06 2.0358E-035069 3102
 8.0000E+06 2.0366E-03 8.0646E+06 2.0376E-03 8.0658E+06 2.0376E-035069 3102
 8.3823E+06 2.0418E-03 8.5000E+06 2.0435E-03 8.7476E+06 2.0466E-035069 3102
 9.0000E+06 2.0498E-03 9.2477E+06 2.0528E-03 9.5000E+06 2.0558E-035069 3102
 9.7207E+06 2.0585E-03 9.9449E+06 2.0610E-03 9.9464E+06 2.0610E-035069 3102
 1.0000E+07 2.0616E-03 1.0248E+07 2.0923E-03 1.0500E+07 2.1231E-035069 3102
 1.0594E+07 2.1346E-03 1.0596E+07 2.1348E-03 1.0732E+07 2.1512E-035069 3102
 1.1000E+07 2.1835E-03 1.1248E+07 2.2130E-03 1.1500E+07 2.2427E-035069 3102
 1.1748E+07 2.2718E-03 1.2000E+07 2.3010E-03 1.2248E+07 2.3357E-035069 3102
 1.2500E+07 2.3708E-03 1.2748E+07 2.4052E-03 1.3000E+07 2.4398E-035069 3102
 1.3248E+07 2.4739E-03 1.3500E+07 2.5081E-03 1.3748E+07 2.5419E-035069 3102
 1.4000E+07 2.5758E-03 1.4249E+07 2.6092E-03 1.4500E+07 2.6428E-035069 3102
 1.4749E+07 2.6759E-03 1.5000E+07 2.7092E-03 1.5249E+07 2.7481E-035069 3102
 1.5500E+07 2.7873E-03 1.5749E+07 2.8260E-03 1.6000E+07 2.8650E-035069 3102
 1.6249E+07 2.9036E-03 1.6500E+07 2.9426E-03 1.6749E+07 2.9809E-035069 3102
 1.7000E+07 3.0196E-03 1.7249E+07 3.0579E-03 1.7500E+07 3.0964E-035069 3102
 1.7749E+07 3.1345E-03 1.8000E+07 3.1729E-03 1.8249E+07 3.2109E-035069 3102
 1.8500E+07 3.2492E-03 1.8749E+07 3.2870E-03 1.9000E+07 3.3252E-035069 3102
 1.9249E+07 3.3629E-03 1.9500E+07 3.4009E-03 1.9749E+07 3.4385E-035069 3102
 2.0000E+07 3.4763E-03                                            5069 3102
                                                                  5069 3  0
