SN-122N,G*   4.3762-01* JEF-2.2; RN - ---/SYS                     5022 3402
                                                                  5022 3402
 5.01220+04 1.2086E+02          0          1          0          05022 3402
 3.0000E+02 5.9219E+06          0          0          1       22635022 3402
       2263          2                                            5022 3402
 1.0000E-05 6.5273E+00 1.0964E-05 6.2339E+00 1.2003E-05 5.9578E+005022 3402
 1.2973E-05 5.7310E+00 1.4007E-05 5.5154E+00 1.4980E-05 5.3332E+005022 3402
 1.6010E-05 5.1589E+00 1.6987E-05 5.0085E+00 1.8013E-05 4.8638E+005022 3402
 1.9933E-05 4.6236E+00 2.2020E-05 4.3991E+00 2.3953E-05 4.2180E+005022 3402
 2.6026E-05 4.0465E+00 2.7970E-05 3.9035E+00 3.0033E-05 3.7670E+005022 3402
 3.1984E-05 3.6504E+00 3.4039E-05 3.5385E+00 3.5912E-05 3.4451E+005022 3402
 3.7869E-05 3.3550E+00 3.9915E-05 3.2679E+00 4.2052E-05 3.1838E+005022 3402
 4.5913E-05 3.0471E+00 5.0065E-05 2.9181E+00 5.3948E-05 2.8113E+005022 3402
 5.8078E-05 2.7095E+00 6.1977E-05 2.6229E+00 6.6091E-05 2.5400E+005022 3402
 7.0002E-05 2.4681E+00 7.4104E-05 2.3989E+00 8.1791E-05 2.2835E+005022 3402
 9.0130E-05 2.1754E+00 9.7870E-05 2.0877E+00 1.0616E-04 2.0046E+005022 3402
 1.1393E-04 1.9351E+00 1.2218E-04 1.8688E+00 1.2999E-04 1.8118E+005022 3402
 1.3821E-04 1.7572E+00 1.4571E-04 1.7115E+00 1.5354E-04 1.6673E+005022 3402
 1.6172E-04 1.6246E+00 1.7026E-04 1.5834E+00 1.8571E-04 1.5162E+005022 3402
 2.0231E-04 1.4528E+00 2.1785E-04 1.4000E+00 2.3437E-04 1.3498E+005022 3402
 2.4996E-04 1.3071E+00 2.6642E-04 1.2662E+00 2.8138E-04 1.2321E+005022 3402
 2.9703E-04 1.1992E+00 3.1340E-04 1.1675E+00 3.3052E-04 1.1369E+005022 3402
 3.6139E-04 1.0874E+00 3.9463E-04 1.0406E+00 4.2567E-04 1.0019E+005022 3402
 4.5873E-04 9.6528E-01 4.8991E-04 9.3401E-01 5.2283E-04 9.0412E-015022 3402
 5.5272E-04 8.7945E-01 5.8401E-04 8.5552E-01 6.1677E-04 8.3252E-015022 3402
 6.5104E-04 8.1032E-01 7.1275E-04 7.7449E-01 7.7925E-04 7.4075E-015022 3402
 8.4132E-04 7.1289E-01 9.0746E-04 6.8642E-01 9.6980E-04 6.6400E-015022 3402
 1.0357E-03 6.4254E-01 1.0954E-03 6.2478E-01 1.1580E-03 6.0767E-015022 3402
 1.2235E-03 5.9117E-01 1.2921E-03 5.7526E-01 1.4155E-03 5.4962E-015022 3402
 1.5485E-03 5.2548E-01 1.6726E-03 5.0561E-01 1.8049E-03 4.8672E-015022 3402
 1.9296E-03 4.7074E-01 2.0613E-03 4.5544E-01 2.1808E-03 4.4280E-015022 3402
 2.3059E-03 4.3061E-01 2.4370E-03 4.1888E-01 2.5742E-03 4.0756E-015022 3402
 2.8209E-03 3.8933E-01 3.0870E-03 3.7218E-01 3.3352E-03 3.5805E-015022 3402
 3.5998E-03 3.4465E-01 3.8491E-03 3.3330E-01 4.1127E-03 3.2244E-015022 3402
 4.3515E-03 3.1347E-01 4.6017E-03 3.0483E-01 4.8639E-03 2.9650E-015022 3402
 5.1383E-03 2.8847E-01 5.6317E-03 2.7555E-01 6.1640E-03 2.6338E-015022 3402
 6.6604E-03 2.5338E-01 7.1897E-03 2.4387E-01 7.6883E-03 2.3583E-015022 3402
 8.2153E-03 2.2813E-01 8.6929E-03 2.2178E-01 9.1934E-03 2.1566E-015022 3402
 9.7177E-03 2.0976E-01 1.0267E-02 2.0408E-01 1.1253E-02 1.9493E-015022 3402
 1.2318E-02 1.8632E-01 1.3311E-02 1.7923E-01 1.4369E-02 1.7250E-015022 3402
 1.5367E-02 1.6681E-01 1.6421E-02 1.6136E-01 1.7376E-02 1.5686E-015022 3402
 1.8377E-02 1.5253E-01 1.9425E-02 1.4836E-01 2.0523E-02 1.4434E-015022 3402
 2.2497E-02 1.3787E-01 2.5300E-02 1.3000E-01 2.6969E-02 1.2592E-015022 3402
 2.8729E-02 1.2199E-01 3.0723E-02 1.1796E-01 3.2831E-02 1.1411E-015022 3402
 3.4742E-02 1.1094E-01 3.6744E-02 1.0787E-01 3.8841E-02 1.0492E-015022 3402
 4.1037E-02 1.0208E-01 4.4984E-02 9.7507E-02 4.9242E-02 9.3191E-025022 3402
 5.3213E-02 8.9643E-02 5.7447E-02 8.6277E-02 6.1436E-02 8.3426E-025022 3402
 6.5653E-02 8.0699E-02 6.9473E-02 7.8443E-02 7.3477E-02 7.6281E-025022 3402
 7.7671E-02 7.4199E-02 8.2063E-02 7.2186E-02 8.9957E-02 6.8955E-025022 3402
 9.8474E-02 6.5903E-02 1.0642E-01 6.3392E-02 1.1488E-01 6.1009E-025022 3402
 1.2286E-01 5.8993E-02 1.3130E-01 5.7064E-02 1.3894E-01 5.5471E-025022 3402
 1.4694E-01 5.3938E-02 1.5533E-01 5.2464E-02 1.6412E-01 5.1046E-025022 3402
 1.7990E-01 4.8762E-02 1.9694E-01 4.6603E-02 2.1282E-01 4.4828E-025022 3402
 2.2976E-01 4.3142E-02 2.4571E-01 4.1715E-02 2.6258E-01 4.0352E-025022 3402
 2.7786E-01 3.9226E-02 2.9388E-01 3.8142E-02 3.1066E-01 3.7098E-025022 3402
 3.2822E-01 3.6097E-02 3.5980E-01 3.4482E-02 3.9387E-01 3.2955E-025022 3402
 4.2563E-01 3.1700E-02 4.5951E-01 3.0507E-02 4.9142E-01 2.9499E-025022 3402
 5.2515E-01 2.8535E-02 5.5571E-01 2.7739E-02 5.8775E-01 2.6972E-025022 3402
 6.2130E-01 2.6234E-02 6.5644E-01 2.5526E-02 7.1959E-01 2.4383E-025022 3402
 7.8772E-01 2.3304E-02 8.5126E-01 2.2416E-02 9.1901E-01 2.1574E-025022 3402
 9.8283E-01 2.0862E-02 1.0503E+00 2.0180E-02 1.1114E+00 1.9617E-025022 3402
 1.1755E+00 1.9074E-02 1.2426E+00 1.8553E-02 1.3129E+00 1.8051E-025022 3402
 1.4392E+00 1.7243E-02 1.5754E+00 1.6481E-02 1.7025E+00 1.5853E-025022 3402
 1.8380E+00 1.5258E-02 1.9656E+00 1.4754E-02 2.1006E+00 1.4272E-025022 3402
 2.2228E+00 1.3874E-02 2.3510E+00 1.3491E-02 2.4852E+00 1.3122E-025022 3402
 2.6257E+00 1.2767E-02 2.8783E+00 1.2195E-02 3.1509E+00 1.1657E-025022 3402
 3.4050E+00 1.1214E-02 3.6760E+00 1.0793E-02 3.9313E+00 1.0438E-025022 3402
 4.2011E+00 1.0097E-02 4.4456E+00 9.8153E-03 4.7019E+00 9.5454E-035022 3402
 4.9703E+00 9.2843E-03 5.2514E+00 9.0333E-03 5.7566E+00 8.6299E-035022 3402
 6.3017E+00 8.2491E-03 6.8100E+00 7.9364E-03 7.3520E+00 7.6390E-035022 3402
 7.8625E+00 7.3872E-03 8.4023E+00 7.1475E-03 8.8913E+00 6.9490E-035022 3402
 9.4038E+00 6.7580E-03 9.9407E+00 6.5740E-03 1.0503E+01 6.3968E-035022 3402
 1.1513E+01 6.1118E-03 1.2603E+01 5.8433E-03 1.3620E+01 5.6229E-035022 3402
 1.4704E+01 5.4135E-03 1.5725E+01 5.2366E-03 1.6805E+01 5.0675E-035022 3402
 1.7783E+01 4.9280E-03 1.8808E+01 4.7937E-03 1.9881E+01 4.6644E-035022 3402
 2.1006E+01 4.5400E-03 2.3026E+01 4.3401E-03 2.5207E+01 4.1523E-035022 3402
 2.7240E+01 3.9983E-03 2.9408E+01 3.8526E-03 3.1450E+01 3.7299E-035022 3402
 3.3609E+01 3.6130E-03 3.5658E+01 3.5127E-03 3.7810E+01 3.4168E-035022 3402
 3.9865E+01 3.3333E-03 4.2011E+01 3.2533E-03 4.6053E+01 3.1207E-035022 3402
 4.8233E+01 3.0575E-03 5.2447E+01 2.9503E-03 5.4480E+01 2.9051E-035022 3402
 5.8816E+01 2.8215E-03 6.0858E+01 2.7883E-03 6.5059E+01 2.7328E-035022 3402
 6.7218E+01 2.7115E-03 6.9267E+01 2.6966E-03 7.1316E+01 2.6873E-035022 3402
 7.3468E+01 2.6847E-03 7.5620E+01 2.6910E-03 7.7675E+01 2.7073E-035022 3402
 7.9729E+01 2.7362E-03 8.1876E+01 2.7843E-03 8.4023E+01 2.8572E-035022 3402
 8.6043E+01 2.9571E-03 8.7054E+01 3.0225E-03 8.8064E+01 3.1016E-035022 3402
 8.9075E+01 3.1973E-03 9.0085E+01 3.3136E-03 9.1096E+01 3.4560E-035022 3402
 9.2106E+01 3.6319E-03 9.3196E+01 3.8712E-03 9.4286E+01 4.1776E-035022 3402
 9.4831E+01 4.3639E-03 9.5376E+01 4.5801E-03 9.5922E+01 4.8307E-035022 3402
 9.6467E+01 5.1232E-03 9.7012E+01 5.4672E-03 9.7557E+01 5.8748E-035022 3402
 9.8102E+01 6.3628E-03 9.8647E+01 6.9531E-03 9.9192E+01 7.6759E-035022 3402
 9.9737E+01 8.5661E-03 1.0001E+02 9.0913E-03 1.0028E+02 9.6891E-035022 3402
 1.0055E+02 1.0367E-02 1.0083E+02 1.1139E-02 1.0108E+02 1.1961E-025022 3402
 1.0134E+02 1.2900E-02 1.0159E+02 1.3980E-02 1.0184E+02 1.5229E-025022 3402
 1.0210E+02 1.6685E-02 1.0235E+02 1.8395E-02 1.0261E+02 2.0421E-025022 3402
 1.0286E+02 2.2836E-02 1.0299E+02 2.4226E-02 1.0311E+02 2.5764E-025022 3402
 1.0324E+02 2.7470E-02 1.0337E+02 2.9368E-02 1.0350E+02 3.1488E-025022 3402
 1.0362E+02 3.3865E-02 1.0375E+02 3.6543E-02 1.0388E+02 3.9571E-025022 3402
 1.0400E+02 4.3020E-02 1.0413E+02 4.6966E-02 1.0426E+02 5.1510E-025022 3402
 1.0439E+02 5.6773E-02 1.0445E+02 5.9731E-02 1.0451E+02 6.2931E-025022 3402
 1.0458E+02 6.6407E-02 1.0464E+02 7.0192E-02 1.0470E+02 7.4336E-025022 3402
 1.0477E+02 7.8856E-02 1.0483E+02 8.3825E-02 1.0489E+02 8.9310E-025022 3402
 1.0496E+02 9.5367E-02 1.0502E+02 1.0208E-01 1.0508E+02 1.0957E-015022 3402
 1.0515E+02 1.1794E-01 1.0521E+02 1.2734E-01 1.0527E+02 1.3794E-015022 3402
 1.0534E+02 1.4997E-01 1.0540E+02 1.6372E-01 1.0543E+02 1.7135E-015022 3402
 1.0547E+02 1.7956E-01 1.0550E+02 1.8840E-01 1.0553E+02 1.9790E-015022 3402
 1.0556E+02 2.0821E-01 1.0559E+02 2.1940E-01 1.0562E+02 2.3156E-015022 3402
 1.0566E+02 2.4476E-01 1.0569E+02 2.5925E-01 1.0572E+02 2.7517E-015022 3402
 1.0575E+02 2.9270E-01 1.0578E+02 3.1206E-01 1.0581E+02 3.3365E-015022 3402
 1.0585E+02 3.5775E-01 1.0588E+02 3.8499E-01 1.0589E+02 3.9997E-015022 3402
 1.0591E+02 4.1587E-01 1.0593E+02 4.3300E-01 1.0594E+02 4.5141E-015022 3402
 1.0596E+02 4.7125E-01 1.0597E+02 4.9269E-01 1.0599E+02 5.1594E-015022 3402
 1.0601E+02 5.4125E-01 1.0602E+02 5.6890E-01 1.0604E+02 5.9904E-015022 3402
 1.0605E+02 6.3241E-01 1.0607E+02 6.6930E-01 1.0608E+02 7.1026E-015022 3402
 1.0610E+02 7.5592E-01 1.0612E+02 8.0691E-01 1.0613E+02 8.6422E-015022 3402
 1.0614E+02 8.9564E-01 1.0615E+02 9.2864E-01 1.0616E+02 9.6368E-015022 3402
 1.0616E+02 1.0010E+00 1.0617E+02 1.0410E+00 1.0618E+02 1.0832E+005022 3402
 1.0619E+02 1.1287E+00 1.0620E+02 1.1765E+00 1.0620E+02 1.2282E+005022 3402
 1.0621E+02 1.2824E+00 1.0622E+02 1.3411E+00 1.0623E+02 1.4030E+005022 3402
 1.0624E+02 1.4697E+00 1.0624E+02 1.5401E+00 1.0625E+02 1.6159E+005022 3402
 1.0626E+02 1.6959E+00 1.0627E+02 1.7823E+00 1.0628E+02 1.8732E+005022 3402
 1.0628E+02 1.9701E+00 1.0629E+02 2.0732E+00 1.0630E+02 2.1845E+005022 3402
 1.0631E+02 2.3016E+00 1.0632E+02 2.4276E+00 1.0632E+02 2.5601E+005022 3402
 1.0633E+02 2.7027E+00 1.0634E+02 2.8522E+00 1.0635E+02 3.0110E+005022 3402
 1.0635E+02 3.1793E+00 1.0636E+02 3.3601E+00 1.0637E+02 3.5492E+005022 3402
 1.0638E+02 3.7519E+00 1.0639E+02 3.9635E+00 1.0639E+02 4.1901E+005022 3402
 1.0640E+02 4.4261E+00 1.0641E+02 4.6749E+00 1.0642E+02 4.9370E+005022 3402
 1.0643E+02 5.2162E+00 1.0643E+02 5.5060E+00 1.0644E+02 5.8142E+005022 3402
 1.0645E+02 6.1334E+00 1.0646E+02 6.4720E+00 1.0647E+02 6.8219E+005022 3402
 1.0647E+02 7.1920E+00 1.0648E+02 7.5737E+00 1.0649E+02 7.9763E+005022 3402
 1.0651E+02 8.8258E+00 1.0651E+02 9.2727E+00 1.0653E+02 1.0221E+015022 3402
 1.0654E+02 1.0716E+01 1.0655E+02 1.1759E+01 1.0657E+02 1.2864E+015022 3402
 1.0659E+02 1.4620E+01 1.0662E+02 1.6485E+01 1.0664E+02 1.8431E+015022 3402
 1.0671E+02 2.4408E+01 1.0673E+02 2.5995E+01 1.0676E+02 2.7779E+015022 3402
 1.0678E+02 2.9140E+01 1.0680E+02 3.0570E+01 1.0682E+02 3.1577E+015022 3402
 1.0683E+02 3.2086E+01 1.0684E+02 3.2524E+01 1.0686E+02 3.3067E+015022 3402
 1.0688E+02 3.3341E+01 1.0689E+02 3.3456E+01 1.0690E+02 3.3460E+015022 3402
 1.0691E+02 3.3399E+01 1.0693E+02 3.3098E+01 1.0695E+02 3.2807E+015022 3402
 1.0697E+02 3.2140E+01 1.0698E+02 3.1640E+01 1.0699E+02 3.1069E+015022 3402
 1.0701E+02 2.9966E+01 1.0703E+02 2.8427E+01 1.0706E+02 2.6715E+015022 3402
 1.0708E+02 2.4847E+01 1.0710E+02 2.3227E+01 1.0715E+02 1.9227E+015022 3402
 1.0717E+02 1.7909E+01 1.0719E+02 1.5986E+01 1.0721E+02 1.4153E+015022 3402
 1.0722E+02 1.3561E+01 1.0724E+02 1.2425E+01 1.0725E+02 1.1347E+015022 3402
 1.0726E+02 1.0835E+01 1.0728E+02 9.8501E+00 1.0728E+02 9.3786E+005022 3402
 1.0730E+02 8.4979E+00 1.0731E+02 8.0807E+00 1.0732E+02 7.6759E+005022 3402
 1.0732E+02 7.2915E+00 1.0733E+02 6.9188E+00 1.0734E+02 6.5662E+005022 3402
 1.0735E+02 6.2247E+00 1.0736E+02 5.9027E+00 1.0736E+02 5.5954E+005022 3402
 1.0737E+02 5.3026E+00 1.0738E+02 5.0203E+00 1.0739E+02 4.7553E+005022 3402
 1.0740E+02 4.5004E+00 1.0740E+02 4.2616E+00 1.0741E+02 4.0325E+005022 3402
 1.0742E+02 3.8180E+00 1.0743E+02 3.6153E+00 1.0743E+02 3.4234E+005022 3402
 1.0744E+02 3.2400E+00 1.0745E+02 3.0691E+00 1.0746E+02 2.9057E+005022 3402
 1.0747E+02 2.7539E+00 1.0747E+02 2.6090E+00 1.0748E+02 2.4743E+005022 3402
 1.0749E+02 2.3461E+00 1.0750E+02 2.2270E+00 1.0751E+02 2.1138E+005022 3402
 1.0751E+02 2.0087E+00 1.0752E+02 1.9088E+00 1.0753E+02 1.8162E+005022 3402
 1.0754E+02 1.7282E+00 1.0755E+02 1.6468E+00 1.0755E+02 1.5703E+005022 3402
 1.0756E+02 1.4986E+00 1.0757E+02 1.4304E+00 1.0758E+02 1.3673E+005022 3402
 1.0759E+02 1.3073E+00 1.0759E+02 1.2518E+00 1.0760E+02 1.1990E+005022 3402
 1.0761E+02 1.1501E+00 1.0762E+02 1.1036E+00 1.0763E+02 1.0605E+005022 3402
 1.0763E+02 1.0195E+00 1.0764E+02 9.8138E-01 1.0765E+02 9.4511E-015022 3402
 1.0766E+02 9.1138E-01 1.0767E+02 8.4928E-01 1.0769E+02 7.9436E-015022 3402
 1.0770E+02 7.4503E-01 1.0772E+02 7.0085E-01 1.0774E+02 6.6114E-015022 3402
 1.0775E+02 6.2530E-01 1.0777E+02 5.9283E-01 1.0778E+02 5.6331E-015022 3402
 1.0780E+02 5.3635E-01 1.0782E+02 5.1179E-01 1.0783E+02 4.8905E-015022 3402
 1.0785E+02 4.6807E-01 1.0786E+02 4.4863E-01 1.0788E+02 4.3068E-015022 3402
 1.0790E+02 4.1386E-01 1.0791E+02 3.9814E-01 1.0794E+02 3.6967E-015022 3402
 1.0797E+02 3.4441E-01 1.0801E+02 3.2190E-01 1.0804E+02 3.0171E-015022 3402
 1.0807E+02 2.8355E-01 1.0810E+02 2.6704E-01 1.0813E+02 2.5202E-015022 3402
 1.0817E+02 2.3830E-01 1.0820E+02 2.2577E-01 1.0823E+02 2.1422E-015022 3402
 1.0826E+02 2.0357E-01 1.0829E+02 1.9373E-01 1.0832E+02 1.8465E-015022 3402
 1.0836E+02 1.7620E-01 1.0839E+02 1.6835E-01 1.0845E+02 1.5419E-015022 3402
 1.0852E+02 1.4179E-01 1.0858E+02 1.3089E-01 1.0864E+02 1.2124E-015022 3402
 1.0871E+02 1.1265E-01 1.0877E+02 1.0496E-01 1.0883E+02 9.8066E-025022 3402
 1.0890E+02 9.1856E-02 1.0896E+02 8.6234E-02 1.0903E+02 8.0800E-025022 3402
 1.0910E+02 7.5896E-02 1.0916E+02 7.1441E-02 1.0923E+02 6.7385E-025022 3402
 1.0930E+02 6.3672E-02 1.0937E+02 6.0279E-02 1.0943E+02 5.7156E-025022 3402
 1.0950E+02 5.4284E-02 1.0964E+02 4.9174E-02 1.0977E+02 4.4780E-025022 3402
 1.0991E+02 4.0975E-02 1.1004E+02 3.7659E-02 1.1018E+02 3.4752E-025022 3402
 1.1031E+02 3.2189E-02 1.1045E+02 2.9917E-02 1.1059E+02 2.7896E-025022 3402
 1.1072E+02 2.6087E-02 1.1086E+02 2.4464E-02 1.1099E+02 2.3004E-025022 3402
 1.1113E+02 2.1684E-02 1.1140E+02 1.9394E-02 1.1167E+02 1.7477E-025022 3402
 1.1194E+02 1.5860E-02 1.1221E+02 1.4484E-02 1.1248E+02 1.3304E-025022 3402
 1.1275E+02 1.2285E-02 1.1302E+02 1.1397E-02 1.1330E+02 1.0621E-025022 3402
 1.1357E+02 9.9376E-03 1.1384E+02 9.3365E-03 1.1438E+02 8.3209E-035022 3402
 1.1492E+02 7.4953E-03 1.1546E+02 6.8209E-03 1.1601E+02 6.2624E-035022 3402
 1.1655E+02 5.7945E-03 1.1709E+02 5.3983E-03 1.1763E+02 5.0597E-035022 3402
 1.1814E+02 4.7838E-03 1.1865E+02 4.5446E-03 1.1967E+02 4.1458E-035022 3402
 1.2069E+02 3.8279E-03 1.2172E+02 3.5717E-03 1.2274E+02 3.3617E-035022 3402
 1.2376E+02 3.1872E-03 1.2478E+02 3.0404E-03 1.2580E+02 2.9162E-035022 3402
 1.2796E+02 2.7062E-03 1.3012E+02 2.5471E-03 1.3228E+02 2.4234E-035022 3402
 1.3444E+02 2.3243E-03 1.3649E+02 2.2471E-03 1.3853E+02 2.1824E-035022 3402
 1.4263E+02 2.0791E-03 1.4694E+02 1.9960E-03 1.5124E+02 1.9303E-035022 3402
 1.5535E+02 1.8789E-03 1.5946E+02 1.8355E-03 1.6375E+02 1.7966E-035022 3402
 1.6805E+02 1.7631E-03 1.7613E+02 1.7107E-03 1.8421E+02 1.6698E-035022 3402
 1.9293E+02 1.6372E-03 2.0165E+02 1.6173E-03 2.0979E+02 1.6140E-035022 3402
 2.1792E+02 1.6341E-03 2.2226E+02 1.6608E-03 2.2659E+02 1.7064E-035022 3402
 2.3093E+02 1.7819E-03 2.3310E+02 1.8373E-03 2.3526E+02 1.9105E-035022 3402
 2.3731E+02 2.0019E-03 2.3935E+02 2.1245E-03 2.4139E+02 2.2928E-035022 3402
 2.4343E+02 2.5290E-03 2.4445E+02 2.6843E-03 2.4547E+02 2.8764E-035022 3402
 2.4650E+02 3.1154E-03 2.4752E+02 3.4174E-03 2.4854E+02 3.8064E-035022 3402
 2.4956E+02 4.3189E-03 2.5058E+02 5.0035E-03 2.5109E+02 5.4371E-035022 3402
 2.5160E+02 5.9608E-03 2.5214E+02 6.6333E-03 2.5268E+02 7.4641E-035022 3402
 2.5322E+02 8.5095E-03 2.5376E+02 9.8443E-03 2.5430E+02 1.1577E-025022 3402
 2.5457E+02 1.2647E-02 2.5484E+02 1.3902E-02 2.5511E+02 1.5387E-025022 3402
 2.5538E+02 1.7152E-02 2.5565E+02 1.9276E-02 2.5592E+02 2.1856E-025022 3402
 2.5619E+02 2.5034E-02 2.5646E+02 2.9012E-02 2.5659E+02 3.1394E-025022 3402
 2.5673E+02 3.4100E-02 2.5686E+02 3.7198E-02 2.5700E+02 4.0767E-025022 3402
 2.5713E+02 4.4913E-02 2.5727E+02 4.9757E-02 2.5740E+02 5.5478E-025022 3402
 2.5754E+02 6.2295E-02 2.5767E+02 7.0529E-02 2.5781E+02 8.0604E-025022 3402
 2.5788E+02 8.6531E-02 2.5794E+02 9.3162E-02 2.5801E+02 1.0067E-015022 3402
 2.5808E+02 1.0917E-01 2.5814E+02 1.1893E-01 2.5821E+02 1.3021E-015022 3402
 2.5828E+02 1.4341E-01 2.5835E+02 1.5908E-01 2.5841E+02 1.7816E-015022 3402
 2.5845E+02 1.8937E-01 2.5848E+02 2.0196E-01 2.5852E+02 2.1628E-015022 3402
 2.5855E+02 2.3266E-01 2.5858E+02 2.5159E-01 2.5862E+02 2.7370E-015022 3402
 2.5865E+02 2.9984E-01 2.5868E+02 3.3084E-01 2.5872E+02 3.6810E-015022 3402
 2.5875E+02 4.1292E-01 2.5877E+02 4.3884E-01 2.5879E+02 4.6741E-015022 3402
 2.5880E+02 4.9893E-01 2.5882E+02 5.3352E-01 2.5884E+02 5.7194E-015022 3402
 2.5885E+02 6.1410E-01 2.5887E+02 6.6094E-01 2.5889E+02 7.1234E-015022 3402
 2.5890E+02 7.6941E-01 2.5892E+02 8.3238E-01 2.5894E+02 9.0180E-015022 3402
 2.5895E+02 9.7790E-01 2.5897E+02 1.0621E+00 2.5899E+02 1.1540E+005022 3402
 2.5901E+02 1.2556E+00 2.5902E+02 1.3662E+00 2.5904E+02 1.4881E+005022 3402
 2.5906E+02 1.6213E+00 2.5907E+02 1.7666E+00 2.5909E+02 1.9240E+005022 3402
 2.5911E+02 2.0960E+00 2.5912E+02 2.2815E+00 2.5914E+02 2.4834E+005022 3402
 2.5916E+02 2.7003E+00 2.5917E+02 2.9354E+00 2.5919E+02 3.1883E+005022 3402
 2.5921E+02 3.4595E+00 2.5922E+02 3.7481E+00 2.5924E+02 4.0579E+005022 3402
 2.5926E+02 4.3876E+00 2.5928E+02 4.7379E+00 2.5929E+02 5.1066E+005022 3402
 2.5931E+02 5.4981E+00 2.5933E+02 5.9104E+00 2.5934E+02 6.3432E+005022 3402
 2.5936E+02 6.7934E+00 2.5938E+02 7.2661E+00 2.5939E+02 7.7550E+005022 3402
 2.5941E+02 8.2643E+00 2.5943E+02 8.7881E+00 2.5946E+02 9.8857E+005022 3402
 2.5950E+02 1.1324E+01 2.5960E+02 1.4587E+01 2.5964E+02 1.6022E+015022 3402
 2.5966E+02 1.6836E+01 2.5968E+02 1.7483E+01 2.5971E+02 1.8092E+015022 3402
 2.5973E+02 1.8764E+01 2.5975E+02 1.9269E+01 2.5978E+02 1.9800E+015022 3402
 2.5980E+02 2.0177E+01 2.5982E+02 2.0542E+01 2.5984E+02 2.0730E+015022 3402
 2.5987E+02 2.0926E+01 2.5989E+02 2.1009E+01 2.5990E+02 2.1023E+015022 3402
 2.5991E+02 2.1010E+01 2.5994E+02 2.0905E+01 2.5996E+02 2.0738E+015022 3402
 2.5998E+02 2.0498E+01 2.6000E+02 2.0189E+01 2.6003E+02 1.9734E+015022 3402
 2.6005E+02 1.9287E+01 2.6007E+02 1.8678E+01 2.6009E+02 1.8118E+015022 3402
 2.6012E+02 1.7385E+01 2.6016E+02 1.6051E+01 2.6021E+02 1.4326E+015022 3402
 2.6030E+02 1.1070E+01 2.6034E+02 9.9234E+00 2.6037E+02 8.8280E+005022 3402
 2.6039E+02 8.3013E+00 2.6041E+02 7.7920E+00 2.6042E+02 7.2995E+005022 3402
 2.6044E+02 6.8293E+00 2.6046E+02 6.3758E+00 2.6047E+02 5.9449E+005022 3402
 2.6049E+02 5.5319E+00 2.6051E+02 5.1417E+00 2.6052E+02 4.7699E+005022 3402
 2.6054E+02 4.4187E+00 2.6056E+02 4.0878E+00 2.6057E+02 3.7787E+005022 3402
 2.6059E+02 3.4872E+00 2.6061E+02 3.2149E+00 2.6062E+02 2.9609E+005022 3402
 2.6064E+02 2.7259E+00 2.6066E+02 2.5066E+00 2.6068E+02 2.3034E+005022 3402
 2.6069E+02 2.1157E+00 2.6071E+02 1.9436E+00 2.6073E+02 1.7843E+005022 3402
 2.6074E+02 1.6388E+00 2.6076E+02 1.5046E+00 2.6078E+02 1.3824E+005022 3402
 2.6079E+02 1.2700E+00 2.6081E+02 1.1675E+00 2.6083E+02 1.0741E+005022 3402
 2.6084E+02 9.8965E-01 2.6086E+02 9.1239E-01 2.6088E+02 8.4217E-015022 3402
 2.6089E+02 7.7855E-01 2.6091E+02 7.2114E-01 2.6093E+02 6.6880E-015022 3402
 2.6094E+02 6.2140E-01 2.6096E+02 5.7846E-01 2.6098E+02 5.3980E-015022 3402
 2.6100E+02 5.0457E-01 2.6101E+02 4.7282E-01 2.6103E+02 4.4386E-015022 3402
 2.6105E+02 4.1773E-01 2.6108E+02 3.7215E-01 2.6111E+02 3.3446E-015022 3402
 2.6115E+02 3.0301E-01 2.6118E+02 2.7656E-01 2.6121E+02 2.5407E-015022 3402
 2.6125E+02 2.3488E-01 2.6128E+02 2.1829E-01 2.6132E+02 2.0383E-015022 3402
 2.6135E+02 1.9105E-01 2.6138E+02 1.7975E-01 2.6145E+02 1.6049E-015022 3402
 2.6152E+02 1.4464E-01 2.6159E+02 1.3134E-01 2.6165E+02 1.1997E-015022 3402
 2.6172E+02 1.1014E-01 2.6179E+02 1.0156E-01 2.6186E+02 9.4018E-025022 3402
 2.6192E+02 8.7322E-02 2.6199E+02 8.1359E-02 2.6213E+02 7.1210E-025022 3402
 2.6226E+02 6.2924E-02 2.6240E+02 5.6057E-02 2.6253E+02 5.0296E-025022 3402
 2.6267E+02 4.5417E-02 2.6280E+02 4.1242E-02 2.6294E+02 3.7648E-025022 3402
 2.6307E+02 3.4525E-02 2.6321E+02 3.1798E-02 2.6347E+02 2.7274E-025022 3402
 2.6374E+02 2.3689E-02 2.6401E+02 2.0799E-02 2.6428E+02 1.8438E-025022 3402
 2.6455E+02 1.6484E-02 2.6482E+02 1.4849E-02 2.6509E+02 1.3467E-025022 3402
 2.6536E+02 1.2291E-02 2.6563E+02 1.1285E-02 2.6617E+02 9.6463E-035022 3402
 2.6671E+02 8.3731E-03 2.6725E+02 7.3713E-03 2.6779E+02 6.5694E-035022 3402
 2.6833E+02 5.9178E-03 2.6887E+02 5.3867E-03 2.6990E+02 4.6002E-035022 3402
 2.7092E+02 4.0158E-03 2.7195E+02 3.5741E-03 2.7297E+02 3.2319E-035022 3402
 2.7400E+02 2.9613E-03 2.7502E+02 2.7454E-03 2.7707E+02 2.4207E-035022 3402
 2.7912E+02 2.1907E-03 2.8117E+02 2.0227E-03 2.8322E+02 1.8958E-035022 3402
 2.8526E+02 1.7979E-03 2.8957E+02 1.6508E-03 2.9387E+02 1.5521E-035022 3402
 2.9818E+02 1.4819E-03 3.0248E+02 1.4296E-03 3.1070E+02 1.3586E-035022 3402
 3.1892E+02 1.3094E-03 3.2750E+02 1.2708E-03 3.4417E+02 1.2162E-035022 3402
 3.5226E+02 1.1954E-03 3.6842E+02 1.1601E-03 3.9459E+02 1.1146E-035022 3402
 4.1957E+02 1.0790E-03 4.3584E+02 1.0586E-03 4.7053E+02 1.0208E-035022 3402
 5.0320E+02 9.9038E-04 5.3774E+02 9.6259E-04 5.7053E+02 9.3960E-045022 3402
 6.0496E+02 9.1849E-04 6.3783E+02 9.0093E-04 7.0451E+02 8.7184E-045022 3402
 7.3685E+02 8.6052E-04 8.0662E+02 8.4224E-04 8.3915E+02 8.3637E-045022 3402
 9.0637E+02 8.2977E-04 9.7373E+02 8.3143E-04 1.0237E+03 8.3883E-045022 3402
 1.0755E+03 8.5320E-04 1.1224E+03 8.7351E-04 1.1545E+03 8.9237E-045022 3402
 1.2037E+03 9.3133E-04 1.2552E+03 9.8951E-04 1.2994E+03 1.0593E-035022 3402
 1.3444E+03 1.1579E-03 1.3686E+03 1.2272E-03 1.3929E+03 1.3115E-035022 3402
 1.4090E+03 1.3784E-03 1.4333E+03 1.4988E-03 1.4575E+03 1.6505E-035022 3402
 1.4824E+03 1.8507E-03 1.4999E+03 2.0275E-03 1.5086E+03 2.1302E-035022 3402
 1.5260E+03 2.3720E-03 1.5391E+03 2.5928E-03 1.5522E+03 2.8578E-035022 3402
 1.5609E+03 3.0646E-03 1.5740E+03 3.4324E-03 1.5871E+03 3.8886E-035022 3402
 1.6002E+03 4.4639E-03 1.6089E+03 4.9354E-03 1.6132E+03 5.2038E-035022 3402
 1.6214E+03 5.7759E-03 1.6254E+03 6.1027E-03 1.6336E+03 6.8563E-035022 3402
 1.6376E+03 7.2922E-03 1.6458E+03 8.3114E-03 1.6498E+03 8.9107E-035022 3402
 1.6559E+03 9.9505E-03 1.6620E+03 1.1199E-02 1.6681E+03 1.2715E-025022 3402
 1.6722E+03 1.3913E-02 1.6742E+03 1.4581E-02 1.6783E+03 1.6076E-025022 3402
 1.6803E+03 1.6915E-02 1.6844E+03 1.8812E-02 1.6864E+03 1.9887E-025022 3402
 1.6905E+03 2.2345E-02 1.6925E+03 2.3754E-02 1.6946E+03 2.5305E-025022 3402
 1.6966E+03 2.7019E-02 1.6986E+03 2.8916E-02 1.7007E+03 3.1017E-025022 3402
 1.7037E+03 3.4647E-02 1.7047E+03 3.6013E-02 1.7068E+03 3.8995E-025022 3402
 1.7088E+03 4.2360E-02 1.7108E+03 4.6171E-02 1.7118E+03 4.8272E-025022 3402
 1.7129E+03 5.0534E-02 1.7139E+03 5.2964E-02 1.7149E+03 5.5573E-025022 3402
 1.7159E+03 5.8385E-02 1.7169E+03 6.1416E-02 1.7179E+03 6.4689E-025022 3402
 1.7184E+03 6.6423E-02 1.7190E+03 6.8231E-02 1.7195E+03 7.0119E-025022 3402
 1.7200E+03 7.2085E-02 1.7205E+03 7.4141E-02 1.7210E+03 7.6281E-025022 3402
 1.7215E+03 7.8515E-02 1.7220E+03 8.0851E-02 1.7225E+03 8.3289E-025022 3402
 1.7228E+03 8.4551E-02 1.7230E+03 8.5842E-02 1.7233E+03 8.7177E-025022 3402
 1.7235E+03 8.8526E-02 1.7237E+03 8.9564E-02 1.7239E+03 9.0623E-025022 3402
 1.7241E+03 9.1515E-02 1.7241E+03 9.1878E-02 1.7242E+03 9.2328E-025022 3402
 1.7244E+03 9.3525E-02 1.7245E+03 9.4279E-02 1.7247E+03 9.5033E-025022 3402
 1.7249E+03 9.6579E-02 1.7251E+03 9.7362E-02 1.7253E+03 9.8973E-025022 3402
 1.7256E+03 1.0062E-01 1.7258E+03 1.0230E-01 1.7261E+03 1.0403E-015022 3402
 1.7266E+03 1.0762E-01 1.7271E+03 1.1141E-01 1.7276E+03 1.1539E-015022 3402
 1.7281E+03 1.1959E-01 1.7286E+03 1.2404E-01 1.7291E+03 1.2873E-015022 3402
 1.7294E+03 1.3118E-01 1.7296E+03 1.3370E-01 1.7299E+03 1.3628E-015022 3402
 1.7301E+03 1.3896E-01 1.7304E+03 1.4170E-01 1.7306E+03 1.4453E-015022 3402
 1.7309E+03 1.4745E-01 1.7312E+03 1.5045E-01 1.7314E+03 1.5356E-015022 3402
 1.7317E+03 1.5676E-01 1.7319E+03 1.6006E-01 1.7322E+03 1.6346E-015022 3402
 1.7324E+03 1.6698E-01 1.7327E+03 1.7060E-01 1.7329E+03 1.7435E-015022 3402
 1.7332E+03 1.7823E-01 1.7334E+03 1.8225E-01 1.7337E+03 1.8639E-015022 3402
 1.7340E+03 1.9068E-01 1.7342E+03 1.9511E-01 1.7345E+03 1.9971E-015022 3402
 1.7347E+03 2.0447E-01 1.7350E+03 2.0940E-01 1.7352E+03 2.1451E-015022 3402
 1.7355E+03 2.1984E-01 1.7357E+03 2.2535E-01 1.7360E+03 2.3106E-015022 3402
 1.7362E+03 2.3700E-01 1.7365E+03 2.4316E-01 1.7367E+03 2.4958E-015022 3402
 1.7370E+03 2.5625E-01 1.7373E+03 2.6320E-01 1.7375E+03 2.7045E-015022 3402
 1.7378E+03 2.7798E-01 1.7380E+03 2.8584E-01 1.7383E+03 2.9404E-015022 3402
 1.7385E+03 3.0258E-01 1.7388E+03 3.1151E-01 1.7390E+03 3.2084E-015022 3402
 1.7393E+03 3.3061E-01 1.7395E+03 3.4086E-01 1.7398E+03 3.5156E-015022 3402
 1.7400E+03 3.6277E-01 1.7403E+03 3.7453E-01 1.7406E+03 3.8685E-015022 3402
 1.7408E+03 3.9981E-01 1.7411E+03 4.1342E-01 1.7413E+03 4.2775E-015022 3402
 1.7416E+03 4.4291E-01 1.7418E+03 4.5881E-01 1.7421E+03 4.7559E-015022 3402
 1.7423E+03 4.9330E-01 1.7426E+03 5.1203E-01 1.7428E+03 5.3183E-015022 3402
 1.7431E+03 5.5282E-01 1.7434E+03 5.7507E-01 1.7436E+03 6.0033E-015022 3402
 1.7439E+03 6.2729E-01 1.7442E+03 6.5609E-01 1.7444E+03 6.8694E-015022 3402
 1.7447E+03 7.1998E-01 1.7450E+03 7.5555E-01 1.7452E+03 7.9365E-015022 3402
 1.7455E+03 8.3484E-01 1.7458E+03 8.7931E-01 1.7461E+03 9.2734E-015022 3402
 1.7463E+03 9.7943E-01 1.7466E+03 1.0360E+00 1.7467E+03 1.0663E+005022 3402
 1.7469E+03 1.0976E+00 1.7470E+03 1.1306E+00 1.7471E+03 1.1648E+005022 3402
 1.7473E+03 1.2010E+00 1.7474E+03 1.2385E+00 1.7476E+03 1.2780E+005022 3402
 1.7477E+03 1.3192E+00 1.7478E+03 1.3628E+00 1.7480E+03 1.4082E+005022 3402
 1.7481E+03 1.4562E+00 1.7482E+03 1.5062E+00 1.7484E+03 1.5594E+005022 3402
 1.7485E+03 1.6150E+00 1.7486E+03 1.6740E+00 1.7488E+03 1.7358E+005022 3402
 1.7489E+03 1.8015E+00 1.7490E+03 1.8706E+00 1.7492E+03 1.9441E+005022 3402
 1.7493E+03 2.0214E+00 1.7495E+03 2.1039E+00 1.7496E+03 2.1910E+005022 3402
 1.7497E+03 2.2841E+00 1.7499E+03 2.3824E+00 1.7500E+03 2.4880E+005022 3402
 1.7501E+03 2.5996E+00 1.7503E+03 2.7198E+00 1.7504E+03 2.8473E+005022 3402
 1.7505E+03 2.9846E+00 1.7507E+03 3.1309E+00 1.7508E+03 3.2890E+005022 3402
 1.7509E+03 3.4576E+00 1.7511E+03 3.6402E+00 1.7512E+03 3.8357E+005022 3402
 1.7513E+03 4.0481E+00 1.7515E+03 4.2759E+00 1.7516E+03 4.5241E+005022 3402
 1.7518E+03 4.7908E+00 1.7519E+03 5.0821E+00 1.7520E+03 5.3959E+005022 3402
 1.7522E+03 5.7392E+00 1.7523E+03 6.1092E+00 1.7524E+03 6.5145E+005022 3402
 1.7526E+03 6.9517E+00 1.7527E+03 7.4307E+00 1.7528E+03 7.9451E+005022 3402
 1.7530E+03 8.5087E+00 1.7531E+03 9.1131E+00 1.7532E+03 9.7710E+005022 3402
 1.7534E+03 1.0473E+01 1.7534E+03 1.0847E+01 1.7535E+03 1.1233E+015022 3402
 1.7537E+03 1.2035E+01 1.7537E+03 1.2460E+01 1.7539E+03 1.3341E+015022 3402
 1.7541E+03 1.4739E+01 1.7542E+03 1.5713E+01 1.7543E+03 1.6721E+015022 3402
 1.7547E+03 1.9765E+01 1.7549E+03 2.0746E+01 1.7550E+03 2.1679E+015022 3402
 1.7551E+03 2.2538E+01 1.7553E+03 2.3314E+01 1.7554E+03 2.3991E+015022 3402
 1.7555E+03 2.4545E+01 1.7556E+03 2.4775E+01 1.7557E+03 2.4969E+015022 3402
 1.7558E+03 2.5246E+01 1.7559E+03 2.5329E+01 1.7560E+03 2.5379E+015022 3402
 1.7561E+03 2.5346E+01 1.7562E+03 2.5163E+01 1.7563E+03 2.5015E+015022 3402
 1.7564E+03 2.4612E+01 1.7565E+03 2.4358E+01 1.7566E+03 2.3760E+015022 3402
 1.7568E+03 2.3043E+01 1.7569E+03 2.2235E+01 1.7570E+03 2.1343E+015022 3402
 1.7572E+03 2.0397E+01 1.7573E+03 1.9402E+01 1.7576E+03 1.7366E+015022 3402
 1.7577E+03 1.6354E+01 1.7580E+03 1.4393E+01 1.7581E+03 1.3461E+015022 3402
 1.7583E+03 1.2578E+01 1.7584E+03 1.1737E+01 1.7585E+03 1.0951E+015022 3402
 1.7587E+03 1.0211E+01 1.7588E+03 9.5251E+00 1.7589E+03 8.8854E+005022 3402
 1.7591E+03 8.2969E+00 1.7592E+03 7.7499E+00 1.7593E+03 7.2487E+005022 3402
 1.7595E+03 6.7841E+00 1.7596E+03 6.3596E+00 1.7597E+03 5.9661E+005022 3402
 1.7599E+03 5.6067E+00 1.7600E+03 5.2734E+00 1.7602E+03 4.9686E+005022 3402
 1.7603E+03 4.6856E+00 1.7604E+03 4.4263E+00 1.7606E+03 4.1850E+005022 3402
 1.7607E+03 3.9634E+00 1.7608E+03 3.7568E+00 1.7610E+03 3.5665E+005022 3402
 1.7611E+03 3.3886E+00 1.7612E+03 3.2243E+00 1.7614E+03 3.0703E+005022 3402
 1.7615E+03 2.9278E+00 1.7616E+03 2.7938E+00 1.7618E+03 2.6694E+005022 3402
 1.7619E+03 2.5522E+00 1.7621E+03 2.4431E+00 1.7622E+03 2.3400E+005022 3402
 1.7623E+03 2.2440E+00 1.7625E+03 2.1529E+00 1.7626E+03 2.0679E+005022 3402
 1.7627E+03 1.9871E+00 1.7629E+03 1.9115E+00 1.7630E+03 1.8396E+005022 3402
 1.7631E+03 1.7720E+00 1.7634E+03 1.6471E+00 1.7637E+03 1.5348E+005022 3402
 1.7639E+03 1.4336E+00 1.7642E+03 1.3419E+00 1.7645E+03 1.2587E+005022 3402
 1.7648E+03 1.1829E+00 1.7650E+03 1.1138E+00 1.7653E+03 1.0504E+005022 3402
 1.7656E+03 9.9237E-01 1.7658E+03 9.3895E-01 1.7661E+03 8.8969E-015022 3402
 1.7664E+03 8.4420E-01 1.7667E+03 8.0213E-01 1.7669E+03 7.6310E-015022 3402
 1.7672E+03 7.2690E-01 1.7675E+03 6.9311E-01 1.7677E+03 6.6166E-015022 3402
 1.7680E+03 6.3230E-01 1.7683E+03 6.0484E-01 1.7686E+03 5.7913E-015022 3402
 1.7688E+03 5.5502E-01 1.7691E+03 5.3239E-01 1.7694E+03 5.1111E-015022 3402
 1.7696E+03 4.9109E-01 1.7699E+03 4.7222E-01 1.7702E+03 4.5443E-015022 3402
 1.7705E+03 4.3763E-01 1.7710E+03 4.0669E-01 1.7715E+03 3.7890E-015022 3402
 1.7721E+03 3.5385E-01 1.7726E+03 3.3120E-01 1.7732E+03 3.1064E-015022 3402
 1.7737E+03 2.9194E-01 1.7742E+03 2.7487E-01 1.7748E+03 2.5927E-015022 3402
 1.7753E+03 2.4495E-01 1.7759E+03 2.3178E-01 1.7764E+03 2.1964E-015022 3402
 1.7770E+03 2.0844E-01 1.7775E+03 1.9808E-01 1.7780E+03 1.8846E-015022 3402
 1.7786E+03 1.7953E-01 1.7791E+03 1.7122E-01 1.7797E+03 1.6347E-015022 3402
 1.7808E+03 1.4948E-01 1.7818E+03 1.3721E-01 1.7824E+03 1.3163E-015022 3402
 1.7835E+03 1.2145E-01 1.7840E+03 1.1680E-01 1.7851E+03 1.0828E-015022 3402
 1.7856E+03 1.0437E-01 1.7867E+03 9.7159E-02 1.7878E+03 9.0659E-025022 3402
 1.7889E+03 8.4783E-02 1.7900E+03 7.9465E-02 1.7910E+03 7.4634E-025022 3402
 1.7921E+03 7.0229E-02 1.7932E+03 6.6205E-02 1.7943E+03 6.2519E-025022 3402
 1.7954E+03 5.9133E-02 1.7965E+03 5.6015E-02 1.7976E+03 5.3140E-025022 3402
 1.7997E+03 4.8017E-02 1.8019E+03 4.3604E-02 1.8030E+03 4.1624E-025022 3402
 1.8051E+03 3.8050E-02 1.8062E+03 3.6435E-02 1.8084E+03 3.3500E-025022 3402
 1.8116E+03 2.9725E-02 1.8138E+03 2.7556E-02 1.8149E+03 2.6565E-025022 3402
 1.8171E+03 2.4736E-02 1.8192E+03 2.3087E-02 1.8214E+03 2.1597E-025022 3402
 1.8236E+03 2.0251E-02 1.8257E+03 1.9028E-02 1.8279E+03 1.7915E-025022 3402
 1.8322E+03 1.5967E-02 1.8366E+03 1.4326E-02 1.8387E+03 1.3601E-025022 3402
 1.8431E+03 1.2310E-02 1.8496E+03 1.0701E-02 1.8561E+03 9.3967E-035022 3402
 1.8604E+03 8.6597E-03 1.8669E+03 7.7137E-03 1.8734E+03 6.9197E-035022 3402
 1.8821E+03 6.0492E-03 1.8903E+03 5.3776E-03 1.8944E+03 5.0857E-035022 3402
 1.9025E+03 4.5739E-03 1.9148E+03 3.9501E-03 1.9270E+03 3.4560E-035022 3402
 1.9352E+03 3.1817E-03 1.9475E+03 2.8345E-03 1.9597E+03 2.5483E-035022 3402
 1.9720E+03 2.3097E-03 1.9801E+03 2.1721E-03 1.9883E+03 2.0489E-035022 3402
 2.0046E+03 1.8376E-03 2.0301E+03 1.5812E-03 2.0560E+03 1.3842E-035022 3402
 2.0733E+03 1.2788E-03 2.0992E+03 1.1496E-03 2.1251E+03 1.0465E-035022 3402
 2.1510E+03 9.6303E-04 2.1901E+03 8.6385E-04 2.2292E+03 7.8791E-045022 3402
 2.2762E+03 7.1803E-04 2.3090E+03 6.7912E-04 2.3582E+03 6.3185E-045022 3402
 2.4074E+03 5.9445E-04 2.4589E+03 5.6295E-04 2.5448E+03 5.2272E-045022 3402
 2.6527E+03 4.8651E-04 2.7857E+03 4.5554E-04 2.8827E+03 4.3932E-045022 3402
 2.9823E+03 4.2709E-04 3.1044E+03 4.1881E-04 3.1218E+03 4.1849E-045022 3402
 3.1916E+03 4.2104E-04 3.2265E+03 4.2621E-04 3.2915E+03 4.5338E-045022 3402
 3.3241E+03 4.8913E-04 3.3403E+03 5.2112E-04 3.3647E+03 6.0887E-045022 3402
 3.3729E+03 6.5884E-04 3.3810E+03 7.2791E-04 3.3891E+03 8.2694E-045022 3402
 3.3972E+03 9.7616E-04 3.4054E+03 1.2126E-03 3.4094E+03 1.3873E-035022 3402
 3.4135E+03 1.6267E-03 3.4176E+03 1.9635E-03 3.4216E+03 2.4585E-035022 3402
 3.4257E+03 3.2123E-03 3.4277E+03 3.7511E-03 3.4298E+03 4.4753E-035022 3402
 3.4318E+03 5.4632E-03 3.4338E+03 6.8607E-03 3.4359E+03 8.9273E-035022 3402
 3.4379E+03 1.2114E-02 3.4389E+03 1.4436E-02 3.4399E+03 1.7572E-025022 3402
 3.4410E+03 2.1930E-02 3.4420E+03 2.8212E-02 3.4425E+03 3.2476E-025022 3402
 3.4430E+03 3.7841E-02 3.4435E+03 4.4790E-02 3.4440E+03 5.4138E-025022 3402
 3.4445E+03 6.7628E-02 3.4448E+03 7.7079E-02 3.4450E+03 8.9680E-025022 3402
 3.4453E+03 1.0737E-01 3.4455E+03 1.3351E-01 3.4457E+03 1.5140E-015022 3402
 3.4458E+03 1.7376E-01 3.4459E+03 2.0185E-01 3.4460E+03 2.3725E-015022 3402
 3.4462E+03 2.8228E-01 3.4463E+03 3.3862E-01 3.4464E+03 4.0938E-015022 3402
 3.4466E+03 4.9786E-01 3.4467E+03 6.0787E-01 3.4467E+03 6.7281E-015022 3402
 3.4468E+03 7.4366E-01 3.4469E+03 8.2338E-01 3.4469E+03 9.1007E-015022 3402
 3.4470E+03 1.0072E+00 3.4471E+03 1.1122E+00 3.4471E+03 1.2293E+005022 3402
 3.4472E+03 1.3554E+00 3.4473E+03 1.4951E+00 3.4473E+03 1.6449E+005022 3402
 3.4474E+03 1.8102E+00 3.4474E+03 1.9862E+00 3.4475E+03 2.1794E+005022 3402
 3.4476E+03 2.3840E+00 3.4476E+03 2.6070E+00 3.4477E+03 2.8419E+005022 3402
 3.4478E+03 3.0966E+00 3.4478E+03 3.3632E+00 3.4479E+03 3.6502E+005022 3402
 3.4479E+03 3.9485E+00 3.4480E+03 4.2678E+00 3.4481E+03 4.5975E+005022 3402
 3.4481E+03 4.9478E+00 3.4482E+03 5.3127E+00 3.4483E+03 5.6917E+005022 3402
 3.4483E+03 6.0775E+00 3.4485E+03 6.8887E+00 3.4486E+03 7.7347E+005022 3402
 3.4490E+03 1.0337E+01 3.4491E+03 1.1165E+01 3.4492E+03 1.1755E+015022 3402
 3.4493E+03 1.2302E+01 3.4494E+03 1.2802E+01 3.4494E+03 1.3108E+015022 3402
 3.4495E+03 1.3384E+01 3.4496E+03 1.3745E+01 3.4497E+03 1.3995E+015022 3402
 3.4497E+03 1.4135E+01 3.4498E+03 1.4308E+01 3.4499E+03 1.4411E+015022 3402
 3.4500E+03 1.4447E+01 3.4501E+03 1.4404E+01 3.4502E+03 1.4296E+015022 3402
 3.4503E+03 1.4116E+01 3.4503E+03 1.3992E+01 3.4504E+03 1.3688E+015022 3402
 3.4505E+03 1.3384E+01 3.4506E+03 1.2803E+01 3.4507E+03 1.2472E+015022 3402
 3.4508E+03 1.1940E+01 3.4509E+03 1.1367E+01 3.4510E+03 1.0551E+015022 3402
 3.4511E+03 9.6978E+00 3.4513E+03 8.3862E+00 3.4515E+03 7.1023E+005022 3402
 3.4516E+03 6.2811E+00 3.4517E+03 5.8834E+00 3.4518E+03 5.5040E+005022 3402
 3.4518E+03 5.1320E+00 3.4519E+03 4.7797E+00 3.4520E+03 4.4370E+005022 3402
 3.4520E+03 4.1147E+00 3.4521E+03 3.8033E+00 3.4521E+03 3.5127E+005022 3402
 3.4522E+03 3.2336E+00 3.4523E+03 2.9708E+00 3.4523E+03 2.7242E+005022 3402
 3.4524E+03 2.4968E+00 3.4525E+03 2.2815E+00 3.4525E+03 2.0841E+005022 3402
 3.4526E+03 1.8982E+00 3.4527E+03 1.7288E+00 3.4527E+03 1.5702E+005022 3402
 3.4528E+03 1.4264E+00 3.4528E+03 1.2925E+00 3.4529E+03 1.1719E+005022 3402
 3.4530E+03 1.0599E+00 3.4530E+03 9.5969E-01 3.4531E+03 8.6713E-015022 3402
 3.4532E+03 7.8457E-01 3.4532E+03 7.0862E-01 3.4533E+03 6.4120E-015022 3402
 3.4534E+03 5.2488E-01 3.4535E+03 4.3114E-01 3.4537E+03 3.5605E-015022 3402
 3.4538E+03 2.9619E-01 3.4539E+03 2.4863E-01 3.4540E+03 2.1091E-015022 3402
 3.4542E+03 1.8098E-01 3.4543E+03 1.5701E-01 3.4544E+03 1.3803E-015022 3402
 3.4547E+03 1.1037E-01 3.4549E+03 9.1769E-02 3.4552E+03 7.8617E-025022 3402
 3.4554E+03 6.8777E-02 3.4557E+03 6.1129E-02 3.4562E+03 4.9761E-025022 3402
 3.4567E+03 4.1572E-02 3.4572E+03 3.5384E-02 3.4582E+03 2.6674E-025022 3402
 3.4593E+03 2.0894E-02 3.4603E+03 1.6848E-02 3.4613E+03 1.3909E-025022 3402
 3.4623E+03 1.1720E-02 3.4643E+03 8.6894E-03 3.4664E+03 6.7105E-035022 3402
 3.4684E+03 5.3637E-03 3.4704E+03 4.4069E-03 3.4725E+03 3.7027E-035022 3402
 3.4745E+03 3.1773E-03 3.4786E+03 2.4395E-03 3.4826E+03 1.9527E-035022 3402
 3.4867E+03 1.6206E-03 3.4910E+03 1.3704E-03 3.4997E+03 1.0525E-035022 3402
 3.5041E+03 9.4881E-04 3.5127E+03 8.0155E-04 3.5214E+03 7.0368E-045022 3402
 3.5387E+03 5.8709E-04 3.5561E+03 5.2257E-04 3.5734E+03 4.8276E-045022 3402
 3.6255E+03 4.2489E-04 3.6948E+03 3.9571E-04 3.7969E+03 3.7852E-045022 3402
 3.9929E+03 3.6714E-04 4.0601E+03 3.6586E-04 4.2329E+03 3.6677E-045022 3402
 4.4271E+03 3.7594E-04 4.5851E+03 3.9343E-04 4.7163E+03 4.2073E-045022 3402
 4.7983E+03 4.4851E-04 4.9006E+03 5.0485E-04 4.9779E+03 5.7741E-045022 3402
 5.0295E+03 6.5289E-04 5.0724E+03 7.4460E-04 5.0986E+03 8.2055E-045022 3402
 5.1256E+03 9.2255E-04 5.1436E+03 1.0090E-03 5.1661E+03 1.1457E-035022 3402
 5.1930E+03 1.3723E-03 5.2155E+03 1.6413E-03 5.2290E+03 1.8558E-035022 3402
 5.2425E+03 2.1276E-03 5.2515E+03 2.3512E-03 5.2650E+03 2.7738E-035022 3402
 5.2695E+03 2.9445E-03 5.2785E+03 3.3437E-03 5.2852E+03 3.7064E-035022 3402
 5.2897E+03 3.9863E-03 5.2965E+03 4.4765E-03 5.3032E+03 5.0726E-035022 3402
 5.3100E+03 5.8074E-03 5.3145E+03 6.3966E-03 5.3167E+03 6.7276E-035022 3402
 5.3212E+03 7.4772E-03 5.3235E+03 7.9016E-03 5.3280E+03 8.8737E-035022 3402
 5.3302E+03 9.4323E-03 5.3347E+03 1.0726E-02 5.3370E+03 1.1479E-025022 3402
 5.3392E+03 1.2318E-02 5.3415E+03 1.3255E-02 5.3437E+03 1.4307E-025022 3402
 5.3460E+03 1.5492E-02 5.3482E+03 1.6836E-02 5.3505E+03 1.8365E-025022 3402
 5.3527E+03 2.0120E-02 5.3550E+03 2.2144E-02 5.3572E+03 2.4495E-025022 3402
 5.3595E+03 2.7246E-02 5.3617E+03 3.0481E-02 5.3628E+03 3.2321E-025022 3402
 5.3639E+03 3.4339E-02 5.3651E+03 3.6562E-02 5.3662E+03 3.9009E-025022 3402
 5.3673E+03 4.1712E-02 5.3684E+03 4.4707E-02 5.3696E+03 4.8038E-025022 3402
 5.3701E+03 4.9845E-02 5.3707E+03 5.1756E-02 5.3710E+03 5.2754E-025022 3402
 5.3715E+03 5.4840E-02 5.3718E+03 5.5930E-02 5.3721E+03 5.7055E-025022 3402
 5.3724E+03 5.8213E-02 5.3726E+03 5.9107E-02 5.3729E+03 6.0642E-025022 3402
 5.3732E+03 6.1918E-02 5.3736E+03 6.3905E-02 5.3741E+03 6.5986E-025022 3402
 5.3744E+03 6.7432E-02 5.3749E+03 7.0473E-02 5.3752E+03 7.2070E-025022 3402
 5.3758E+03 7.5439E-02 5.3763E+03 7.9045E-02 5.3769E+03 8.2919E-025022 3402
 5.3774E+03 8.7083E-02 5.3779E+03 9.1102E-02 5.3785E+03 9.5403E-025022 3402
 5.3790E+03 1.0002E-01 5.3795E+03 1.0499E-01 5.3800E+03 1.1033E-015022 3402
 5.3805E+03 1.1609E-01 5.3807E+03 1.1915E-01 5.3810E+03 1.2232E-015022 3402
 5.3812E+03 1.2563E-01 5.3815E+03 1.2906E-01 5.3817E+03 1.3265E-015022 3402
 5.3820E+03 1.3639E-01 5.3822E+03 1.4029E-01 5.3825E+03 1.4435E-015022 3402
 5.3827E+03 1.4861E-01 5.3830E+03 1.5303E-01 5.3833E+03 1.5768E-015022 3402
 5.3835E+03 1.6253E-01 5.3838E+03 1.6762E-01 5.3840E+03 1.7295E-015022 3402
 5.3843E+03 1.7855E-01 5.3845E+03 1.8439E-01 5.3848E+03 1.9057E-015022 3402
 5.3850E+03 1.9702E-01 5.3853E+03 2.0384E-01 5.3855E+03 2.1098E-015022 3402
 5.3858E+03 2.1855E-01 5.3860E+03 2.2653E-01 5.3863E+03 2.3494E-015022 3402
 5.3865E+03 2.4381E-01 5.3868E+03 2.5322E-01 5.3870E+03 2.6315E-015022 3402
 5.3873E+03 2.7372E-01 5.3875E+03 2.8488E-01 5.3878E+03 2.9681E-015022 3402
 5.3881E+03 3.0948E-01 5.3883E+03 3.2299E-01 5.3886E+03 3.3734E-015022 3402
 5.3888E+03 3.5273E-01 5.3891E+03 3.6913E-01 5.3893E+03 3.8676E-015022 3402
 5.3896E+03 4.0560E-01 5.3898E+03 4.2593E-01 5.3901E+03 4.4781E-015022 3402
 5.3903E+03 4.7142E-01 5.3906E+03 4.9681E-01 5.3908E+03 5.2440E-015022 3402
 5.3910E+03 5.3900E-01 5.3911E+03 5.5420E-01 5.3912E+03 5.7017E-015022 3402
 5.3913E+03 5.8670E-01 5.3915E+03 6.0395E-01 5.3916E+03 6.2195E-015022 3402
 5.3917E+03 6.4091E-01 5.3918E+03 6.6056E-01 5.3920E+03 6.8111E-015022 3402
 5.3921E+03 7.0260E-01 5.3922E+03 7.2530E-01 5.3923E+03 7.4888E-015022 3402
 5.3925E+03 7.7347E-01 5.3926E+03 7.9944E-01 5.3927E+03 8.2679E-015022 3402
 5.3929E+03 8.5523E-01 5.3930E+03 8.8519E-01 5.3931E+03 9.1653E-015022 3402
 5.3932E+03 9.4983E-01 5.3934E+03 9.8450E-01 5.3935E+03 1.0210E+005022 3402
 5.3936E+03 1.0594E+00 5.3937E+03 1.1001E+00 5.3939E+03 1.1426E+005022 3402
 5.3940E+03 1.1877E+00 5.3941E+03 1.2347E+00 5.3942E+03 1.2848E+005022 3402
 5.3944E+03 1.3370E+00 5.3945E+03 1.3919E+00 5.3946E+03 1.4497E+005022 3402
 5.3947E+03 1.5111E+00 5.3949E+03 1.5751E+00 5.3950E+03 1.6423E+005022 3402
 5.3951E+03 1.7130E+00 5.3953E+03 1.7878E+00 5.3954E+03 1.8656E+005022 3402
 5.3955E+03 1.9471E+00 5.3956E+03 2.0324E+00 5.3958E+03 2.1223E+005022 3402
 5.3959E+03 2.2153E+00 5.3960E+03 2.3129E+00 5.3961E+03 2.4138E+005022 3402
 5.3963E+03 2.5193E+00 5.3964E+03 2.6276E+00 5.3966E+03 2.8550E+005022 3402
 5.3969E+03 3.0962E+00 5.3970E+03 3.2204E+00 5.3973E+03 3.4760E+005022 3402
 5.3976E+03 3.8666E+00 5.3980E+03 4.2547E+00 5.3984E+03 4.6180E+005022 3402
 5.3987E+03 4.8361E+00 5.3989E+03 5.0286E+00 5.3990E+03 5.1127E+005022 3402
 5.3992E+03 5.1882E+00 5.3994E+03 5.3108E+00 5.3995E+03 5.3564E+005022 3402
 5.3997E+03 5.3913E+00 5.3998E+03 5.4152E+00 5.3999E+03 5.4277E+005022 3402
 5.4001E+03 5.4287E+00 5.4002E+03 5.4183E+00 5.4003E+03 5.3962E+005022 3402
 5.4004E+03 5.3632E+00 5.4006E+03 5.3194E+00 5.4007E+03 5.2651E+005022 3402
 5.4009E+03 5.1264E+00 5.4011E+03 5.0438E+00 5.4012E+03 4.9529E+005022 3402
 5.4014E+03 4.7488E+00 5.4017E+03 4.5218E+00 5.4019E+03 4.2765E+005022 3402
 5.4022E+03 4.0201E+00 5.4028E+03 3.3690E+00 5.4032E+03 2.9955E+005022 3402
 5.4033E+03 2.8754E+00 5.4036E+03 2.6467E+00 5.4038E+03 2.4316E+005022 3402
 5.4040E+03 2.3301E+00 5.4042E+03 2.1380E+00 5.4043E+03 2.0474E+005022 3402
 5.4046E+03 1.8793E+00 5.4047E+03 1.8008E+00 5.4050E+03 1.6542E+005022 3402
 5.4052E+03 1.5217E+00 5.4054E+03 1.4599E+00 5.4055E+03 1.4015E+005022 3402
 5.4057E+03 1.2933E+00 5.4060E+03 1.1954E+00 5.4062E+03 1.1070E+005022 3402
 5.4065E+03 1.0272E+00 5.4067E+03 9.5541E-01 5.4070E+03 8.9012E-015022 3402
 5.4072E+03 8.3122E-01 5.4075E+03 7.7753E-01 5.4078E+03 7.2886E-015022 3402
 5.4080E+03 6.8431E-01 5.4083E+03 6.4378E-01 5.4085E+03 6.0652E-015022 3402
 5.4088E+03 5.7248E-01 5.4090E+03 5.4106E-01 5.4093E+03 5.1224E-015022 3402
 5.4095E+03 4.8553E-01 5.4098E+03 4.6093E-01 5.4100E+03 4.3805E-015022 3402
 5.4103E+03 4.1682E-01 5.4105E+03 3.9709E-01 5.4108E+03 3.7879E-015022 3402
 5.4113E+03 3.4573E-01 5.4115E+03 3.3075E-01 5.4120E+03 3.0364E-015022 3402
 5.4123E+03 2.9129E-01 5.4128E+03 2.6880E-01 5.4133E+03 2.4881E-015022 3402
 5.4138E+03 2.3097E-01 5.4143E+03 2.1496E-01 5.4148E+03 2.0057E-015022 3402
 5.4153E+03 1.8759E-01 5.4158E+03 1.7582E-01 5.4163E+03 1.6510E-015022 3402
 5.4168E+03 1.5536E-01 5.4174E+03 1.4645E-01 5.4179E+03 1.3828E-015022 3402
 5.4184E+03 1.3078E-01 5.4189E+03 1.2388E-01 5.4194E+03 1.1751E-015022 3402
 5.4204E+03 1.0615E-01 5.4209E+03 1.0109E-01 5.4219E+03 9.1994E-025022 3402
 5.4224E+03 8.7895E-02 5.4234E+03 8.0496E-02 5.4244E+03 7.3988E-025022 3402
 5.4249E+03 7.1032E-02 5.4259E+03 6.5629E-02 5.4264E+03 6.3154E-025022 3402
 5.4280E+03 5.6529E-02 5.4290E+03 5.2672E-02 5.4300E+03 4.9201E-025022 3402
 5.4310E+03 4.6058E-02 5.4320E+03 4.3211E-02 5.4330E+03 4.0622E-025022 3402
 5.4340E+03 3.8261E-02 5.4350E+03 3.6099E-02 5.4371E+03 3.2296E-025022 3402
 5.4391E+03 2.9069E-02 5.4401E+03 2.7636E-02 5.4421E+03 2.5074E-025022 3402
 5.4451E+03 2.1856E-02 5.4482E+03 1.9226E-02 5.4502E+03 1.7732E-025022 3402
 5.4532E+03 1.5804E-02 5.4542E+03 1.5233E-02 5.4583E+03 1.3237E-025022 3402
 5.4603E+03 1.2384E-02 5.4643E+03 1.0913E-02 5.4684E+03 9.6963E-035022 3402
 5.4704E+03 9.1646E-03 5.4744E+03 8.2295E-03 5.4805E+03 7.0822E-035022 3402
 5.4866E+03 6.1676E-03 5.4906E+03 5.6575E-03 5.4967E+03 5.0092E-035022 3402
 5.5027E+03 4.4725E-03 5.5088E+03 4.0234E-03 5.5149E+03 3.6449E-035022 3402
 5.5270E+03 3.0420E-03 5.5391E+03 2.5904E-03 5.5512E+03 2.2436E-035022 3402
 5.5593E+03 2.0553E-03 5.5714E+03 1.8215E-03 5.5836E+03 1.6331E-035022 3402
 5.5957E+03 1.4788E-03 5.6199E+03 1.2446E-03 5.6442E+03 1.0775E-035022 3402
 5.6684E+03 9.5469E-04 5.7089E+03 8.1308E-04 5.7574E+03 7.0605E-045022 3402
 5.8139E+03 6.3080E-04 5.9122E+03 5.6800E-04 5.9994E+03 5.5360E-045022 3402
 6.1041E+03 5.7169E-04 6.2087E+03 6.2893E-04 6.2436E+03 6.5902E-045022 3402
 6.2959E+03 7.1815E-04 6.3483E+03 7.9959E-04 6.4006E+03 9.1305E-045022 3402
 6.4442E+03 1.0438E-03 6.4692E+03 1.1396E-03 6.4936E+03 1.2530E-035022 3402
 6.5099E+03 1.3421E-03 6.5343E+03 1.5015E-03 6.5587E+03 1.7010E-035022 3402
 6.5831E+03 1.9547E-03 6.5993E+03 2.1642E-03 6.6074E+03 2.2841E-035022 3402
 6.6237E+03 2.5614E-03 6.6318E+03 2.7224E-03 6.6400E+03 2.9010E-035022 3402
 6.6481E+03 3.0995E-03 6.6603E+03 3.4432E-03 6.6684E+03 3.7089E-035022 3402
 6.6806E+03 4.1750E-03 6.6928E+03 4.7433E-03 6.6969E+03 4.9605E-035022 3402
 6.7050E+03 5.4459E-03 6.7132E+03 6.0106E-03 6.7172E+03 6.3285E-035022 3402
 6.7254E+03 7.0490E-03 6.7416E+03 8.9375E-03 6.7457E+03 9.5331E-035022 3402
 6.7498E+03 1.0193E-02 6.7538E+03 1.0922E-02 6.7559E+03 1.1316E-025022 3402
 6.7579E+03 1.1736E-02 6.7599E+03 1.2179E-02 6.7620E+03 1.2649E-025022 3402
 6.7640E+03 1.3147E-02 6.7660E+03 1.3675E-02 6.7681E+03 1.4238E-025022 3402
 6.7701E+03 1.4835E-02 6.7721E+03 1.5472E-02 6.7742E+03 1.6150E-025022 3402
 6.7752E+03 1.6506E-02 6.7762E+03 1.6875E-02 6.7767E+03 1.7063E-025022 3402
 6.7772E+03 1.7256E-02 6.7780E+03 1.7551E-02 6.7782E+03 1.7650E-025022 3402
 6.7787E+03 1.7853E-02 6.7792E+03 1.8060E-02 6.7795E+03 1.8164E-025022 3402
 6.7798E+03 1.8270E-02 6.7803E+03 1.8484E-02 6.7805E+03 1.8592E-025022 3402
 6.7810E+03 1.8811E-02 6.7813E+03 1.8923E-02 6.7818E+03 1.9147E-025022 3402
 6.7823E+03 1.9377E-02 6.7833E+03 1.9850E-02 6.7843E+03 2.0339E-025022 3402
 6.7853E+03 2.0846E-02 6.7864E+03 2.1373E-02 6.7874E+03 2.1922E-025022 3402
 6.7884E+03 2.2490E-02 6.7894E+03 2.3083E-02 6.7904E+03 2.3698E-025022 3402
 6.7914E+03 2.4339E-02 6.7925E+03 2.5006E-02 6.7935E+03 2.5702E-025022 3402
 6.7945E+03 2.6427E-02 6.7955E+03 2.7184E-02 6.7965E+03 2.7973E-025022 3402
 6.7975E+03 2.8799E-02 6.7986E+03 2.9660E-02 6.7996E+03 3.0562E-025022 3402
 6.8006E+03 3.1505E-02 6.8016E+03 3.2493E-02 6.8026E+03 3.3527E-025022 3402
 6.8036E+03 3.4613E-02 6.8047E+03 3.5751E-02 6.8057E+03 3.6948E-025022 3402
 6.8067E+03 3.8203E-02 6.8077E+03 3.9526E-02 6.8082E+03 4.0212E-025022 3402
 6.8087E+03 4.0917E-02 6.8092E+03 4.1641E-02 6.8097E+03 4.2383E-025022 3402
 6.8103E+03 4.3146E-02 6.8108E+03 4.3929E-02 6.8113E+03 4.4736E-025022 3402
 6.8118E+03 4.5564E-02 6.8123E+03 4.6416E-02 6.8128E+03 4.7290E-025022 3402
 6.8133E+03 4.8191E-02 6.8138E+03 4.9116E-02 6.8143E+03 5.0068E-025022 3402
 6.8148E+03 5.1047E-02 6.8153E+03 5.2058E-02 6.8158E+03 5.3097E-025022 3402
 6.8164E+03 5.4167E-02 6.8169E+03 5.5268E-02 6.8174E+03 5.6407E-025022 3402
 6.8179E+03 5.7578E-02 6.8184E+03 5.8786E-02 6.8189E+03 6.0032E-025022 3402
 6.8194E+03 6.1321E-02 6.8199E+03 6.2648E-02 6.8204E+03 6.4018E-025022 3402
 6.8209E+03 6.5434E-02 6.8214E+03 6.6899E-02 6.8219E+03 6.8410E-025022 3402
 6.8225E+03 6.9973E-02 6.8230E+03 7.1589E-02 6.8235E+03 7.3263E-025022 3402
 6.8240E+03 7.4997E-02 6.8245E+03 7.6789E-02 6.8250E+03 7.8646E-025022 3402
 6.8255E+03 8.0575E-02 6.8260E+03 8.2563E-02 6.8265E+03 8.4631E-025022 3402
 6.8270E+03 8.6778E-02 6.8275E+03 8.9012E-02 6.8280E+03 9.1319E-025022 3402
 6.8286E+03 9.3728E-02 6.8291E+03 9.6223E-02 6.8296E+03 9.8820E-025022 3402
 6.8301E+03 1.0153E-01 6.8306E+03 1.0433E-01 6.8311E+03 1.0726E-015022 3402
 6.8316E+03 1.1030E-01 6.8321E+03 1.1348E-01 6.8326E+03 1.1679E-015022 3402
 6.8331E+03 1.2025E-01 6.8336E+03 1.2386E-01 6.8341E+03 1.2763E-015022 3402
 6.8346E+03 1.3157E-01 6.8352E+03 1.3567E-01 6.8357E+03 1.3999E-015022 3402
 6.8362E+03 1.4449E-01 6.8367E+03 1.4921E-01 6.8372E+03 1.5416E-015022 3402
 6.8377E+03 1.5935E-01 6.8382E+03 1.6480E-01 6.8387E+03 1.7051E-015022 3402
 6.8392E+03 1.7651E-01 6.8397E+03 1.8283E-01 6.8402E+03 1.8947E-015022 3402
 6.8407E+03 1.9646E-01 6.8413E+03 2.0382E-01 6.8418E+03 2.1160E-015022 3402
 6.8423E+03 2.1979E-01 6.8428E+03 2.2843E-01 6.8433E+03 2.3755E-015022 3402
 6.8438E+03 2.4722E-01 6.8443E+03 2.5744E-01 6.8448E+03 2.6826E-015022 3402
 6.8453E+03 2.7970E-01 6.8458E+03 2.9185E-01 6.8463E+03 3.0472E-015022 3402
 6.8468E+03 3.1836E-01 6.8474E+03 3.3286E-01 6.8479E+03 3.4828E-015022 3402
 6.8484E+03 3.6464E-01 6.8489E+03 3.8203E-01 6.8494E+03 4.0053E-015022 3402
 6.8499E+03 4.2024E-01 6.8504E+03 4.4118E-01 6.8509E+03 4.6345E-015022 3402
 6.8514E+03 4.8714E-01 6.8519E+03 5.1238E-01 6.8524E+03 5.3915E-015022 3402
 6.8529E+03 5.6758E-01 6.8535E+03 5.9773E-01 6.8540E+03 6.2973E-015022 3402
 6.8545E+03 6.6349E-01 6.8550E+03 6.9911E-01 6.8555E+03 7.3655E-015022 3402
 6.8560E+03 7.7594E-01 6.8565E+03 8.1693E-01 6.8570E+03 8.5951E-015022 3402
 6.8575E+03 9.0354E-01 6.8580E+03 9.4888E-01 6.8585E+03 9.9485E-015022 3402
 6.8596E+03 1.0877E+00 6.8606E+03 1.1778E+00 6.8611E+03 1.2202E+005022 3402
 6.8616E+03 1.2598E+00 6.8621E+03 1.2959E+00 6.8626E+03 1.3275E+005022 3402
 6.8631E+03 1.3541E+00 6.8636E+03 1.3751E+00 6.8641E+03 1.3897E+005022 3402
 6.8646E+03 1.3979E+00 6.8651E+03 1.3992E+00 6.8657E+03 1.3937E+005022 3402
 6.8662E+03 1.3814E+00 6.8667E+03 1.3628E+00 6.8672E+03 1.3382E+005022 3402
 6.8677E+03 1.3083E+00 6.8682E+03 1.2739E+00 6.8687E+03 1.2355E+005022 3402
 6.8692E+03 1.1942E+00 6.8697E+03 1.1504E+00 6.8707E+03 1.0589E+005022 3402
 6.8718E+03 9.6615E-01 6.8728E+03 8.7598E-01 6.8733E+03 8.3274E-015022 3402
 6.8743E+03 7.5091E-01 6.8748E+03 7.1277E-01 6.8758E+03 6.4191E-015022 3402
 6.8763E+03 6.0919E-01 6.8768E+03 5.7835E-01 6.8773E+03 5.4919E-015022 3402
 6.8779E+03 5.2178E-01 6.8784E+03 4.9595E-01 6.8789E+03 4.7169E-015022 3402
 6.8794E+03 4.4888E-01 6.8799E+03 4.2744E-01 6.8804E+03 4.0725E-015022 3402
 6.8809E+03 3.8831E-01 6.8814E+03 3.7050E-01 6.8819E+03 3.5376E-015022 3402
 6.8829E+03 3.2315E-01 6.8834E+03 3.0919E-01 6.8845E+03 2.8361E-015022 3402
 6.8855E+03 2.6089E-01 6.8860E+03 2.5046E-01 6.8870E+03 2.3129E-015022 3402
 6.8875E+03 2.2247E-01 6.8880E+03 2.1413E-01 6.8890E+03 1.9871E-015022 3402
 6.8901E+03 1.8483E-01 6.8911E+03 1.7227E-01 6.8921E+03 1.6092E-015022 3402
 6.8931E+03 1.5059E-01 6.8941E+03 1.4119E-01 6.8951E+03 1.3263E-015022 3402
 6.8962E+03 1.2481E-01 6.8972E+03 1.1762E-01 6.8982E+03 1.1104E-015022 3402
 6.8992E+03 1.0498E-01 6.9002E+03 9.9395E-02 6.9012E+03 9.4228E-025022 3402
 6.9023E+03 8.9448E-02 6.9033E+03 8.5022E-02 6.9043E+03 8.0909E-025022 3402
 6.9053E+03 7.7086E-02 6.9063E+03 7.3516E-02 6.9084E+03 6.7080E-025022 3402
 6.9094E+03 6.4170E-02 6.9114E+03 5.8884E-02 6.9124E+03 5.6483E-025022 3402
 6.9144E+03 5.2095E-02 6.9165E+03 4.8198E-02 6.9175E+03 4.6412E-025022 3402
 6.9185E+03 4.4726E-02 6.9205E+03 4.1615E-02 6.9226E+03 3.8811E-025022 3402
 6.9246E+03 3.6278E-02 6.9266E+03 3.3984E-02 6.9287E+03 3.1902E-025022 3402
 6.9307E+03 3.0004E-02 6.9327E+03 2.8271E-02 6.9348E+03 2.6685E-025022 3402
 6.9368E+03 2.5229E-02 6.9388E+03 2.3888E-02 6.9429E+03 2.1509E-025022 3402
 6.9449E+03 2.0453E-02 6.9490E+03 1.8561E-02 6.9510E+03 1.7712E-025022 3402
 6.9551E+03 1.6182E-02 6.9592E+03 1.4843E-02 6.9653E+03 1.3129E-025022 3402
 6.9714E+03 1.1699E-02 6.9777E+03 1.0446E-02 6.9821E+03 9.7072E-035022 3402
 6.9864E+03 9.0463E-03 6.9908E+03 8.4500E-03 6.9951E+03 7.9124E-035022 3402
 6.9994E+03 7.4249E-03 7.0081E+03 6.5799E-03 7.0124E+03 6.2120E-035022 3402
 7.0211E+03 5.5658E-03 7.0298E+03 5.0186E-03 7.0428E+03 4.3428E-035022 3402
 7.0558E+03 3.8003E-03 7.0688E+03 3.3581E-03 7.0775E+03 3.1074E-035022 3402
 7.0905E+03 2.7840E-03 7.1035E+03 2.5124E-03 7.1122E+03 2.3548E-035022 3402
 7.1295E+03 2.0841E-03 7.1469E+03 1.8619E-03 7.1729E+03 1.5962E-035022 3402
 7.1989E+03 1.3902E-03 7.2249E+03 1.2272E-03 7.2422E+03 1.1368E-035022 3402
 7.2683E+03 1.0223E-03 7.2943E+03 9.2799E-04 7.3203E+03 8.4935E-045022 3402
 7.3376E+03 8.0394E-04 7.3897E+03 6.9366E-04 7.4417E+03 6.1165E-045022 3402
 7.4937E+03 5.4900E-04 7.5774E+03 4.7523E-04 7.6755E+03 4.1578E-045022 3402
 7.7571E+03 3.8015E-04 7.8552E+03 3.4813E-04 7.9532E+03 3.2404E-045022 3402
 8.0185E+03 3.1110E-04 8.0512E+03 3.0535E-04 8.0517E+03 2.9957E-045022 3402
 8.0523E+03 2.9403E-04 8.0528E+03 2.8893E-04 8.0534E+03 2.8441E-045022 3402
 8.0536E+03 2.8238E-04 8.0539E+03 2.8051E-04 8.0542E+03 2.7880E-045022 3402
 8.0544E+03 2.7724E-04 8.0550E+03 2.7455E-04 8.0555E+03 2.7234E-045022 3402
 8.0561E+03 2.7053E-04 8.0566E+03 2.6905E-04 8.0571E+03 2.6781E-045022 3402
 8.0577E+03 2.6679E-04 8.0582E+03 2.6591E-04 8.0588E+03 2.6516E-045022 3402
 8.0598E+03 2.6393E-04 8.0609E+03 2.6299E-04 8.0620E+03 2.6223E-045022 3402
 8.0642E+03 2.6109E-04 8.0663E+03 2.6028E-04 8.0685E+03 2.5966E-045022 3402
 8.0728E+03 2.5881E-04 8.0771E+03 2.5824E-04 8.0857E+03 2.5752E-045022 3402
 8.0944E+03 2.5710E-04 8.1030E+03 2.5681E-04 8.1203E+03 2.5645E-045022 3402
 8.1548E+03 2.5608E-04 8.1894E+03 2.5589E-04 8.4657E+03 2.5516E-045022 3402
 8.5003E+03 2.5497E-04 8.5348E+03 2.5459E-04 8.5521E+03 2.5421E-045022 3402
 8.5607E+03 2.5391E-04 8.5694E+03 2.5347E-04 8.5737E+03 2.5316E-045022 3402
 8.5780E+03 2.5273E-04 8.5823E+03 2.5214E-04 8.5845E+03 2.5174E-045022 3402
 8.5866E+03 2.5125E-04 8.5888E+03 2.5063E-04 8.5910E+03 2.4978E-045022 3402
 8.5920E+03 2.4925E-04 8.5931E+03 2.4860E-04 8.5942E+03 2.4783E-045022 3402
 8.5953E+03 2.4697E-04 8.5958E+03 2.4675E-04 8.5963E+03 2.4727E-045022 3402
 8.5969E+03 2.5008E-04 8.5974E+03 2.5913E-04 8.5980E+03 2.8371E-045022 3402
 8.5982E+03 3.0734E-04 8.5985E+03 3.4337E-04 8.5988E+03 3.9714E-045022 3402
 8.5990E+03 4.7567E-04 8.5993E+03 5.8800E-04 8.5996E+03 7.4474E-045022 3402
 8.5999E+03 9.6078E-04 8.6001E+03 1.2516E-03 8.6004E+03 1.6354E-035022 3402
 8.6007E+03 2.1318E-03 8.6009E+03 2.7614E-03 8.6012E+03 3.5440E-035022 3402
 8.6015E+03 4.4977E-03 8.6017E+03 5.6327E-03 8.6020E+03 6.9666E-035022 3402
 8.6023E+03 8.4986E-03 8.6026E+03 1.0224E-02 8.6028E+03 1.2120E-025022 3402
 8.6031E+03 1.4180E-02 8.6034E+03 1.6365E-02 8.6039E+03 1.7618E-045022 3402
 8.6039E+03 3.5718E-02 8.6039E+03 3.5718E-02 9.2783E+03 3.3854E-025022 3402
 1.0000E+04 3.2099E-02 1.0484E+04 3.0987E-02 1.0990E+04 2.9918E-025022 3402
 1.1517E+04 2.8889E-02 1.2068E+04 2.7900E-02 1.2619E+04 2.6988E-025022 3402
 1.3192E+04 2.6107E-02 1.3790E+04 2.5259E-02 1.4412E+04 2.4442E-025022 3402
 1.5034E+04 2.3683E-02 1.5680E+04 2.2953E-02 1.6352E+04 2.2245E-025022 3402
 1.7049E+04 2.1562E-02 1.7747E+04 2.0926E-02 1.8471E+04 2.0311E-025022 3402
 1.9222E+04 1.9717E-02 2.0000E+04 1.9143E-02 2.1359E+04 1.8407E-025022 3402
 2.2797E+04 1.7707E-02 2.4279E+04 1.7057E-02 2.5843E+04 1.6434E-025022 3402
 2.7454E+04 1.5852E-02 2.9152E+04 1.5296E-02 3.0897E+04 1.4775E-025022 3402
 3.2732E+04 1.4277E-02 3.4597E+04 1.3814E-02 3.6554E+04 1.3368E-025022 3402
 3.8605E+04 1.2940E-02 4.0756E+04 1.2529E-02 4.2916E+04 1.2148E-025022 3402
 4.5174E+04 1.1783E-02 4.7534E+04 1.1431E-02 5.0000E+04 1.1091E-025022 3402
 5.4578E+04 1.0777E-02 5.9475E+04 1.0477E-02 6.4603E+04 1.0197E-025022 3402
 7.0067E+04 9.9278E-03 7.0077E+04 9.9278E-03 7.6861E+04 9.6309E-035022 3402
 8.4156E+04 9.3476E-03 9.1813E+04 9.0835E-03 1.0000E+05 8.8309E-035022 3402
 1.1006E+05 8.6686E-03 1.2083E+05 8.5134E-03 1.4433E+05 8.2237E-035022 3402
 1.7067E+05 7.9585E-03 2.0000E+05 7.7137E-03 2.1826E+05 7.7205E-035022 3402
 2.5133E+05 7.7310E-03 2.8755E+05 7.7386E-03 3.2706E+05 7.7451E-035022 3402
 3.7000E+05 7.7492E-03 4.3972E+05 8.0493E-03 5.1765E+05 8.3394E-035022 3402
 6.0427E+05 8.6190E-03 7.0000E+05 8.8889E-03 8.4092E+05 9.9828E-035022 3402
 1.0000E+06 1.1127E-02 1.0725E+06 1.0684E-02 1.1494E+06 1.0260E-025022 3402
 1.1494E+06 1.0260E-02 1.1509E+06 1.0252E-02 1.1525E+06 1.0244E-025022 3402
 1.1556E+06 1.0227E-02 1.1587E+06 1.0212E-02 1.1618E+06 1.0196E-025022 3402
 1.1680E+06 1.0163E-02 1.1743E+06 1.0132E-02 1.1806E+06 1.0099E-025022 3402
 1.1870E+06 1.0068E-02 1.1998E+06 1.0005E-02 1.2127E+06 9.9414E-035022 3402
 1.2258E+06 9.8782E-03 1.2524E+06 9.7538E-03 1.2794E+06 9.6322E-035022 3402
 1.3518E+06 9.3218E-03 1.4719E+06 8.8591E-03 1.6000E+06 8.4233E-035022 3402
 1.6933E+06 8.7237E-03 1.7909E+06 9.0285E-03 2.0000E+06 9.6535E-035022 3402
 2.0528E+06 9.2164E-03 2.1073E+06 8.7955E-03 2.1577E+06 8.4319E-035022 3402
 2.1577E+06 8.4319E-03 2.2123E+06 8.0634E-03 2.2686E+06 7.7088E-035022 3402
 2.2686E+06 7.7088E-03 2.2787E+06 7.6479E-03 2.3594E+06 7.1844E-035022 3402
 2.4199E+06 6.8651E-03 2.4400E+06 6.7636E-03 2.4400E+06 6.7636E-035022 3402
 2.5106E+06 6.4241E-03 2.5106E+06 6.4241E-03 2.5700E+06 6.1586E-035022 3402
 2.5812E+06 6.1104E-03 2.6804E+06 5.7071E-03 2.7832E+06 5.3300E-035022 3402
 2.8897E+06 4.9775E-03 3.0000E+06 4.6482E-03 3.1101E+06 4.3348E-035022 3402
 3.2240E+06 4.0421E-03 3.3420E+06 3.7685E-03 3.4641E+06 3.5129E-035022 3402
 3.5907E+06 3.2738E-03 3.7221E+06 3.0500E-03 3.8585E+06 2.8403E-035022 3402
 4.0000E+06 2.6441E-03 4.1189E+06 2.4940E-03 4.2417E+06 2.3514E-035022 3402
 4.3687E+06 2.2161E-03 4.5000E+06 2.0875E-03 4.6189E+06 1.9800E-035022 3402
 4.7418E+06 1.8770E-03 4.8688E+06 1.7783E-03 5.0000E+06 1.6840E-035022 3402
 5.1188E+06 1.5870E-03 5.2415E+06 1.4945E-03 5.3686E+06 1.4060E-035022 3402
 5.5000E+06 1.3218E-03 5.6066E+06 1.2584E-03 5.6074E+06 1.2579E-035022 3402
 5.6076E+06 1.2578E-03 5.7022E+06 1.2049E-03 5.7991E+06 1.1537E-035022 3402
 5.8983E+06 1.1042E-03 6.0000E+06 1.0564E-03 6.1197E+06 1.0035E-035022 3402
 6.2429E+06 9.5268E-04 6.3696E+06 9.0391E-04 6.5000E+06 8.5700E-045022 3402
 6.6201E+06 8.1657E-04 6.7434E+06 7.7768E-04 6.8700E+06 7.4011E-045022 3402
 7.0000E+06 7.0400E-04 7.2471E+06 6.8509E-04 7.5000E+06 6.6640E-045022 3402
 7.7473E+06 6.4874E-04 8.0000E+06 6.3121E-04 8.2475E+06 6.1460E-045022 3402
 8.5000E+06 5.9817E-04 8.7476E+06 5.8247E-04 9.0000E+06 5.6692E-045022 3402
 9.2396E+06 5.5255E-04 9.2409E+06 5.5246E-04 9.5000E+06 5.3731E-045022 3402
 9.5561E+06 5.3411E-04 9.7764E+06 5.2157E-04 1.0000E+07 5.0916E-045022 3402
 1.0248E+07 5.1053E-04 1.0500E+07 5.1147E-04 1.0748E+07 5.1198E-045022 3402
 1.1000E+07 5.1208E-04 1.1210E+07 5.1187E-04 1.1211E+07 5.1186E-045022 3402
 1.1212E+07 5.1185E-04 1.1212E+07 5.1185E-04 1.1500E+07 5.1106E-045022 3402
 1.1748E+07 5.0994E-04 1.2000E+07 5.0839E-04 1.2248E+07 5.0755E-045022 3402
 1.2500E+07 5.0621E-04 1.2711E+07 5.0476E-04 1.2924E+07 5.0307E-045022 3402
 1.2926E+07 5.0302E-04 1.3000E+07 5.0234E-04 1.3248E+07 4.9977E-045022 3402
 1.3500E+07 4.9669E-04 1.3748E+07 4.9329E-04 1.4000E+07 4.8941E-045022 3402
 1.4249E+07 4.8508E-04 1.4500E+07 4.8036E-04 1.4749E+07 4.7521E-045022 3402
 1.5000E+07 4.6964E-04 1.5249E+07 4.6441E-04 1.5500E+07 4.5878E-045022 3402
 1.5749E+07 4.5266E-04 1.6000E+07 4.4606E-04 1.6249E+07 4.3905E-045022 3402
 1.6500E+07 4.3155E-04 1.6749E+07 4.2360E-04 1.7000E+07 4.1516E-045022 3402
 1.7249E+07 4.0632E-04 1.7500E+07 3.9694E-04 1.7749E+07 3.8716E-045022 3402
 1.8000E+07 3.7687E-04 1.8249E+07 3.6616E-04 1.8500E+07 3.5495E-045022 3402
 1.8749E+07 3.4331E-04 1.9000E+07 3.3113E-04 1.9500E+07 3.0547E-045022 3402
 2.0000E+07 2.7793E-04                                            5022 3402
                                                                  5022 3  0
