SR- 84N,G    7.6000-01* JEF-2.2; RN - ---/SYS                     3884 3102
                                                                  3884 3102
 3.80840+04 8.3193E+01          0          0          0          03884 3102
 3.0000E+02 8.5338E+06          0          0          1       36823884 3102
       3682          2                                            3884 3102
 1.0000E-05 1.5022E+01 1.0740E-05 1.4495E+01 1.1525E-05 1.3992E+013884 3102
 1.2268E-05 1.3562E+01 1.3051E-05 1.3149E+01 1.3764E-05 1.2804E+013884 3102
 1.4509E-05 1.2471E+01 1.5288E-05 1.2149E+01 1.6101E-05 1.1838E+013884 3102
 1.7571E-05 1.1332E+01 1.9152E-05 1.0855E+01 2.0630E-05 1.0459E+013884 3102
 2.2202E-05 1.0081E+01 2.3687E-05 9.7606E+00 2.5253E-05 9.4533E+003884 3102
 2.6742E-05 9.1862E+00 2.8303E-05 8.9294E+00 3.1230E-05 8.5006E+003884 3102
 3.4404E-05 8.0990E+00 3.7351E-05 7.7733E+00 4.0505E-05 7.4646E+003884 3102
 4.3467E-05 7.2059E+00 4.6606E-05 6.9591E+00 4.9579E-05 6.7473E+003884 3102
 5.2708E-05 6.5439E+00 5.5688E-05 6.3663E+00 5.8809E-05 6.1954E+003884 3102
 6.4670E-05 5.9080E+00 7.1011E-05 5.6383E+00 7.6910E-05 5.4176E+003884 3102
 8.3213E-05 5.2087E+00 8.9140E-05 5.0326E+00 9.5415E-05 4.8643E+003884 3102
 1.0136E-04 4.7195E+00 1.0762E-04 4.5806E+00 1.1930E-04 4.3507E+003884 3102
 1.3202E-04 4.1359E+00 1.4379E-04 3.9631E+00 1.5643E-04 3.7999E+003884 3102
 1.6826E-04 3.6638E+00 1.8083E-04 3.5343E+00 1.9271E-04 3.4238E+003884 3102
 2.0523E-04 3.3178E+00 2.1663E-04 3.2294E+00 2.2856E-04 3.1441E+003884 3102
 2.4102E-04 3.0618E+00 2.5404E-04 2.9824E+00 2.7755E-04 2.8535E+003884 3102
 3.0285E-04 2.7318E+00 3.2650E-04 2.6311E+00 3.5166E-04 2.5353E+003884 3102
 3.7540E-04 2.4539E+00 4.0047E-04 2.3759E+00 4.2323E-04 2.3112E+003884 3102
 4.4706E-04 2.2488E+00 4.7200E-04 2.1887E+00 4.9809E-04 2.1306E+003884 3102
 5.4508E-04 2.0368E+00 5.9570E-04 1.9484E+00 6.4297E-04 1.8755E+003884 3102
 6.9332E-04 1.8062E+00 7.4079E-04 1.7474E+00 7.9094E-04 1.6912E+003884 3102
 8.3643E-04 1.6446E+00 8.8407E-04 1.5997E+00 9.3396E-04 1.5565E+003884 3102
 9.8617E-04 1.5147E+00 1.0801E-03 1.4474E+00 1.1814E-03 1.3840E+003884 3102
 1.2759E-03 1.3318E+00 1.3766E-03 1.2823E+00 1.4716E-03 1.2402E+003884 3102
 1.5719E-03 1.2000E+00 1.6628E-03 1.1668E+00 1.7581E-03 1.1347E+003884 3102
 1.8579E-03 1.1038E+00 1.9623E-03 1.0741E+00 2.1502E-03 1.0261E+003884 3102
 2.3528E-03 9.8092E-01 2.5418E-03 9.4378E-01 2.7433E-03 9.0849E-013884 3102
 2.9331E-03 8.7861E-01 3.1337E-03 8.5002E-01 3.3156E-03 8.2641E-013884 3102
 3.5061E-03 8.0367E-01 3.7057E-03 7.8172E-01 3.9147E-03 7.6061E-013884 3102
 4.2904E-03 7.2656E-01 4.6956E-03 6.9451E-01 5.0736E-03 6.6817E-013884 3102
 5.4766E-03 6.4312E-01 5.8562E-03 6.2193E-01 6.2575E-03 6.0167E-013884 3102
 6.6211E-03 5.8494E-01 7.0022E-03 5.6881E-01 7.4014E-03 5.5326E-013884 3102
 7.8194E-03 5.3830E-01 8.5707E-03 5.1417E-01 9.3813E-03 4.9147E-013884 3102
 1.0137E-02 4.7279E-01 1.0943E-02 4.5507E-01 1.1702E-02 4.4008E-013884 3102
 1.2505E-02 4.2571E-01 1.3232E-02 4.1385E-01 1.3994E-02 4.0243E-013884 3102
 1.4793E-02 3.9145E-01 1.5629E-02 3.8084E-01 1.7131E-02 3.6378E-013884 3102
 1.8752E-02 3.4771E-01 2.0264E-02 3.3450E-01 2.1876E-02 3.2194E-013884 3102
 2.3395E-02 3.1132E-01 2.5000E-02 3.0116E-01 2.6848E-02 2.9062E-013884 3102
 2.8809E-02 2.8056E-01 3.0664E-02 2.7195E-01 3.2617E-02 2.6368E-013884 3102
 3.4398E-02 2.5677E-01 3.6259E-02 2.5011E-01 3.8204E-02 2.4368E-013884 3102
 4.0234E-02 2.3747E-01 4.3906E-02 2.2735E-01 4.7852E-02 2.1778E-013884 3102
 5.1543E-02 2.0984E-01 5.5469E-02 2.0228E-01 5.9175E-02 1.9585E-013884 3102
 6.3086E-02 1.8969E-01 6.6804E-02 1.8435E-01 7.0703E-02 1.7922E-013884 3102
 7.8011E-02 1.7065E-01 8.5938E-02 1.6260E-01 9.3296E-02 1.5605E-013884 3102
 1.0117E-01 1.4985E-01 1.0857E-01 1.4466E-01 1.1641E-01 1.3971E-013884 3102
 1.2383E-01 1.3546E-01 1.3164E-01 1.3138E-01 1.3908E-01 1.2783E-013884 3102
 1.4688E-01 1.2441E-01 1.6151E-01 1.1867E-01 1.7734E-01 1.1325E-013884 3102
 1.9208E-01 1.0882E-01 2.0781E-01 1.0463E-01 2.2261E-01 1.0109E-013884 3102
 2.3828E-01 9.7713E-02 2.5313E-01 9.4813E-02 2.6875E-01 9.2043E-023884 3102
 2.9792E-01 8.7448E-02 3.2969E-01 8.3131E-02 3.5908E-01 7.9660E-023884 3102
 3.9062E-01 7.6381E-02 4.2017E-01 7.3651E-02 4.5156E-01 7.1050E-023884 3102
 4.8123E-01 6.8832E-02 5.1250E-01 6.6706E-02 5.4096E-01 6.4931E-023884 3102
 5.7073E-01 6.3221E-02 6.0185E-01 6.1574E-02 6.3438E-01 5.9990E-023884 3102
 6.9308E-01 5.7415E-02 7.5625E-01 5.4972E-02 8.1529E-01 5.2953E-023884 3102
 8.7813E-01 5.1034E-02 9.3741E-01 4.9402E-02 1.0000E+00 4.7839E-023884 3102
 1.0684E+00 4.6292E-02 1.1406E+00 4.4815E-02 1.2092E+00 4.3533E-023884 3102
 1.2812E+00 4.2306E-02 1.4161E+00 4.0265E-02 1.5625E+00 3.8345E-023884 3102
 1.6983E+00 3.6793E-02 1.8438E+00 3.5326E-02 1.9802E+00 3.4101E-023884 3102
 2.1250E+00 3.2932E-02 2.2620E+00 3.1932E-02 2.4062E+00 3.0973E-023884 3102
 2.5436E+00 3.0137E-02 2.6875E+00 2.9335E-02 2.9576E+00 2.7988E-023884 3102
 3.2500E+00 2.6722E-02 3.5219E+00 2.5690E-02 3.8125E+00 2.4713E-023884 3102
 4.0857E+00 2.3891E-02 4.3750E+00 2.3108E-02 4.6492E+00 2.2435E-023884 3102
 4.9375E+00 2.1788E-02 5.2124E+00 2.1223E-02 5.5000E+00 2.0680E-023884 3102
 6.0407E+00 1.9767E-02 6.6250E+00 1.8908E-02 7.1691E+00 1.8206E-023884 3102
 7.7500E+00 1.7541E-02 8.2966E+00 1.6982E-02 8.8750E+00 1.6448E-023884 3102
 9.4235E+00 1.5989E-02 1.0000E+01 1.5549E-02 1.0684E+01 1.5085E-023884 3102
 1.1406E+01 1.4641E-02 1.2093E+01 1.4258E-02 1.2812E+01 1.3892E-023884 3102
 1.4161E+01 1.3283E-02 1.5625E+01 1.2716E-02 1.6983E+01 1.2259E-023884 3102
 1.8438E+01 1.1830E-02 1.9803E+01 1.1473E-02 2.1250E+01 1.1134E-023884 3102
 2.2620E+01 1.0846E-02 2.4062E+01 1.0572E-02 2.5437E+01 1.0335E-023884 3102
 2.6875E+01 1.0108E-02 2.9577E+01 9.7318E-03 3.2500E+01 9.3844E-033884 3102
 3.5220E+01 9.1063E-03 3.8125E+01 8.8480E-03 4.0858E+01 8.6354E-033884 3102
 4.3750E+01 8.4376E-03 4.6492E+01 8.2714E-03 4.9375E+01 8.1171E-033884 3102
 5.5000E+01 7.8632E-03 6.0409E+01 7.6691E-03 6.6250E+01 7.5025E-033884 3102
 7.1693E+01 7.3813E-03 7.7500E+01 7.2826E-03 8.2968E+01 7.2144E-033884 3102
 8.8750E+01 7.1654E-03 9.4237E+01 7.1393E-03 1.0000E+02 7.1315E-033884 3102
 1.0825E+02 7.1971E-03 1.1650E+02 7.2940E-03 1.2474E+02 7.4218E-033884 3102
 1.3299E+02 7.5817E-03 1.4091E+02 7.7667E-03 1.4882E+02 7.9852E-033884 3102
 1.5740E+02 8.2644E-03 1.6599E+02 8.5919E-03 1.7423E+02 8.9593E-033884 3102
 1.8248E+02 9.3866E-03 1.9073E+02 9.8840E-03 1.9485E+02 1.0163E-023884 3102
 1.9898E+02 1.0464E-02 2.0310E+02 1.0790E-02 2.0723E+02 1.1143E-023884 3102
 2.1135E+02 1.1526E-02 2.1547E+02 1.1942E-02 2.1960E+02 1.2394E-023884 3102
 2.2372E+02 1.2888E-02 2.2785E+02 1.3428E-02 2.3197E+02 1.4019E-023884 3102
 2.3609E+02 1.4667E-02 2.4022E+02 1.5382E-02 2.4434E+02 1.6170E-023884 3102
 2.4847E+02 1.7043E-02 2.5259E+02 1.8014E-02 2.5671E+02 1.9096E-023884 3102
 2.6084E+02 2.0308E-02 2.6290E+02 2.0968E-02 2.6496E+02 2.1670E-023884 3102
 2.6702E+02 2.2417E-02 2.6909E+02 2.3211E-02 2.7115E+02 2.4058E-023884 3102
 2.7321E+02 2.4962E-02 2.7527E+02 2.5929E-02 2.7733E+02 2.6964E-023884 3102
 2.7940E+02 2.8074E-02 2.8146E+02 2.9266E-02 2.8352E+02 3.0548E-023884 3102
 2.8558E+02 3.1931E-02 2.8764E+02 3.3425E-02 2.8971E+02 3.5042E-023884 3102
 2.9177E+02 3.6796E-02 2.9383E+02 3.8703E-02 2.9589E+02 4.0784E-023884 3102
 2.9795E+02 4.3054E-02 2.9994E+02 4.5448E-02 3.0193E+02 4.8075E-023884 3102
 3.0392E+02 5.0956E-02 3.0590E+02 5.4132E-02 3.0789E+02 5.7643E-023884 3102
 3.0988E+02 6.1537E-02 3.1186E+02 6.5863E-02 3.1286E+02 6.8209E-023884 3102
 3.1385E+02 7.0704E-02 3.1484E+02 7.3345E-02 3.1584E+02 7.6149E-023884 3102
 3.1683E+02 7.9126E-02 3.1782E+02 8.2294E-02 3.1882E+02 8.5669E-023884 3102
 3.1981E+02 8.9268E-02 3.2080E+02 9.3115E-02 3.2180E+02 9.7226E-023884 3102
 3.2279E+02 1.0163E-01 3.2378E+02 1.0636E-01 3.2478E+02 1.1144E-013884 3102
 3.2577E+02 1.1692E-01 3.2676E+02 1.2283E-01 3.2776E+02 1.2922E-013884 3102
 3.2875E+02 1.3614E-01 3.2974E+02 1.4367E-01 3.3081E+02 1.5251E-013884 3102
 3.3188E+02 1.6222E-01 3.3295E+02 1.7292E-01 3.3402E+02 1.8472E-013884 3102
 3.3455E+02 1.9108E-01 3.3509E+02 1.9781E-01 3.3562E+02 2.0492E-013884 3102
 3.3615E+02 2.1243E-01 3.3669E+02 2.2036E-01 3.3696E+02 2.2450E-013884 3102
 3.3722E+02 2.2876E-01 3.3749E+02 2.3316E-01 3.3776E+02 2.3768E-013884 3102
 3.3802E+02 2.4234E-01 3.3829E+02 2.4714E-01 3.3856E+02 2.5208E-013884 3102
 3.3883E+02 2.5719E-01 3.3909E+02 2.6245E-01 3.3936E+02 2.6788E-013884 3102
 3.3963E+02 2.7349E-01 3.3989E+02 2.7927E-01 3.4016E+02 2.8525E-013884 3102
 3.4043E+02 2.9142E-01 3.4070E+02 2.9780E-01 3.4096E+02 3.0440E-013884 3102
 3.4110E+02 3.0778E-01 3.4123E+02 3.1122E-01 3.4136E+02 3.1472E-013884 3102
 3.4143E+02 3.1649E-01 3.4156E+02 3.2008E-01 3.4166E+02 3.2281E-013884 3102
 3.4173E+02 3.2466E-01 3.4181E+02 3.2698E-01 3.4187E+02 3.2839E-013884 3102
 3.4200E+02 3.3219E-01 3.4210E+02 3.3509E-01 3.4217E+02 3.3704E-013884 3102
 3.4230E+02 3.4100E-01 3.4243E+02 3.4503E-01 3.4257E+02 3.4913E-013884 3102
 3.4270E+02 3.5331E-01 3.4283E+02 3.5756E-01 3.4310E+02 3.6631E-013884 3102
 3.4337E+02 3.7538E-01 3.4364E+02 3.8482E-01 3.4390E+02 3.9458E-013884 3102
 3.4404E+02 3.9963E-01 3.4417E+02 4.0475E-01 3.4430E+02 4.0998E-013884 3102
 3.4444E+02 4.1532E-01 3.4457E+02 4.2077E-01 3.4470E+02 4.2634E-013884 3102
 3.4484E+02 4.3201E-01 3.4497E+02 4.3779E-01 3.4510E+02 4.4369E-013884 3102
 3.4524E+02 4.4973E-01 3.4537E+02 4.5588E-01 3.4551E+02 4.6215E-013884 3102
 3.4564E+02 4.6856E-01 3.4577E+02 4.7512E-01 3.4591E+02 4.8178E-013884 3102
 3.4604E+02 4.8864E-01 3.4617E+02 4.9564E-01 3.4631E+02 5.0275E-013884 3102
 3.4644E+02 5.1004E-01 3.4657E+02 5.1752E-01 3.4671E+02 5.2511E-013884 3102
 3.4684E+02 5.3292E-01 3.4697E+02 5.4088E-01 3.4711E+02 5.4906E-013884 3102
 3.4724E+02 5.5738E-01 3.4738E+02 5.6593E-01 3.4751E+02 5.7466E-013884 3102
 3.4764E+02 5.8362E-01 3.4778E+02 5.9279E-01 3.4791E+02 6.0215E-013884 3102
 3.4804E+02 6.1176E-01 3.4818E+02 6.2160E-01 3.4831E+02 6.3169E-013884 3102
 3.4844E+02 6.4205E-01 3.4858E+02 6.5262E-01 3.4871E+02 6.6349E-013884 3102
 3.4885E+02 6.7462E-01 3.4898E+02 6.8604E-01 3.4911E+02 6.9775E-013884 3102
 3.4925E+02 7.0980E-01 3.4938E+02 7.2214E-01 3.4951E+02 7.3482E-013884 3102
 3.4965E+02 7.4782E-01 3.4978E+02 7.6119E-01 3.4991E+02 7.7494E-013884 3102
 3.5005E+02 7.8905E-01 3.5018E+02 8.0353E-01 3.5031E+02 8.1841E-013884 3102
 3.5045E+02 8.3381E-01 3.5058E+02 8.4958E-01 3.5072E+02 8.6583E-013884 3102
 3.5085E+02 8.8252E-01 3.5098E+02 8.9972E-01 3.5112E+02 9.1744E-013884 3102
 3.5125E+02 9.3568E-01 3.5138E+02 9.5451E-01 3.5152E+02 9.7388E-013884 3102
 3.5165E+02 9.9385E-01 3.5178E+02 1.0145E+00 3.5192E+02 1.0357E+003884 3102
 3.5205E+02 1.0577E+00 3.5218E+02 1.0804E+00 3.5232E+02 1.1038E+003884 3102
 3.5245E+02 1.1279E+00 3.5259E+02 1.1529E+00 3.5272E+02 1.1788E+003884 3102
 3.5285E+02 1.2055E+00 3.5299E+02 1.2331E+00 3.5312E+02 1.2618E+003884 3102
 3.5325E+02 1.2914E+00 3.5339E+02 1.3221E+00 3.5352E+02 1.3539E+003884 3102
 3.5365E+02 1.3869E+00 3.5379E+02 1.4211E+00 3.5392E+02 1.4567E+003884 3102
 3.5405E+02 1.4935E+00 3.5419E+02 1.5319E+00 3.5432E+02 1.5716E+003884 3102
 3.5446E+02 1.6131E+00 3.5459E+02 1.6561E+00 3.5472E+02 1.7009E+003884 3102
 3.5486E+02 1.7476E+00 3.5499E+02 1.7962E+00 3.5512E+02 1.8470E+003884 3102
 3.5526E+02 1.8999E+00 3.5539E+02 1.9551E+00 3.5552E+02 2.0128E+003884 3102
 3.5566E+02 2.0731E+00 3.5579E+02 2.1362E+00 3.5593E+02 2.2022E+003884 3102
 3.5606E+02 2.2714E+00 3.5619E+02 2.3439E+00 3.5633E+02 2.4199E+003884 3102
 3.5646E+02 2.4998E+00 3.5659E+02 2.5836E+00 3.5673E+02 2.6718E+003884 3102
 3.5686E+02 2.7646E+00 3.5699E+02 2.8624E+00 3.5713E+02 2.9655E+003884 3102
 3.5726E+02 3.0743E+00 3.5739E+02 3.1892E+00 3.5753E+02 3.3106E+003884 3102
 3.5766E+02 3.4392E+00 3.5780E+02 3.5756E+00 3.5793E+02 3.7203E+003884 3102
 3.5806E+02 3.8739E+00 3.5820E+02 4.0375E+00 3.5833E+02 4.2114E+003884 3102
 3.5846E+02 4.3971E+00 3.5860E+02 4.5953E+00 3.5873E+02 4.8072E+003884 3102
 3.5886E+02 5.0345E+00 3.5900E+02 5.2784E+00 3.5913E+02 5.5403E+003884 3102
 3.5926E+02 5.8222E+00 3.5940E+02 6.1268E+00 3.5953E+02 6.4558E+003884 3102
 3.5967E+02 6.8117E+00 3.5980E+02 7.1986E+00 3.5993E+02 7.6197E+003884 3102
 3.6007E+02 8.0787E+00 3.6020E+02 8.5809E+00 3.6033E+02 9.1317E+003884 3102
 3.6040E+02 9.4275E+00 3.6047E+02 9.7377E+00 3.6053E+02 1.0064E+013884 3102
 3.6060E+02 1.0406E+01 3.6067E+02 1.0767E+01 3.6073E+02 1.1147E+013884 3102
 3.6080E+02 1.1547E+01 3.6087E+02 1.1970E+01 3.6093E+02 1.2416E+013884 3102
 3.6100E+02 1.2888E+01 3.6107E+02 1.3388E+01 3.6113E+02 1.3918E+013884 3102
 3.6120E+02 1.4480E+01 3.6127E+02 1.5077E+01 3.6134E+02 1.5711E+013884 3102
 3.6140E+02 1.6387E+01 3.6147E+02 1.7108E+01 3.6154E+02 1.7878E+013884 3102
 3.6160E+02 1.8702E+01 3.6167E+02 1.9584E+01 3.6174E+02 2.0530E+013884 3102
 3.6180E+02 2.1545E+01 3.6187E+02 2.2639E+01 3.6194E+02 2.3819E+013884 3102
 3.6200E+02 2.5094E+01 3.6207E+02 2.6473E+01 3.6214E+02 2.7969E+013884 3102
 3.6220E+02 2.9595E+01 3.6227E+02 3.1365E+01 3.6234E+02 3.3296E+013884 3102
 3.6240E+02 3.5409E+01 3.6247E+02 3.7723E+01 3.6254E+02 4.0261E+013884 3102
 3.6260E+02 4.3054E+01 3.6267E+02 4.6130E+01 3.6270E+02 4.7788E+013884 3102
 3.6274E+02 4.9523E+01 3.6277E+02 5.1351E+01 3.6280E+02 5.3274E+013884 3102
 3.6284E+02 5.5293E+01 3.6287E+02 5.7407E+01 3.6290E+02 5.9640E+013884 3102
 3.6294E+02 6.1987E+01 3.6297E+02 6.4455E+01 3.6300E+02 6.7049E+013884 3102
 3.6304E+02 6.9775E+01 3.6307E+02 7.2642E+01 3.6311E+02 7.5648E+013884 3102
 3.6314E+02 7.8805E+01 3.6317E+02 8.2121E+01 3.6321E+02 8.5592E+013884 3102
 3.6324E+02 8.9228E+01 3.6327E+02 9.3034E+01 3.6331E+02 9.7016E+013884 3102
 3.6334E+02 1.0117E+02 3.6341E+02 1.1000E+02 3.6347E+02 1.1957E+023884 3102
 3.6351E+02 1.2461E+02 3.6357E+02 1.3523E+02 3.6361E+02 1.4078E+023884 3102
 3.6367E+02 1.5233E+02 3.6377E+02 1.7059E+02 3.6394E+02 2.0232E+023884 3102
 3.6406E+02 2.2539E+02 3.6411E+02 2.3267E+02 3.6419E+02 2.4632E+023884 3102
 3.6425E+02 2.5550E+02 3.6431E+02 2.6354E+02 3.6435E+02 2.6817E+023884 3102
 3.6439E+02 2.7219E+02 3.6444E+02 2.7551E+02 3.6448E+02 2.7814E+023884 3102
 3.6452E+02 2.8002E+02 3.6456E+02 2.8115E+02 3.6460E+02 2.8150E+023884 3102
 3.6464E+02 2.8107E+02 3.6468E+02 2.7988E+02 3.6472E+02 2.7793E+023884 3102
 3.6476E+02 2.7524E+02 3.6481E+02 2.7184E+02 3.6485E+02 2.6778E+023884 3102
 3.6489E+02 2.6309E+02 3.6493E+02 2.5782E+02 3.6501E+02 2.4575E+023884 3102
 3.6510E+02 2.3204E+02 3.6518E+02 2.1718E+02 3.6544E+02 1.6755E+023884 3102
 3.6553E+02 1.5126E+02 3.6559E+02 1.4092E+02 3.6568E+02 1.2635E+023884 3102
 3.6571E+02 1.2177E+02 3.6577E+02 1.1302E+02 3.6580E+02 1.0886E+023884 3102
 3.6586E+02 1.0097E+02 3.6592E+02 9.3653E+01 3.6598E+02 8.6903E+013884 3102
 3.6604E+02 8.0673E+01 3.6610E+02 7.4952E+01 3.6616E+02 6.9709E+013884 3102
 3.6622E+02 6.4916E+01 3.6628E+02 6.0524E+01 3.6634E+02 5.6512E+013884 3102
 3.6640E+02 5.2843E+01 3.6646E+02 4.9497E+01 3.6652E+02 4.6428E+013884 3102
 3.6658E+02 4.3617E+01 3.6664E+02 4.1042E+01 3.6670E+02 3.8684E+013884 3102
 3.6676E+02 3.6512E+01 3.6682E+02 3.4513E+01 3.6688E+02 3.2670E+013884 3102
 3.6694E+02 3.0970E+01 3.6700E+02 2.9396E+01 3.6706E+02 2.7937E+013884 3102
 3.6712E+02 2.6584E+01 3.6718E+02 2.5328E+01 3.6724E+02 2.4157E+013884 3102
 3.6730E+02 2.3065E+01 3.6736E+02 2.2046E+01 3.6742E+02 2.1092E+013884 3102
 3.6748E+02 2.0199E+01 3.6754E+02 1.9362E+01 3.6760E+02 1.8576E+013884 3102
 3.6766E+02 1.7839E+01 3.6772E+02 1.7143E+01 3.6777E+02 1.6487E+013884 3102
 3.6783E+02 1.5868E+01 3.6789E+02 1.5285E+01 3.6795E+02 1.4732E+013884 3102
 3.6801E+02 1.4209E+01 3.6813E+02 1.3244E+01 3.6825E+02 1.2374E+013884 3102
 3.6837E+02 1.1587E+01 3.6849E+02 1.0873E+01 3.6861E+02 1.0223E+013884 3102
 3.6873E+02 9.6294E+00 3.6885E+02 9.0867E+00 3.6897E+02 8.5883E+003884 3102
 3.6909E+02 8.1299E+00 3.6921E+02 7.7074E+00 3.6933E+02 7.3168E+003884 3102
 3.6945E+02 6.9551E+00 3.6957E+02 6.6198E+00 3.6969E+02 6.3085E+003884 3102
 3.6981E+02 6.0185E+00 3.6993E+02 5.7477E+00 3.7005E+02 5.4954E+003884 3102
 3.7017E+02 5.2588E+00 3.7029E+02 5.0378E+00 3.7041E+02 4.8300E+003884 3102
 3.7053E+02 4.6351E+00 3.7065E+02 4.4516E+00 3.7077E+02 4.2788E+003884 3102
 3.7089E+02 4.1160E+00 3.7101E+02 3.9624E+00 3.7113E+02 3.8172E+003884 3102
 3.7125E+02 3.6798E+00 3.7149E+02 3.4262E+00 3.7173E+02 3.1980E+003884 3102
 3.7197E+02 2.9917E+00 3.7221E+02 2.8047E+00 3.7245E+02 2.6347E+003884 3102
 3.7268E+02 2.4796E+00 3.7292E+02 2.3378E+00 3.7316E+02 2.2078E+003884 3102
 3.7340E+02 2.0884E+00 3.7364E+02 1.9783E+00 3.7388E+02 1.8768E+003884 3102
 3.7412E+02 1.7829E+00 3.7436E+02 1.6958E+00 3.7460E+02 1.6149E+003884 3102
 3.7484E+02 1.5397E+00 3.7508E+02 1.4696E+00 3.7532E+02 1.4042E+003884 3102
 3.7556E+02 1.3431E+00 3.7580E+02 1.2858E+00 3.7604E+02 1.2321E+003884 3102
 3.7628E+02 1.1817E+00 3.7652E+02 1.1344E+00 3.7676E+02 1.0898E+003884 3102
 3.7700E+02 1.0478E+00 3.7724E+02 1.0082E+00 3.7748E+02 9.7086E-013884 3102
 3.7771E+02 9.3557E-01 3.7819E+02 8.7047E-01 3.7867E+02 8.1185E-013884 3102
 3.7915E+02 7.5891E-01 3.7963E+02 7.1098E-01 3.8011E+02 6.6739E-013884 3102
 3.8059E+02 6.2775E-01 3.8107E+02 5.9150E-01 3.8155E+02 5.5827E-013884 3102
 3.8203E+02 5.2780E-01 3.8250E+02 4.9973E-01 3.8298E+02 4.7386E-013884 3102
 3.8346E+02 4.4995E-01 3.8394E+02 4.2777E-01 3.8442E+02 4.0722E-013884 3102
 3.8490E+02 3.8809E-01 3.8538E+02 3.7030E-01 3.8586E+02 3.5369E-013884 3102
 3.8634E+02 3.3818E-01 3.8682E+02 3.2367E-01 3.8729E+02 3.1007E-013884 3102
 3.8777E+02 2.9731E-01 3.8825E+02 2.8532E-01 3.8873E+02 2.7405E-013884 3102
 3.8921E+02 2.6342E-01 3.8969E+02 2.5341E-01 3.9017E+02 2.4396E-013884 3102
 3.9065E+02 2.3505E-01 3.9113E+02 2.2663E-01 3.9208E+02 2.1109E-013884 3102
 3.9304E+02 1.9706E-01 3.9400E+02 1.8438E-01 3.9496E+02 1.7290E-013884 3102
 3.9592E+02 1.6246E-01 3.9688E+02 1.5295E-01 3.9783E+02 1.4425E-013884 3102
 3.9879E+02 1.3628E-01 3.9975E+02 1.2896E-01 4.0071E+02 1.2222E-013884 3102
 4.0167E+02 1.1600E-01 4.0262E+02 1.1026E-01 4.0358E+02 1.0493E-013884 3102
 4.0454E+02 9.9986E-02 4.0550E+02 9.5392E-02 4.0646E+02 9.1111E-023884 3102
 4.0741E+02 8.7121E-02 4.0837E+02 8.3392E-02 4.0933E+02 7.9903E-023884 3102
 4.1029E+02 7.6632E-02 4.1125E+02 7.3566E-02 4.1220E+02 7.0685E-023884 3102
 4.1316E+02 6.7977E-02 4.1412E+02 6.5428E-02 4.1508E+02 6.3022E-023884 3102
 4.1604E+02 6.0756E-02 4.1699E+02 5.8623E-02 4.1891E+02 5.4688E-023884 3102
 4.2083E+02 5.1148E-02 4.2274E+02 4.7957E-02 4.2466E+02 4.5080E-023884 3102
 4.2657E+02 4.2468E-02 4.2849E+02 4.0099E-02 4.3041E+02 3.7940E-023884 3102
 4.3232E+02 3.5969E-02 4.3424E+02 3.4166E-02 4.3615E+02 3.2514E-023884 3102
 4.3807E+02 3.0997E-02 4.3999E+02 2.9602E-02 4.4190E+02 2.8319E-023884 3102
 4.4382E+02 2.7136E-02 4.4573E+02 2.6046E-02 4.4765E+02 2.5041E-023884 3102
 4.4957E+02 2.4115E-02 4.5148E+02 2.3261E-02 4.5340E+02 2.2477E-023884 3102
 4.5531E+02 2.1757E-02 4.5723E+02 2.1102E-02 4.5915E+02 2.0507E-023884 3102
 4.6106E+02 1.9975E-02 4.6298E+02 1.9508E-02 4.6490E+02 1.9109E-023884 3102
 4.6681E+02 1.8788E-02 4.6873E+02 1.8560E-02 4.7064E+02 1.8445E-023884 3102
 4.7160E+02 1.8442E-02 4.7256E+02 1.8489E-02 4.7352E+02 1.8595E-023884 3102
 4.7448E+02 1.8774E-02 4.7543E+02 1.9046E-02 4.7639E+02 1.9443E-023884 3102
 4.7735E+02 2.0007E-02 4.7831E+02 2.0797E-02 4.7879E+02 2.1309E-023884 3102
 4.7927E+02 2.1927E-02 4.7974E+02 2.2675E-02 4.8022E+02 2.3584E-023884 3102
 4.8070E+02 2.4700E-02 4.8118E+02 2.6081E-02 4.8166E+02 2.7811E-023884 3102
 4.8214E+02 3.0010E-02 4.8238E+02 3.1341E-02 4.8262E+02 3.2868E-023884 3102
 4.8286E+02 3.4632E-02 4.8310E+02 3.6682E-02 4.8334E+02 3.9082E-023884 3102
 4.8358E+02 4.1915E-02 4.8382E+02 4.5294E-02 4.8406E+02 4.9365E-023884 3102
 4.8430E+02 5.4346E-02 4.8442E+02 5.7264E-02 4.8453E+02 6.0532E-023884 3102
 4.8465E+02 6.4208E-02 4.8477E+02 6.8368E-02 4.8489E+02 7.3113E-023884 3102
 4.8501E+02 7.8555E-02 4.8513E+02 8.4866E-02 4.8525E+02 9.2253E-023884 3102
 4.8537E+02 1.0104E-01 4.8549E+02 1.1167E-01 4.8555E+02 1.1788E-013884 3102
 4.8561E+02 1.2485E-01 4.8567E+02 1.3272E-01 4.8573E+02 1.4167E-013884 3102
 4.8579E+02 1.5196E-01 4.8585E+02 1.6391E-01 4.8591E+02 1.7790E-013884 3102
 4.8597E+02 1.9439E-01 4.8603E+02 2.1407E-01 4.8609E+02 2.3768E-013884 3102
 4.8612E+02 2.5127E-01 4.8615E+02 2.6617E-01 4.8618E+02 2.8258E-013884 3102
 4.8621E+02 3.0065E-01 4.8624E+02 3.2066E-01 4.8627E+02 3.4265E-013884 3102
 4.8630E+02 3.6699E-01 4.8633E+02 3.9377E-01 4.8636E+02 4.2339E-013884 3102
 4.8639E+02 4.5596E-01 4.8642E+02 4.9184E-01 4.8645E+02 5.3134E-013884 3102
 4.8648E+02 5.7496E-01 4.8651E+02 6.2271E-01 4.8654E+02 6.7528E-013884 3102
 4.8657E+02 7.3272E-01 4.8660E+02 7.9575E-01 4.8663E+02 8.6439E-013884 3102
 4.8666E+02 9.3922E-01 4.8669E+02 1.0206E+00 4.8672E+02 1.1093E+003884 3102
 4.8675E+02 1.2051E+00 4.8678E+02 1.3090E+00 4.8681E+02 1.4206E+003884 3102
 4.8684E+02 1.5411E+00 4.8687E+02 1.6699E+00 4.8690E+02 1.8078E+003884 3102
 4.8693E+02 1.9548E+00 4.8696E+02 2.1118E+00 4.8699E+02 2.2777E+003884 3102
 4.8702E+02 2.4538E+00 4.8705E+02 2.6388E+00 4.8708E+02 2.8339E+003884 3102
 4.8711E+02 3.0374E+00 4.8714E+02 3.2499E+00 4.8717E+02 3.4709E+003884 3102
 4.8720E+02 3.7004E+00 4.8726E+02 4.1805E+00 4.8732E+02 4.6841E+003884 3102
 4.8748E+02 6.1187E+00 4.8756E+02 6.7521E+00 4.8760E+02 7.1124E+003884 3102
 4.8764E+02 7.3957E+00 4.8768E+02 7.6613E+00 4.8772E+02 7.9531E+003884 3102
 4.8776E+02 8.1701E+00 4.8781E+02 8.3948E+00 4.8784E+02 8.5499E+003884 3102
 4.8789E+02 8.6951E+00 4.8793E+02 8.7887E+00 4.8796E+02 8.8336E+003884 3102
 4.8800E+02 8.8484E+00 4.8804E+02 8.8325E+00 4.8808E+02 8.7596E+003884 3102
 4.8811E+02 8.7106E+00 4.8814E+02 8.6056E+00 4.8818E+02 8.4424E+003884 3102
 4.8822E+02 8.2777E+00 4.8826E+02 8.0478E+00 4.8830E+02 7.8323E+003884 3102
 4.8834E+02 7.5471E+00 4.8841E+02 7.0188E+00 4.8849E+02 6.3225E+003884 3102
 4.8867E+02 4.7349E+00 4.8873E+02 4.2608E+00 4.8876E+02 4.0309E+003884 3102
 4.8881E+02 3.5881E+00 4.8884E+02 3.3767E+00 4.8887E+02 3.1724E+003884 3102
 4.8890E+02 2.9758E+00 4.8893E+02 2.7871E+00 4.8896E+02 2.6065E+003884 3102
 4.8898E+02 2.4342E+00 4.8901E+02 2.2703E+00 4.8904E+02 2.1148E+003884 3102
 4.8907E+02 1.9676E+00 4.8910E+02 1.8287E+00 4.8912E+02 1.6979E+003884 3102
 4.8915E+02 1.5751E+00 4.8918E+02 1.4601E+00 4.8921E+02 1.3525E+003884 3102
 4.8924E+02 1.2522E+00 4.8926E+02 1.1589E+00 4.8929E+02 1.0722E+003884 3102
 4.8932E+02 9.9183E-01 4.8935E+02 9.1748E-01 4.8938E+02 8.4884E-013884 3102
 4.8940E+02 7.8555E-01 4.8943E+02 7.2730E-01 4.8946E+02 6.7373E-013884 3102
 4.8949E+02 6.2462E-01 4.8952E+02 5.7956E-01 4.8955E+02 5.3830E-013884 3102
 4.8957E+02 5.0057E-01 4.8960E+02 4.6609E-01 4.8963E+02 4.3459E-013884 3102
 4.8966E+02 4.0585E-01 4.8969E+02 3.7962E-01 4.8971E+02 3.5568E-013884 3102
 4.8974E+02 3.3386E-01 4.8977E+02 3.1395E-01 4.8980E+02 2.9579E-013884 3102
 4.8983E+02 2.7921E-01 4.8985E+02 2.6407E-01 4.8991E+02 2.3758E-013884 3102
 4.8997E+02 2.1536E-01 4.9002E+02 1.9663E-01 4.9008E+02 1.8074E-013884 3102
 4.9014E+02 1.6716E-01 4.9019E+02 1.5547E-01 4.9025E+02 1.4532E-013884 3102
 4.9030E+02 1.3644E-01 4.9036E+02 1.2860E-01 4.9042E+02 1.2164E-013884 3102
 4.9047E+02 1.1540E-01 4.9059E+02 1.0469E-01 4.9070E+02 9.5808E-023884 3102
 4.9081E+02 8.8296E-02 4.9092E+02 8.1859E-02 4.9103E+02 7.6282E-023884 3102
 4.9115E+02 7.1404E-02 4.9126E+02 6.7104E-02 4.9137E+02 6.3295E-023884 3102
 4.9148E+02 5.9898E-02 4.9171E+02 5.4110E-02 4.9193E+02 4.9379E-023884 3102
 4.9216E+02 4.5459E-02 4.9238E+02 4.2169E-02 4.9261E+02 3.9384E-023884 3102
 4.9283E+02 3.7004E-02 4.9306E+02 3.4951E-02 4.9328E+02 3.3170E-023884 3102
 4.9351E+02 3.1616E-02 4.9396E+02 2.9042E-02 4.9441E+02 2.7009E-023884 3102
 4.9486E+02 2.5379E-02 4.9531E+02 2.4055E-02 4.9576E+02 2.2970E-023884 3102
 4.9620E+02 2.2072E-02 4.9665E+02 2.1326E-02 4.9710E+02 2.0703E-023884 3102
 4.9755E+02 2.0184E-02 4.9800E+02 1.9751E-02 4.9890E+02 1.9093E-023884 3102
 4.9980E+02 1.8651E-02 5.0070E+02 1.8393E-02 5.0160E+02 1.8295E-023884 3102
 5.0250E+02 1.8348E-02 5.0340E+02 1.8557E-02 5.0430E+02 1.8931E-023884 3102
 5.0520E+02 1.9504E-02 5.0565E+02 1.9882E-02 5.0655E+02 2.0860E-023884 3102
 5.0700E+02 2.1483E-02 5.0744E+02 2.2218E-02 5.0789E+02 2.3085E-023884 3102
 5.0834E+02 2.4112E-02 5.0879E+02 2.5334E-02 5.0924E+02 2.6798E-023884 3102
 5.0969E+02 2.8563E-02 5.1014E+02 3.0710E-02 5.1059E+02 3.3353E-023884 3102
 5.1082E+02 3.4909E-02 5.1104E+02 3.6657E-02 5.1127E+02 3.8629E-023884 3102
 5.1149E+02 4.0865E-02 5.1172E+02 4.3411E-02 5.1194E+02 4.6329E-023884 3102
 5.1217E+02 4.9693E-02 5.1239E+02 5.3598E-02 5.1262E+02 5.8170E-023884 3102
 5.1284E+02 6.3567E-02 5.1306E+02 7.0011E-02 5.1318E+02 7.3714E-023884 3102
 5.1329E+02 7.7799E-02 5.1340E+02 8.2324E-02 5.1351E+02 8.7356E-023884 3102
 5.1363E+02 9.2978E-02 5.1374E+02 9.9297E-02 5.1385E+02 1.0643E-013884 3102
 5.1396E+02 1.1455E-01 5.1408E+02 1.2385E-01 5.1419E+02 1.3463E-013884 3102
 5.1430E+02 1.4726E-01 5.1436E+02 1.5444E-01 5.1441E+02 1.6231E-013884 3102
 5.1447E+02 1.7098E-01 5.1453E+02 1.8059E-01 5.1458E+02 1.9131E-013884 3102
 5.1464E+02 2.0334E-01 5.1469E+02 2.1696E-01 5.1475E+02 2.3248E-013884 3102
 5.1481E+02 2.5032E-01 5.1486E+02 2.7097E-01 5.1492E+02 2.9506E-013884 3102
 5.1498E+02 3.2335E-01 5.1500E+02 3.3936E-01 5.1503E+02 3.5678E-013884 3102
 5.1506E+02 3.7575E-01 5.1509E+02 3.9646E-01 5.1512E+02 4.1908E-013884 3102
 5.1514E+02 4.4380E-01 5.1517E+02 4.7081E-01 5.1520E+02 5.0035E-013884 3102
 5.1523E+02 5.3266E-01 5.1526E+02 5.6807E-01 5.1528E+02 6.0675E-013884 3102
 5.1531E+02 6.4908E-01 5.1534E+02 6.9539E-01 5.1537E+02 7.4598E-013884 3102
 5.1540E+02 8.0124E-01 5.1542E+02 8.6159E-01 5.1545E+02 9.2735E-013884 3102
 5.1548E+02 9.9901E-01 5.1551E+02 1.0770E+00 5.1554E+02 1.1617E+003884 3102
 5.1557E+02 1.2537E+00 5.1559E+02 1.3534E+00 5.1562E+02 1.4612E+003884 3102
 5.1565E+02 1.5777E+00 5.1568E+02 1.7033E+00 5.1571E+02 1.8385E+003884 3102
 5.1573E+02 1.9838E+00 5.1576E+02 2.1396E+00 5.1579E+02 2.3062E+003884 3102
 5.1582E+02 2.4842E+00 5.1585E+02 2.6737E+00 5.1587E+02 2.8752E+003884 3102
 5.1590E+02 3.0889E+00 5.1593E+02 3.3150E+00 5.1596E+02 3.5535E+003884 3102
 5.1599E+02 3.8047E+00 5.1601E+02 4.0681E+00 5.1604E+02 4.3441E+003884 3102
 5.1607E+02 4.6322E+00 5.1610E+02 4.9324E+00 5.1613E+02 5.2437E+003884 3102
 5.1616E+02 5.5661E+00 5.1621E+02 6.2407E+00 5.1625E+02 6.7705E+003884 3102
 5.1630E+02 7.3146E+00 5.1634E+02 7.8721E+00 5.1638E+02 8.4350E+003884 3102
 5.1645E+02 9.3785E+00 5.1653E+02 1.0480E+01 5.1661E+02 1.1340E+013884 3102
 5.1665E+02 1.1819E+01 5.1668E+02 1.2118E+01 5.1671E+02 1.2467E+013884 3102
 5.1675E+02 1.2844E+01 5.1681E+02 1.3268E+01 5.1687E+02 1.3592E+013884 3102
 5.1690E+02 1.3754E+01 5.1695E+02 1.3877E+01 5.1700E+02 1.3921E+013884 3102
 5.1704E+02 1.3896E+01 5.1707E+02 1.3825E+01 5.1711E+02 1.3709E+013884 3102
 5.1715E+02 1.3516E+01 5.1718E+02 1.3311E+01 5.1722E+02 1.3017E+013884 3102
 5.1726E+02 1.2731E+01 5.1730E+02 1.2347E+01 5.1734E+02 1.1995E+013884 3102
 5.1738E+02 1.1538E+01 5.1742E+02 1.1050E+01 5.1749E+02 1.0184E+013884 3102
 5.1757E+02 9.0886E+00 5.1764E+02 8.1631E+00 5.1772E+02 7.0696E+003884 3102
 5.1778E+02 6.3689E+00 5.1780E+02 6.0288E+00 5.1786E+02 5.3786E+003884 3102
 5.1789E+02 5.0684E+00 5.1792E+02 4.7688E+00 5.1794E+02 4.4807E+003884 3102
 5.1797E+02 4.2044E+00 5.1800E+02 3.9395E+00 5.1803E+02 3.6861E+003884 3102
 5.1805E+02 3.4453E+00 5.1808E+02 3.2167E+00 5.1811E+02 3.0001E+003884 3102
 5.1814E+02 2.7945E+00 5.1816E+02 2.6015E+00 5.1819E+02 2.4197E+003884 3102
 5.1822E+02 2.2490E+00 5.1825E+02 2.0885E+00 5.1827E+02 1.9390E+003884 3102
 5.1830E+02 1.7994E+00 5.1833E+02 1.6694E+00 5.1836E+02 1.5485E+003884 3102
 5.1838E+02 1.4362E+00 5.1841E+02 1.3322E+00 5.1844E+02 1.2359E+003884 3102
 5.1847E+02 1.1466E+00 5.1850E+02 1.0646E+00 5.1852E+02 9.8895E-013884 3102
 5.1855E+02 9.1932E-01 5.1858E+02 8.5511E-01 5.1861E+02 7.9634E-013884 3102
 5.1863E+02 7.4244E-01 5.1866E+02 6.9296E-01 5.1869E+02 6.4746E-013884 3102
 5.1872E+02 6.0598E-01 5.1874E+02 5.6796E-01 5.1877E+02 5.3314E-013884 3102
 5.1880E+02 5.0127E-01 5.1883E+02 4.7209E-01 5.1885E+02 4.4535E-013884 3102
 5.1888E+02 4.2088E-01 5.1891E+02 3.9834E-01 5.1894E+02 3.7774E-013884 3102
 5.1896E+02 3.5886E-01 5.1899E+02 3.4149E-01 5.1905E+02 3.1073E-013884 3102
 5.1910E+02 2.8461E-01 5.1916E+02 2.6222E-01 5.1921E+02 2.4295E-013884 3102
 5.1927E+02 2.2620E-01 5.1932E+02 2.1158E-01 5.1938E+02 1.9867E-013884 3102
 5.1943E+02 1.8723E-01 5.1949E+02 1.7699E-01 5.1954E+02 1.6780E-013884 3102
 5.1960E+02 1.5946E-01 5.1966E+02 1.5189E-01 5.1977E+02 1.3860E-013884 3102
 5.1988E+02 1.2729E-01 5.1999E+02 1.1756E-01 5.2010E+02 1.0908E-013884 3102
 5.2021E+02 1.0164E-01 5.2032E+02 9.5056E-02 5.2043E+02 8.9195E-023884 3102
 5.2054E+02 8.3956E-02 5.2065E+02 7.9247E-02 5.2076E+02 7.4996E-023884 3102
 5.2087E+02 7.1142E-02 5.2109E+02 6.4433E-02 5.2131E+02 5.8815E-023884 3102
 5.2153E+02 5.4058E-02 5.2175E+02 4.9987E-02 5.2198E+02 4.6480E-023884 3102
 5.2220E+02 4.3433E-02 5.2242E+02 4.0769E-02 5.2264E+02 3.8426E-023884 3102
 5.2286E+02 3.6353E-02 5.2308E+02 3.4511E-02 5.2352E+02 3.1395E-023884 3102
 5.2374E+02 3.0069E-02 5.2418E+02 2.7783E-02 5.2463E+02 2.5887E-023884 3102
 5.2507E+02 2.4298E-02 5.2551E+02 2.2954E-02 5.2595E+02 2.1807E-023884 3102
 5.2639E+02 2.0820E-02 5.2684E+02 1.9965E-02 5.2728E+02 1.9220E-023884 3102
 5.2816E+02 1.7991E-02 5.2860E+02 1.7481E-02 5.2949E+02 1.6625E-023884 3102
 5.3037E+02 1.5938E-02 5.3126E+02 1.5375E-02 5.3214E+02 1.4911E-023884 3102
 5.3302E+02 1.4528E-02 5.3391E+02 1.4209E-02 5.3479E+02 1.3941E-023884 3102
 5.3656E+02 1.3528E-02 5.3744E+02 1.3371E-02 5.3833E+02 1.3241E-023884 3102
 5.4009E+02 1.3044E-02 5.4186E+02 1.2915E-02 5.4363E+02 1.2842E-023884 3102
 5.4540E+02 1.2817E-02 5.4716E+02 1.2832E-02 5.4893E+02 1.2883E-023884 3102
 5.5070E+02 1.2968E-02 5.5247E+02 1.3084E-02 5.5424E+02 1.3231E-023884 3102
 5.5600E+02 1.3408E-02 5.5777E+02 1.3615E-02 5.5954E+02 1.3853E-023884 3102
 5.6131E+02 1.4124E-02 5.6307E+02 1.4429E-02 5.6484E+02 1.4770E-023884 3102
 5.6661E+02 1.5150E-02 5.6838E+02 1.5572E-02 5.7014E+02 1.6039E-023884 3102
 5.7191E+02 1.6557E-02 5.7368E+02 1.7130E-02 5.7558E+02 1.7816E-023884 3102
 5.7749E+02 1.8581E-02 5.7939E+02 1.9435E-02 5.8130E+02 2.0392E-023884 3102
 5.8320E+02 2.1466E-02 5.8511E+02 2.2673E-02 5.8701E+02 2.4031E-023884 3102
 5.8797E+02 2.4773E-02 5.8892E+02 2.5568E-02 5.8987E+02 2.6417E-023884 3102
 5.9082E+02 2.7322E-02 5.9178E+02 2.8290E-02 5.9273E+02 2.9325E-023884 3102
 5.9368E+02 3.0435E-02 5.9463E+02 3.1626E-02 5.9559E+02 3.2906E-023884 3102
 5.9654E+02 3.4285E-02 5.9749E+02 3.5771E-02 5.9844E+02 3.7376E-023884 3102
 5.9940E+02 3.9115E-02 6.0035E+02 4.0998E-02 6.0130E+02 4.3046E-023884 3102
 6.0225E+02 4.5275E-02 6.0321E+02 4.7714E-02 6.0416E+02 5.0378E-023884 3102
 6.0511E+02 5.3307E-02 6.0606E+02 5.6527E-02 6.0702E+02 6.0086E-023884 3102
 6.0797E+02 6.4028E-02 6.0892E+02 6.8408E-02 6.0987E+02 7.3283E-023884 3102
 6.1035E+02 7.5935E-02 6.1083E+02 7.8746E-02 6.1130E+02 8.1738E-023884 3102
 6.1178E+02 8.4914E-02 6.1226E+02 8.8292E-02 6.1273E+02 9.1888E-023884 3102
 6.1321E+02 9.5731E-02 6.1368E+02 9.9831E-02 6.1416E+02 1.0422E-013884 3102
 6.1464E+02 1.0891E-01 6.1511E+02 1.1395E-01 6.1559E+02 1.1936E-013884 3102
 6.1607E+02 1.2519E-01 6.1654E+02 1.3147E-01 6.1702E+02 1.3827E-013884 3102
 6.1749E+02 1.4563E-01 6.1797E+02 1.5362E-01 6.1845E+02 1.6230E-013884 3102
 6.1892E+02 1.7178E-01 6.1940E+02 1.8214E-01 6.1988E+02 1.9351E-013884 3102
 6.2035E+02 2.0600E-01 6.2083E+02 2.1978E-01 6.2130E+02 2.3502E-013884 3102
 6.2178E+02 2.5194E-01 6.2226E+02 2.7079E-01 6.2250E+02 2.8104E-013884 3102
 6.2273E+02 2.9189E-01 6.2297E+02 3.0341E-01 6.2321E+02 3.1564E-013884 3102
 6.2345E+02 3.2865E-01 6.2369E+02 3.4250E-01 6.2392E+02 3.5726E-013884 3102
 6.2416E+02 3.7303E-01 6.2440E+02 3.8986E-01 6.2464E+02 4.0788E-013884 3102
 6.2488E+02 4.2722E-01 6.2511E+02 4.4800E-01 6.2535E+02 4.7033E-013884 3102
 6.2559E+02 4.9438E-01 6.2583E+02 5.2039E-01 6.2607E+02 5.4854E-013884 3102
 6.2619E+02 5.6350E-01 6.2642E+02 5.9533E-01 6.2654E+02 6.1228E-013884 3102
 6.2666E+02 6.3000E-01 6.2678E+02 6.4846E-01 6.2690E+02 6.6780E-013884 3102
 6.2702E+02 6.8803E-01 6.2714E+02 7.0917E-01 6.2726E+02 7.3135E-013884 3102
 6.2738E+02 7.5464E-01 6.2750E+02 7.7899E-01 6.2762E+02 8.0463E-013884 3102
 6.2776E+02 8.3853E-01 6.2785E+02 8.5989E-01 6.2788E+02 8.6719E-013884 3102
 6.2803E+02 9.0521E-01 6.2809E+02 9.2109E-01 6.2821E+02 9.5425E-013884 3102
 6.2827E+02 9.7153E-01 6.2833E+02 9.8925E-01 6.2845E+02 1.0262E+003884 3102
 6.2857E+02 1.0653E+00 6.2869E+02 1.1067E+00 6.2881E+02 1.1507E+003884 3102
 6.2892E+02 1.1973E+00 6.2898E+02 1.2218E+00 6.2904E+02 1.2469E+003884 3102
 6.2910E+02 1.2729E+00 6.2916E+02 1.2997E+00 6.2922E+02 1.3275E+003884 3102
 6.2928E+02 1.3560E+00 6.2934E+02 1.3856E+00 6.2940E+02 1.4161E+003884 3102
 6.2946E+02 1.4477E+00 6.2952E+02 1.4804E+00 6.2958E+02 1.5141E+003884 3102
 6.2964E+02 1.5491E+00 6.2970E+02 1.5854E+00 6.2976E+02 1.6229E+003884 3102
 6.2982E+02 1.6619E+00 6.2988E+02 1.7022E+00 6.2994E+02 1.7442E+003884 3102
 6.3000E+02 1.7877E+00 6.3006E+02 1.8329E+00 6.3012E+02 1.8799E+003884 3102
 6.3018E+02 1.9288E+00 6.3023E+02 1.9796E+00 6.3029E+02 2.0324E+003884 3102
 6.3035E+02 2.0875E+00 6.3041E+02 2.1450E+00 6.3047E+02 2.2049E+003884 3102
 6.3053E+02 2.2674E+00 6.3059E+02 2.3326E+00 6.3065E+02 2.4009E+003884 3102
 6.3071E+02 2.4722E+00 6.3077E+02 2.5468E+00 6.3083E+02 2.6250E+003884 3102
 6.3089E+02 2.7070E+00 6.3095E+02 2.7930E+00 6.3101E+02 2.8834E+003884 3102
 6.3107E+02 2.9782E+00 6.3113E+02 3.0782E+00 6.3119E+02 3.1833E+003884 3102
 6.3125E+02 3.2941E+00 6.3131E+02 3.4111E+00 6.3137E+02 3.5348E+003884 3102
 6.3143E+02 3.6655E+00 6.3148E+02 3.8039E+00 6.3154E+02 3.9509E+003884 3102
 6.3160E+02 4.1072E+00 6.3166E+02 4.2729E+00 6.3172E+02 4.4498E+003884 3102
 6.3178E+02 4.6384E+00 6.3184E+02 4.8407E+00 6.3190E+02 5.0569E+003884 3102
 6.3196E+02 5.2894E+00 6.3202E+02 5.5392E+00 6.3208E+02 5.8089E+003884 3102
 6.3214E+02 6.1007E+00 6.3220E+02 6.4161E+00 6.3223E+02 6.5844E+003884 3102
 6.3226E+02 6.7591E+00 6.3229E+02 6.9425E+00 6.3232E+02 7.1337E+003884 3102
 6.3235E+02 7.3342E+00 6.3238E+02 7.5427E+00 6.3241E+02 7.7619E+003884 3102
 6.3244E+02 7.9911E+00 6.3247E+02 8.2320E+00 6.3250E+02 8.4840E+003884 3102
 6.3253E+02 8.7496E+00 6.3256E+02 9.0289E+00 6.3259E+02 9.3229E+003884 3102
 6.3262E+02 9.6305E+00 6.3265E+02 9.9562E+00 6.3268E+02 1.0298E+013884 3102
 6.3271E+02 1.0660E+01 6.3274E+02 1.1040E+01 6.3276E+02 1.1444E+013884 3102
 6.3279E+02 1.1870E+01 6.3282E+02 1.2320E+01 6.3285E+02 1.2795E+013884 3102
 6.3288E+02 1.3299E+01 6.3291E+02 1.3833E+01 6.3294E+02 1.4398E+013884 3102
 6.3297E+02 1.4994E+01 6.3300E+02 1.5627E+01 6.3303E+02 1.6299E+013884 3102
 6.3306E+02 1.7010E+01 6.3309E+02 1.7761E+01 6.3312E+02 1.8559E+013884 3102
 6.3315E+02 1.9401E+01 6.3318E+02 2.0297E+01 6.3321E+02 2.1241E+013884 3102
 6.3324E+02 2.2245E+01 6.3327E+02 2.3306E+01 6.3330E+02 2.4428E+013884 3102
 6.3333E+02 2.5610E+01 6.3336E+02 2.6862E+01 6.3339E+02 2.8179E+013884 3102
 6.3342E+02 2.9573E+01 6.3345E+02 3.1036E+01 6.3348E+02 3.2582E+013884 3102
 6.3351E+02 3.4208E+01 6.3354E+02 3.5916E+01 6.3357E+02 3.7701E+013884 3102
 6.3360E+02 3.9579E+01 6.3363E+02 4.1539E+01 6.3366E+02 4.3595E+013884 3102
 6.3369E+02 4.5732E+01 6.3372E+02 4.7968E+01 6.3375E+02 5.0297E+013884 3102
 6.3378E+02 5.2717E+01 6.3381E+02 5.5219E+01 6.3387E+02 6.0509E+013884 3102
 6.3393E+02 6.6132E+01 6.3396E+02 6.9072E+01 6.3402E+02 7.5176E+013884 3102
 6.3404E+02 7.8312E+01 6.3410E+02 8.4781E+01 6.3419E+02 9.4817E+013884 3102
 6.3434E+02 1.1182E+02 6.3443E+02 1.2172E+02 6.3451E+02 1.2951E+023884 3102
 6.3460E+02 1.3801E+02 6.3463E+02 1.4060E+02 6.3468E+02 1.4532E+023884 3102
 6.3475E+02 1.4983E+02 6.3477E+02 1.5112E+02 6.3484E+02 1.5430E+023884 3102
 6.3487E+02 1.5512E+02 6.3493E+02 1.5684E+02 6.3500E+02 1.5741E+023884 3102
 6.3502E+02 1.5734E+02 6.3507E+02 1.5681E+02 6.3513E+02 1.5506E+023884 3102
 6.3516E+02 1.5423E+02 6.3523E+02 1.5101E+02 6.3527E+02 1.4831E+023884 3102
 6.3532E+02 1.4518E+02 6.3536E+02 1.4167E+02 6.3542E+02 1.3681E+023884 3102
 6.3547E+02 1.3149E+02 6.3553E+02 1.2579E+02 6.3562E+02 1.1567E+023884 3102
 6.3573E+02 1.0296E+02 6.3583E+02 9.2297E+01 6.3592E+02 8.1904E+013884 3102
 6.3596E+02 7.7888E+01 6.3603E+02 7.0140E+01 6.3611E+02 6.2864E+013884 3102
 6.3614E+02 5.9412E+01 6.3618E+02 5.6107E+01 6.3622E+02 5.2935E+013884 3102
 6.3626E+02 4.9914E+01 6.3629E+02 4.7025E+01 6.3633E+02 4.4292E+013884 3102
 6.3637E+02 4.1691E+01 6.3641E+02 3.9237E+01 6.3644E+02 3.6912E+013884 3102
 6.3648E+02 3.4730E+01 6.3652E+02 3.2672E+01 6.3656E+02 3.0745E+013884 3102
 6.3659E+02 2.8933E+01 6.3663E+02 2.7241E+01 6.3667E+02 2.5655E+013884 3102
 6.3670E+02 2.4178E+01 6.3674E+02 2.2796E+01 6.3678E+02 2.1511E+013884 3102
 6.3682E+02 2.0311E+01 6.3685E+02 1.9197E+01 6.3689E+02 1.8157E+013884 3102
 6.3693E+02 1.7192E+01 6.3697E+02 1.6292E+01 6.3700E+02 1.5457E+013884 3102
 6.3704E+02 1.4679E+01 6.3708E+02 1.3956E+01 6.3712E+02 1.3281E+013884 3102
 6.3715E+02 1.2655E+01 6.3719E+02 1.2069E+01 6.3723E+02 1.1525E+013884 3102
 6.3726E+02 1.1016E+01 6.3730E+02 1.0541E+01 6.3734E+02 1.0097E+013884 3102
 6.3738E+02 9.6817E+00 6.3741E+02 9.2916E+00 6.3745E+02 8.9276E+003884 3102
 6.3749E+02 8.5838E+00 6.3753E+02 8.2622E+00 6.3756E+02 7.9586E+003884 3102
 6.3760E+02 7.6735E+00 6.3764E+02 7.4038E+00 6.3768E+02 7.1499E+003884 3102
 6.3775E+02 6.6817E+00 6.3783E+02 6.2613E+00 6.3790E+02 5.8822E+003884 3102
 6.3797E+02 5.5388E+00 6.3805E+02 5.2268E+00 6.3812E+02 4.9420E+003884 3102
 6.3820E+02 4.6812E+00 6.3827E+02 4.4413E+00 6.3835E+02 4.2206E+003884 3102
 6.3842E+02 4.0169E+00 6.3850E+02 3.8283E+00 6.3857E+02 3.6530E+003884 3102
 6.3865E+02 3.4901E+00 6.3872E+02 3.3382E+00 6.3880E+02 3.1964E+003884 3102
 6.3887E+02 3.0638E+00 6.3895E+02 2.9394E+00 6.3902E+02 2.8228E+003884 3102
 6.3910E+02 2.7132E+00 6.3917E+02 2.6099E+00 6.3924E+02 2.5127E+003884 3102
 6.3932E+02 2.4209E+00 6.3939E+02 2.3341E+00 6.3954E+02 2.1744E+003884 3102
 6.3969E+02 2.0308E+00 6.3984E+02 1.9012E+00 6.3999E+02 1.7839E+003884 3102
 6.4014E+02 1.6772E+00 6.4029E+02 1.5799E+00 6.4044E+02 1.4910E+003884 3102
 6.4059E+02 1.4096E+00 6.4074E+02 1.3347E+00 6.4089E+02 1.2656E+003884 3102
 6.4104E+02 1.2019E+00 6.4119E+02 1.1430E+00 6.4134E+02 1.0882E+003884 3102
 6.4149E+02 1.0374E+00 6.4163E+02 9.9017E-01 6.4178E+02 9.4607E-013884 3102
 6.4193E+02 9.0488E-01 6.4208E+02 8.6634E-01 6.4223E+02 8.3027E-013884 3102
 6.4238E+02 7.9642E-01 6.4253E+02 7.6462E-01 6.4268E+02 7.3474E-013884 3102
 6.4283E+02 7.0656E-01 6.4298E+02 6.8003E-01 6.4313E+02 6.5498E-013884 3102
 6.4328E+02 6.3125E-01 6.4343E+02 6.0885E-01 6.4373E+02 5.6748E-013884 3102
 6.4403E+02 5.3023E-01 6.4432E+02 4.9656E-01 6.4462E+02 4.6602E-013884 3102
 6.4492E+02 4.3820E-01 6.4522E+02 4.1285E-01 6.4552E+02 3.8968E-013884 3102
 6.4582E+02 3.6841E-01 6.4612E+02 3.4886E-01 6.4642E+02 3.3085E-013884 3102
 6.4671E+02 3.1422E-01 6.4701E+02 2.9883E-01 6.4731E+02 2.8455E-013884 3102
 6.4761E+02 2.7130E-01 6.4791E+02 2.5896E-01 6.4821E+02 2.4746E-013884 3102
 6.4851E+02 2.3672E-01 6.4881E+02 2.2668E-01 6.4911E+02 2.1728E-013884 3102
 6.4940E+02 2.0846E-01 6.4970E+02 2.0019E-01 6.5000E+02 1.9240E-013884 3102
 6.5030E+02 1.8507E-01 6.5060E+02 1.7817E-01 6.5090E+02 1.7166E-013884 3102
 6.5120E+02 1.6551E-01 6.5150E+02 1.5970E-01 6.5209E+02 1.4899E-013884 3102
 6.5269E+02 1.3934E-01 6.5329E+02 1.3062E-01 6.5389E+02 1.2273E-013884 3102
 6.5448E+02 1.1556E-01 6.5508E+02 1.0902E-01 6.5568E+02 1.0305E-013884 3102
 6.5628E+02 9.7591E-02 6.5687E+02 9.2573E-02 6.5747E+02 8.7957E-023884 3102
 6.5807E+02 8.3702E-02 6.5867E+02 7.9771E-02 6.5926E+02 7.6131E-023884 3102
 6.5986E+02 7.2756E-02 6.6046E+02 6.9624E-02 6.6106E+02 6.6710E-023884 3102
 6.6165E+02 6.3995E-02 6.6225E+02 6.1464E-02 6.6285E+02 5.9098E-023884 3102
 6.6345E+02 5.6884E-02 6.6405E+02 5.4814E-02 6.6464E+02 5.2876E-023884 3102
 6.6524E+02 5.1056E-02 6.6584E+02 4.9350E-02 6.6644E+02 4.7751E-023884 3102
 6.6763E+02 4.4829E-02 6.6883E+02 4.2228E-02 6.7002E+02 3.9918E-023884 3102
 6.7122E+02 3.7870E-02 6.7241E+02 3.6046E-02 6.7361E+02 3.4429E-023884 3102
 6.7480E+02 3.2996E-02 6.7600E+02 3.1734E-02 6.7719E+02 3.0628E-023884 3102
 6.7839E+02 2.9668E-02 6.7958E+02 2.8849E-02 6.8078E+02 2.8164E-023884 3102
 6.8197E+02 2.7612E-02 6.8317E+02 2.7193E-02 6.8436E+02 2.6910E-023884 3102
 6.8556E+02 2.6770E-02 6.8675E+02 2.6783E-02 6.8795E+02 2.6963E-023884 3102
 6.8914E+02 2.7326E-02 6.9034E+02 2.7906E-02 6.9094E+02 2.8291E-023884 3102
 6.9213E+02 2.9278E-02 6.9273E+02 2.9896E-02 6.9333E+02 3.0608E-023884 3102
 6.9393E+02 3.1426E-02 6.9452E+02 3.2363E-02 6.9512E+02 3.3436E-023884 3102
 6.9572E+02 3.4664E-02 6.9632E+02 3.6069E-02 6.9691E+02 3.7678E-023884 3102
 6.9751E+02 3.9524E-02 6.9811E+02 4.1646E-02 6.9841E+02 4.2825E-023884 3102
 6.9871E+02 4.4093E-02 6.9930E+02 4.6941E-02 6.9990E+02 5.0260E-023884 3102
 7.0020E+02 5.2124E-02 7.0050E+02 5.4151E-02 7.0080E+02 5.6350E-023884 3102
 7.0110E+02 5.8745E-02 7.0140E+02 6.1357E-02 7.0169E+02 6.4216E-023884 3102
 7.0199E+02 6.7344E-02 7.0229E+02 7.0781E-02 7.0259E+02 7.4565E-023884 3102
 7.0289E+02 7.8746E-02 7.0319E+02 8.3381E-02 7.0349E+02 8.8532E-023884 3102
 7.0379E+02 9.4279E-02 7.0409E+02 1.0072E-01 7.0438E+02 1.0795E-013884 3102
 7.0468E+02 1.1613E-01 7.0483E+02 1.2063E-01 7.0498E+02 1.2544E-013884 3102
 7.0513E+02 1.3057E-01 7.0528E+02 1.3607E-01 7.0543E+02 1.4197E-013884 3102
 7.0558E+02 1.4831E-01 7.0573E+02 1.5513E-01 7.0588E+02 1.6248E-013884 3102
 7.0603E+02 1.7044E-01 7.0618E+02 1.7904E-01 7.0633E+02 1.8838E-013884 3102
 7.0648E+02 1.9855E-01 7.0662E+02 2.0963E-01 7.0677E+02 2.2175E-013884 3102
 7.0692E+02 2.3505E-01 7.0707E+02 2.4968E-01 7.0722E+02 2.6583E-013884 3102
 7.0737E+02 2.8372E-01 7.0752E+02 3.0364E-01 7.0767E+02 3.2590E-013884 3102
 7.0775E+02 3.3803E-01 7.0782E+02 3.5091E-01 7.0789E+02 3.6459E-013884 3102
 7.0797E+02 3.7914E-01 7.0804E+02 3.9469E-01 7.0812E+02 4.1127E-013884 3102
 7.0819E+02 4.2899E-01 7.0827E+02 4.4800E-01 7.0834E+02 4.6841E-013884 3102
 7.0842E+02 4.9041E-01 7.0849E+02 5.1413E-01 7.0857E+02 5.3985E-013884 3102
 7.0864E+02 5.6777E-01 7.0872E+02 5.9821E-01 7.0879E+02 6.3151E-013884 3102
 7.0887E+02 6.6817E-01 7.0894E+02 7.0866E-01 7.0902E+02 7.5375E-013884 3102
 7.0909E+02 8.0423E-01 7.0913E+02 8.3186E-01 7.0916E+02 8.6122E-013884 3102
 7.0920E+02 8.9261E-01 7.0924E+02 9.2606E-01 7.0928E+02 9.6206E-013884 3102
 7.0931E+02 1.0006E+00 7.0935E+02 1.0422E+00 7.0939E+02 1.0869E+003884 3102
 7.0943E+02 1.1355E+00 7.0946E+02 1.1880E+00 7.0950E+02 1.2452E+003884 3102
 7.0954E+02 1.3073E+00 7.0958E+02 1.3753E+00 7.0961E+02 1.4495E+003884 3102
 7.0965E+02 1.5310E+00 7.0969E+02 1.6201E+00 7.0973E+02 1.7184E+003884 3102
 7.0976E+02 1.8263E+00 7.0980E+02 1.9455E+00 7.0984E+02 2.0766E+003884 3102
 7.0987E+02 2.2216E+00 7.0991E+02 2.3813E+00 7.0995E+02 2.5581E+003884 3102
 7.0999E+02 2.7529E+00 7.1002E+02 2.9685E+00 7.1006E+02 3.2059E+003884 3102
 7.1010E+02 3.4684E+00 7.1014E+02 3.7568E+00 7.1017E+02 4.0755E+003884 3102
 7.1021E+02 4.4247E+00 7.1025E+02 4.8097E+00 7.1029E+02 5.2305E+003884 3102
 7.1030E+02 5.4563E+00 7.1032E+02 5.6925E+00 7.1034E+02 5.9393E+003884 3102
 7.1036E+02 6.1957E+00 7.1038E+02 6.4651E+00 7.1040E+02 6.7465E+003884 3102
 7.1042E+02 7.0398E+00 7.1043E+02 7.3441E+00 7.1045E+02 7.6628E+003884 3102
 7.1047E+02 7.9947E+00 7.1049E+02 8.3407E+00 7.1051E+02 8.6981E+003884 3102
 7.1053E+02 9.0720E+00 7.1055E+02 9.4603E+00 7.1057E+02 9.8634E+003884 3102
 7.1058E+02 1.0280E+01 7.1060E+02 1.0713E+01 7.1062E+02 1.1163E+013884 3102
 7.1064E+02 1.1628E+01 7.1066E+02 1.2107E+01 7.1068E+02 1.2606E+013884 3102
 7.1070E+02 1.3120E+01 7.1073E+02 1.4196E+01 7.1077E+02 1.5343E+013884 3102
 7.1081E+02 1.6554E+01 7.1085E+02 1.7836E+01 7.1086E+02 1.8503E+013884 3102
 7.1090E+02 1.9881E+01 7.1092E+02 2.0597E+01 7.1096E+02 2.2070E+013884 3102
 7.1098E+02 2.2832E+01 7.1101E+02 2.4398E+01 7.1105E+02 2.6015E+013884 3102
 7.1109E+02 2.7686E+01 7.1113E+02 2.9395E+01 7.1118E+02 3.2030E+013884 3102
 7.1124E+02 3.4727E+01 7.1128E+02 3.6997E+01 7.1134E+02 3.9719E+013884 3102
 7.1144E+02 4.4605E+01 7.1149E+02 4.6727E+01 7.1155E+02 4.9151E+013884 3102
 7.1159E+02 5.1041E+01 7.1165E+02 5.3126E+01 7.1170E+02 5.4681E+013884 3102
 7.1175E+02 5.6309E+01 7.1182E+02 5.7827E+01 7.1185E+02 5.8505E+013884 3102
 7.1191E+02 5.9227E+01 7.1195E+02 5.9574E+01 7.1200E+02 5.9688E+013884 3102
 7.1203E+02 5.9644E+01 7.1207E+02 5.9382E+01 7.1212E+02 5.8885E+013884 3102
 7.1215E+02 5.8479E+01 7.1218E+02 5.7868E+01 7.1222E+02 5.6976E+013884 3102
 7.1225E+02 5.6114E+01 7.1232E+02 5.4073E+01 7.1239E+02 5.1671E+013884 3102
 7.1243E+02 5.0068E+01 7.1247E+02 4.8374E+01 7.1254E+02 4.5367E+013884 3102
 7.1262E+02 4.1562E+01 7.1269E+02 3.8290E+01 7.1282E+02 3.1748E+013884 3102
 7.1288E+02 2.9207E+01 7.1296E+02 2.5551E+01 7.1299E+02 2.4383E+013884 3102
 7.1304E+02 2.2138E+01 7.1307E+02 2.1061E+01 7.1312E+02 1.9005E+013884 3102
 7.1318E+02 1.7086E+01 7.1320E+02 1.6180E+01 7.1323E+02 1.5312E+013884 3102
 7.1326E+02 1.4476E+01 7.1328E+02 1.3677E+01 7.1331E+02 1.2912E+013884 3102
 7.1334E+02 1.2182E+01 7.1337E+02 1.1487E+01 7.1339E+02 1.0825E+013884 3102
 7.1342E+02 1.0196E+01 7.1345E+02 9.6025E+00 7.1347E+02 9.0374E+003884 3102
 7.1350E+02 8.5028E+00 7.1353E+02 7.9977E+00 7.1355E+02 7.5213E+003884 3102
 7.1358E+02 7.0718E+00 7.1361E+02 6.6493E+00 7.1364E+02 6.2521E+003884 3102
 7.1366E+02 5.8800E+00 7.1369E+02 5.5296E+00 7.1372E+02 5.2014E+003884 3102
 7.1374E+02 4.8937E+00 7.1377E+02 4.6071E+00 7.1380E+02 4.3382E+003884 3102
 7.1383E+02 4.0869E+00 7.1385E+02 3.8522E+00 7.1388E+02 3.6342E+003884 3102
 7.1391E+02 3.4301E+00 7.1393E+02 3.2400E+00 7.1396E+02 3.0628E+003884 3102
 7.1399E+02 2.8978E+00 7.1401E+02 2.7443E+00 7.1404E+02 2.6013E+003884 3102
 7.1407E+02 2.4683E+00 7.1410E+02 2.3449E+00 7.1412E+02 2.2297E+003884 3102
 7.1415E+02 2.1224E+00 7.1418E+02 2.0226E+00 7.1420E+02 1.9295E+003884 3102
 7.1423E+02 1.8429E+00 7.1426E+02 1.7622E+00 7.1429E+02 1.6868E+003884 3102
 7.1431E+02 1.6168E+00 7.1434E+02 1.5512E+00 7.1437E+02 1.4898E+003884 3102
 7.1439E+02 1.4325E+00 7.1442E+02 1.3787E+00 7.1445E+02 1.3284E+003884 3102
 7.1448E+02 1.2812E+00 7.1450E+02 1.2369E+00 7.1453E+02 1.1953E+003884 3102
 7.1458E+02 1.1192E+00 7.1464E+02 1.0515E+00 7.1469E+02 9.9083E-013884 3102
 7.1475E+02 9.3642E-01 7.1480E+02 8.8716E-01 7.1485E+02 8.4247E-013884 3102
 7.1491E+02 8.0172E-01 7.1496E+02 7.6451E-01 7.1502E+02 7.3017E-013884 3102
 7.1507E+02 6.9849E-01 7.1513E+02 6.6916E-01 7.1518E+02 6.4197E-013884 3102
 7.1523E+02 6.1655E-01 7.1529E+02 5.9283E-01 7.1534E+02 5.7061E-013884 3102
 7.1540E+02 5.4979E-01 7.1545E+02 5.3016E-01 7.1550E+02 5.1170E-013884 3102
 7.1561E+02 4.7777E-01 7.1572E+02 4.4734E-01 7.1583E+02 4.1993E-013884 3102
 7.1594E+02 3.9513E-01 7.1605E+02 3.7258E-01 7.1615E+02 3.5202E-013884 3102
 7.1626E+02 3.3322E-01 7.1637E+02 3.1595E-01 7.1648E+02 3.0008E-013884 3102
 7.1659E+02 2.8542E-01 7.1670E+02 2.7187E-01 7.1680E+02 2.5931E-013884 3102
 7.1691E+02 2.4765E-01 7.1702E+02 2.3679E-01 7.1713E+02 2.2667E-013884 3102
 7.1724E+02 2.1723E-01 7.1735E+02 2.0839E-01 7.1745E+02 2.0011E-013884 3102
 7.1756E+02 1.9234E-01 7.1778E+02 1.7816E-01 7.1800E+02 1.6558E-013884 3102
 7.1821E+02 1.5435E-01 7.1843E+02 1.4429E-01 7.1865E+02 1.3524E-013884 3102
 7.1886E+02 1.2706E-01 7.1908E+02 1.1965E-01 7.1930E+02 1.1290E-013884 3102
 7.1951E+02 1.0675E-01 7.1973E+02 1.0112E-01 7.1995E+02 9.5963E-023884 3102
 7.2016E+02 9.1217E-02 7.2038E+02 8.6844E-02 7.2060E+02 8.2803E-023884 3102
 7.2081E+02 7.9063E-02 7.2125E+02 7.2365E-02 7.2146E+02 6.9359E-023884 3102
 7.2190E+02 6.3943E-02 7.2211E+02 6.1493E-02 7.2255E+02 5.7046E-023884 3102
 7.2276E+02 5.5024E-02 7.2298E+02 5.3119E-02 7.2341E+02 4.9634E-023884 3102
 7.2385E+02 4.6521E-02 7.2428E+02 4.3728E-02 7.2471E+02 4.1215E-023884 3102
 7.2515E+02 3.8946E-02 7.2558E+02 3.6886E-02 7.2601E+02 3.5013E-023884 3102
 7.2645E+02 3.3305E-02 7.2688E+02 3.1741E-02 7.2731E+02 3.0306E-023884 3102
 7.2818E+02 2.7768E-02 7.2905E+02 2.5599E-02 7.2948E+02 2.4631E-023884 3102
 7.3035E+02 2.2889E-02 7.3078E+02 2.2104E-02 7.3165E+02 2.0684E-023884 3102
 7.3208E+02 2.0040E-02 7.3295E+02 1.8864E-02 7.3381E+02 1.7815E-023884 3102
 7.3468E+02 1.6878E-02 7.3555E+02 1.6037E-02 7.3641E+02 1.5277E-023884 3102
 7.3815E+02 1.3965E-02 7.3901E+02 1.3394E-02 7.4075E+02 1.2391E-023884 3102
 7.4161E+02 1.1948E-02 7.4335E+02 1.1160E-02 7.4508E+02 1.0480E-023884 3102
 7.4595E+02 1.0174E-02 7.4855E+02 9.3701E-03 7.5028E+02 8.9084E-033884 3102
 7.5202E+02 8.4973E-03 7.5375E+02 8.1285E-03 7.5548E+02 7.7962E-033884 3102
 7.5895E+02 7.2199E-03 7.6242E+02 6.7384E-03 7.6415E+02 6.5262E-033884 3102
 7.6762E+02 6.1475E-03 7.6935E+02 5.9780E-03 7.7282E+02 5.6718E-033884 3102
 7.7455E+02 5.5341E-03 7.7802E+02 5.2817E-03 7.8148E+02 5.0569E-033884 3102
 7.8495E+02 4.8554E-03 7.8842E+02 4.6742E-03 7.9188E+02 4.5095E-033884 3102
 7.9882E+02 4.2232E-03 8.0229E+02 4.0976E-03 8.0922E+02 3.8751E-033884 3102
 8.1269E+02 3.7756E-03 8.1962E+02 3.5975E-03 8.2655E+02 3.4419E-033884 3102
 8.3695E+02 3.2424E-03 8.4389E+02 3.1277E-03 8.5082E+02 3.0249E-033884 3102
 8.5776E+02 2.9322E-03 8.6469E+02 2.8484E-03 8.7856E+02 2.7027E-033884 3102
 8.9242E+02 2.5805E-03 8.9936E+02 2.5266E-03 9.1323E+02 2.4306E-033884 3102
 9.3403E+02 2.3106E-03 9.5402E+02 2.2163E-03 9.7401E+02 2.1378E-033884 3102
 9.8734E+02 2.0924E-03 1.0140E+03 2.0155E-03 1.0273E+03 1.9827E-033884 3102
 1.0551E+03 1.9244E-03 1.0695E+03 1.8987E-03 1.0983E+03 1.8551E-033884 3102
 1.1271E+03 1.8204E-03 1.1698E+03 1.7832E-03 1.1975E+03 1.7673E-033884 3102
 1.2391E+03 1.7555E-03 1.2668E+03 1.7565E-03 1.2807E+03 1.7601E-033884 3102
 1.3085E+03 1.7744E-03 1.3431E+03 1.8098E-03 1.3639E+03 1.8441E-033884 3102
 1.3778E+03 1.8744E-03 1.3986E+03 1.9349E-03 1.4194E+03 2.0208E-033884 3102
 1.4263E+03 2.0572E-03 1.4402E+03 2.1455E-03 1.4471E+03 2.1992E-033884 3102
 1.4575E+03 2.2957E-03 1.4679E+03 2.4165E-03 1.4783E+03 2.5700E-033884 3102
 1.4853E+03 2.6966E-03 1.4957E+03 2.9361E-03 1.4991E+03 3.0330E-033884 3102
 1.5061E+03 3.2598E-03 1.5147E+03 3.6238E-03 1.5182E+03 3.8032E-033884 3102
 1.5234E+03 4.1189E-03 1.5286E+03 4.5062E-03 1.5338E+03 4.9881E-033884 3102
 1.5373E+03 5.3778E-03 1.5425E+03 6.0999E-03 1.5442E+03 6.3862E-033884 3102
 1.5477E+03 7.0472E-03 1.5494E+03 7.4299E-03 1.5529E+03 8.3234E-033884 3102
 1.5546E+03 8.8476E-03 1.5572E+03 9.7598E-03 1.5598E+03 1.0854E-023884 3102
 1.5624E+03 1.2184E-02 1.5641E+03 1.3236E-02 1.5650E+03 1.3821E-023884 3102
 1.5667E+03 1.5133E-02 1.5676E+03 1.5870E-02 1.5693E+03 1.7535E-023884 3102
 1.5702E+03 1.8477E-02 1.5719E+03 2.0635E-02 1.5737E+03 2.3235E-023884 3102
 1.5745E+03 2.4739E-02 1.5754E+03 2.6403E-02 1.5763E+03 2.8252E-023884 3102
 1.5776E+03 3.1444E-02 1.5789E+03 3.5246E-02 1.5797E+03 3.8205E-023884 3102
 1.5802E+03 3.9837E-02 1.5810E+03 4.3437E-02 1.5815E+03 4.5430E-023884 3102
 1.5823E+03 4.9869E-02 1.5828E+03 5.2356E-02 1.5836E+03 5.7931E-023884 3102
 1.5841E+03 6.1069E-02 1.5845E+03 6.4485E-02 1.5849E+03 6.8198E-023884 3102
 1.5854E+03 7.2251E-02 1.5858E+03 7.6687E-02 1.5862E+03 8.1568E-023884 3102
 1.5867E+03 8.6929E-02 1.5871E+03 9.2875E-02 1.5875E+03 9.9448E-023884 3102
 1.5880E+03 1.0678E-01 1.5884E+03 1.1495E-01 1.5888E+03 1.2413E-013884 3102
 1.5893E+03 1.3448E-01 1.5897E+03 1.4623E-01 1.5901E+03 1.5959E-013884 3102
 1.5904E+03 1.6701E-01 1.5906E+03 1.7496E-01 1.5908E+03 1.8351E-013884 3102
 1.5910E+03 1.9268E-01 1.5912E+03 2.0261E-01 1.5914E+03 2.1336E-013884 3102
 1.5917E+03 2.2502E-01 1.5919E+03 2.3762E-01 1.5921E+03 2.5141E-013884 3102
 1.5923E+03 2.6639E-01 1.5925E+03 2.8288E-01 1.5927E+03 3.0092E-013884 3102
 1.5930E+03 3.2088E-01 1.5932E+03 3.4297E-01 1.5934E+03 3.6751E-013884 3102
 1.5936E+03 3.9476E-01 1.5938E+03 4.2542E-01 1.5940E+03 4.6001E-013884 3102
 1.5941E+03 4.7906E-01 1.5943E+03 4.9917E-01 1.5944E+03 5.2069E-013884 3102
 1.5945E+03 5.4372E-01 1.5946E+03 5.6862E-01 1.5947E+03 5.9515E-013884 3102
 1.5948E+03 6.2403E-01 1.5949E+03 6.5491E-01 1.5950E+03 6.8869E-013884 3102
 1.5951E+03 7.2509E-01 1.5952E+03 7.6477E-01 1.5953E+03 8.0821E-013884 3102
 1.5954E+03 8.5643E-01 1.5955E+03 8.8218E-01 1.5956E+03 9.3778E-013884 3102
 1.5957E+03 9.8357E-01 1.5958E+03 1.0424E+00 1.5958E+03 1.0697E+003884 3102
 1.5959E+03 1.1274E+00 1.5960E+03 1.1908E+00 1.5960E+03 1.2366E+003884 3102
 1.5961E+03 1.2855E+00 1.5962E+03 1.3379E+00 1.5962E+03 1.3940E+003884 3102
 1.5963E+03 1.4554E+00 1.5963E+03 1.5202E+00 1.5964E+03 1.5901E+003884 3102
 1.5964E+03 1.6654E+00 1.5965E+03 1.7482E+00 1.5965E+03 1.8362E+003884 3102
 1.5966E+03 1.9315E+00 1.5966E+03 2.0347E+00 1.5967E+03 2.1488E+003884 3102
 1.5967E+03 2.2704E+00 1.5968E+03 2.3351E+00 1.5968E+03 2.4025E+003884 3102
 1.5968E+03 2.4728E+00 1.5969E+03 2.5460E+00 1.5969E+03 2.6223E+003884 3102
 1.5969E+03 2.7019E+00 1.5969E+03 2.7849E+00 1.5970E+03 2.8713E+003884 3102
 1.5970E+03 2.9615E+00 1.5970E+03 3.0555E+00 1.5970E+03 3.1535E+003884 3102
 1.5971E+03 3.2556E+00 1.5971E+03 3.3661E+00 1.5971E+03 3.4772E+003884 3102
 1.5972E+03 3.5930E+00 1.5972E+03 3.7137E+00 1.5972E+03 3.8393E+003884 3102
 1.5972E+03 3.9701E+00 1.5973E+03 4.1064E+00 1.5973E+03 4.2486E+003884 3102
 1.5973E+03 4.3960E+00 1.5973E+03 4.5500E+00 1.5974E+03 4.7099E+003884 3102
 1.5974E+03 4.8761E+00 1.5974E+03 5.0492E+00 1.5975E+03 5.2286E+003884 3102
 1.5975E+03 5.4154E+00 1.5975E+03 5.6096E+00 1.5975E+03 5.8185E+003884 3102
 1.5976E+03 6.0277E+00 1.5976E+03 6.2451E+00 1.5976E+03 6.4702E+003884 3102
 1.5976E+03 6.7034E+00 1.5977E+03 6.9458E+00 1.5977E+03 7.4557E+003884 3102
 1.5978E+03 8.0017E+00 1.5978E+03 8.5849E+00 1.5979E+03 9.2072E+003884 3102
 1.5979E+03 9.8689E+00 1.5980E+03 1.0585E+01 1.5980E+03 1.0952E+013884 3102
 1.5981E+03 1.1717E+01 1.5981E+03 1.2525E+01 1.5982E+03 1.2944E+013884 3102
 1.5982E+03 1.3831E+01 1.5982E+03 1.4282E+01 1.5983E+03 1.5215E+013884 3102
 1.5984E+03 1.6690E+01 1.5984E+03 1.7740E+01 1.5985E+03 1.9354E+013884 3102
 1.5986E+03 2.1040E+01 1.5987E+03 2.2787E+01 1.5988E+03 2.5800E+013884 3102
 1.5990E+03 2.9509E+01 1.5991E+03 3.2536E+01 1.5992E+03 3.4289E+013884 3102
 1.5993E+03 3.5985E+01 1.5994E+03 3.8062E+01 1.5995E+03 3.9473E+013884 3102
 1.5995E+03 4.0541E+01 1.5996E+03 4.1665E+01 1.5997E+03 4.2453E+013884 3102
 1.5997E+03 4.3076E+01 1.5998E+03 4.3558E+01 1.5999E+03 4.4019E+013884 3102
 1.5999E+03 4.4163E+01 1.6000E+03 4.4273E+01 1.6000E+03 4.4266E+013884 3102
 1.6001E+03 4.4008E+01 1.6002E+03 4.3540E+01 1.6003E+03 4.2858E+013884 3102
 1.6004E+03 4.1632E+01 1.6005E+03 4.0711E+01 1.6005E+03 3.9679E+013884 3102
 1.6006E+03 3.7741E+01 1.6007E+03 3.6455E+01 1.6008E+03 3.5119E+013884 3102
 1.6009E+03 3.2726E+01 1.6010E+03 2.9752E+01 1.6012E+03 2.6203E+013884 3102
 1.6013E+03 2.3224E+01 1.6014E+03 2.0344E+01 1.6015E+03 1.8528E+013884 3102
 1.6016E+03 1.7663E+01 1.6017E+03 1.5989E+01 1.6017E+03 1.5183E+013884 3102
 1.6018E+03 1.3670E+01 1.6018E+03 1.2964E+01 1.6019E+03 1.2270E+013884 3102
 1.6019E+03 1.1620E+01 1.6020E+03 1.0984E+01 1.6020E+03 1.0390E+013884 3102
 1.6021E+03 9.8107E+00 1.6021E+03 9.2717E+00 1.6022E+03 8.7478E+003884 3102
 1.6022E+03 8.2615E+00 1.6022E+03 7.7899E+00 1.6023E+03 7.3541E+003884 3102
 1.6023E+03 6.9326E+00 1.6024E+03 6.5435E+00 1.6024E+03 6.1685E+003884 3102
 1.6025E+03 5.8233E+00 1.6025E+03 5.4909E+00 1.6026E+03 5.1859E+003884 3102
 1.6026E+03 4.8930E+00 1.6026E+03 4.6244E+00 1.6027E+03 4.3669E+003884 3102
 1.6027E+03 4.1307E+00 1.6028E+03 3.9053E+00 1.6028E+03 3.6986E+003884 3102
 1.6029E+03 3.5013E+00 1.6029E+03 3.3209E+00 1.6030E+03 3.1486E+003884 3102
 1.6030E+03 2.9913E+00 1.6030E+03 2.8410E+00 1.6031E+03 2.7038E+003884 3102
 1.6031E+03 2.5728E+00 1.6032E+03 2.4531E+00 1.6032E+03 2.3388E+003884 3102
 1.6033E+03 2.2322E+00 1.6033E+03 2.1325E+00 1.6034E+03 2.0415E+003884 3102
 1.6034E+03 1.9543E+00 1.6034E+03 1.8746E+00 1.6035E+03 1.7982E+003884 3102
 1.6035E+03 1.7282E+00 1.6036E+03 1.6610E+00 1.6036E+03 1.5994E+003884 3102
 1.6037E+03 1.5401E+00 1.6037E+03 1.4857E+00 1.6038E+03 1.4332E+003884 3102
 1.6038E+03 1.3849E+00 1.6039E+03 1.2952E+00 1.6040E+03 1.2151E+003884 3102
 1.6041E+03 1.1431E+00 1.6042E+03 1.0783E+00 1.6042E+03 1.0195E+003884 3102
 1.6043E+03 9.6607E-01 1.6044E+03 9.1737E-01 1.6045E+03 8.7264E-013884 3102
 1.6046E+03 8.3153E-01 1.6047E+03 7.9358E-01 1.6048E+03 7.5847E-013884 3102
 1.6049E+03 7.2583E-01 1.6050E+03 6.9551E-01 1.6050E+03 6.6714E-013884 3102
 1.6051E+03 6.4065E-01 1.6052E+03 6.1582E-01 1.6053E+03 5.9249E-013884 3102
 1.6055E+03 5.4991E-01 1.6057E+03 5.1199E-01 1.6058E+03 4.7806E-013884 3102
 1.6060E+03 4.4752E-01 1.6062E+03 4.1978E-01 1.6064E+03 3.9476E-013884 3102
 1.6066E+03 3.7199E-01 1.6067E+03 3.5122E-01 1.6069E+03 3.3217E-013884 3102
 1.6071E+03 3.1468E-01 1.6073E+03 2.9857E-01 1.6075E+03 2.8370E-013884 3102
 1.6076E+03 2.6993E-01 1.6078E+03 2.5717E-01 1.6080E+03 2.4532E-013884 3102
 1.6082E+03 2.3428E-01 1.6083E+03 2.2399E-01 1.6085E+03 2.1438E-013884 3102
 1.6089E+03 1.9696E-01 1.6091E+03 1.8901E-01 1.6094E+03 1.7459E-013884 3102
 1.6096E+03 1.6800E-01 1.6099E+03 1.5592E-01 1.6103E+03 1.4512E-013884 3102
 1.6107E+03 1.3542E-01 1.6110E+03 1.2668E-01 1.6114E+03 1.1877E-013884 3102
 1.6117E+03 1.1159E-01 1.6121E+03 1.0504E-01 1.6124E+03 9.9072E-023884 3102
 1.6128E+03 9.3608E-02 1.6132E+03 8.8594E-02 1.6135E+03 8.3982E-023884 3102
 1.6142E+03 7.5792E-02 1.6149E+03 6.8762E-02 1.6153E+03 6.5619E-023884 3102
 1.6160E+03 5.9964E-02 1.6164E+03 5.7415E-02 1.6171E+03 5.2791E-023884 3102
 1.6174E+03 5.0691E-02 1.6181E+03 4.6859E-02 1.6188E+03 4.3466E-023884 3102
 1.6192E+03 4.1912E-02 1.6203E+03 3.7734E-02 1.6210E+03 3.5297E-023884 3102
 1.6217E+03 3.3097E-02 1.6224E+03 3.1105E-02 1.6231E+03 2.9296E-023884 3102
 1.6245E+03 2.6139E-02 1.6260E+03 2.3494E-02 1.6267E+03 2.2327E-023884 3102
 1.6281E+03 2.0258E-02 1.6288E+03 1.9337E-02 1.6302E+03 1.7687E-023884 3102
 1.6324E+03 1.5611E-02 1.6338E+03 1.4442E-02 1.6359E+03 1.2944E-023884 3102
 1.6381E+03 1.1692E-02 1.6388E+03 1.1322E-02 1.6416E+03 1.0023E-023884 3102
 1.6445E+03 8.9644E-03 1.6459E+03 8.5083E-03 1.6488E+03 7.7129E-033884 3102
 1.6530E+03 6.7532E-03 1.6573E+03 6.0016E-03 1.6602E+03 5.5878E-033884 3102
 1.6644E+03 5.0676E-03 1.6687E+03 4.6428E-03 1.6730E+03 4.2910E-033884 3102
 1.6772E+03 3.9977E-03 1.6801E+03 3.8275E-03 1.6858E+03 3.5378E-033884 3102
 1.6943E+03 3.1998E-03 1.7029E+03 2.9453E-03 1.7086E+03 2.8096E-033884 3102
 1.7171E+03 2.6443E-03 1.7257E+03 2.5147E-03 1.7371E+03 2.3831E-033884 3102
 1.7485E+03 2.2863E-03 1.7656E+03 2.1890E-03 1.7770E+03 2.1489E-033884 3102
 1.7950E+03 2.1180E-03 1.8135E+03 2.1239E-03 1.8319E+03 2.1706E-033884 3102
 1.8504E+03 2.2688E-03 1.8596E+03 2.3444E-03 1.8658E+03 2.4081E-033884 3102
 1.8750E+03 2.5291E-03 1.8843E+03 2.6908E-03 1.8935E+03 2.9106E-033884 3102
 1.8997E+03 3.1028E-03 1.9074E+03 3.4156E-03 1.9120E+03 3.6575E-033884 3102
 1.9166E+03 3.9546E-03 1.9197E+03 4.1919E-03 1.9243E+03 4.6241E-033884 3102
 1.9289E+03 5.1796E-03 1.9335E+03 5.9087E-03 1.9366E+03 6.5292E-033884 3102
 1.9382E+03 6.8924E-03 1.9412E+03 7.7523E-03 1.9443E+03 8.8410E-033884 3102
 1.9466E+03 9.8656E-03 1.9482E+03 1.0677E-02 1.9505E+03 1.2140E-023884 3102
 1.9528E+03 1.3993E-02 1.9536E+03 1.4722E-02 1.9551E+03 1.6388E-023884 3102
 1.9566E+03 1.8399E-02 1.9574E+03 1.9563E-02 1.9589E+03 2.2290E-023884 3102
 1.9597E+03 2.3895E-02 1.9605E+03 2.5694E-02 1.9613E+03 2.7718E-023884 3102
 1.9620E+03 3.0012E-02 1.9628E+03 3.2626E-02 1.9636E+03 3.5624E-023884 3102
 1.9639E+03 3.7292E-02 1.9647E+03 4.1016E-02 1.9651E+03 4.3105E-023884 3102
 1.9659E+03 4.7821E-02 1.9663E+03 5.0492E-02 1.9670E+03 5.6582E-023884 3102
 1.9678E+03 6.3888E-02 1.9682E+03 6.8117E-02 1.9686E+03 7.2796E-023884 3102
 1.9689E+03 7.7991E-02 1.9693E+03 8.3786E-02 1.9697E+03 9.0282E-023884 3102
 1.9701E+03 9.7587E-02 1.9705E+03 1.0583E-01 1.9709E+03 1.1522E-013884 3102
 1.9713E+03 1.2598E-01 1.9716E+03 1.3837E-01 1.9720E+03 1.5276E-013884 3102
 1.9724E+03 1.6962E-01 1.9726E+03 1.7919E-01 1.9728E+03 1.8957E-013884 3102
 1.9730E+03 2.0099E-01 1.9732E+03 2.1346E-01 1.9734E+03 2.2719E-013884 3102
 1.9736E+03 2.4238E-01 1.9738E+03 2.5933E-01 1.9740E+03 2.7816E-013884 3102
 1.9741E+03 2.9941E-01 1.9743E+03 3.2329E-01 1.9745E+03 3.5063E-013884 3102
 1.9747E+03 3.8187E-01 1.9749E+03 4.1842E-01 1.9750E+03 4.3890E-013884 3102
 1.9751E+03 4.6119E-01 1.9752E+03 4.8587E-01 1.9753E+03 5.1269E-013884 3102
 1.9754E+03 5.4232E-01 1.9755E+03 5.7518E-01 1.9756E+03 6.1221E-013884 3102
 1.9757E+03 6.5332E-01 1.9758E+03 6.9963E-01 1.9759E+03 7.5202E-013884 3102
 1.9760E+03 8.1233E-01 1.9761E+03 8.8056E-01 1.9762E+03 9.5882E-013884 3102
 1.9762E+03 1.0023E+00 1.9763E+03 1.0489E+00 1.9763E+03 1.0990E+003884 3102
 1.9764E+03 1.1529E+00 1.9764E+03 1.2108E+00 1.9765E+03 1.2731E+003884 3102
 1.9765E+03 1.3401E+00 1.9765E+03 1.4123E+00 1.9766E+03 1.4899E+003884 3102
 1.9766E+03 1.5735E+00 1.9767E+03 1.6654E+00 1.9767E+03 1.7624E+003884 3102
 1.9768E+03 1.8667E+00 1.9768E+03 1.9788E+00 1.9769E+03 2.0994E+003884 3102
 1.9769E+03 2.2289E+00 1.9770E+03 2.3679E+00 1.9770E+03 2.5171E+003884 3102
 1.9771E+03 2.6804E+00 1.9771E+03 2.8519E+00 1.9772E+03 3.0355E+003884 3102
 1.9772E+03 3.1319E+00 1.9772E+03 3.3348E+00 1.9773E+03 3.4412E+003884 3102
 1.9773E+03 3.6648E+00 1.9774E+03 3.9031E+00 1.9774E+03 4.1565E+003884 3102
 1.9775E+03 4.4314E+00 1.9775E+03 4.7176E+00 1.9776E+03 5.0212E+003884 3102
 1.9776E+03 5.3421E+00 1.9777E+03 5.6814E+00 1.9777E+03 6.0395E+003884 3102
 1.9778E+03 6.4164E+00 1.9778E+03 6.8128E+00 1.9778E+03 7.2380E+003884 3102
 1.9779E+03 7.6746E+00 1.9779E+03 8.1311E+00 1.9780E+03 8.6078E+003884 3102
 1.9780E+03 9.1048E+00 1.9781E+03 9.6217E+00 1.9781E+03 1.0158E+013884 3102
 1.9782E+03 1.0714E+01 1.9782E+03 1.1300E+01 1.9783E+03 1.1893E+013884 3102
 1.9783E+03 1.2503E+01 1.9784E+03 1.3772E+01 1.9785E+03 1.4428E+013884 3102
 1.9785E+03 1.5436E+01 1.9787E+03 1.7179E+01 1.9788E+03 1.9302E+013884 3102
 1.9789E+03 2.1070E+01 1.9791E+03 2.3151E+01 1.9792E+03 2.4780E+013884 3102
 1.9793E+03 2.6423E+01 1.9794E+03 2.7104E+01 1.9795E+03 2.7859E+013884 3102
 1.9795E+03 2.8429E+01 1.9796E+03 2.9039E+01 1.9797E+03 2.9479E+013884 3102
 1.9797E+03 2.9922E+01 1.9798E+03 3.0325E+01 1.9799E+03 3.0540E+013884 3102
 1.9799E+03 3.0637E+01 1.9800E+03 3.0683E+01 1.9800E+03 3.0670E+013884 3102
 1.9801E+03 3.0531E+01 1.9802E+03 3.0244E+01 1.9803E+03 3.0005E+013884 3102
 1.9803E+03 2.9510E+01 1.9804E+03 2.8758E+01 1.9805E+03 2.8012E+013884 3102
 1.9806E+03 2.6978E+01 1.9807E+03 2.6025E+01 1.9808E+03 2.4352E+013884 3102
 1.9809E+03 2.3454E+01 1.9810E+03 2.2054E+01 1.9811E+03 2.0627E+013884 3102
 1.9812E+03 1.9166E+01 1.9814E+03 1.6756E+01 1.9815E+03 1.5336E+013884 3102
 1.9816E+03 1.3962E+01 1.9816E+03 1.3091E+01 1.9817E+03 1.1820E+013884 3102
 1.9818E+03 1.1412E+01 1.9819E+03 1.0252E+01 1.9819E+03 9.5152E+003884 3102
 1.9820E+03 8.8159E+00 1.9821E+03 8.1543E+00 1.9821E+03 7.5397E+003884 3102
 1.9822E+03 6.9532E+00 1.9822E+03 6.4043E+00 1.9823E+03 5.8922E+003884 3102
 1.9824E+03 5.4224E+00 1.9824E+03 4.9799E+00 1.9825E+03 4.5706E+003884 3102
 1.9826E+03 4.1934E+00 1.9826E+03 3.8511E+00 1.9827E+03 3.5318E+003884 3102
 1.9828E+03 3.2395E+00 1.9828E+03 2.9725E+00 1.9829E+03 2.7325E+003884 3102
 1.9829E+03 2.6188E+00 1.9830E+03 2.5104E+00 1.9830E+03 2.4071E+003884 3102
 1.9830E+03 2.3086E+00 1.9831E+03 2.2148E+00 1.9831E+03 2.1255E+003884 3102
 1.9832E+03 1.9619E+00 1.9832E+03 1.8113E+00 1.9833E+03 1.6751E+003884 3102
 1.9834E+03 1.5519E+00 1.9834E+03 1.4422E+00 1.9835E+03 1.3414E+003884 3102
 1.9836E+03 1.2503E+00 1.9836E+03 1.1679E+00 1.9837E+03 1.0944E+003884 3102
 1.9838E+03 1.0268E+00 1.9838E+03 9.6545E-01 1.9839E+03 9.0978E-013884 3102
 1.9840E+03 8.5993E-01 1.9840E+03 8.1377E-01 1.9841E+03 7.7166E-013884 3102
 1.9842E+03 7.3319E-01 1.9842E+03 6.9845E-01 1.9843E+03 6.6603E-013884 3102
 1.9844E+03 6.3619E-01 1.9845E+03 5.8358E-01 1.9846E+03 5.3797E-013884 3102
 1.9847E+03 4.9869E-01 1.9849E+03 4.6403E-01 1.9850E+03 4.3363E-013884 3102
 1.9851E+03 4.0637E-01 1.9853E+03 3.8209E-01 1.9854E+03 3.6002E-013884 3102
 1.9855E+03 3.4017E-01 1.9857E+03 3.2194E-01 1.9858E+03 3.0538E-013884 3102
 1.9859E+03 2.9005E-01 1.9861E+03 2.7603E-01 1.9863E+03 2.5097E-013884 3102
 1.9866E+03 2.2935E-01 1.9867E+03 2.1958E-01 1.9870E+03 2.0198E-013884 3102
 1.9871E+03 1.9402E-01 1.9874E+03 1.7946E-01 1.9876E+03 1.6654E-013884 3102
 1.9879E+03 1.5501E-01 1.9882E+03 1.4467E-01 1.9884E+03 1.3537E-013884 3102
 1.9887E+03 1.2699E-01 1.9890E+03 1.1936E-01 1.9892E+03 1.1242E-013884 3102
 1.9897E+03 1.0028E-01 1.9900E+03 9.4961E-02 1.9905E+03 8.5544E-023884 3102
 1.9908E+03 8.1366E-02 1.9913E+03 7.3909E-02 1.9918E+03 6.7458E-023884 3102
 1.9926E+03 5.9301E-02 1.9934E+03 5.2588E-02 1.9942E+03 4.6992E-023884 3102
 1.9950E+03 4.2276E-02 1.9955E+03 3.9532E-02 1.9966E+03 3.4818E-023884 3102
 1.9971E+03 3.2789E-02 1.9982E+03 2.9249E-02 1.9987E+03 2.7703E-023884 3102
 1.9997E+03 2.4978E-02 2.0008E+03 2.2662E-02 2.0024E+03 1.9789E-023884 3102
 2.0039E+03 1.7471E-02 2.0055E+03 1.5575E-02 2.0066E+03 1.4497E-023884 3102
 2.0087E+03 1.2690E-02 2.0097E+03 1.1928E-02 2.0118E+03 1.0623E-023884 3102
 2.0129E+03 1.0064E-02 2.0150E+03 9.0948E-03 2.0171E+03 8.2873E-033884 3102
 2.0202E+03 7.3080E-03 2.0234E+03 6.5376E-03 2.0266E+03 5.9213E-033884 3102
 2.0287E+03 5.5768E-03 2.0318E+03 5.1387E-03 2.0371E+03 4.5692E-033884 3102
 2.0434E+03 4.0707E-03 2.0476E+03 3.8179E-03 2.0539E+03 3.5238E-033884 3102
 2.0602E+03 3.3057E-03 2.0665E+03 3.1430E-03 2.0770E+03 2.9620E-033884 3102
 2.0855E+03 2.8762E-03 2.0981E+03 2.8232E-03 2.1107E+03 2.8455E-033884 3102
 2.1233E+03 2.9421E-03 2.1359E+03 3.1237E-03 2.1402E+03 3.2073E-033884 3102
 2.1486E+03 3.4177E-03 2.1528E+03 3.5489E-03 2.1591E+03 3.7874E-033884 3102
 2.1654E+03 4.0876E-03 2.1717E+03 4.4701E-03 2.1759E+03 4.7839E-033884 3102
 2.1822E+03 5.3738E-03 2.1843E+03 5.6103E-03 2.1885E+03 6.1600E-033884 3102
 2.1906E+03 6.4805E-03 2.1948E+03 7.2347E-03 2.1969E+03 7.6812E-033884 3102
 2.2001E+03 8.4630E-03 2.2033E+03 9.4098E-03 2.2064E+03 1.0571E-023884 3102
 2.2085E+03 1.1497E-02 2.2117E+03 1.3185E-02 2.2127E+03 1.3846E-023884 3102
 2.2148E+03 1.5351E-02 2.2159E+03 1.6210E-02 2.2180E+03 1.8192E-023884 3102
 2.2201E+03 2.0607E-02 2.2211E+03 2.2016E-02 2.2222E+03 2.3590E-023884 3102
 2.2238E+03 2.6320E-02 2.2253E+03 2.9596E-02 2.2264E+03 3.2159E-023884 3102
 2.2269E+03 3.3576E-02 2.2280E+03 3.6723E-02 2.2285E+03 3.8471E-023884 3102
 2.2296E+03 4.2394E-02 2.2301E+03 4.4594E-02 2.2311E+03 4.9571E-023884 3102
 2.2322E+03 5.5469E-02 2.2327E+03 5.8829E-02 2.2332E+03 6.2528E-023884 3102
 2.2338E+03 6.6596E-02 2.2343E+03 7.1087E-02 2.2348E+03 7.6072E-023884 3102
 2.2353E+03 8.1613E-02 2.2359E+03 8.7802E-02 2.2364E+03 9.4743E-023884 3102
 2.2369E+03 1.0257E-01 2.2374E+03 1.1143E-01 2.2380E+03 1.2152E-013884 3102
 2.2385E+03 1.3308E-01 2.2390E+03 1.4642E-01 2.2395E+03 1.6193E-013884 3102
 2.2398E+03 1.7065E-01 2.2401E+03 1.8012E-01 2.2403E+03 1.9042E-013884 3102
 2.2406E+03 2.0166E-01 2.2409E+03 2.1396E-01 2.2411E+03 2.2740E-013884 3102
 2.2414E+03 2.4226E-01 2.2417E+03 2.5866E-01 2.2419E+03 2.7686E-013884 3102
 2.2422E+03 2.9712E-01 2.2424E+03 3.1978E-01 2.2427E+03 3.4525E-013884 3102
 2.2430E+03 3.7406E-01 2.2432E+03 4.0681E-01 2.2434E+03 4.2497E-013884 3102
 2.2435E+03 4.4435E-01 2.2436E+03 4.6532E-01 2.2438E+03 4.8772E-013884 3102
 2.2440E+03 5.2504E-01 2.2440E+03 5.3830E-01 2.2442E+03 5.6700E-013884 3102
 2.2443E+03 6.0226E-01 2.2443E+03 6.0627E-01 2.2444E+03 6.2794E-013884 3102
 2.2445E+03 6.5056E-01 2.2446E+03 6.8972E-01 2.2447E+03 7.3334E-013884 3102
 2.2448E+03 7.5655E-01 2.2449E+03 7.8142E-01 2.2449E+03 8.0769E-013884 3102
 2.2450E+03 8.3554E-01 2.2451E+03 8.6457E-01 2.2451E+03 8.9589E-013884 3102
 2.2452E+03 9.2864E-01 2.2453E+03 9.6405E-01 2.2453E+03 1.0012E+003884 3102
 2.2454E+03 1.0415E+00 2.2455E+03 1.0846E+00 2.2455E+03 1.1307E+003884 3102
 2.2456E+03 1.1794E+00 2.2457E+03 1.2326E+00 2.2457E+03 1.2897E+003884 3102
 2.2458E+03 1.3512E+00 2.2459E+03 1.4165E+00 2.2459E+03 1.4881E+003884 3102
 2.2460E+03 1.5654E+00 2.2461E+03 1.6490E+00 2.2461E+03 1.7380E+003884 3102
 2.2462E+03 1.7860E+00 2.2462E+03 1.8359E+00 2.2462E+03 1.8878E+003884 3102
 2.2463E+03 1.9419E+00 2.2463E+03 1.9982E+00 2.2463E+03 2.0568E+003884 3102
 2.2464E+03 2.1178E+00 2.2464E+03 2.1793E+00 2.2464E+03 2.2454E+003884 3102
 2.2465E+03 2.3142E+00 2.2465E+03 2.3857E+00 2.2465E+03 2.4603E+003884 3102
 2.2466E+03 2.5379E+00 2.2466E+03 2.6186E+00 2.2466E+03 2.7027E+003884 3102
 2.2466E+03 2.7874E+00 2.2467E+03 2.8783E+00 2.2467E+03 2.9729E+003884 3102
 2.2467E+03 3.0712E+00 2.2468E+03 3.1735E+00 2.2468E+03 3.2798E+003884 3102
 2.2468E+03 3.3903E+00 2.2469E+03 3.5052E+00 2.2469E+03 3.6208E+003884 3102
 2.2469E+03 3.7446E+00 2.2470E+03 3.8728E+00 2.2470E+03 4.0062E+003884 3102
 2.2470E+03 4.1447E+00 2.2471E+03 4.2881E+00 2.2471E+03 4.4369E+003884 3102
 2.2472E+03 4.7460E+00 2.2472E+03 5.0820E+00 2.2473E+03 5.4419E+003884 3102
 2.2474E+03 5.8262E+00 2.2474E+03 6.2296E+00 2.2475E+03 6.6655E+003884 3102
 2.2475E+03 6.8932E+00 2.2476E+03 7.3692E+00 2.2476E+03 7.6175E+003884 3102
 2.2477E+03 8.1270E+00 2.2478E+03 8.6715E+00 2.2478E+03 8.9545E+003884 3102
 2.2479E+03 9.5403E+00 2.2480E+03 1.0461E+01 2.2481E+03 1.1450E+013884 3102
 2.2481E+03 1.2141E+01 2.2482E+03 1.3208E+01 2.2483E+03 1.4332E+013884 3102
 2.2484E+03 1.5494E+01 2.2486E+03 1.7479E+01 2.2488E+03 1.9897E+013884 3102
 2.2489E+03 2.1878E+01 2.2490E+03 2.3007E+01 2.2491E+03 2.4091E+013884 3102
 2.2492E+03 2.4776E+01 2.2493E+03 2.5725E+01 2.2494E+03 2.6580E+013884 3102
 2.2495E+03 2.7336E+01 2.2496E+03 2.7742E+01 2.2497E+03 2.8232E+013884 3102
 2.2498E+03 2.8822E+01 2.2499E+03 2.9028E+01 2.2500E+03 2.9128E+013884 3102
 2.2501E+03 2.9069E+01 2.2502E+03 2.8897E+01 2.2503E+03 2.8494E+013884 3102
 2.2504E+03 2.7903E+01 2.2505E+03 2.7055E+01 2.2506E+03 2.6509E+013884 3102
 2.2507E+03 2.5920E+01 2.2508E+03 2.4830E+01 2.2509E+03 2.3380E+013884 3102
 2.2511E+03 2.1281E+01 2.2512E+03 1.9622E+01 2.2514E+03 1.7941E+013884 3102
 2.2516E+03 1.5183E+01 2.2517E+03 1.3598E+01 2.2519E+03 1.2097E+013884 3102
 2.2520E+03 1.1154E+01 2.2520E+03 1.0696E+01 2.2521E+03 9.8258E+003884 3102
 2.2521E+03 9.4054E+00 2.2522E+03 8.6133E+00 2.2523E+03 8.2412E+003884 3102
 2.2524E+03 7.5202E+00 2.2525E+03 6.8600E+00 2.2526E+03 6.2506E+003884 3102
 2.2526E+03 5.9618E+00 2.2527E+03 5.6914E+00 2.2527E+03 5.4268E+003884 3102
 2.2527E+03 5.1745E+00 2.2528E+03 4.9335E+00 2.2528E+03 4.7088E+003884 3102
 2.2529E+03 4.4896E+00 2.2529E+03 4.2858E+00 2.2530E+03 4.0873E+003884 3102
 2.2530E+03 3.9027E+00 2.2531E+03 3.7236E+00 2.2531E+03 3.5570E+003884 3102
 2.2532E+03 3.3955E+00 2.2532E+03 3.2456E+00 2.2532E+03 3.1003E+003884 3102
 2.2533E+03 2.9656E+00 2.2533E+03 2.8353E+00 2.2534E+03 2.7145E+003884 3102
 2.2534E+03 2.5976E+00 2.2535E+03 2.4870E+00 2.2535E+03 2.3824E+003884 3102
 2.2536E+03 2.2856E+00 2.2536E+03 2.1920E+00 2.2537E+03 2.1055E+003884 3102
 2.2537E+03 2.0217E+00 2.2537E+03 1.9442E+00 2.2538E+03 1.8692E+003884 3102
 2.2538E+03 1.7983E+00 2.2539E+03 1.6692E+00 2.2540E+03 1.5534E+003884 3102
 2.2541E+03 1.4495E+00 2.2542E+03 1.3550E+00 2.2543E+03 1.2708E+003884 3102
 2.2544E+03 1.1948E+00 2.2545E+03 1.1259E+00 2.2546E+03 1.0634E+003884 3102
 2.2547E+03 1.0065E+00 2.2547E+03 9.5458E-01 2.2548E+03 9.0705E-013884 3102
 2.2549E+03 8.6292E-01 2.2550E+03 8.2276E-01 2.2551E+03 7.8566E-013884 3102
 2.2552E+03 7.5132E-01 2.2553E+03 7.1908E-01 2.2554E+03 6.8946E-013884 3102
 2.2556E+03 6.3597E-01 2.2558E+03 5.8877E-01 2.2559E+03 5.4729E-013884 3102
 2.2561E+03 5.1037E-01 2.2563E+03 4.7733E-01 2.2565E+03 4.4741E-013884 3102
 2.2567E+03 4.2048E-01 2.2568E+03 3.9594E-01 2.2570E+03 3.7369E-013884 3102
 2.2572E+03 3.5322E-01 2.2574E+03 3.3456E-01 2.2576E+03 3.1730E-013884 3102
 2.2578E+03 3.0147E-01 2.2579E+03 2.8676E-01 2.2581E+03 2.7321E-013884 3102
 2.2583E+03 2.6055E-01 2.2587E+03 2.3788E-01 2.2589E+03 2.2769E-013884 3102
 2.2592E+03 2.0923E-01 2.2594E+03 2.0081E-01 2.2598E+03 1.8550E-013884 3102
 2.2599E+03 1.7853E-01 2.2603E+03 1.6570E-01 2.2607E+03 1.5427E-013884 3102
 2.2610E+03 1.4398E-01 2.2614E+03 1.3471E-01 2.2618E+03 1.2631E-013884 3102
 2.2621E+03 1.1872E-01 2.2625E+03 1.1178E-01 2.2629E+03 1.0545E-013884 3102
 2.2632E+03 9.9647E-02 2.2636E+03 9.4323E-02 2.2643E+03 8.4903E-023884 3102
 2.2647E+03 8.0728E-02 2.2654E+03 7.3275E-02 2.2658E+03 6.9937E-023884 3102
 2.2665E+03 6.3932E-02 2.2669E+03 6.1217E-02 2.2676E+03 5.6298E-023884 3102
 2.2683E+03 5.1973E-02 2.2694E+03 4.6384E-02 2.2698E+03 4.4726E-023884 3102
 2.2709E+03 4.0279E-02 2.2716E+03 3.7682E-02 2.2731E+03 3.3215E-023884 3102
 2.2745E+03 2.9527E-02 2.2753E+03 2.7920E-02 2.2767E+03 2.5096E-023884 3102
 2.2775E+03 2.3850E-02 2.2789E+03 2.1640E-02 2.2811E+03 1.8892E-023884 3102
 2.2826E+03 1.7362E-02 2.2848E+03 1.5420E-02 2.2869E+03 1.3815E-023884 3102
 2.2891E+03 1.2474E-02 2.2913E+03 1.1344E-02 2.2928E+03 1.0683E-023884 3102
 2.2957E+03 9.5462E-03 2.2972E+03 9.0558E-03 2.3001E+03 8.2011E-033884 3102
 2.3045E+03 7.1680E-03 2.3074E+03 6.6076E-03 2.3117E+03 5.9117E-033884 3102
 2.3161E+03 5.3498E-03 2.3205E+03 4.8901E-03 2.3234E+03 4.6285E-033884 3102
 2.3293E+03 4.1908E-03 2.3380E+03 3.6901E-03 2.3468E+03 3.3200E-033884 3102
 2.3526E+03 3.1249E-03 2.3614E+03 2.8889E-03 2.3701E+03 2.7039E-033884 3102
 2.3789E+03 2.5565E-03 2.3847E+03 2.4748E-03 2.4022E+03 2.2864E-033884 3102
 2.4197E+03 2.1581E-03 2.4372E+03 2.0695E-03 2.4489E+03 2.0262E-033884 3102
 2.4664E+03 1.9789E-03 2.4839E+03 1.9484E-03 2.5190E+03 1.9237E-033884 3102
 2.5423E+03 1.9287E-03 2.5773E+03 1.9638E-03 2.6124E+03 2.0316E-033884 3102
 2.6474E+03 2.1369E-03 2.6707E+03 2.2330E-03 2.6824E+03 2.2907E-033884 3102
 2.7057E+03 2.4296E-03 2.7291E+03 2.6082E-03 2.7466E+03 2.7771E-033884 3102
 2.7583E+03 2.9109E-03 2.7758E+03 3.1521E-03 2.7933E+03 3.4567E-033884 3102
 2.8108E+03 3.8489E-03 2.8225E+03 4.1761E-03 2.8283E+03 4.3647E-033884 3102
 2.8400E+03 4.8053E-03 2.8517E+03 5.3506E-03 2.8604E+03 5.8527E-033884 3102
 2.8663E+03 6.2422E-03 2.8750E+03 6.9307E-03 2.8838E+03 7.7788E-033884 3102
 2.8867E+03 8.1053E-03 2.8925E+03 8.8399E-03 2.8984E+03 9.7031E-033884 3102
 2.9013E+03 1.0192E-02 2.9071E+03 1.1313E-02 2.9100E+03 1.1955E-023884 3102
 2.9130E+03 1.2664E-02 2.9159E+03 1.3446E-02 2.9188E+03 1.4314E-023884 3102
 2.9232E+03 1.5799E-02 2.9261E+03 1.6940E-02 2.9305E+03 1.8930E-023884 3102
 2.9319E+03 1.9680E-02 2.9348E+03 2.1332E-02 2.9363E+03 2.2245E-023884 3102
 2.9392E+03 2.4269E-02 2.9421E+03 2.6607E-02 2.9436E+03 2.7914E-023884 3102
 2.9465E+03 3.0855E-02 2.9480E+03 3.2514E-02 2.9494E+03 3.4317E-023884 3102
 2.9509E+03 3.6284E-02 2.9524E+03 3.8434E-02 2.9538E+03 4.0792E-023884 3102
 2.9553E+03 4.3382E-02 2.9567E+03 4.6233E-02 2.9582E+03 4.9387E-023884 3102
 2.9589E+03 5.1089E-02 2.9597E+03 5.2887E-02 2.9604E+03 5.4784E-023884 3102
 2.9611E+03 5.6788E-02 2.9618E+03 5.8914E-02 2.9626E+03 6.1158E-023884 3102
 2.9633E+03 6.3542E-02 2.9640E+03 6.6073E-02 2.9648E+03 6.8758E-023884 3102
 2.9655E+03 7.1614E-02 2.9659E+03 7.3113E-02 2.9662E+03 7.4661E-023884 3102
 2.9664E+03 7.5453E-02 2.9667E+03 7.6665E-02 2.9669E+03 7.7700E-023884 3102
 2.9672E+03 7.8861E-02 2.9674E+03 7.9829E-02 2.9678E+03 8.1834E-023884 3102
 2.9680E+03 8.3208E-02 2.9682E+03 8.4140E-02 2.9684E+03 8.5087E-023884 3102
 2.9688E+03 8.7051E-02 2.9691E+03 8.9077E-02 2.9695E+03 9.1177E-023884 3102
 2.9699E+03 9.3351E-02 2.9702E+03 9.5609E-02 2.9706E+03 9.7948E-023884 3102
 2.9710E+03 1.0038E-01 2.9713E+03 1.0290E-01 2.9717E+03 1.0552E-013884 3102
 2.9721E+03 1.0824E-01 2.9724E+03 1.1107E-01 2.9728E+03 1.1401E-013884 3102
 2.9731E+03 1.1708E-01 2.9735E+03 1.2027E-01 2.9739E+03 1.2361E-013884 3102
 2.9742E+03 1.2707E-01 2.9746E+03 1.3069E-01 2.9750E+03 1.3447E-013884 3102
 2.9753E+03 1.3842E-01 2.9757E+03 1.4255E-01 2.9761E+03 1.4687E-013884 3102
 2.9764E+03 1.5140E-01 2.9768E+03 1.5613E-01 2.9772E+03 1.6108E-013884 3102
 2.9775E+03 1.6629E-01 2.9779E+03 1.7176E-01 2.9783E+03 1.7751E-013884 3102
 2.9786E+03 1.8353E-01 2.9790E+03 1.8988E-01 2.9794E+03 1.9658E-013884 3102
 2.9797E+03 2.0364E-01 2.9801E+03 2.1108E-01 2.9804E+03 2.1895E-013884 3102
 2.9808E+03 2.2727E-01 2.9812E+03 2.3608E-01 2.9815E+03 2.4542E-013884 3102
 2.9819E+03 2.5533E-01 2.9823E+03 2.6585E-01 2.9826E+03 2.7704E-013884 3102
 2.9830E+03 2.8893E-01 2.9834E+03 3.0163E-01 2.9837E+03 3.1520E-013884 3102
 2.9841E+03 3.2971E-01 2.9843E+03 3.3732E-01 2.9845E+03 3.4520E-013884 3102
 2.9846E+03 3.5341E-01 2.9848E+03 3.6186E-01 2.9850E+03 3.7067E-013884 3102
 2.9852E+03 3.7977E-01 2.9854E+03 3.8924E-01 2.9856E+03 3.9904E-013884 3102
 2.9857E+03 4.0921E-01 2.9859E+03 4.1978E-01 2.9861E+03 4.3079E-013884 3102
 2.9863E+03 4.4222E-01 2.9865E+03 4.5419E-01 2.9866E+03 4.6653E-013884 3102
 2.9868E+03 4.7950E-01 2.9870E+03 4.9295E-01 2.9872E+03 5.0702E-013884 3102
 2.9874E+03 5.2161E-01 2.9876E+03 5.3697E-01 2.9877E+03 5.5289E-013884 3102
 2.9879E+03 5.6965E-01 2.9881E+03 5.8708E-01 2.9883E+03 6.0543E-013884 3102
 2.9885E+03 6.2455E-01 2.9887E+03 6.4459E-01 2.9888E+03 6.6559E-013884 3102
 2.9890E+03 6.8777E-01 2.9892E+03 7.1087E-01 2.9894E+03 7.3541E-013884 3102
 2.9896E+03 7.6105E-01 2.9897E+03 7.8820E-01 2.9899E+03 8.1664E-013884 3102
 2.9901E+03 8.4667E-01 2.9903E+03 8.7835E-01 2.9905E+03 9.1206E-013884 3102
 2.9907E+03 9.4751E-01 2.9908E+03 9.8523E-01 2.9910E+03 1.0251E+003884 3102
 2.9912E+03 1.0675E+00 2.9914E+03 1.1124E+00 2.9916E+03 1.1602E+003884 3102
 2.9918E+03 1.2110E+00 2.9919E+03 1.2655E+00 2.9921E+03 1.3234E+003884 3102
 2.9923E+03 1.3855E+00 2.9925E+03 1.4517E+00 2.9927E+03 1.5230E+003884 3102
 2.9928E+03 1.5991E+00 2.9930E+03 1.6807E+00 2.9932E+03 1.7685E+003884 3102
 2.9934E+03 1.8636E+00 2.9936E+03 1.9655E+00 2.9938E+03 2.0761E+003884 3102
 2.9939E+03 2.1949E+00 2.9941E+03 2.3240E+00 2.9943E+03 2.4629E+003884 3102
 2.9945E+03 2.6132E+00 2.9947E+03 2.7759E+00 2.9949E+03 2.9529E+003884 3102
 2.9950E+03 3.1436E+00 2.9952E+03 3.3509E+00 2.9954E+03 3.5738E+003884 3102
 2.9956E+03 3.8157E+00 2.9958E+03 4.0747E+00 2.9959E+03 4.3533E+003884 3102
 2.9961E+03 4.6513E+00 2.9963E+03 4.9715E+00 2.9964E+03 5.1380E+003884 3102
 2.9966E+03 5.4887E+00 2.9967E+03 5.6700E+00 2.9969E+03 6.0469E+003884 3102
 2.9971E+03 6.6459E+00 2.9973E+03 7.0619E+00 2.9977E+03 8.0644E+003884 3102
 2.9982E+03 9.1328E+00 2.9983E+03 9.4754E+00 2.9985E+03 9.8029E+003884 3102
 2.9987E+03 1.0263E+01 2.9989E+03 1.0674E+01 2.9991E+03 1.0914E+013884 3102
 2.9992E+03 1.1123E+01 2.9994E+03 1.1298E+01 2.9995E+03 1.1437E+013884 3102
 2.9997E+03 1.1536E+01 2.9998E+03 1.1597E+01 3.0000E+03 1.1617E+013884 3102
 3.0002E+03 1.1595E+01 3.0003E+03 1.1533E+01 3.0005E+03 1.1431E+013884 3102
 3.0006E+03 1.1292E+01 3.0008E+03 1.1115E+01 3.0009E+03 1.0906E+013884 3102
 3.0011E+03 1.0665E+01 3.0012E+03 1.0398E+01 3.0014E+03 1.0104E+013884 3102
 3.0015E+03 9.7912E+00 3.0018E+03 9.1199E+00 3.0021E+03 8.4118E+003884 3102
 3.0026E+03 7.2933E+00 3.0029E+03 6.5192E+00 3.0031E+03 6.1519E+003884 3102
 3.0033E+03 5.7967E+00 3.0034E+03 5.4593E+00 3.0036E+03 5.1365E+003884 3102
 3.0038E+03 4.8322E+00 3.0039E+03 4.5437E+00 3.0041E+03 4.2726E+003884 3102
 3.0043E+03 4.0184E+00 3.0044E+03 3.7822E+00 3.0046E+03 3.5602E+003884 3102
 3.0048E+03 3.3545E+00 3.0049E+03 3.1620E+00 3.0051E+03 2.9840E+003884 3102
 3.0053E+03 2.8175E+00 3.0054E+03 2.6629E+00 3.0056E+03 2.5192E+003884 3102
 3.0058E+03 2.3865E+00 3.0060E+03 2.2623E+00 3.0061E+03 2.1475E+003884 3102
 3.0063E+03 2.0400E+00 3.0065E+03 1.9405E+00 3.0066E+03 1.8471E+003884 3102
 3.0068E+03 1.7605E+00 3.0070E+03 1.6791E+00 3.0071E+03 1.6035E+003884 3102
 3.0073E+03 1.5323E+00 3.0075E+03 1.4659E+00 3.0076E+03 1.4034E+003884 3102
 3.0078E+03 1.3449E+00 3.0080E+03 1.2897E+00 3.0081E+03 1.2377E+003884 3102
 3.0083E+03 1.1888E+00 3.0085E+03 1.1429E+00 3.0086E+03 1.0993E+003884 3102
 3.0088E+03 1.0584E+00 3.0090E+03 1.0195E+00 3.0092E+03 9.8291E-013884 3102
 3.0095E+03 9.1494E-01 3.0098E+03 8.5393E-01 3.0102E+03 7.9874E-013884 3102
 3.0105E+03 7.4871E-01 3.0108E+03 7.0309E-01 3.0112E+03 6.6161E-013884 3102
 3.0115E+03 6.2370E-01 3.0119E+03 5.8896E-01 3.0122E+03 5.5702E-013884 3102
 3.0125E+03 5.2762E-01 3.0129E+03 5.0046E-01 3.0132E+03 4.7537E-013884 3102
 3.0135E+03 4.5205E-01 3.0139E+03 4.3046E-01 3.0142E+03 4.1042E-013884 3102
 3.0145E+03 3.9171E-01 3.0149E+03 3.7421E-01 3.0152E+03 3.5793E-013884 3102
 3.0156E+03 3.4268E-01 3.0159E+03 3.2839E-01 3.0162E+03 3.1494E-013884 3102
 3.0166E+03 3.0234E-01 3.0169E+03 2.9049E-01 3.0172E+03 2.7933E-013884 3102
 3.0179E+03 2.5886E-01 3.0186E+03 2.4058E-01 3.0193E+03 2.2415E-013884 3102
 3.0199E+03 2.0937E-01 3.0206E+03 1.9600E-01 3.0213E+03 1.8389E-013884 3102
 3.0220E+03 1.7286E-01 3.0226E+03 1.6281E-01 3.0233E+03 1.5363E-013884 3102
 3.0240E+03 1.4521E-01 3.0247E+03 1.3746E-01 3.0253E+03 1.3033E-013884 3102
 3.0260E+03 1.2374E-01 3.0267E+03 1.1765E-01 3.0274E+03 1.1200E-013884 3102
 3.0280E+03 1.0676E-01 3.0287E+03 1.0188E-01 3.0294E+03 9.7337E-023884 3102
 3.0307E+03 8.9128E-02 3.0314E+03 8.5411E-02 3.0328E+03 7.8662E-023884 3102
 3.0341E+03 7.2704E-02 3.0348E+03 6.9982E-02 3.0361E+03 6.4993E-023884 3102
 3.0375E+03 6.0539E-02 3.0388E+03 5.6534E-02 3.0402E+03 5.2924E-023884 3102
 3.0415E+03 4.9656E-02 3.0429E+03 4.6697E-02 3.0442E+03 4.4004E-023884 3102
 3.0456E+03 4.1547E-02 3.0469E+03 3.9299E-02 3.0483E+03 3.7240E-023884 3102
 3.0510E+03 3.3604E-02 3.0523E+03 3.1994E-02 3.0550E+03 2.9123E-023884 3102
 3.0564E+03 2.7842E-02 3.0591E+03 2.5539E-02 3.0618E+03 2.3535E-023884 3102
 3.0658E+03 2.0983E-02 3.0698E+03 1.8868E-02 3.0712E+03 1.8243E-023884 3102
 3.0752E+03 1.6576E-02 3.0779E+03 1.5605E-02 3.0806E+03 1.4732E-023884 3102
 3.0833E+03 1.3945E-02 3.0887E+03 1.2589E-02 3.0914E+03 1.2003E-023884 3102
 3.0968E+03 1.0983E-02 3.0995E+03 1.0538E-02 3.1049E+03 9.7565E-033884 3102
 3.1103E+03 9.0985E-03 3.1184E+03 8.2957E-03 3.1265E+03 7.6694E-033884 3102
 3.1346E+03 7.1809E-03 3.1427E+03 6.8077E-03 3.1535E+03 6.4492E-033884 3102
 3.1643E+03 6.2293E-03 3.1751E+03 6.1309E-03 3.1858E+03 6.1482E-033884 3102
 3.1912E+03 6.2005E-03 3.2020E+03 6.3984E-03 3.2074E+03 6.5479E-033884 3102
 3.2182E+03 6.9650E-03 3.2263E+03 7.4005E-03 3.2317E+03 7.7634E-033884 3102
 3.2398E+03 8.4413E-03 3.2479E+03 9.3207E-03 3.2506E+03 9.6696E-033884 3102
 3.2560E+03 1.0469E-02 3.2614E+03 1.1433E-02 3.2641E+03 1.1990E-023884 3102
 3.2695E+03 1.3283E-02 3.2722E+03 1.4038E-02 3.2749E+03 1.4879E-023884 3102
 3.2776E+03 1.5814E-02 3.2816E+03 1.7438E-02 3.2843E+03 1.8696E-023884 3102
 3.2883E+03 2.0909E-02 3.2897E+03 2.1749E-02 3.2924E+03 2.3612E-023884 3102
 3.2937E+03 2.4646E-02 3.2964E+03 2.6956E-02 3.2991E+03 2.9646E-023884 3102
 3.3005E+03 3.1161E-02 3.3032E+03 3.4594E-02 3.3045E+03 3.6544E-023884 3102
 3.3059E+03 3.8677E-02 3.3072E+03 4.1020E-02 3.3086E+03 4.3592E-023884 3102
 3.3099E+03 4.6428E-02 3.3113E+03 4.9571E-02 3.3126E+03 5.3056E-023884 3102
 3.3140E+03 5.6947E-02 3.3153E+03 6.1291E-02 3.3167E+03 6.6168E-023884 3102
 3.3173E+03 6.8839E-02 3.3180E+03 7.1676E-02 3.3187E+03 7.4708E-023884 3102
 3.3194E+03 7.7939E-02 3.3200E+03 8.1392E-02 3.3207E+03 8.5087E-023884 3102
 3.3214E+03 8.9047E-02 3.3221E+03 9.3295E-02 3.3227E+03 9.7867E-023884 3102
 3.3231E+03 1.0028E-01 3.3234E+03 1.0279E-01 3.3238E+03 1.0540E-013884 3102
 3.3243E+03 1.0950E-01 3.3246E+03 1.1237E-01 3.3248E+03 1.1385E-013884 3102
 3.3251E+03 1.1689E-01 3.3253E+03 1.1847E-01 3.3256E+03 1.2171E-013884 3102
 3.3258E+03 1.2338E-01 3.3261E+03 1.2683E-01 3.3264E+03 1.3044E-013884 3102
 3.3268E+03 1.3420E-01 3.3271E+03 1.3813E-01 3.3275E+03 1.4223E-013884 3102
 3.3278E+03 1.4654E-01 3.3281E+03 1.5103E-01 3.3285E+03 1.5574E-013884 3102
 3.3288E+03 1.6068E-01 3.3291E+03 1.6587E-01 3.3295E+03 1.7130E-013884 3102
 3.3298E+03 1.7701E-01 3.3302E+03 1.8301E-01 3.3305E+03 1.8933E-013884 3102
 3.3308E+03 1.9599E-01 3.3312E+03 2.0300E-01 3.3315E+03 2.1040E-013884 3102
 3.3318E+03 2.1825E-01 3.3322E+03 2.2652E-01 3.3325E+03 2.3527E-013884 3102
 3.3327E+03 2.3982E-01 3.3329E+03 2.4454E-01 3.3330E+03 2.4941E-013884 3102
 3.3332E+03 2.5442E-01 3.3334E+03 2.5958E-01 3.3335E+03 2.6487E-013884 3102
 3.3337E+03 2.7036E-01 3.3339E+03 2.7599E-01 3.3340E+03 2.8183E-013884 3102
 3.3342E+03 2.8783E-01 3.3344E+03 2.9406E-01 3.3345E+03 3.0050E-013884 3102
 3.3347E+03 3.0715E-01 3.3349E+03 3.1399E-01 3.3350E+03 3.2110E-013884 3102
 3.3352E+03 3.2841E-01 3.3354E+03 3.3602E-01 3.3356E+03 3.4386E-013884 3102
 3.3357E+03 3.5202E-01 3.3359E+03 3.6043E-01 3.3361E+03 3.6919E-013884 3102
 3.3362E+03 3.7826E-01 3.3364E+03 3.8769E-01 3.3366E+03 3.9742E-013884 3102
 3.3367E+03 4.0758E-01 3.3369E+03 4.1808E-01 3.3371E+03 4.2906E-013884 3102
 3.3372E+03 4.4048E-01 3.3374E+03 4.5238E-01 3.3376E+03 4.6469E-013884 3102
 3.3377E+03 4.7758E-01 3.3379E+03 4.9096E-01 3.3381E+03 5.0496E-013884 3102
 3.3382E+03 5.1951E-01 3.3384E+03 5.3476E-01 3.3386E+03 5.5075E-013884 3102
 3.3388E+03 5.6741E-01 3.3389E+03 5.8476E-01 3.3391E+03 6.0303E-013884 3102
 3.3393E+03 6.2208E-01 3.3394E+03 6.4216E-01 3.3396E+03 6.6308E-013884 3102
 3.3398E+03 6.8519E-01 3.3399E+03 7.0840E-01 3.3401E+03 7.3283E-013884 3102
 3.3403E+03 7.5839E-01 3.3404E+03 7.8547E-01 3.3406E+03 8.1384E-013884 3102
 3.3408E+03 8.4398E-01 3.3409E+03 8.7563E-01 3.3411E+03 9.0926E-013884 3102
 3.3413E+03 9.4463E-01 3.3415E+03 9.8236E-01 3.3416E+03 1.0221E+003884 3102
 3.3418E+03 1.0646E+00 3.3420E+03 1.1094E+00 3.3421E+03 1.1574E+003884 3102
 3.3423E+03 1.2082E+00 3.3425E+03 1.2627E+00 3.3426E+03 1.3208E+003884 3102
 3.3428E+03 1.3830E+00 3.3430E+03 1.4491E+00 3.3431E+03 1.5203E+003884 3102
 3.3433E+03 1.5962E+00 3.3435E+03 1.6782E+00 3.3436E+03 1.7657E+003884 3102
 3.3438E+03 1.8603E+00 3.3440E+03 1.9622E+00 3.3442E+03 2.0719E+003884 3102
 3.3443E+03 2.1894E+00 3.3445E+03 2.3167E+00 3.3447E+03 2.4532E+003884 3102
 3.3448E+03 2.6011E+00 3.3450E+03 2.7596E+00 3.3452E+03 2.9312E+003884 3102
 3.3453E+03 3.1159E+00 3.3455E+03 3.3144E+00 3.3457E+03 3.5260E+003884 3102
 3.3458E+03 3.7538E+00 3.3460E+03 3.9959E+00 3.3462E+03 4.2549E+003884 3102
 3.3463E+03 4.5283E+00 3.3465E+03 4.8186E+00 3.3467E+03 5.1225E+003884 3102
 3.3468E+03 5.4427E+00 3.3471E+03 5.9463E+00 3.3474E+03 6.4721E+003884 3102
 3.3477E+03 7.1975E+00 3.3480E+03 7.8238E+00 3.3484E+03 8.7246E+003884 3102
 3.3486E+03 9.0024E+00 3.3488E+03 9.3907E+00 3.3490E+03 9.7326E+003884 3102
 3.3491E+03 9.9315E+00 3.3493E+03 1.0105E+01 3.3494E+03 1.0249E+013884 3102
 3.3496E+03 1.0364E+01 3.3497E+03 1.0447E+01 3.3499E+03 1.0496E+013884 3102
 3.3500E+03 1.0513E+01 3.3501E+03 1.0495E+01 3.3503E+03 1.0444E+013884 3102
 3.3504E+03 1.0360E+01 3.3506E+03 1.0245E+01 3.3507E+03 1.0098E+013884 3102
 3.3509E+03 9.9249E+00 3.3510E+03 9.7252E+00 3.3512E+03 9.5016E+003884 3102
 3.3513E+03 9.2555E+00 3.3514E+03 8.9928E+00 3.3517E+03 8.4221E+003884 3102
 3.3519E+03 8.1196E+00 3.3522E+03 7.5014E+00 3.3525E+03 6.8744E+003884 3102
 3.3529E+03 5.9622E+00 3.3530E+03 5.6700E+00 3.3533E+03 5.1163E+003884 3102
 3.3535E+03 4.8551E+00 3.3536E+03 4.6031E+00 3.3538E+03 4.3643E+003884 3102
 3.3539E+03 4.1370E+00 3.3540E+03 3.9211E+00 3.3542E+03 3.7155E+003884 3102
 3.3543E+03 3.5222E+00 3.3545E+03 3.3400E+00 3.3546E+03 3.1684E+003884 3102
 3.3548E+03 3.0058E+00 3.3549E+03 2.8541E+00 3.3551E+03 2.7117E+003884 3102
 3.3552E+03 2.5780E+00 3.3553E+03 2.4517E+00 3.3555E+03 2.3340E+003884 3102
 3.3556E+03 2.2237E+00 3.3558E+03 2.1202E+00 3.3559E+03 2.0225E+003884 3102
 3.3561E+03 1.9314E+00 3.3562E+03 1.8459E+00 3.3563E+03 1.7656E+003884 3102
 3.3565E+03 1.6897E+00 3.3566E+03 1.6187E+00 3.3568E+03 1.5519E+003884 3102
 3.3569E+03 1.4890E+00 3.3571E+03 1.4293E+00 3.3572E+03 1.3734E+003884 3102
 3.3574E+03 1.3206E+00 3.3575E+03 1.2707E+00 3.3576E+03 1.2233E+003884 3102
 3.3578E+03 1.1787E+00 3.3581E+03 1.0963E+00 3.3584E+03 1.0220E+003884 3102
 3.3587E+03 9.5509E-01 3.3589E+03 8.9431E-01 3.3592E+03 8.3930E-013884 3102
 3.3595E+03 7.8905E-01 3.3598E+03 7.4329E-01 3.3601E+03 7.0125E-013884 3102
 3.3604E+03 6.6279E-01 3.3607E+03 6.2731E-01 3.3610E+03 5.9467E-013884 3102
 3.3613E+03 5.6461E-01 3.3615E+03 5.3672E-01 3.3618E+03 5.1074E-013884 3102
 3.3621E+03 4.8672E-01 3.3624E+03 4.6428E-01 3.3627E+03 4.4343E-013884 3102
 3.3630E+03 4.2387E-01 3.3633E+03 4.0567E-01 3.3636E+03 3.8854E-013884 3102
 3.3638E+03 3.7255E-01 3.3641E+03 3.5748E-01 3.3647E+03 3.3002E-013884 3102
 3.3650E+03 3.1748E-01 3.3656E+03 2.9444E-01 3.3662E+03 2.7384E-013884 3102
 3.3667E+03 2.5533E-01 3.3673E+03 2.3864E-01 3.3679E+03 2.2355E-013884 3102
 3.3685E+03 2.0985E-01 3.3690E+03 1.9737E-01 3.3696E+03 1.8598E-013884 3102
 3.3702E+03 1.7556E-01 3.3708E+03 1.6601E-01 3.3713E+03 1.5722E-013884 3102
 3.3719E+03 1.4910E-01 3.3725E+03 1.4161E-01 3.3731E+03 1.3468E-013884 3102
 3.3737E+03 1.2824E-01 3.3748E+03 1.1670E-01 3.3754E+03 1.1151E-013884 3102
 3.3765E+03 1.0213E-01 3.3771E+03 9.7886E-02 3.3783E+03 9.0160E-023884 3102
 3.3788E+03 8.6642E-02 3.3800E+03 8.0216E-02 3.3812E+03 7.4491E-023884 3102
 3.3823E+03 6.9370E-02 3.3835E+03 6.4761E-02 3.3846E+03 6.0609E-023884 3102
 3.3858E+03 5.6847E-02 3.3869E+03 5.3436E-02 3.3881E+03 5.0326E-023884 3102
 3.3892E+03 4.7493E-02 3.3915E+03 4.2508E-02 3.3938E+03 3.8294E-023884 3102
 3.3950E+03 3.6427E-02 3.3973E+03 3.3092E-02 3.3985E+03 3.1602E-023884 3102
 3.4008E+03 2.8918E-02 3.4019E+03 2.7708E-02 3.4042E+03 2.5517E-023884 3102
 3.4065E+03 2.3587E-02 3.4100E+03 2.1101E-02 3.4112E+03 2.0366E-023884 3102
 3.4146E+03 1.8392E-02 3.4169E+03 1.7240E-02 3.4215E+03 1.5258E-023884 3102
 3.4262E+03 1.3625E-02 3.4285E+03 1.2915E-02 3.4331E+03 1.1666E-023884 3102
 3.4354E+03 1.1116E-02 3.4400E+03 1.0139E-02 3.4469E+03 8.9268E-033884 3102
 3.4515E+03 8.2515E-03 3.4585E+03 7.3949E-03 3.4654E+03 6.6865E-033884 3102
 3.4723E+03 6.0944E-03 3.4769E+03 5.7525E-03 3.4862E+03 5.1664E-033884 3102
 3.4908E+03 4.9151E-03 3.4931E+03 4.7991E-03 3.4942E+03 4.7604E-033884 3102
 3.4954E+03 4.9122E-03 3.4960E+03 5.4508E-03 3.4962E+03 6.0602E-033884 3102
 3.4965E+03 7.0674E-03 3.4968E+03 8.6737E-03 3.4971E+03 1.1116E-023884 3102
 3.4974E+03 1.4713E-02 3.4975E+03 1.7035E-02 3.4977E+03 1.9769E-023884 3102
 3.4978E+03 2.2978E-02 3.4980E+03 2.6657E-02 3.4981E+03 3.0864E-023884 3102
 3.4983E+03 3.5626E-02 3.4984E+03 4.1005E-02 3.4986E+03 4.6941E-023884 3102
 3.4987E+03 5.3473E-02 3.4988E+03 6.0587E-02 3.4990E+03 6.8324E-023884 3102
 3.4991E+03 7.6536E-02 3.4994E+03 9.4356E-02 3.4997E+03 1.1359E-013884 3102
 3.5000E+03 4.4771E-03 3.5000E+03 2.6268E-01 4.2500E+03 2.3672E-013884 3102
 5.0000E+03 2.1076E-01 6.0000E+03 1.9069E-01 7.0000E+03 1.7062E-013884 3102
 8.5000E+03 1.5958E-01 1.0000E+04 1.4854E-01 1.2500E+04 1.3272E-013884 3102
 1.5000E+04 1.1689E-01 1.7500E+04 1.1027E-01 2.0000E+04 1.0365E-013884 3102
 2.4000E+04 9.4089E-02 3.0000E+04 8.5271E-02 3.5250E+04 7.9210E-023884 3102
 4.0500E+04 7.3145E-02 4.9600E+04 6.6910E-02 5.0000E+04 6.6723E-023884 3102
 5.9900E+04 6.2054E-02 6.9800E+04 5.7383E-02 8.4900E+04 5.3740E-023884 3102
 1.0000E+05 5.0089E-02 1.0756E+05 4.8940E-02 1.0758E+05 4.8936E-023884 3102
 1.2878E+05 4.5699E-02 1.5000E+05 4.2451E-02 1.7500E+05 4.1595E-023884 3102
 2.0000E+05 4.0736E-02 2.5000E+05 3.8258E-02 3.0000E+05 3.8019E-023884 3102
 3.5000E+05 3.7551E-02 4.0000E+05 3.7799E-02 4.5000E+05 3.7706E-023884 3102
 5.0000E+05 3.7916E-02 5.3760E+05 3.8549E-02 5.7703E+05 3.9217E-023884 3102
 6.0000E+05 3.9607E-02 6.4872E+05 3.9932E-02 7.0000E+05 4.0272E-023884 3102
 7.4841E+05 4.0980E-02 7.9900E+05 4.1720E-02 7.9950E+05 4.1675E-023884 3102
 8.4852E+05 3.7006E-02 8.9950E+05 3.2117E-02 9.4886E+05 2.7349E-023884 3102
 1.0000E+06 2.2376E-02 1.0590E+06 2.2555E-02 1.1204E+06 2.2742E-023884 3102
 1.1840E+06 2.2937E-02 1.2500E+06 2.3140E-02 1.3712E+06 2.3516E-023884 3102
 1.5000E+06 2.3917E-02 1.5601E+06 2.4674E-02 1.6218E+06 2.5455E-023884 3102
 1.7500E+06 2.7097E-02 1.8722E+06 2.8684E-02 2.0000E+06 3.0367E-023884 3102
 2.1181E+06 2.9883E-02 2.2407E+06 2.9369E-02 2.3680E+06 2.8823E-023884 3102
 2.5000E+06 2.8243E-02 2.6193E+06 2.7320E-02 2.7424E+06 2.6351E-023884 3102
 2.8693E+06 2.5334E-02 3.0000E+06 2.4266E-02 3.1202E+06 2.3217E-023884 3102
 3.2436E+06 2.2122E-02 3.3702E+06 2.0980E-02 3.5000E+06 1.9788E-023884 3102
 3.6208E+06 1.8660E-02 3.7444E+06 1.7488E-02 3.8708E+06 1.6271E-023884 3102
 4.0000E+06 1.5006E-02 4.1213E+06 1.4393E-02 4.2451E+06 1.3758E-023884 3102
 4.3713E+06 1.3100E-02 4.5000E+06 1.2418E-02 4.6217E+06 1.1764E-023884 3102
 4.7456E+06 1.1087E-02 5.0000E+06 9.6650E-03 5.2460E+06 8.9143E-033884 3102
 5.5000E+06 8.1152E-03 5.6223E+06 7.7218E-03 5.7464E+06 7.3166E-033884 3102
 6.0000E+06 6.4709E-03 6.2467E+06 6.1112E-03 6.5000E+06 5.7300E-033884 3102
 6.6465E+06 5.5044E-03 6.7952E+06 5.2716E-03 6.7966E+06 5.2693E-033884 3102
 6.9890E+06 4.9619E-03 6.9905E+06 4.9595E-03 7.0000E+06 4.9442E-033884 3102
 7.2448E+06 4.7116E-03 7.2464E+06 4.7101E-03 7.2873E+06 4.6705E-033884 3102
 7.5000E+06 4.4617E-03 7.7473E+06 4.2125E-03 8.0000E+06 3.9507E-033884 3102
 8.2475E+06 3.8131E-03 8.5000E+06 3.6683E-03 8.7476E+06 3.5222E-033884 3102
 9.0000E+06 3.3690E-03 9.2477E+06 3.2144E-03 9.5000E+06 3.0528E-033884 3102
 9.7479E+06 2.8899E-03 1.0000E+07 2.7198E-03 1.0248E+07 2.6434E-033884 3102
 1.0500E+07 2.5635E-03 1.0748E+07 2.4827E-03 1.1000E+07 2.3983E-033884 3102
 1.1216E+07 2.3241E-03 1.1435E+07 2.2472E-03 1.1438E+07 2.2464E-033884 3102
 1.1500E+07 2.2243E-03 1.1537E+07 2.2112E-03 1.1767E+07 2.1278E-033884 3102
 1.2000E+07 2.0414E-03 1.2248E+07 1.9473E-03 1.2500E+07 1.8497E-033884 3102
 1.2748E+07 1.7964E-03 1.3000E+07 1.7411E-03 1.3248E+07 1.6852E-033884 3102
 1.3500E+07 1.6272E-03 1.3748E+07 1.5686E-03 1.4000E+07 1.5079E-033884 3102
 1.4249E+07 1.4803E-03 1.4500E+07 1.4516E-03 1.4749E+07 1.4225E-033884 3102
 1.5000E+07 1.3923E-03 1.5249E+07 1.3695E-03 1.5500E+07 1.3458E-033884 3102
 1.5749E+07 1.3218E-03 1.6000E+07 1.2968E-03 1.6249E+07 1.2717E-033884 3102
 1.6500E+07 1.2455E-03 1.6749E+07 1.2191E-03 1.7000E+07 1.1916E-033884 3102
 1.7249E+07 1.1640E-03 1.7500E+07 1.1354E-03 1.7749E+07 1.1234E-033884 3102
 1.8000E+07 1.1109E-03 1.8249E+07 1.0982E-03 1.8500E+07 1.0851E-033884 3102
 1.8749E+07 1.0717E-03 1.9000E+07 1.0579E-03 1.9500E+07 1.0293E-033884 3102
 2.0000E+07 9.9942E-04                                            3884 3102
                                                                  3884 3  0
