TA-182N,G    1.0000+00* JEF-2.2                                   7382 3102
                                                                  7382 3102
 7.31820+04 1.8039E+02          0         99          0          07382 3102
 3.0000E+02 6.9347E+06          0          0          1       23737382 3102
       2373          2                                            7382 3102
 1.0000E-05 2.9217E+05 1.0865E-05 2.8031E+05 1.1729E-05 2.6979E+057382 3102
 1.2378E-05 2.6264E+05 1.3026E-05 2.5602E+05 1.3459E-05 2.5188E+057382 3102
 1.4756E-05 2.4056E+05 1.6485E-05 2.2761E+05 1.6917E-05 2.2469E+057382 3102
 1.8647E-05 2.1403E+05 2.0376E-05 2.0476E+05 2.2105E-05 1.9659E+057382 3102
 2.3835E-05 1.8934E+05 2.6429E-05 1.7982E+05 2.7293E-05 1.7696E+057382 3102
 2.9887E-05 1.6912E+05 3.3346E-05 1.6012E+05 3.5940E-05 1.5425E+057382 3102
 3.7669E-05 1.5068E+05 4.1128E-05 1.4422E+05 4.4586E-05 1.3852E+057382 3102
 4.8045E-05 1.3346E+05 5.1504E-05 1.2891E+05 5.6692E-05 1.2289E+057382 3102
 5.8421E-05 1.2106E+05 6.5338E-05 1.1450E+05 7.2255E-05 1.0890E+057382 3102
 7.9173E-05 1.0405E+05 8.6090E-05 9.9803E+04 9.3007E-05 9.6037E+047382 3102
 9.8195E-05 9.3478E+04 1.0338E-04 9.1114E+04 1.0684E-04 8.9634E+047382 3102
 1.1722E-04 8.5596E+04 1.2068E-04 8.4368E+04 1.3105E-04 8.0978E+047382 3102
 1.4143E-04 7.7968E+04 1.4835E-04 7.6140E+04 1.6218E-04 7.2841E+047382 3102
 1.7601E-04 6.9939E+04 1.8985E-04 6.7361E+04 2.0368E-04 6.5050E+047382 3102
 2.2444E-04 6.1993E+04 2.5210E-04 5.8520E+04 2.7286E-04 5.6270E+047382 3102
 2.8669E-04 5.4908E+04 3.1436E-04 5.2458E+04 3.4203E-04 5.0313E+047382 3102
 3.6970E-04 4.8414E+04 3.9737E-04 4.6716E+04 4.3887E-04 4.4479E+047382 3102
 4.5271E-04 4.3803E+04 4.9421E-04 4.1947E+04 5.3571E-04 4.0312E+047382 3102
 5.6338E-04 3.9325E+04 6.1872E-04 3.7552E+04 6.7406E-04 3.6004E+047382 3102
 7.2940E-04 3.4636E+04 7.8473E-04 3.3417E+04 8.6774E-04 3.1812E+047382 3102
 8.9541E-04 3.1328E+04 9.7842E-04 3.0002E+04 1.0614E-03 2.8835E+047382 3102
 1.1168E-03 2.8132E+04 1.2274E-03 2.6872E+04 1.3381E-03 2.5773E+047382 3102
 1.4488E-03 2.4805E+04 1.5595E-03 2.3943E+04 1.7255E-03 2.2811E+047382 3102
 1.7808E-03 2.2470E+04 1.9468E-03 2.1537E+04 2.1129E-03 2.0718E+047382 3102
 2.2235E-03 2.0225E+04 2.4449E-03 1.9343E+04 2.6662E-03 1.8576E+047382 3102
 2.8876E-03 1.7901E+04 3.1089E-03 1.7302E+04 3.4410E-03 1.6518E+047382 3102
 3.5516E-03 1.6282E+04 3.8837E-03 1.5638E+04 4.2157E-03 1.5075E+047382 3102
 4.4371E-03 1.4737E+04 4.8798E-03 1.4135E+04 5.3225E-03 1.3614E+047382 3102
 5.7652E-03 1.3158E+04 6.2079E-03 1.2756E+04 6.8719E-03 1.2232E+047382 3102
 7.7573E-03 1.1650E+04 8.8641E-03 1.1063E+04 9.7495E-03 1.0677E+047382 3102
 1.0635E-02 1.0348E+04 1.1299E-02 1.0131E+04 1.1963E-02 9.9364E+037382 3102
 1.2406E-02 9.8175E+03 1.3734E-02 9.5051E+03 1.4177E-02 9.4138E+037382 3102
 1.5505E-02 9.1720E+03 1.7276E-02 8.9118E+03 1.9489E-02 8.6638E+037382 3102
 2.1260E-02 8.5139E+03 2.3916E-02 8.3514E+03 2.4801E-02 8.3113E+037382 3102
 2.7458E-02 8.2265E+03 3.0999E-02 8.1843E+03 3.5426E-02 8.2228E+037382 3102
 3.8968E-02 8.3161E+03 4.2510E-02 8.4594E+03 4.6051E-02 8.6502E+037382 3102
 4.9593E-02 8.8878E+03 5.3135E-02 9.1731E+03 5.6676E-02 9.5078E+037382 3102
 6.0218E-02 9.8949E+03 6.3760E-02 1.0338E+04 6.7301E-02 1.0844E+047382 3102
 7.0843E-02 1.1417E+04 7.4384E-02 1.2065E+04 7.7926E-02 1.2797E+047382 3102
 7.9697E-02 1.3197E+04 8.1468E-02 1.3624E+04 8.3239E-02 1.4077E+047382 3102
 8.5009E-02 1.4558E+04 8.6780E-02 1.5071E+04 8.8551E-02 1.5615E+047382 3102
 9.0322E-02 1.6194E+04 9.2093E-02 1.6809E+04 9.3863E-02 1.7462E+047382 3102
 9.5634E-02 1.8156E+04 9.7405E-02 1.8893E+04 9.9176E-02 1.9675E+047382 3102
 1.0095E-01 2.0504E+04 1.0272E-01 2.1382E+04 1.0449E-01 2.2311E+047382 3102
 1.0626E-01 2.3293E+04 1.0803E-01 2.4329E+04 1.0980E-01 2.5419E+047382 3102
 1.1157E-01 2.6562E+04 1.1334E-01 2.7758E+04 1.1545E-01 2.9242E+047382 3102
 1.1755E-01 3.0790E+04 1.1965E-01 3.2389E+04 1.2176E-01 3.4026E+047382 3102
 1.2386E-01 3.5681E+04 1.2596E-01 3.7331E+04 1.3017E-01 4.0492E+047382 3102
 1.3227E-01 4.1934E+04 1.3438E-01 4.3231E+04 1.3648E-01 4.4346E+047382 3102
 1.3859E-01 4.5241E+04 1.4069E-01 4.5884E+04 1.4279E-01 4.6248E+047382 3102
 1.4490E-01 4.6319E+04 1.4700E-01 4.6089E+04 1.4910E-01 4.5561E+047382 3102
 1.5121E-01 4.4751E+04 1.5331E-01 4.3683E+04 1.5541E-01 4.2387E+047382 3102
 1.5752E-01 4.0900E+04 1.5962E-01 3.9262E+04 1.6173E-01 3.7512E+047382 3102
 1.6383E-01 3.5691E+04 1.6804E-01 3.1969E+04 1.7014E-01 3.0127E+047382 3102
 1.7224E-01 2.8330E+04 1.7435E-01 2.6593E+04 1.7645E-01 2.4930E+047382 3102
 1.7855E-01 2.3349E+04 1.8066E-01 2.1855E+04 1.8223E-01 2.0800E+047382 3102
 1.8379E-01 1.9794E+04 1.8536E-01 1.8838E+04 1.8693E-01 1.7930E+047382 3102
 1.8850E-01 1.7069E+04 1.9006E-01 1.6254E+04 1.9163E-01 1.5482E+047382 3102
 1.9320E-01 1.4752E+04 1.9477E-01 1.4063E+04 1.9633E-01 1.3412E+047382 3102
 1.9790E-01 1.2796E+04 1.9947E-01 1.2215E+04 2.0104E-01 1.1667E+047382 3102
 2.0260E-01 1.1149E+04 2.0417E-01 1.0659E+04 2.0574E-01 1.0197E+047382 3102
 2.0731E-01 9.7596E+03 2.0887E-01 9.3466E+03 2.1044E-01 8.9559E+037382 3102
 2.1201E-01 8.5864E+03 2.1358E-01 8.2366E+03 2.1514E-01 7.9054E+037382 3102
 2.1671E-01 7.5917E+03 2.1828E-01 7.2944E+03 2.1985E-01 7.0125E+037382 3102
 2.2141E-01 6.7450E+03 2.2455E-01 6.2498E+03 2.2768E-01 5.8025E+037382 3102
 2.3082E-01 5.3976E+03 2.3395E-01 5.0302E+03 2.3709E-01 4.6961E+037382 3102
 2.4022E-01 4.3918E+03 2.4336E-01 4.1141E+03 2.4649E-01 3.8600E+037382 3102
 2.4963E-01 3.6272E+03 2.5276E-01 3.4135E+03 2.5590E-01 3.2169E+037382 3102
 2.5903E-01 3.0358E+03 2.6217E-01 2.8686E+03 2.6531E-01 2.7141E+037382 3102
 2.6844E-01 2.5710E+03 2.7158E-01 2.4382E+03 2.7471E-01 2.3149E+037382 3102
 2.7785E-01 2.2002E+03 2.8098E-01 2.0934E+03 2.8412E-01 1.9938E+037382 3102
 2.8725E-01 1.9007E+03 2.9039E-01 1.8136E+03 2.9352E-01 1.7321E+037382 3102
 2.9666E-01 1.6557E+03 2.9979E-01 1.5840E+03 3.0293E-01 1.5166E+037382 3102
 3.0606E-01 1.4533E+03 3.0920E-01 1.3936E+03 3.1233E-01 1.3374E+037382 3102
 3.1547E-01 1.2843E+03 3.1860E-01 1.2343E+03 3.2174E-01 1.1869E+037382 3102
 3.2487E-01 1.1422E+03 3.2801E-01 1.0998E+03 3.3114E-01 1.0597E+037382 3102
 3.3741E-01 9.8547E+02 3.4368E-01 9.1848E+02 3.4995E-01 8.5781E+027382 3102
 3.5622E-01 8.0275E+02 3.6249E-01 7.5264E+02 3.6876E-01 7.0694E+027382 3102
 3.7503E-01 6.6516E+02 3.8130E-01 6.2688E+02 3.8757E-01 5.9173E+027382 3102
 3.9384E-01 5.5939E+02 4.0011E-01 5.2958E+02 4.0638E-01 5.0204E+027382 3102
 4.1265E-01 4.7657E+02 4.1892E-01 4.5296E+02 4.2519E-01 4.3104E+027382 3102
 4.3146E-01 4.1066E+02 4.3773E-01 3.9169E+02 4.4401E-01 3.7400E+027382 3102
 4.5028E-01 3.5748E+02 4.5655E-01 3.4204E+02 4.6282E-01 3.2758E+027382 3102
 4.6909E-01 3.1403E+02 4.7536E-01 3.0132E+02 4.8163E-01 2.8938E+027382 3102
 4.8790E-01 2.7815E+02 4.9417E-01 2.6758E+02 5.0044E-01 2.5762E+027382 3102
 5.0671E-01 2.4823E+02 5.1298E-01 2.3938E+02 5.1925E-01 2.3102E+027382 3102
 5.3179E-01 2.1561E+02 5.4433E-01 2.0177E+02 5.5687E-01 1.8930E+027382 3102
 5.6941E-01 1.7804E+02 5.8195E-01 1.6785E+02 5.9449E-01 1.5861E+027382 3102
 6.0703E-01 1.5020E+02 6.1957E-01 1.4255E+02 6.3211E-01 1.3555E+027382 3102
 6.4465E-01 1.2916E+02 6.5719E-01 1.2330E+02 6.6973E-01 1.1793E+027382 3102
 6.8227E-01 1.1299E+02 6.9481E-01 1.0844E+02 7.0735E-01 1.0426E+027382 3102
 7.1989E-01 1.0040E+02 7.3243E-01 9.6845E+01 7.4497E-01 9.3561E+017382 3102
 7.5751E-01 9.0529E+01 7.7005E-01 8.7727E+01 7.8259E-01 8.5140E+017382 3102
 7.9514E-01 8.2749E+01 8.0768E-01 8.0544E+01 8.2022E-01 7.8512E+017382 3102
 8.3276E-01 7.6645E+01 8.5784E-01 7.3339E+01 8.8292E-01 7.0543E+017382 3102
 9.0800E-01 6.8215E+01 9.3308E-01 6.6312E+01 9.5816E-01 6.4799E+017382 3102
 9.8324E-01 6.3649E+01 1.0083E+00 6.2844E+01 1.0334E+00 6.2371E+017382 3102
 1.0585E+00 6.2224E+01 1.0836E+00 6.2403E+01 1.1086E+00 6.2915E+017382 3102
 1.1337E+00 6.3774E+01 1.1588E+00 6.4999E+01 1.1839E+00 6.6621E+017382 3102
 1.2090E+00 6.8676E+01 1.2340E+00 7.1204E+01 1.2466E+00 7.2667E+017382 3102
 1.2591E+00 7.4281E+01 1.2717E+00 7.6056E+01 1.2842E+00 7.8003E+017382 3102
 1.2968E+00 8.0135E+01 1.3093E+00 8.2468E+01 1.3218E+00 8.5020E+017382 3102
 1.3344E+00 8.7812E+01 1.3469E+00 9.0867E+01 1.3595E+00 9.4212E+017382 3102
 1.3720E+00 9.7878E+01 1.3845E+00 1.0190E+02 1.3971E+00 1.0632E+027382 3102
 1.4096E+00 1.1118E+02 1.4222E+00 1.1655E+02 1.4347E+00 1.2247E+027382 3102
 1.4472E+00 1.2904E+02 1.4598E+00 1.3633E+02 1.4723E+00 1.4445E+027382 3102
 1.4849E+00 1.5352E+02 1.4974E+00 1.6369E+02 1.5037E+00 1.6924E+027382 3102
 1.5099E+00 1.7513E+02 1.5162E+00 1.8140E+02 1.5225E+00 1.8808E+027382 3102
 1.5287E+00 1.9520E+02 1.5350E+00 2.0280E+02 1.5413E+00 2.1094E+027382 3102
 1.5476E+00 2.1964E+02 1.5538E+00 2.2897E+02 1.5601E+00 2.3900E+027382 3102
 1.5664E+00 2.4978E+02 1.5726E+00 2.6140E+02 1.5789E+00 2.7395E+027382 3102
 1.5852E+00 2.8752E+02 1.5914E+00 3.0223E+02 1.5977E+00 3.1821E+027382 3102
 1.6040E+00 3.3561E+02 1.6103E+00 3.5460E+02 1.6165E+00 3.7539E+027382 3102
 1.6228E+00 3.9819E+02 1.6291E+00 4.2330E+02 1.6353E+00 4.5101E+027382 3102
 1.6416E+00 4.8172E+02 1.6479E+00 5.1586E+02 1.6542E+00 5.5396E+027382 3102
 1.6573E+00 5.7470E+02 1.6604E+00 5.9668E+02 1.6636E+00 6.2001E+027382 3102
 1.6667E+00 6.4479E+02 1.6698E+00 6.7115E+02 1.6730E+00 6.9923E+027382 3102
 1.6761E+00 7.2918E+02 1.6792E+00 7.6117E+02 1.6824E+00 7.9538E+027382 3102
 1.6855E+00 8.3202E+02 1.6886E+00 8.7134E+02 1.6918E+00 9.1358E+027382 3102
 1.6949E+00 9.5904E+02 1.6980E+00 1.0080E+03 1.7012E+00 1.0610E+037382 3102
 1.7043E+00 1.1182E+03 1.7074E+00 1.1802E+03 1.7106E+00 1.2476E+037382 3102
 1.7122E+00 1.2834E+03 1.7137E+00 1.3208E+03 1.7153E+00 1.3598E+037382 3102
 1.7169E+00 1.4005E+03 1.7184E+00 1.4431E+03 1.7200E+00 1.4876E+037382 3102
 1.7216E+00 1.5341E+03 1.7231E+00 1.5827E+03 1.7247E+00 1.6335E+037382 3102
 1.7263E+00 1.6867E+03 1.7278E+00 1.7425E+03 1.7294E+00 1.8008E+037382 3102
 1.7310E+00 1.8618E+03 1.7325E+00 1.9258E+03 1.7341E+00 1.9928E+037382 3102
 1.7357E+00 2.0629E+03 1.7372E+00 2.1365E+03 1.7388E+00 2.2135E+037382 3102
 1.7404E+00 2.2942E+03 1.7419E+00 2.3787E+03 1.7435E+00 2.4672E+037382 3102
 1.7451E+00 2.5597E+03 1.7466E+00 2.6566E+03 1.7482E+00 2.7580E+037382 3102
 1.7498E+00 2.8639E+03 1.7513E+00 2.9745E+03 1.7529E+00 3.0901E+037382 3102
 1.7545E+00 3.2106E+03 1.7560E+00 3.3362E+03 1.7576E+00 3.4668E+037382 3102
 1.7592E+00 3.6028E+03 1.7607E+00 3.7440E+03 1.7623E+00 3.8905E+037382 3102
 1.7639E+00 4.0421E+03 1.7654E+00 4.1990E+03 1.7670E+00 4.3609E+037382 3102
 1.7686E+00 4.5278E+03 1.7701E+00 4.6994E+03 1.7717E+00 4.8756E+037382 3102
 1.7733E+00 5.0560E+03 1.7749E+00 5.2404E+03 1.7764E+00 5.4283E+037382 3102
 1.7780E+00 5.6193E+03 1.7796E+00 5.8129E+03 1.7811E+00 6.0086E+037382 3102
 1.7843E+00 6.4038E+03 1.7869E+00 6.7366E+03 1.7901E+00 7.1363E+037382 3102
 1.7933E+00 7.5239E+03 1.7965E+00 7.8920E+03 1.8008E+00 8.3386E+037382 3102
 1.8029E+00 8.5380E+03 1.8050E+00 8.7184E+03 1.8072E+00 8.8779E+037382 3102
 1.8093E+00 9.0147E+03 1.8115E+00 9.1272E+03 1.8136E+00 9.2140E+037382 3102
 1.8157E+00 9.2742E+03 1.8179E+00 9.3070E+03 1.8200E+00 9.3121E+037382 3102
 1.8221E+00 9.2893E+03 1.8243E+00 9.2390E+03 1.8264E+00 9.1617E+037382 3102
 1.8285E+00 9.0585E+03 1.8307E+00 8.9306E+03 1.8328E+00 8.7795E+037382 3102
 1.8350E+00 8.6069E+03 1.8371E+00 8.4147E+03 1.8392E+00 8.2050E+037382 3102
 1.8414E+00 7.9801E+03 1.8435E+00 7.7422E+03 1.8456E+00 7.4936E+037382 3102
 1.8499E+00 6.9734E+03 1.8520E+00 6.7061E+03 1.8562E+00 6.1847E+037382 3102
 1.8602E+00 5.6860E+03 1.8662E+00 4.9687E+03 1.8682E+00 4.7415E+037382 3102
 1.8722E+00 4.3088E+03 1.8742E+00 4.1042E+03 1.8762E+00 3.9078E+037382 3102
 1.8782E+00 3.7198E+03 1.8802E+00 3.5402E+03 1.8822E+00 3.3690E+037382 3102
 1.8841E+00 3.2062E+03 1.8861E+00 3.0516E+03 1.8881E+00 2.9048E+037382 3102
 1.8901E+00 2.7660E+03 1.8921E+00 2.6346E+03 1.8941E+00 2.5105E+037382 3102
 1.8961E+00 2.3933E+03 1.8981E+00 2.2826E+03 1.9001E+00 2.1783E+037382 3102
 1.9021E+00 2.0799E+03 1.9041E+00 1.9871E+03 1.9061E+00 1.8997E+037382 3102
 1.9081E+00 1.8173E+03 1.9101E+00 1.7396E+03 1.9121E+00 1.6663E+037382 3102
 1.9141E+00 1.5972E+03 1.9161E+00 1.5320E+03 1.9181E+00 1.4704E+037382 3102
 1.9201E+00 1.4123E+03 1.9221E+00 1.3573E+03 1.9241E+00 1.3054E+037382 3102
 1.9261E+00 1.2562E+03 1.9281E+00 1.2097E+03 1.9301E+00 1.1656E+037382 3102
 1.9341E+00 1.0842E+03 1.9381E+00 1.0108E+03 1.9421E+00 9.4454E+027382 3102
 1.9461E+00 8.8448E+02 1.9501E+00 8.2991E+02 1.9541E+00 7.8019E+027382 3102
 1.9581E+00 7.3478E+02 1.9621E+00 6.9322E+02 1.9661E+00 6.5507E+027382 3102
 1.9701E+00 6.1998E+02 1.9741E+00 5.8764E+02 1.9781E+00 5.5776E+027382 3102
 1.9821E+00 5.3011E+02 1.9861E+00 5.0446E+02 1.9900E+00 4.8065E+027382 3102
 1.9940E+00 4.5848E+02 1.9980E+00 4.3782E+02 2.0020E+00 4.1853E+027382 3102
 2.0060E+00 4.0050E+02 2.0100E+00 3.8362E+02 2.0140E+00 3.6779E+027382 3102
 2.0180E+00 3.5292E+02 2.0220E+00 3.3895E+02 2.0260E+00 3.2579E+027382 3102
 2.0300E+00 3.1340E+02 2.0340E+00 3.0170E+02 2.0380E+00 2.9066E+027382 3102
 2.0460E+00 2.7032E+02 2.0540E+00 2.5207E+02 2.0620E+00 2.3562E+027382 3102
 2.0700E+00 2.2074E+02 2.0780E+00 2.0725E+02 2.0860E+00 1.9497E+027382 3102
 2.0940E+00 1.8376E+02 2.1019E+00 1.7351E+02 2.1099E+00 1.6411E+027382 3102
 2.1179E+00 1.5547E+02 2.1259E+00 1.4750E+02 2.1339E+00 1.4014E+027382 3102
 2.1419E+00 1.3334E+02 2.1499E+00 1.2703E+02 2.1579E+00 1.2116E+027382 3102
 2.1659E+00 1.1571E+02 2.1739E+00 1.1062E+02 2.1819E+00 1.0587E+027382 3102
 2.1899E+00 1.0143E+02 2.1979E+00 9.7277E+01 2.2058E+00 9.3379E+017382 3102
 2.2138E+00 8.9720E+01 2.2218E+00 8.6280E+01 2.2298E+00 8.3043E+017382 3102
 2.2378E+00 7.9993E+01 2.2458E+00 7.7115E+01 2.2538E+00 7.4397E+017382 3102
 2.2698E+00 6.9394E+01 2.2858E+00 6.4899E+01 2.3018E+00 6.0846E+017382 3102
 2.3177E+00 5.7179E+01 2.3337E+00 5.3852E+01 2.3497E+00 5.0823E+017382 3102
 2.3657E+00 4.8059E+01 2.3817E+00 4.5530E+01 2.3977E+00 4.3209E+017382 3102
 2.4136E+00 4.1074E+01 2.4296E+00 3.9106E+01 2.4456E+00 3.7288E+017382 3102
 2.4616E+00 3.5604E+01 2.4776E+00 3.4042E+01 2.4936E+00 3.2591E+017382 3102
 2.5096E+00 3.1239E+01 2.5255E+00 2.9978E+01 2.5415E+00 2.8801E+017382 3102
 2.5575E+00 2.7699E+01 2.5735E+00 2.6666E+01 2.5895E+00 2.5698E+017382 3102
 2.6055E+00 2.4789E+01 2.6214E+00 2.3935E+01 2.6534E+00 2.2370E+017382 3102
 2.6854E+00 2.0971E+01 2.7174E+00 1.9717E+01 2.7493E+00 1.8589E+017382 3102
 2.7813E+00 1.7570E+01 2.8133E+00 1.6647E+01 2.8452E+00 1.5808E+017382 3102
 2.8772E+00 1.5043E+01 2.9092E+00 1.4344E+01 2.9411E+00 1.3702E+017382 3102
 2.9731E+00 1.3112E+01 3.0051E+00 1.2568E+01 3.0371E+00 1.2065E+017382 3102
 3.0690E+00 1.1600E+01 3.1010E+00 1.1168E+01 3.1330E+00 1.0767E+017382 3102
 3.1649E+00 1.0393E+01 3.1969E+00 1.0045E+01 3.2289E+00 9.7196E+007382 3102
 3.2608E+00 9.4165E+00 3.3248E+00 8.8645E+00 3.3887E+00 8.3750E+007382 3102
 3.4527E+00 7.9409E+00 3.5166E+00 7.5543E+00 3.5805E+00 7.2088E+007382 3102
 3.6445E+00 6.8992E+00 3.7084E+00 6.6211E+00 3.7724E+00 6.3709E+007382 3102
 3.8363E+00 6.1456E+00 3.9002E+00 5.9427E+00 3.9642E+00 5.7603E+007382 3102
 4.0281E+00 5.5965E+00 4.0921E+00 5.4502E+00 4.1560E+00 5.3201E+007382 3102
 4.2199E+00 5.2056E+00 4.2839E+00 5.1062E+00 4.3478E+00 5.0215E+007382 3102
 4.4118E+00 4.9515E+00 4.4757E+00 4.8967E+00 4.5396E+00 4.8576E+007382 3102
 4.6036E+00 4.8352E+00 4.6675E+00 4.8311E+00 4.7314E+00 4.8473E+007382 3102
 4.7954E+00 4.8867E+00 4.8593E+00 4.9531E+00 4.9233E+00 5.0506E+007382 3102
 4.9552E+00 5.1133E+00 4.9872E+00 5.1873E+00 5.0192E+00 5.2737E+007382 3102
 5.0511E+00 5.3739E+00 5.0831E+00 5.4898E+00 5.1151E+00 5.6234E+007382 3102
 5.1471E+00 5.7775E+00 5.1790E+00 5.9552E+00 5.2110E+00 6.1603E+007382 3102
 5.2430E+00 6.3976E+00 5.2749E+00 6.6725E+00 5.3069E+00 6.9923E+007382 3102
 5.3229E+00 7.1719E+00 5.3389E+00 7.3665E+00 5.3549E+00 7.5777E+007382 3102
 5.3708E+00 7.8073E+00 5.3868E+00 8.0573E+00 5.4028E+00 8.3299E+007382 3102
 5.4188E+00 8.6277E+00 5.4348E+00 8.9538E+00 5.4508E+00 9.3117E+007382 3102
 5.4668E+00 9.7054E+00 5.4827E+00 1.0140E+01 5.4987E+00 1.0620E+017382 3102
 5.5147E+00 1.1154E+01 5.5307E+00 1.1748E+01 5.5467E+00 1.2412E+017382 3102
 5.5627E+00 1.3157E+01 5.5786E+00 1.3996E+01 5.5866E+00 1.4457E+017382 3102
 5.5946E+00 1.4948E+01 5.6026E+00 1.5472E+01 5.6106E+00 1.6032E+017382 3102
 5.6186E+00 1.6631E+01 5.6266E+00 1.7274E+01 5.6346E+00 1.7965E+017382 3102
 5.6426E+00 1.8708E+01 5.6506E+00 1.9509E+01 5.6586E+00 2.0374E+017382 3102
 5.6666E+00 2.1311E+01 5.6746E+00 2.2327E+01 5.6825E+00 2.3432E+017382 3102
 5.6905E+00 2.4636E+01 5.6985E+00 2.5953E+01 5.7065E+00 2.7396E+017382 3102
 5.7145E+00 2.8984E+01 5.7225E+00 3.0735E+01 5.7305E+00 3.2676E+017382 3102
 5.7385E+00 3.4833E+01 5.7465E+00 3.7242E+01 5.7505E+00 3.8554E+017382 3102
 5.7545E+00 3.9946E+01 5.7585E+00 4.1425E+01 5.7625E+00 4.2997E+017382 3102
 5.7665E+00 4.4672E+01 5.7705E+00 4.6458E+01 5.7745E+00 4.8368E+017382 3102
 5.7785E+00 5.0412E+01 5.7825E+00 5.2603E+01 5.7865E+00 5.4957E+017382 3102
 5.7904E+00 5.7492E+01 5.7944E+00 6.0225E+01 5.7984E+00 6.3178E+017382 3102
 5.8024E+00 6.6377E+01 5.8064E+00 6.9848E+01 5.8104E+00 7.3623E+017382 3102
 5.8144E+00 7.7736E+01 5.8184E+00 8.2229E+01 5.8224E+00 8.7146E+017382 3102
 5.8264E+00 9.2534E+01 5.8304E+00 9.8450E+01 5.8344E+00 1.0496E+027382 3102
 5.8384E+00 1.1212E+02 5.8424E+00 1.2001E+02 5.8464E+00 1.2872E+027382 3102
 5.8504E+00 1.3832E+02 5.8544E+00 1.4891E+02 5.8584E+00 1.6057E+027382 3102
 5.8624E+00 1.7342E+02 5.8664E+00 1.8755E+02 5.8704E+00 2.0305E+027382 3102
 5.8744E+00 2.2002E+02 5.8784E+00 2.3855E+02 5.8824E+00 2.5870E+027382 3102
 5.8864E+00 2.8055E+02 5.8884E+00 2.9211E+02 5.8923E+00 3.1655E+027382 3102
 5.8943E+00 3.2941E+02 5.8983E+00 3.5643E+02 5.9023E+00 3.8512E+027382 3102
 5.9063E+00 4.1538E+02 5.9103E+00 4.4707E+02 5.9163E+00 4.9692E+027382 3102
 5.9223E+00 5.4877E+02 5.9283E+00 6.0159E+02 5.9383E+00 6.8830E+027382 3102
 5.9443E+00 7.3715E+02 5.9505E+00 7.8321E+02 5.9547E+00 8.1096E+027382 3102
 5.9568E+00 8.2359E+02 5.9610E+00 8.4605E+02 5.9631E+00 8.5578E+027382 3102
 5.9674E+00 8.7200E+02 5.9695E+00 8.7842E+02 5.9737E+00 8.8769E+027382 3102
 5.9758E+00 8.9050E+02 5.9800E+00 8.9242E+02 5.9842E+00 8.8936E+027382 3102
 5.9884E+00 8.8139E+02 5.9926E+00 8.6868E+02 5.9969E+00 8.5149E+027382 3102
 6.0011E+00 8.3014E+02 6.0053E+00 8.0504E+02 6.0116E+00 7.6142E+027382 3102
 6.0171E+00 7.1907E+02 6.0221E+00 6.7728E+02 6.0305E+00 6.0440E+027382 3102
 6.0406E+00 5.1631E+02 6.0439E+00 4.8773E+02 6.0490E+00 4.4617E+027382 3102
 6.0540E+00 4.0661E+02 6.0574E+00 3.8150E+02 6.0608E+00 3.5751E+027382 3102
 6.0641E+00 3.3468E+02 6.0675E+00 3.1304E+02 6.0708E+00 2.9261E+027382 3102
 6.0742E+00 2.7339E+02 6.0776E+00 2.5537E+02 6.0809E+00 2.3853E+027382 3102
 6.0843E+00 2.2282E+02 6.0876E+00 2.0821E+02 6.0910E+00 1.9465E+027382 3102
 6.0944E+00 1.8209E+02 6.0977E+00 1.7047E+02 6.1011E+00 1.5974E+027382 3102
 6.1044E+00 1.4983E+02 6.1078E+00 1.4070E+02 6.1112E+00 1.3228E+027382 3102
 6.1145E+00 1.2452E+02 6.1179E+00 1.1737E+02 6.1212E+00 1.1078E+027382 3102
 6.1246E+00 1.0471E+02 6.1280E+00 9.9105E+01 6.1313E+00 9.3932E+017382 3102
 6.1347E+00 8.9154E+01 6.1380E+00 8.4732E+01 6.1414E+00 8.0639E+017382 3102
 6.1448E+00 7.6843E+01 6.1481E+00 7.3320E+01 6.1515E+00 7.0044E+017382 3102
 6.1548E+00 6.6995E+01 6.1582E+00 6.4151E+01 6.1616E+00 6.1497E+017382 3102
 6.1649E+00 5.9014E+01 6.1683E+00 5.6690E+01 6.1717E+00 5.4510E+017382 3102
 6.1750E+00 5.2463E+01 6.1784E+00 5.0538E+01 6.1817E+00 4.8725E+017382 3102
 6.1851E+00 4.7016E+01 6.1885E+00 4.5403E+01 6.1952E+00 4.2436E+017382 3102
 6.2019E+00 3.9773E+01 6.2086E+00 3.7374E+01 6.2153E+00 3.5202E+017382 3102
 6.2221E+00 3.3231E+01 6.2288E+00 3.1434E+01 6.2355E+00 2.9792E+017382 3102
 6.2422E+00 2.8287E+01 6.2489E+00 2.6904E+01 6.2557E+00 2.5629E+017382 3102
 6.2624E+00 2.4451E+01 6.2691E+00 2.3361E+01 6.2758E+00 2.2350E+017382 3102
 6.2825E+00 2.1411E+01 6.2893E+00 2.0535E+01 6.2960E+00 1.9719E+017382 3102
 6.3027E+00 1.8956E+01 6.3094E+00 1.8242E+01 6.3162E+00 1.7573E+017382 3102
 6.3229E+00 1.6945E+01 6.3296E+00 1.6354E+01 6.3363E+00 1.5798E+017382 3102
 6.3498E+00 1.4780E+01 6.3632E+00 1.3871E+01 6.3766E+00 1.3055E+017382 3102
 6.3901E+00 1.2321E+01 6.4035E+00 1.1658E+01 6.4170E+00 1.1056E+017382 3102
 6.4304E+00 1.0509E+01 6.4439E+00 1.0010E+01 6.4573E+00 9.5531E+007382 3102
 6.4707E+00 9.1339E+00 6.4842E+00 8.7483E+00 6.4976E+00 8.3927E+007382 3102
 6.5111E+00 8.0641E+00 6.5245E+00 7.7598E+00 6.5380E+00 7.4774E+007382 3102
 6.5514E+00 7.2148E+00 6.5648E+00 6.9702E+00 6.5783E+00 6.7421E+007382 3102
 6.5917E+00 6.5288E+00 6.6052E+00 6.3291E+00 6.6320E+00 5.9660E+007382 3102
 6.6589E+00 5.6445E+00 6.6858E+00 5.3584E+00 6.7127E+00 5.1025E+007382 3102
 6.7396E+00 4.8728E+00 6.7665E+00 4.6656E+00 6.7934E+00 4.4781E+007382 3102
 6.8202E+00 4.3077E+00 6.8471E+00 4.1523E+00 6.8740E+00 4.0102E+007382 3102
 6.9009E+00 3.8797E+00 6.9278E+00 3.7598E+00 6.9547E+00 3.6492E+007382 3102
 6.9816E+00 3.5470E+00 7.0353E+00 3.3638E+00 7.0891E+00 3.2042E+007382 3102
 7.1429E+00 3.0643E+00 7.1966E+00 2.9408E+00 7.2504E+00 2.8310E+007382 3102
 7.3042E+00 2.7328E+00 7.3579E+00 2.6444E+00 7.4117E+00 2.5644E+007382 3102
 7.4655E+00 2.4916E+00 7.5192E+00 2.4252E+00 7.5730E+00 2.3643E+007382 3102
 7.6268E+00 2.3084E+00 7.7343E+00 2.2086E+00 7.8419E+00 2.1216E+007382 3102
 7.9494E+00 2.0453E+00 8.0569E+00 1.9778E+00 8.1645E+00 1.9175E+007382 3102
 8.2720E+00 1.8633E+00 8.3795E+00 1.8141E+00 8.4871E+00 1.7694E+007382 3102
 8.5946E+00 1.7288E+00 8.8097E+00 1.6569E+00 9.0248E+00 1.5955E+007382 3102
 9.2399E+00 1.5430E+00 9.4549E+00 1.4983E+00 9.6700E+00 1.4608E+007382 3102
 9.8851E+00 1.4301E+00 1.0100E+01 1.4065E+00 1.0315E+01 1.3906E+007382 3102
 1.0530E+01 1.3833E+00 1.0638E+01 1.3835E+00 1.0745E+01 1.3871E+007382 3102
 1.0853E+01 1.3943E+00 1.0960E+01 1.4059E+00 1.1068E+01 1.4228E+007382 3102
 1.1176E+01 1.4460E+00 1.1283E+01 1.4771E+00 1.1391E+01 1.5180E+007382 3102
 1.1444E+01 1.5430E+00 1.1498E+01 1.5718E+00 1.1552E+01 1.6051E+007382 3102
 1.1606E+01 1.6434E+00 1.1659E+01 1.6875E+00 1.1713E+01 1.7385E+007382 3102
 1.1767E+01 1.7978E+00 1.1821E+01 1.8668E+00 1.1875E+01 1.9476E+007382 3102
 1.1928E+01 2.0427E+00 1.1955E+01 2.0967E+00 1.1982E+01 2.1556E+007382 3102
 1.2009E+01 2.2202E+00 1.2036E+01 2.2910E+00 1.2063E+01 2.3690E+007382 3102
 1.2090E+01 2.4549E+00 1.2117E+01 2.5500E+00 1.2143E+01 2.6555E+007382 3102
 1.2170E+01 2.7728E+00 1.2197E+01 2.9039E+00 1.2224E+01 3.0509E+007382 3102
 1.2251E+01 3.2164E+00 1.2278E+01 3.4037E+00 1.2305E+01 3.6166E+007382 3102
 1.2318E+01 3.7343E+00 1.2332E+01 3.8604E+00 1.2345E+01 3.9957E+007382 3102
 1.2358E+01 4.1412E+00 1.2372E+01 4.2979E+00 1.2385E+01 4.4670E+007382 3102
 1.2399E+01 4.6499E+00 1.2412E+01 4.8480E+00 1.2426E+01 5.0631E+007382 3102
 1.2439E+01 5.2974E+00 1.2453E+01 5.5531E+00 1.2466E+01 5.8329E+007382 3102
 1.2479E+01 6.1404E+00 1.2493E+01 6.4788E+00 1.2506E+01 6.8527E+007382 3102
 1.2520E+01 7.2675E+00 1.2533E+01 7.7299E+00 1.2547E+01 8.2469E+007382 3102
 1.2553E+01 8.5289E+00 1.2560E+01 8.8283E+00 1.2567E+01 9.1467E+007382 3102
 1.2574E+01 9.4858E+00 1.2580E+01 9.8480E+00 1.2587E+01 1.0234E+017382 3102
 1.2594E+01 1.0648E+01 1.2600E+01 1.1092E+01 1.2607E+01 1.1569E+017382 3102
 1.2614E+01 1.2082E+01 1.2621E+01 1.2636E+01 1.2627E+01 1.3237E+017382 3102
 1.2634E+01 1.3889E+01 1.2641E+01 1.4598E+01 1.2647E+01 1.5372E+017382 3102
 1.2654E+01 1.6220E+01 1.2661E+01 1.7153E+01 1.2668E+01 1.8183E+017382 3102
 1.2674E+01 1.9325E+01 1.2681E+01 2.0596E+01 1.2688E+01 2.2018E+017382 3102
 1.2691E+01 2.2792E+01 1.2695E+01 2.3613E+01 1.2698E+01 2.4485E+017382 3102
 1.2701E+01 2.5411E+01 1.2705E+01 2.6396E+01 1.2708E+01 2.7445E+017382 3102
 1.2711E+01 2.8563E+01 1.2715E+01 2.9755E+01 1.2718E+01 3.1028E+017382 3102
 1.2721E+01 3.2388E+01 1.2725E+01 3.3841E+01 1.2728E+01 3.5396E+017382 3102
 1.2732E+01 3.7059E+01 1.2735E+01 3.8839E+01 1.2738E+01 4.0750E+017382 3102
 1.2742E+01 4.2791E+01 1.2745E+01 4.4976E+01 1.2748E+01 4.7316E+017382 3102
 1.2752E+01 4.9822E+01 1.2755E+01 5.2503E+01 1.2758E+01 5.5371E+017382 3102
 1.2762E+01 5.8438E+01 1.2765E+01 6.1715E+01 1.2768E+01 6.5214E+017382 3102
 1.2772E+01 6.8947E+01 1.2775E+01 7.2925E+01 1.2779E+01 7.7160E+017382 3102
 1.2782E+01 8.1664E+01 1.2785E+01 8.6445E+01 1.2789E+01 9.1515E+017382 3102
 1.2792E+01 9.6899E+01 1.2795E+01 1.0257E+02 1.2799E+01 1.0856E+027382 3102
 1.2802E+01 1.1486E+02 1.2805E+01 1.2149E+02 1.2809E+01 1.2844E+027382 3102
 1.2812E+01 1.3571E+02 1.2816E+01 1.4330E+02 1.2819E+01 1.5121E+027382 3102
 1.2826E+01 1.6794E+02 1.2832E+01 1.8581E+02 1.2836E+01 1.9513E+027382 3102
 1.2842E+01 2.1443E+02 1.2852E+01 2.4459E+02 1.2861E+01 2.7023E+027382 3102
 1.2869E+01 2.9561E+02 1.2879E+01 3.2469E+02 1.2888E+01 3.4685E+027382 3102
 1.2893E+01 3.5888E+02 1.2898E+01 3.7065E+02 1.2903E+01 3.7868E+027382 3102
 1.2909E+01 3.8881E+02 1.2915E+01 3.9647E+02 1.2922E+01 4.0144E+027382 3102
 1.2926E+01 4.0321E+02 1.2930E+01 4.0371E+02 1.2934E+01 4.0295E+027382 3102
 1.2941E+01 3.9946E+02 1.2947E+01 3.9324E+02 1.2953E+01 3.8441E+027382 3102
 1.2955E+01 3.8093E+02 1.2960E+01 3.7321E+02 1.2966E+01 3.5996E+027382 3102
 1.2972E+01 3.4510E+02 1.2978E+01 3.2878E+02 1.2989E+01 2.9921E+027382 3102
 1.2995E+01 2.8058E+02 1.3001E+01 2.6165E+02 1.3012E+01 2.3024E+027382 3102
 1.3018E+01 2.1189E+02 1.3024E+01 1.9414E+02 1.3028E+01 1.8273E+027382 3102
 1.3030E+01 1.7719E+02 1.3034E+01 1.6636E+02 1.3039E+01 1.5599E+027382 3102
 1.3043E+01 1.4607E+02 1.3047E+01 1.3663E+02 1.3051E+01 1.2768E+027382 3102
 1.3055E+01 1.1921E+02 1.3059E+01 1.1123E+02 1.3063E+01 1.0374E+027382 3102
 1.3068E+01 9.6698E+01 1.3072E+01 9.0137E+01 1.3076E+01 8.4022E+017382 3102
 1.3080E+01 7.8335E+01 1.3084E+01 7.3057E+01 1.3088E+01 6.8169E+017382 3102
 1.3093E+01 6.3648E+01 1.3097E+01 5.9474E+01 1.3101E+01 5.5616E+017382 3102
 1.3105E+01 5.2070E+01 1.3109E+01 4.8805E+01 1.3113E+01 4.5802E+017382 3102
 1.3117E+01 4.3041E+01 1.3122E+01 4.0501E+01 1.3126E+01 3.8167E+017382 3102
 1.3130E+01 3.6019E+01 1.3134E+01 3.4039E+01 1.3138E+01 3.2221E+017382 3102
 1.3142E+01 3.0546E+01 1.3147E+01 2.9001E+01 1.3151E+01 2.7575E+017382 3102
 1.3155E+01 2.6258E+01 1.3159E+01 2.5038E+01 1.3163E+01 2.3909E+017382 3102
 1.3167E+01 2.2858E+01 1.3171E+01 2.1884E+01 1.3176E+01 2.0977E+017382 3102
 1.3180E+01 2.0132E+01 1.3184E+01 1.9342E+01 1.3188E+01 1.8604E+017382 3102
 1.3192E+01 1.7913E+01 1.3196E+01 1.7264E+01 1.3200E+01 1.6653E+017382 3102
 1.3205E+01 1.6080E+01 1.3213E+01 1.5029E+01 1.3221E+01 1.4091E+017382 3102
 1.3230E+01 1.3249E+01 1.3238E+01 1.2489E+01 1.3246E+01 1.1801E+017382 3102
 1.3254E+01 1.1175E+01 1.3263E+01 1.0605E+01 1.3271E+01 1.0081E+017382 3102
 1.3279E+01 9.6016E+00 1.3288E+01 9.1595E+00 1.3296E+01 8.7514E+007382 3102
 1.3304E+01 8.3731E+00 1.3313E+01 8.0226E+00 1.3321E+01 7.6967E+007382 3102
 1.3329E+01 7.3931E+00 1.3337E+01 7.1095E+00 1.3346E+01 6.8446E+007382 3102
 1.3354E+01 6.5966E+00 1.3362E+01 6.3640E+00 1.3371E+01 6.1452E+007382 3102
 1.3379E+01 5.9397E+00 1.3396E+01 5.5635E+00 1.3412E+01 5.2278E+007382 3102
 1.3429E+01 4.9273E+00 1.3445E+01 4.6568E+00 1.3462E+01 4.4128E+007382 3102
 1.3479E+01 4.1914E+00 1.3495E+01 3.9903E+00 1.3512E+01 3.8068E+007382 3102
 1.3528E+01 3.6389E+00 1.3545E+01 3.4849E+00 1.3562E+01 3.3435E+007382 3102
 1.3578E+01 3.2130E+00 1.3595E+01 3.0926E+00 1.3611E+01 2.9810E+007382 3102
 1.3628E+01 2.8777E+00 1.3645E+01 2.7815E+00 1.3661E+01 2.6920E+007382 3102
 1.3678E+01 2.6085E+00 1.3694E+01 2.5305E+00 1.3728E+01 2.3890E+007382 3102
 1.3761E+01 2.2642E+00 1.3794E+01 2.1536E+00 1.3827E+01 2.0551E+007382 3102
 1.3861E+01 1.9670E+00 1.3894E+01 1.8878E+00 1.3927E+01 1.8164E+007382 3102
 1.3960E+01 1.7517E+00 1.3993E+01 1.6930E+00 1.4027E+01 1.6395E+007382 3102
 1.4060E+01 1.5905E+00 1.4093E+01 1.5457E+00 1.4126E+01 1.5046E+007382 3102
 1.4159E+01 1.4666E+00 1.4226E+01 1.3991E+00 1.4292E+01 1.3408E+007382 3102
 1.4359E+01 1.2900E+00 1.4425E+01 1.2456E+00 1.4492E+01 1.2065E+007382 3102
 1.4558E+01 1.1719E+00 1.4624E+01 1.1410E+00 1.4691E+01 1.1133E+007382 3102
 1.4757E+01 1.0884E+00 1.4824E+01 1.0660E+00 1.4956E+01 1.0271E+007382 3102
 1.5089E+01 9.9439E-01 1.5222E+01 9.6671E-01 1.5355E+01 9.4310E-017382 3102
 1.5488E+01 9.2277E-01 1.5621E+01 9.0518E-01 1.5754E+01 8.8990E-017382 3102
 1.5886E+01 8.7671E-01 1.6152E+01 8.5511E-01 1.6418E+01 8.3880E-017382 3102
 1.6683E+01 8.2710E-01 1.6949E+01 8.1958E-01 1.7215E+01 8.1607E-017382 3102
 1.7481E+01 8.1670E-01 1.7746E+01 8.2186E-01 1.8012E+01 8.3207E-017382 3102
 1.8145E+01 8.3940E-01 1.8278E+01 8.4862E-01 1.8410E+01 8.5988E-017382 3102
 1.8543E+01 8.7345E-01 1.8676E+01 8.8972E-01 1.8809E+01 9.0918E-017382 3102
 1.8942E+01 9.3242E-01 1.9075E+01 9.6024E-01 1.9207E+01 9.9364E-017382 3102
 1.9340E+01 1.0337E+00 1.9407E+01 1.0568E+00 1.9473E+01 1.0824E+007382 3102
 1.9540E+01 1.1109E+00 1.9606E+01 1.1426E+00 1.9672E+01 1.1778E+007382 3102
 1.9739E+01 1.2173E+00 1.9805E+01 1.2615E+00 1.9872E+01 1.3115E+007382 3102
 1.9938E+01 1.3680E+00 2.0005E+01 1.4323E+00 2.0071E+01 1.5057E+007382 3102
 2.0137E+01 1.5902E+00 2.0171E+01 1.6373E+00 2.0204E+01 1.6881E+007382 3102
 2.0237E+01 1.7430E+00 2.0270E+01 1.8026E+00 2.0303E+01 1.8673E+007382 3102
 2.0337E+01 1.9376E+00 2.0370E+01 2.0144E+00 2.0403E+01 2.0983E+007382 3102
 2.0436E+01 2.1903E+00 2.0469E+01 2.2916E+00 2.0503E+01 2.4032E+007382 3102
 2.0536E+01 2.5269E+00 2.0569E+01 2.6643E+00 2.0602E+01 2.8175E+007382 3102
 2.0636E+01 2.9892E+00 2.0669E+01 3.1824E+00 2.0685E+01 3.2883E+007382 3102
 2.0702E+01 3.4010E+00 2.0719E+01 3.5213E+00 2.0735E+01 3.6497E+007382 3102
 2.0752E+01 3.7872E+00 2.0768E+01 3.9346E+00 2.0785E+01 4.0929E+007382 3102
 2.0802E+01 4.2631E+00 2.0818E+01 4.4466E+00 2.0835E+01 4.6447E+007382 3102
 2.0851E+01 4.8593E+00 2.0868E+01 5.0919E+00 2.0885E+01 5.3450E+007382 3102
 2.0901E+01 5.6208E+00 2.0918E+01 5.9225E+00 2.0934E+01 6.2531E+007382 3102
 2.0951E+01 6.6171E+00 2.0968E+01 7.0190E+00 2.0984E+01 7.4643E+007382 3102
 2.1001E+01 7.9596E+00 2.1017E+01 8.5137E+00 2.1026E+01 8.8155E+007382 3102
 2.1034E+01 9.1359E+00 2.1042E+01 9.4769E+00 2.1051E+01 9.8394E+007382 3102
 2.1059E+01 1.0226E+01 2.1067E+01 1.0639E+01 2.1076E+01 1.1082E+017382 3102
 2.1084E+01 1.1556E+01 2.1092E+01 1.2066E+01 2.1100E+01 1.2615E+017382 3102
 2.1109E+01 1.3208E+01 2.1117E+01 1.3851E+01 2.1125E+01 1.4549E+017382 3102
 2.1134E+01 1.5309E+01 2.1142E+01 1.6142E+01 2.1150E+01 1.7056E+017382 3102
 2.1159E+01 1.8064E+01 2.1167E+01 1.9180E+01 2.1175E+01 2.0423E+017382 3102
 2.1184E+01 2.1811E+01 2.1188E+01 2.2568E+01 2.1192E+01 2.3371E+017382 3102
 2.1196E+01 2.4225E+01 2.1200E+01 2.5133E+01 2.1204E+01 2.6102E+017382 3102
 2.1208E+01 2.7134E+01 2.1213E+01 2.8235E+01 2.1217E+01 2.9412E+017382 3102
 2.1221E+01 3.0671E+01 2.1225E+01 3.2019E+01 2.1229E+01 3.3465E+017382 3102
 2.1233E+01 3.5015E+01 2.1237E+01 3.6683E+01 2.1242E+01 3.8471E+017382 3102
 2.1246E+01 4.0393E+01 2.1250E+01 4.2459E+01 2.1254E+01 4.4681E+017382 3102
 2.1258E+01 4.7071E+01 2.1262E+01 4.9643E+01 2.1267E+01 5.2409E+017382 3102
 2.1271E+01 5.5392E+01 2.1275E+01 5.8591E+01 2.1279E+01 6.2031E+017382 3102
 2.1283E+01 6.5725E+01 2.1287E+01 6.9692E+01 2.1291E+01 7.3947E+017382 3102
 2.1296E+01 7.8508E+01 2.1300E+01 8.3391E+01 2.1304E+01 8.8627E+017382 3102
 2.1308E+01 9.4208E+01 2.1312E+01 1.0016E+02 2.1316E+01 1.0650E+027382 3102
 2.1320E+01 1.1325E+02 2.1325E+01 1.2042E+02 2.1329E+01 1.2801E+027382 3102
 2.1333E+01 1.3605E+02 2.1337E+01 1.4456E+02 2.1341E+01 1.5351E+027382 3102
 2.1345E+01 1.6292E+02 2.1350E+01 1.7280E+02 2.1354E+01 1.8314E+027382 3102
 2.1358E+01 1.9394E+02 2.1362E+01 2.0520E+02 2.1366E+01 2.1690E+027382 3102
 2.1374E+01 2.4160E+02 2.1383E+01 2.6780E+02 2.1391E+01 2.9530E+027382 3102
 2.1399E+01 3.2378E+02 2.1410E+01 3.6023E+02 2.1422E+01 4.0388E+027382 3102
 2.1433E+01 4.3903E+02 2.1439E+01 4.5916E+02 2.1445E+01 4.7816E+027382 3102
 2.1449E+01 4.9013E+02 2.1455E+01 5.0686E+02 2.1462E+01 5.2189E+027382 3102
 2.1468E+01 5.3517E+02 2.1472E+01 5.4300E+02 2.1479E+01 5.5280E+027382 3102
 2.1485E+01 5.6012E+02 2.1491E+01 5.6485E+02 2.1496E+01 5.6654E+027382 3102
 2.1500E+01 5.6702E+02 2.1506E+01 5.6551E+02 2.1513E+01 5.6133E+027382 3102
 2.1517E+01 5.5710E+02 2.1526E+01 5.4529E+02 2.1532E+01 5.3366E+027382 3102
 2.1539E+01 5.1825E+02 2.1544E+01 5.0605E+02 2.1552E+01 4.8577E+027382 3102
 2.1559E+01 4.6353E+02 2.1567E+01 4.3967E+02 2.1579E+01 3.9751E+027382 3102
 2.1594E+01 3.4525E+02 2.1606E+01 3.0224E+02 2.1614E+01 2.7735E+027382 3102
 2.1621E+01 2.5335E+02 2.1629E+01 2.3056E+02 2.1634E+01 2.1608E+027382 3102
 2.1639E+01 2.0220E+02 2.1644E+01 1.8896E+02 2.1649E+01 1.7637E+027382 3102
 2.1654E+01 1.6444E+02 2.1659E+01 1.5315E+02 2.1663E+01 1.4254E+027382 3102
 2.1668E+01 1.3259E+02 2.1673E+01 1.2327E+02 2.1678E+01 1.1457E+027382 3102
 2.1683E+01 1.0646E+02 2.1688E+01 9.8934E+01 2.1693E+01 9.1953E+017382 3102
 2.1698E+01 8.5482E+01 2.1703E+01 7.9517E+01 2.1708E+01 7.4017E+017382 3102
 2.1713E+01 6.8952E+01 2.1718E+01 6.4295E+01 2.1723E+01 6.0016E+017382 3102
 2.1728E+01 5.6088E+01 2.1733E+01 5.2485E+01 2.1738E+01 4.9175E+017382 3102
 2.1743E+01 4.6147E+01 2.1748E+01 4.3372E+01 2.1753E+01 4.0827E+017382 3102
 2.1758E+01 3.8494E+01 2.1763E+01 3.6353E+01 2.1768E+01 3.4387E+017382 3102
 2.1773E+01 3.2580E+01 2.1778E+01 3.0915E+01 2.1783E+01 2.9384E+017382 3102
 2.1788E+01 2.7972E+01 2.1793E+01 2.6668E+01 2.1798E+01 2.5462E+017382 3102
 2.1803E+01 2.4345E+01 2.1808E+01 2.3308E+01 2.1813E+01 2.2344E+017382 3102
 2.1818E+01 2.1447E+01 2.1823E+01 2.0610E+01 2.1828E+01 1.9828E+017382 3102
 2.1832E+01 1.9095E+01 2.1837E+01 1.8409E+01 2.1842E+01 1.7764E+017382 3102
 2.1847E+01 1.7158E+01 2.1852E+01 1.6586E+01 2.1862E+01 1.5537E+017382 3102
 2.1872E+01 1.4598E+01 2.1882E+01 1.3752E+01 2.1892E+01 1.2988E+017382 3102
 2.1902E+01 1.2292E+01 2.1912E+01 1.1658E+01 2.1922E+01 1.1078E+017382 3102
 2.1932E+01 1.0546E+01 2.1942E+01 1.0055E+01 2.1952E+01 9.6014E+007382 3102
 2.1962E+01 9.1819E+00 2.1972E+01 8.7925E+00 2.1982E+01 8.4300E+007382 3102
 2.1992E+01 8.0926E+00 2.2002E+01 7.7775E+00 2.2011E+01 7.4828E+007382 3102
 2.2021E+01 7.2065E+00 2.2031E+01 6.9475E+00 2.2041E+01 6.7042E+007382 3102
 2.2051E+01 6.4751E+00 2.2071E+01 6.0556E+00 2.2091E+01 5.6814E+007382 3102
 2.2111E+01 5.3459E+00 2.2131E+01 5.0442E+00 2.2151E+01 4.7716E+007382 3102
 2.2171E+01 4.5246E+00 2.2190E+01 4.2998E+00 2.2210E+01 4.0949E+007382 3102
 2.2230E+01 3.9075E+00 2.2250E+01 3.7357E+00 2.2270E+01 3.5778E+007382 3102
 2.2290E+01 3.4323E+00 2.2310E+01 3.2980E+00 2.2330E+01 3.1739E+007382 3102
 2.2349E+01 3.0588E+00 2.2369E+01 2.9520E+00 2.2389E+01 2.8526E+007382 3102
 2.2409E+01 2.7601E+00 2.2429E+01 2.6738E+00 2.2449E+01 2.5932E+007382 3102
 2.2489E+01 2.4472E+00 2.2528E+01 2.3187E+00 2.2568E+01 2.2051E+007382 3102
 2.2608E+01 2.1044E+00 2.2648E+01 2.0147E+00 2.2688E+01 1.9345E+007382 3102
 2.2727E+01 1.8627E+00 2.2767E+01 1.7983E+00 2.2807E+01 1.7403E+007382 3102
 2.2847E+01 1.6881E+00 2.2886E+01 1.6409E+00 2.2926E+01 1.5983E+007382 3102
 2.2966E+01 1.5598E+00 2.3006E+01 1.5250E+00 2.3045E+01 1.4935E+007382 3102
 2.3125E+01 1.4392E+00 2.3204E+01 1.3947E+00 2.3284E+01 1.3586E+007382 3102
 2.3364E+01 1.3298E+00 2.3443E+01 1.3073E+00 2.3523E+01 1.2904E+007382 3102
 2.3602E+01 1.2785E+00 2.3682E+01 1.2712E+00 2.3761E+01 1.2683E+007382 3102
 2.3841E+01 1.2694E+00 2.3920E+01 1.2745E+00 2.4000E+01 1.2835E+007382 3102
 2.4079E+01 1.2965E+00 2.4159E+01 1.3135E+00 2.4238E+01 1.3347E+007382 3102
 2.4318E+01 1.3603E+00 2.4398E+01 1.3907E+00 2.4477E+01 1.4264E+007382 3102
 2.4557E+01 1.4678E+00 2.4636E+01 1.5158E+00 2.4716E+01 1.5711E+007382 3102
 2.4795E+01 1.6349E+00 2.4875E+01 1.7084E+00 2.4954E+01 1.7934E+007382 3102
 2.4994E+01 1.8408E+00 2.5034E+01 1.8918E+00 2.5074E+01 1.9470E+007382 3102
 2.5113E+01 2.0066E+00 2.5153E+01 2.0713E+00 2.5193E+01 2.1415E+007382 3102
 2.5233E+01 2.2178E+00 2.5272E+01 2.3010E+00 2.5312E+01 2.3918E+007382 3102
 2.5352E+01 2.4911E+00 2.5392E+01 2.6001E+00 2.5431E+01 2.7201E+007382 3102
 2.5471E+01 2.8525E+00 2.5511E+01 2.9990E+00 2.5551E+01 3.1619E+007382 3102
 2.5591E+01 3.3436E+00 2.5630E+01 3.5470E+00 2.5670E+01 3.7758E+007382 3102
 2.5690E+01 3.9012E+00 2.5710E+01 4.0346E+00 2.5730E+01 4.1770E+007382 3102
 2.5750E+01 4.3290E+00 2.5770E+01 4.4918E+00 2.5789E+01 4.6661E+007382 3102
 2.5809E+01 4.8533E+00 2.5829E+01 5.0545E+00 2.5849E+01 5.2715E+007382 3102
 2.5869E+01 5.5057E+00 2.5889E+01 5.7592E+00 2.5909E+01 6.0339E+007382 3102
 2.5929E+01 6.3328E+00 2.5948E+01 6.6583E+00 2.5968E+01 7.0141E+007382 3102
 2.5988E+01 7.4040E+00 2.6008E+01 7.8330E+00 2.6028E+01 8.3061E+007382 3102
 2.6048E+01 8.8303E+00 2.6068E+01 9.4129E+00 2.6088E+01 1.0064E+017382 3102
 2.6098E+01 1.0418E+01 2.6108E+01 1.0794E+01 2.6118E+01 1.1194E+017382 3102
 2.6127E+01 1.1619E+01 2.6137E+01 1.2072E+01 2.6147E+01 1.2555E+017382 3102
 2.6157E+01 1.3072E+01 2.6167E+01 1.3625E+01 2.6177E+01 1.4219E+017382 3102
 2.6187E+01 1.4858E+01 2.6197E+01 1.5548E+01 2.6207E+01 1.6292E+017382 3102
 2.6217E+01 1.7100E+01 2.6227E+01 1.7978E+01 2.6237E+01 1.8936E+017382 3102
 2.6247E+01 1.9986E+01 2.6257E+01 2.1139E+01 2.6267E+01 2.2413E+017382 3102
 2.6277E+01 2.3827E+01 2.6287E+01 2.5405E+01 2.6296E+01 2.7175E+017382 3102
 2.6301E+01 2.8143E+01 2.6306E+01 2.9173E+01 2.6311E+01 3.0273E+017382 3102
 2.6316E+01 3.1444E+01 2.6321E+01 3.2696E+01 2.6326E+01 3.4035E+017382 3102
 2.6331E+01 3.5472E+01 2.6336E+01 3.7014E+01 2.6341E+01 3.8671E+017382 3102
 2.6346E+01 4.0455E+01 2.6351E+01 4.2383E+01 2.6356E+01 4.4458E+017382 3102
 2.6361E+01 4.6700E+01 2.6366E+01 4.9124E+01 2.6371E+01 5.1747E+017382 3102
 2.6376E+01 5.4587E+01 2.6381E+01 5.7664E+01 2.6386E+01 6.1000E+017382 3102
 2.6391E+01 6.4624E+01 2.6396E+01 6.8545E+01 2.6401E+01 7.2797E+017382 3102
 2.6406E+01 7.7406E+01 2.6411E+01 8.2401E+01 2.6416E+01 8.7810E+017382 3102
 2.6421E+01 9.3664E+01 2.6426E+01 9.9995E+01 2.6431E+01 1.0683E+027382 3102
 2.6436E+01 1.1421E+02 2.6441E+01 1.2217E+02 2.6446E+01 1.3073E+027382 3102
 2.6451E+01 1.3993E+02 2.6456E+01 1.4980E+02 2.6460E+01 1.6036E+027382 3102
 2.6465E+01 1.7165E+02 2.6470E+01 1.8372E+02 2.6475E+01 1.9654E+027382 3102
 2.6480E+01 2.1015E+02 2.6485E+01 2.2456E+02 2.6490E+01 2.3978E+027382 3102
 2.6495E+01 2.5583E+02 2.6500E+01 2.7268E+02 2.6505E+01 2.9034E+027382 3102
 2.6510E+01 3.0883E+02 2.6515E+01 3.2804E+02 2.6520E+01 3.4797E+027382 3102
 2.6525E+01 3.6860E+02 2.6530E+01 3.8986E+02 2.6538E+01 4.2283E+027382 3102
 2.6545E+01 4.5681E+02 2.6552E+01 4.9164E+02 2.6557E+01 5.1508E+027382 3102
 2.6565E+01 5.5034E+02 2.6572E+01 5.8544E+02 2.6580E+01 6.1987E+027382 3102
 2.6590E+01 6.6406E+02 2.6597E+01 6.9531E+02 2.6603E+01 7.1972E+027382 3102
 2.6611E+01 7.4671E+02 2.6617E+01 7.6695E+02 2.6625E+01 7.8823E+027382 3102
 2.6631E+01 8.0421E+02 2.6638E+01 8.1705E+02 2.6644E+01 8.2666E+027382 3102
 2.6651E+01 8.3287E+02 2.6660E+01 8.3572E+02 2.6669E+01 8.3233E+027382 3102
 2.6673E+01 8.2832E+02 2.6680E+01 8.1945E+02 2.6689E+01 8.0254E+027382 3102
 2.6695E+01 7.8629E+02 2.6701E+01 7.7152E+02 2.6709E+01 7.4634E+027382 3102
 2.6716E+01 7.1799E+02 2.6724E+01 6.8687E+02 2.6729E+01 6.6492E+027382 3102
 2.6737E+01 6.3047E+02 2.6745E+01 5.9464E+02 2.6753E+01 5.5806E+027382 3102
 2.6766E+01 4.9658E+02 2.6782E+01 4.2453E+02 2.6787E+01 4.0136E+027382 3102
 2.6800E+01 3.4625E+02 2.6805E+01 3.2546E+02 2.6810E+01 3.0551E+027382 3102
 2.6815E+01 2.8637E+02 2.6821E+01 2.6813E+02 2.6826E+01 2.5073E+027382 3102
 2.6831E+01 2.3426E+02 2.6836E+01 2.1865E+02 2.6841E+01 2.0395E+027382 3102
 2.6847E+01 1.9010E+02 2.6852E+01 1.7713E+02 2.6857E+01 1.6497E+027382 3102
 2.6862E+01 1.5363E+02 2.6868E+01 1.4305E+02 2.6873E+01 1.3320E+027382 3102
 2.6878E+01 1.2407E+02 2.6883E+01 1.1562E+02 2.6888E+01 1.0780E+027382 3102
 2.6894E+01 1.0058E+02 2.6899E+01 9.3907E+01 2.6904E+01 8.7769E+017382 3102
 2.6909E+01 8.2108E+01 2.6915E+01 7.6909E+01 2.6920E+01 7.2119E+017382 3102
 2.6925E+01 6.7724E+01 2.6930E+01 6.3678E+01 2.6935E+01 5.9967E+017382 3102
 2.6941E+01 5.6550E+01 2.6946E+01 5.3415E+01 2.6951E+01 5.0525E+017382 3102
 2.6956E+01 4.7866E+01 2.6961E+01 4.5417E+01 2.6967E+01 4.3164E+017382 3102
 2.6972E+01 4.1081E+01 2.6977E+01 3.9159E+01 2.6982E+01 3.7378E+017382 3102
 2.6988E+01 3.5731E+01 2.6993E+01 3.4200E+01 2.6998E+01 3.2780E+017382 3102
 2.7003E+01 3.1456E+01 2.7008E+01 3.0224E+01 2.7014E+01 2.9072E+017382 3102
 2.7019E+01 2.7996E+01 2.7024E+01 2.6986E+01 2.7029E+01 2.6041E+017382 3102
 2.7034E+01 2.5150E+01 2.7040E+01 2.4312E+01 2.7050E+01 2.2777E+017382 3102
 2.7061E+01 2.1405E+01 2.7071E+01 2.0172E+01 2.7081E+01 1.9058E+017382 3102
 2.7092E+01 1.8047E+01 2.7102E+01 1.7126E+01 2.7113E+01 1.6283E+017382 3102
 2.7123E+01 1.5509E+01 2.7134E+01 1.4797E+01 2.7144E+01 1.4140E+017382 3102
 2.7154E+01 1.3531E+01 2.7165E+01 1.2966E+01 2.7175E+01 1.2441E+017382 3102
 2.7186E+01 1.1952E+01 2.7196E+01 1.1496E+01 2.7207E+01 1.1068E+017382 3102
 2.7217E+01 1.0668E+01 2.7227E+01 1.0293E+01 2.7238E+01 9.9407E+007382 3102
 2.7248E+01 9.6091E+00 2.7259E+01 9.2967E+00 2.7280E+01 8.7238E+007382 3102
 2.7300E+01 8.2117E+00 2.7321E+01 7.7524E+00 2.7342E+01 7.3387E+007382 3102
 2.7363E+01 6.9649E+00 2.7384E+01 6.6259E+00 2.7405E+01 6.3179E+007382 3102
 2.7426E+01 6.0372E+00 2.7447E+01 5.7808E+00 2.7467E+01 5.5460E+007382 3102
 2.7488E+01 5.3307E+00 2.7509E+01 5.1329E+00 2.7530E+01 4.9509E+007382 3102
 2.7551E+01 4.7830E+00 2.7572E+01 4.6282E+00 2.7593E+01 4.4852E+007382 3102
 2.7613E+01 4.3530E+00 2.7634E+01 4.2306E+00 2.7655E+01 4.1172E+007382 3102
 2.7697E+01 3.9148E+00 2.7739E+01 3.7408E+00 2.7780E+01 3.5913E+007382 3102
 2.7822E+01 3.4632E+00 2.7864E+01 3.3540E+00 2.7905E+01 3.2617E+007382 3102
 2.7947E+01 3.1847E+00 2.7989E+01 3.1218E+00 2.8031E+01 3.0718E+007382 3102
 2.8072E+01 3.0342E+00 2.8114E+01 3.0084E+00 2.8156E+01 2.9941E+007382 3102
 2.8198E+01 2.9913E+00 2.8239E+01 3.0002E+00 2.8281E+01 3.0212E+007382 3102
 2.8323E+01 3.0549E+00 2.8364E+01 3.1024E+00 2.8406E+01 3.1649E+007382 3102
 2.8448E+01 3.2442E+00 2.8490E+01 3.3428E+00 2.8531E+01 3.4635E+007382 3102
 2.8552E+01 3.5334E+00 2.8573E+01 3.6105E+00 2.8594E+01 3.6955E+007382 3102
 2.8615E+01 3.7892E+00 2.8636E+01 3.8925E+00 2.8657E+01 4.0066E+007382 3102
 2.8677E+01 4.1328E+00 2.8698E+01 4.2725E+00 2.8719E+01 4.4275E+007382 3102
 2.8740E+01 4.5999E+00 2.8761E+01 4.7921E+00 2.8782E+01 5.0072E+007382 3102
 2.8803E+01 5.2489E+00 2.8823E+01 5.5214E+00 2.8844E+01 5.8304E+007382 3102
 2.8865E+01 6.1825E+00 2.8876E+01 6.3777E+00 2.8886E+01 6.5869E+007382 3102
 2.8896E+01 6.8119E+00 2.8907E+01 7.0543E+00 2.8917E+01 7.3163E+007382 3102
 2.8928E+01 7.5999E+00 2.8938E+01 7.9081E+00 2.8949E+01 8.2439E+007382 3102
 2.8959E+01 8.6115E+00 2.8969E+01 9.0147E+00 2.8980E+01 9.4593E+007382 3102
 2.8990E+01 9.9518E+00 2.9001E+01 1.0500E+01 2.9011E+01 1.1115E+017382 3102
 2.9022E+01 1.1807E+01 2.9027E+01 1.2187E+01 2.9032E+01 1.2591E+017382 3102
 2.9037E+01 1.3024E+01 2.9042E+01 1.3488E+01 2.9048E+01 1.3985E+017382 3102
 2.9053E+01 1.4517E+01 2.9058E+01 1.5090E+01 2.9063E+01 1.5706E+017382 3102
 2.9069E+01 1.6372E+01 2.9074E+01 1.7089E+01 2.9079E+01 1.7866E+017382 3102
 2.9084E+01 1.8706E+01 2.9089E+01 1.9617E+01 2.9095E+01 2.0604E+017382 3102
 2.9100E+01 2.1677E+01 2.9105E+01 2.2840E+01 2.9110E+01 2.4107E+017382 3102
 2.9116E+01 2.5481E+01 2.9121E+01 2.6979E+01 2.9126E+01 2.8606E+017382 3102
 2.9131E+01 3.0376E+01 2.9136E+01 3.2296E+01 2.9142E+01 3.4386E+017382 3102
 2.9147E+01 3.6649E+01 2.9152E+01 3.9109E+01 2.9157E+01 4.1770E+017382 3102
 2.9162E+01 4.4655E+01 2.9168E+01 4.7768E+01 2.9173E+01 5.1135E+017382 3102
 2.9178E+01 5.4757E+01 2.9183E+01 5.8661E+01 2.9189E+01 6.2846E+017382 3102
 2.9194E+01 6.7341E+01 2.9199E+01 7.2140E+01 2.9204E+01 7.7271E+017382 3102
 2.9209E+01 8.2735E+01 2.9215E+01 8.8539E+01 2.9220E+01 9.4677E+017382 3102
 2.9225E+01 1.0118E+02 2.9230E+01 1.0801E+02 2.9235E+01 1.1520E+027382 3102
 2.9241E+01 1.2272E+02 2.9246E+01 1.3059E+02 2.9251E+01 1.3877E+027382 3102
 2.9262E+01 1.5603E+02 2.9267E+01 1.6507E+02 2.9275E+01 1.7906E+027382 3102
 2.9282E+01 1.9346E+02 2.9295E+01 2.1805E+02 2.9303E+01 2.3289E+027382 3102
 2.9311E+01 2.4762E+02 2.9316E+01 2.5725E+02 2.9329E+01 2.8036E+027382 3102
 2.9337E+01 2.9325E+02 2.9345E+01 3.0516E+02 2.9350E+01 3.1249E+027382 3102
 2.9358E+01 3.2238E+02 2.9368E+01 3.3287E+02 2.9372E+01 3.3659E+027382 3102
 2.9379E+01 3.4121E+02 2.9385E+01 3.4466E+02 2.9391E+01 3.4688E+027382 3102
 2.9400E+01 3.4790E+02 2.9406E+01 3.4720E+02 2.9415E+01 3.4432E+027382 3102
 2.9419E+01 3.4207E+02 2.9428E+01 3.3599E+02 2.9434E+01 3.3012E+027382 3102
 2.9439E+01 3.2466E+02 2.9448E+01 3.1420E+02 2.9458E+01 2.9963E+027382 3102
 2.9467E+01 2.8606E+02 2.9479E+01 2.6543E+02 2.9485E+01 2.5303E+027382 3102
 2.9496E+01 2.3390E+02 2.9506E+01 2.1450E+02 2.9516E+01 1.9527E+027382 3102
 2.9523E+01 1.8267E+02 2.9533E+01 1.6435E+02 2.9543E+01 1.4698E+027382 3102
 2.9554E+01 1.3067E+02 2.9560E+01 1.2047E+02 2.9564E+01 1.1560E+027382 3102
 2.9571E+01 1.0628E+02 2.9574E+01 1.0183E+02 2.9578E+01 9.7546E+017382 3102
 2.9584E+01 8.9402E+01 2.9591E+01 8.1846E+01 2.9598E+01 7.4876E+017382 3102
 2.9605E+01 6.8453E+01 2.9608E+01 6.5440E+01 2.9612E+01 6.2566E+017382 3102
 2.9615E+01 5.9812E+01 2.9619E+01 5.7190E+01 2.9622E+01 5.4688E+017382 3102
 2.9625E+01 5.2303E+01 2.9629E+01 5.0024E+01 2.9632E+01 4.7861E+017382 3102
 2.9636E+01 4.5797E+01 2.9639E+01 4.3840E+01 2.9642E+01 4.1976E+017382 3102
 2.9646E+01 4.0210E+01 2.9649E+01 3.8533E+01 2.9653E+01 3.6943E+017382 3102
 2.9656E+01 3.5430E+01 2.9659E+01 3.3999E+01 2.9663E+01 3.2640E+017382 3102
 2.9666E+01 3.1355E+01 2.9670E+01 3.0135E+01 2.9673E+01 2.8982E+017382 3102
 2.9677E+01 2.7891E+01 2.9680E+01 2.6857E+01 2.9683E+01 2.5876E+017382 3102
 2.9687E+01 2.4949E+01 2.9694E+01 2.3239E+01 2.9700E+01 2.1705E+017382 3102
 2.9707E+01 2.0330E+01 2.9714E+01 1.9092E+01 2.9721E+01 1.7979E+017382 3102
 2.9728E+01 1.6975E+01 2.9735E+01 1.6071E+01 2.9741E+01 1.5250E+017382 3102
 2.9748E+01 1.4507E+01 2.9755E+01 1.3830E+01 2.9762E+01 1.3214E+017382 3102
 2.9769E+01 1.2650E+01 2.9776E+01 1.2133E+01 2.9782E+01 1.1658E+017382 3102
 2.9789E+01 1.1221E+01 2.9796E+01 1.0816E+01 2.9803E+01 1.0441E+017382 3102
 2.9810E+01 1.0093E+01 2.9817E+01 9.7694E+00 2.9823E+01 9.4669E+007382 3102
 2.9830E+01 9.1842E+00 2.9844E+01 8.6710E+00 2.9857E+01 8.2170E+007382 3102
 2.9871E+01 7.8134E+00 2.9885E+01 7.4522E+00 2.9898E+01 7.1277E+007382 3102
 2.9912E+01 6.8346E+00 2.9926E+01 6.5692E+00 2.9939E+01 6.3277E+007382 3102
 2.9953E+01 6.1077E+00 2.9967E+01 5.9065E+00 2.9980E+01 5.7222E+007382 3102
 2.9994E+01 5.5528E+00 3.0008E+01 5.3970E+00 3.0021E+01 5.2533E+007382 3102
 3.0035E+01 5.1207E+00 3.0062E+01 4.8846E+00 3.0090E+01 4.6817E+007382 3102
 3.0117E+01 4.5068E+00 3.0144E+01 4.3555E+00 3.0172E+01 4.2246E+007382 3102
 3.0199E+01 4.1110E+00 3.0226E+01 4.0127E+00 3.0253E+01 3.9277E+007382 3102
 3.0281E+01 3.8545E+00 3.0308E+01 3.7916E+00 3.0335E+01 3.7380E+007382 3102
 3.0363E+01 3.6927E+00 3.0417E+01 3.6240E+00 3.0472E+01 3.5803E+007382 3102
 3.0527E+01 3.5577E+00 3.0581E+01 3.5538E+00 3.0636E+01 3.5664E+007382 3102
 3.0690E+01 3.5944E+00 3.0745E+01 3.6365E+00 3.0800E+01 3.6923E+007382 3102
 3.0854E+01 3.7614E+00 3.0909E+01 3.8439E+00 3.0964E+01 3.9397E+007382 3102
 3.1018E+01 4.0495E+00 3.1073E+01 4.1739E+00 3.1127E+01 4.3137E+007382 3102
 3.1182E+01 4.4701E+00 3.1237E+01 4.6446E+00 3.1291E+01 4.8389E+007382 3102
 3.1346E+01 5.0551E+00 3.1400E+01 5.2958E+00 3.1455E+01 5.5641E+007382 3102
 3.1510E+01 5.8637E+00 3.1564E+01 6.1989E+00 3.1619E+01 6.5751E+007382 3102
 3.1674E+01 6.9990E+00 3.1701E+01 7.2314E+00 3.1728E+01 7.4790E+007382 3102
 3.1755E+01 7.7432E+00 3.1783E+01 8.0256E+00 3.1810E+01 8.3279E+007382 3102
 3.1837E+01 8.6519E+00 3.1865E+01 8.9997E+00 3.1892E+01 9.3740E+007382 3102
 3.1919E+01 9.7773E+00 3.1947E+01 1.0213E+01 3.1974E+01 1.0684E+017382 3102
 3.2001E+01 1.1196E+01 3.2029E+01 1.1753E+01 3.2056E+01 1.2360E+017382 3102
 3.2083E+01 1.3024E+01 3.2111E+01 1.3753E+01 3.2138E+01 1.4556E+017382 3102
 3.2165E+01 1.5443E+01 3.2192E+01 1.6428E+01 3.2220E+01 1.7526E+017382 3102
 3.2247E+01 1.8755E+01 3.2261E+01 1.9427E+01 3.2274E+01 2.0140E+017382 3102
 3.2288E+01 2.0900E+01 3.2302E+01 2.1709E+01 3.2315E+01 2.2573E+017382 3102
 3.2329E+01 2.3497E+01 3.2343E+01 2.4488E+01 3.2356E+01 2.5552E+017382 3102
 3.2370E+01 2.6697E+01 3.2384E+01 2.7931E+01 3.2397E+01 2.9266E+017382 3102
 3.2411E+01 3.0713E+01 3.2425E+01 3.2287E+01 3.2438E+01 3.4002E+017382 3102
 3.2452E+01 3.5879E+01 3.2466E+01 3.7941E+01 3.2479E+01 4.0216E+017382 3102
 3.2493E+01 4.2737E+01 3.2507E+01 4.5547E+01 3.2520E+01 4.8694E+017382 3102
 3.2527E+01 5.0416E+01 3.2534E+01 5.2248E+01 3.2541E+01 5.4201E+017382 3102
 3.2547E+01 5.6285E+01 3.2554E+01 5.8518E+01 3.2561E+01 6.0913E+017382 3102
 3.2568E+01 6.3489E+01 3.2575E+01 6.6260E+01 3.2582E+01 6.9256E+017382 3102
 3.2588E+01 7.2500E+01 3.2595E+01 7.6019E+01 3.2602E+01 7.9840E+017382 3102
 3.2609E+01 8.4010E+01 3.2616E+01 8.8564E+01 3.2623E+01 9.3547E+017382 3102
 3.2629E+01 9.9003E+01 3.2633E+01 1.0194E+02 3.2636E+01 1.0500E+027382 3102
 3.2640E+01 1.0823E+02 3.2643E+01 1.1160E+02 3.2646E+01 1.1515E+027382 3102
 3.2650E+01 1.1887E+02 3.2653E+01 1.2277E+02 3.2657E+01 1.2687E+027382 3102
 3.2660E+01 1.3118E+02 3.2664E+01 1.3570E+02 3.2667E+01 1.4047E+027382 3102
 3.2670E+01 1.4546E+02 3.2674E+01 1.5072E+02 3.2677E+01 1.5623E+027382 3102
 3.2681E+01 1.6202E+02 3.2684E+01 1.6810E+02 3.2687E+01 1.7451E+027382 3102
 3.2691E+01 1.8122E+02 3.2694E+01 1.8828E+02 3.2698E+01 1.9568E+027382 3102
 3.2701E+01 2.0347E+02 3.2705E+01 2.1162E+02 3.2708E+01 2.2017E+027382 3102
 3.2711E+01 2.2913E+02 3.2715E+01 2.3856E+02 3.2718E+01 2.4840E+027382 3102
 3.2722E+01 2.5874E+02 3.2725E+01 2.6953E+02 3.2728E+01 2.8085E+027382 3102
 3.2732E+01 2.9266E+02 3.2735E+01 3.0499E+02 3.2739E+01 3.1787E+027382 3102
 3.2742E+01 3.3135E+02 3.2745E+01 3.4537E+02 3.2749E+01 3.6002E+027382 3102
 3.2752E+01 3.7524E+02 3.2756E+01 3.9112E+02 3.2759E+01 4.0757E+027382 3102
 3.2763E+01 4.2467E+02 3.2766E+01 4.4242E+02 3.2773E+01 4.7994E+027382 3102
 3.2776E+01 4.9974E+02 3.2783E+01 5.4129E+02 3.2790E+01 5.8548E+027382 3102
 3.2793E+01 6.0857E+02 3.2800E+01 6.5681E+02 3.2804E+01 6.8194E+027382 3102
 3.2810E+01 7.3399E+02 3.2814E+01 7.6087E+02 3.2821E+01 8.1632E+027382 3102
 3.2827E+01 8.7393E+02 3.2838E+01 9.6370E+02 3.2848E+01 1.0563E+037382 3102
 3.2858E+01 1.1508E+03 3.2875E+01 1.3080E+03 3.2885E+01 1.3994E+037382 3102
 3.2892E+01 1.4581E+03 3.2899E+01 1.5141E+03 3.2908E+01 1.5798E+037382 3102
 3.2918E+01 1.6508E+03 3.2926E+01 1.7023E+03 3.2932E+01 1.7335E+037382 3102
 3.2940E+01 1.7672E+03 3.2945E+01 1.7858E+03 3.2952E+01 1.8076E+037382 3102
 3.2957E+01 1.8178E+03 3.2962E+01 1.8246E+03 3.2970E+01 1.8282E+037382 3102
 3.2978E+01 1.8239E+03 3.2985E+01 1.8117E+03 3.2995E+01 1.7835E+037382 3102
 3.3005E+01 1.7424E+03 3.3010E+01 1.7173E+03 3.3020E+01 1.6633E+037382 3102
 3.3029E+01 1.6007E+03 3.3038E+01 1.5307E+03 3.3044E+01 1.4807E+037382 3102
 3.3054E+01 1.4015E+03 3.3063E+01 1.3186E+03 3.3072E+01 1.2335E+037382 3102
 3.3088E+01 1.0903E+03 3.3097E+01 1.0054E+03 3.3107E+01 9.2254E+027382 3102
 3.3113E+01 8.6882E+02 3.3122E+01 7.9130E+02 3.3135E+01 6.9431E+027382 3102
 3.3141E+01 6.4877E+02 3.3147E+01 6.0544E+02 3.3153E+01 5.6430E+027382 3102
 3.3160E+01 5.2537E+02 3.3166E+01 4.8862E+02 3.3172E+01 4.5413E+027382 3102
 3.3178E+01 4.2183E+02 3.3184E+01 3.9166E+02 3.3191E+01 3.6355E+027382 3102
 3.3197E+01 3.3744E+02 3.3203E+01 3.1324E+02 3.3209E+01 2.9087E+027382 3102
 3.3216E+01 2.7020E+02 3.3222E+01 2.5119E+02 3.3228E+01 2.3372E+027382 3102
 3.3234E+01 2.1768E+02 3.3240E+01 2.0296E+02 3.3247E+01 1.8950E+027382 3102
 3.3253E+01 1.7719E+02 3.3259E+01 1.6594E+02 3.3265E+01 1.5564E+027382 3102
 3.3272E+01 1.4625E+02 3.3278E+01 1.3768E+02 3.3284E+01 1.2985E+027382 3102
 3.3290E+01 1.2269E+02 3.3296E+01 1.1616E+02 3.3303E+01 1.1017E+027382 3102
 3.3309E+01 1.0470E+02 3.3315E+01 9.9675E+01 3.3321E+01 9.5073E+017382 3102
 3.3328E+01 9.0845E+01 3.3334E+01 8.6956E+01 3.3340E+01 8.3368E+017382 3102
 3.3346E+01 8.0062E+01 3.3352E+01 7.7007E+01 3.3359E+01 7.4180E+017382 3102
 3.3365E+01 7.1553E+01 3.3371E+01 6.9118E+01 3.3377E+01 6.6853E+017382 3102
 3.3384E+01 6.4742E+01 3.3390E+01 6.2771E+01 3.3396E+01 6.0929E+017382 3102
 3.3408E+01 5.7589E+01 3.3421E+01 5.4644E+01 3.3433E+01 5.2038E+017382 3102
 3.3446E+01 4.9720E+01 3.3458E+01 4.7654E+01 3.3471E+01 4.5804E+017382 3102
 3.3483E+01 4.4146E+01 3.3496E+01 4.2657E+01 3.3508E+01 4.1319E+017382 3102
 3.3520E+01 4.0114E+01 3.3533E+01 3.9031E+01 3.3545E+01 3.8058E+017382 3102
 3.3558E+01 3.7186E+01 3.3570E+01 3.6405E+01 3.3583E+01 3.5710E+017382 3102
 3.3595E+01 3.5093E+01 3.3608E+01 3.4550E+01 3.3632E+01 3.3663E+017382 3102
 3.3657E+01 3.3019E+01 3.3682E+01 3.2597E+01 3.3707E+01 3.2379E+017382 3102
 3.3732E+01 3.2355E+01 3.3757E+01 3.2518E+01 3.3782E+01 3.2866E+017382 3102
 3.3807E+01 3.3401E+01 3.3831E+01 3.4127E+01 3.3856E+01 3.5055E+017382 3102
 3.3881E+01 3.6198E+01 3.3906E+01 3.7573E+01 3.3931E+01 3.9206E+017382 3102
 3.3956E+01 4.1127E+01 3.3968E+01 4.2208E+01 3.3981E+01 4.3375E+017382 3102
 3.3993E+01 4.4636E+01 3.4006E+01 4.5999E+01 3.4018E+01 4.7472E+017382 3102
 3.4031E+01 4.9063E+01 3.4043E+01 5.0786E+01 3.4055E+01 5.2648E+017382 3102
 3.4068E+01 5.4668E+01 3.4080E+01 5.6858E+01 3.4093E+01 5.9237E+017382 3102
 3.4105E+01 6.1827E+01 3.4111E+01 6.3210E+01 3.4118E+01 6.4653E+017382 3102
 3.4124E+01 6.6162E+01 3.4130E+01 6.7741E+01 3.4136E+01 6.9397E+017382 3102
 3.4143E+01 7.1129E+01 3.4149E+01 7.2945E+01 3.4155E+01 7.4851E+017382 3102
 3.4161E+01 7.6855E+01 3.4167E+01 7.8960E+01 3.4174E+01 8.1174E+017382 3102
 3.4180E+01 8.3506E+01 3.4186E+01 8.5965E+01 3.4192E+01 8.8562E+017382 3102
 3.4199E+01 9.1306E+01 3.4205E+01 9.4210E+01 3.4211E+01 9.7292E+017382 3102
 3.4217E+01 1.0056E+02 3.4223E+01 1.0403E+02 3.4230E+01 1.0772E+027382 3102
 3.4236E+01 1.1166E+02 3.4242E+01 1.1586E+02 3.4248E+01 1.2035E+027382 3102
 3.4255E+01 1.2515E+02 3.4261E+01 1.3032E+02 3.4267E+01 1.3585E+027382 3102
 3.4273E+01 1.4180E+02 3.4279E+01 1.4821E+02 3.4286E+01 1.5513E+027382 3102
 3.4289E+01 1.5879E+02 3.4292E+01 1.6259E+02 3.4295E+01 1.6655E+027382 3102
 3.4298E+01 1.7067E+02 3.4301E+01 1.7495E+02 3.4304E+01 1.7941E+027382 3102
 3.4307E+01 1.8407E+02 3.4311E+01 1.8890E+02 3.4314E+01 1.9394E+027382 3102
 3.4317E+01 1.9918E+02 3.4320E+01 2.0464E+02 3.4323E+01 2.1034E+027382 3102
 3.4326E+01 2.1627E+02 3.4329E+01 2.2246E+02 3.4332E+01 2.2893E+027382 3102
 3.4335E+01 2.3565E+02 3.4339E+01 2.4266E+02 3.4342E+01 2.4997E+027382 3102
 3.4345E+01 2.5759E+02 3.4348E+01 2.6554E+02 3.4351E+01 2.7382E+027382 3102
 3.4354E+01 2.8246E+02 3.4357E+01 2.9149E+02 3.4360E+01 3.0088E+027382 3102
 3.4363E+01 3.1067E+02 3.4367E+01 3.2086E+02 3.4370E+01 3.3149E+027382 3102
 3.4373E+01 3.4255E+02 3.4376E+01 3.5408E+02 3.4379E+01 3.6608E+027382 3102
 3.4382E+01 3.7858E+02 3.4385E+01 3.9158E+02 3.4388E+01 4.0511E+027382 3102
 3.4391E+01 4.1918E+02 3.4395E+01 4.3381E+02 3.4398E+01 4.4902E+027382 3102
 3.4401E+01 4.6481E+02 3.4404E+01 4.8121E+02 3.4410E+01 5.1596E+027382 3102
 3.4416E+01 5.5327E+02 3.4423E+01 5.9331E+02 3.4429E+01 6.3618E+027382 3102
 3.4435E+01 6.8206E+02 3.4441E+01 7.3086E+02 3.4444E+01 7.5641E+027382 3102
 3.4451E+01 8.0983E+02 3.4457E+01 8.6644E+02 3.4460E+01 8.9587E+027382 3102
 3.4466E+01 9.5705E+02 3.4469E+01 9.8878E+02 3.4475E+01 1.0545E+037382 3102
 3.4485E+01 1.1585E+03 3.4491E+01 1.2312E+03 3.4500E+01 1.3450E+037382 3102
 3.4510E+01 1.4637E+03 3.4519E+01 1.5860E+03 3.4535E+01 1.7950E+037382 3102
 3.4553E+01 2.0453E+03 3.4569E+01 2.2442E+03 3.4578E+01 2.3553E+037382 3102
 3.4587E+01 2.4579E+03 3.4594E+01 2.5207E+03 3.4603E+01 2.6053E+037382 3102
 3.4612E+01 2.6733E+03 3.4621E+01 2.7284E+03 3.4632E+01 2.7805E+037382 3102
 3.4638E+01 2.7967E+03 3.4644E+01 2.8064E+03 3.4650E+01 2.8093E+037382 3102
 3.4653E+01 2.8082E+03 3.4659E+01 2.8009E+03 3.4668E+01 2.7776E+037382 3102
 3.4679E+01 2.7237E+03 3.4685E+01 2.6876E+03 3.4691E+01 2.6457E+037382 3102
 3.4697E+01 2.5983E+03 3.4704E+01 2.5342E+03 3.4711E+01 2.4634E+037382 3102
 3.4718E+01 2.3867E+03 3.4730E+01 2.2475E+03 3.4744E+01 2.0670E+037382 3102
 3.4759E+01 1.8778E+03 3.4787E+01 1.4981E+03 3.4796E+01 1.3768E+037382 3102
 3.4801E+01 1.3179E+03 3.4811E+01 1.2038E+03 3.4815E+01 1.1490E+037382 3102
 3.4825E+01 1.0441E+03 3.4830E+01 9.9420E+02 3.4839E+01 8.9954E+027382 3102
 3.4844E+01 8.5492E+02 3.4849E+01 8.1209E+02 3.4853E+01 7.7095E+027382 3102
 3.4858E+01 7.3169E+02 3.4863E+01 6.9410E+02 3.4867E+01 6.5834E+027382 3102
 3.4872E+01 6.2421E+02 3.4877E+01 5.9184E+02 3.4882E+01 5.6103E+027382 3102
 3.4886E+01 5.3187E+02 3.4891E+01 5.0420E+02 3.4896E+01 4.7808E+027382 3102
 3.4901E+01 4.5334E+02 3.4905E+01 4.3004E+02 3.4910E+01 4.0803E+027382 3102
 3.4915E+01 3.8733E+02 3.4920E+01 3.6784E+02 3.4924E+01 3.4951E+027382 3102
 3.4929E+01 3.3224E+02 3.4934E+01 3.1606E+02 3.4938E+01 3.0084E+027382 3102
 3.4943E+01 2.8659E+02 3.4948E+01 2.7321E+02 3.4953E+01 2.6069E+027382 3102
 3.4957E+01 2.4896E+02 3.4962E+01 2.3797E+02 3.4967E+01 2.2767E+027382 3102
 3.4972E+01 2.1804E+02 3.4976E+01 2.0902E+02 3.4981E+01 2.0060E+027382 3102
 3.4986E+01 1.9271E+02 3.4991E+01 1.8535E+02 3.4995E+01 1.7847E+027382 3102
 3.5000E+01 1.1955E+02 3.5000E+01 8.8792E+01 4.0000E+01 8.2014E+017382 3102
 5.0000E+01 7.1732E+01 5.6500E+01 6.7032E+01 6.3000E+01 6.2332E+017382 3102
 7.1000E+01 5.8279E+01 7.9000E+01 5.4227E+01 8.9500E+01 5.0520E+017382 3102
 1.0000E+02 4.6813E+01 1.1500E+02 4.3232E+01 1.3000E+02 3.9652E+017382 3102
 1.6000E+02 3.4707E+01 2.0000E+02 3.0024E+01 2.5000E+02 2.5923E+017382 3102
 2.8500E+02 2.3954E+01 3.2000E+02 2.1986E+01 4.0000E+02 1.8906E+017382 3102
 5.0000E+02 1.6226E+01 5.6500E+02 1.5024E+01 6.3000E+02 1.3823E+017382 3102
 7.1000E+02 1.2808E+01 7.9000E+02 1.1792E+01 8.9500E+02 1.0883E+017382 3102
 1.0000E+03 9.9746E+00 1.1500E+03 9.1179E+00 1.3000E+03 8.2611E+007382 3102
 1.6000E+03 7.1060E+00 2.0000E+03 6.0365E+00 2.5000E+03 5.1227E+007382 3102
 2.8500E+03 4.6957E+00 3.2000E+03 4.2686E+00 4.0000E+03 3.6189E+007382 3102
 5.0000E+03 3.0691E+00 5.6500E+03 2.8297E+00 6.3000E+03 2.5903E+007382 3102
 7.1000E+03 2.3942E+00 7.9000E+03 2.1980E+00 8.9500E+03 2.0280E+007382 3102
 9.7375E+03 1.9005E+00 1.0000E+04 1.8580E+00 1.0000E+04 2.1331E+007382 3102
 1.0000E+04 2.1331E+00 1.0479E+04 2.0517E+00 1.0980E+04 1.9736E+007382 3102
 1.1494E+04 1.9000E+00 1.2031E+04 1.8293E+00 1.2581E+04 1.7625E+007382 3102
 1.3155E+04 1.6984E+00 1.3743E+04 1.6377E+00 1.4356E+04 1.5794E+007382 3102
 1.4984E+04 1.5242E+00 1.5638E+04 1.4711E+00 1.6307E+04 1.4207E+007382 3102
 1.7003E+04 1.3722E+00 1.7716E+04 1.3262E+00 1.8456E+04 1.2818E+007382 3102
 1.9213E+04 1.2397E+00 2.0000E+04 1.1990E+00 2.1327E+04 1.1579E+007382 3102
 2.2728E+04 1.1186E+00 2.4184E+04 1.0815E+00 2.5717E+04 1.0460E+007382 3102
 2.7308E+04 1.0124E+00 2.8982E+04 9.8025E-01 3.0716E+04 9.4980E-017382 3102
 3.2538E+04 9.2055E-01 3.4424E+04 8.9280E-01 3.6402E+04 8.6612E-017382 3102
 3.8448E+04 8.4079E-01 4.0590E+04 8.1639E-01 4.2803E+04 7.9320E-017382 3102
 4.5117E+04 7.7084E-01 4.7505E+04 7.4955E-01 5.0000E+04 7.2900E-017382 3102
 5.4709E+04 7.1059E-01 5.9740E+04 6.9305E-01 6.5107E+04 6.7632E-017382 3102
 7.0824E+04 6.6033E-01 7.6903E+04 6.4506E-01 8.3371E+04 6.3043E-017382 3102
 9.0225E+04 6.1643E-01 9.7500E+04 6.0300E-01 9.7538E+04 6.0261E-017382 3102
 1.0000E+05 5.7700E-01 1.0500E+05 5.1200E-01 1.1460E+05 4.9237E-017382 3102
 1.1463E+05 4.9231E-01 1.3230E+05 4.5619E-01 1.5000E+05 4.2000E-017382 3102
 1.7400E+05 3.7100E-01 2.0000E+05 3.2700E-01 2.3830E+05 2.7600E-017382 3102
 2.3831E+05 2.7599E-01 2.7150E+05 2.4500E-01 2.9360E+05 2.2800E-017382 3102
 2.9362E+05 2.2799E-01 3.0000E+05 2.2400E-01 3.1670E+05 2.1200E-017382 3102
 3.1675E+05 2.1197E-01 3.6200E+05 1.8400E-01 4.0000E+05 1.6800E-017382 3102
 4.0001E+05 1.6800E-01 5.0000E+05 1.2200E-01 6.0000E+05 9.1300E-027382 3102
 7.0000E+05 7.4000E-02 8.0000E+05 6.3000E-02 9.0000E+05 5.5000E-027382 3102
 1.0000E+06 4.9000E-02 1.2000E+06 4.1000E-02 1.4000E+06 3.3000E-027382 3102
 1.5000E+06 3.0000E-02 1.7500E+06 2.4000E-02 2.0000E+06 2.0000E-027382 3102
 2.5000E+06 1.3000E-02 3.0000E+06 9.0000E-03 3.5000E+06 6.0000E-037382 3102
 4.0000E+06 3.0000E-03 5.0000E+06 1.0000E-03 6.0000E+06 6.0000E-047382 3102
 6.1000E+06 1.0000E-04 6.1000E+06 1.0000E-04 7.0400E+06 1.0000E-047382 3102
 8.0000E+06 2.0000E-04 9.0000E+06 4.0000E-04 1.0000E+07 1.0000E-037382 3102
 1.1000E+07 2.0000E-03 1.1100E+07 2.1000E-03 1.2000E+07 3.0000E-037382 3102
 1.3000E+07 3.7000E-03 1.3500E+07 4.0000E-03 1.3800E+07 4.1000E-037382 3102
 1.3800E+07 4.1000E-03 1.4000E+07 4.2000E-03 1.5000E+07 4.4000E-037382 3102
 1.6000E+07 4.6000E-03 1.7000E+07 4.8000E-03 2.0000E+07 4.8000E-037382 3102
                                                                  7382 3  0
