TH-230N,G    1.0000+00* JEF-2.2                                   9030 3102
                                                                  9030 3102
 9.02300+04 2.2806E+02          0         99          0          09030 3102
 3.0000E+02 5.1154E+06          0          0          1       34959030 3102
       3495          2                                            9030 3102
 1.0000E-05 1.1521E+03 1.2432E-05 1.0333E+03 1.4863E-05 9.4501E+029030 3102
 1.7295E-05 8.7606E+02 1.9727E-05 8.2029E+02 2.4590E-05 7.3471E+029030 3102
 2.9453E-05 6.7132E+02 3.4316E-05 6.2194E+02 3.9180E-05 5.8206E+029030 3102
 4.8906E-05 5.2098E+02 5.8633E-05 4.7581E+02 6.8359E-05 4.4066E+029030 3102
 7.8086E-05 4.1230E+02 8.7813E-05 3.8880E+02 1.0727E-04 3.5178E+029030 3102
 1.2672E-04 3.2366E+02 1.4617E-04 3.0136E+02 1.6562E-04 2.8311E+029030 3102
 2.0453E-04 2.5476E+02 2.4344E-04 2.3352E+02 2.8234E-04 2.1684E+029030 3102
 3.2125E-04 2.0329E+02 3.9906E-04 1.8240E+02 4.7687E-04 1.6686E+029030 3102
 5.5469E-04 1.5472E+02 6.3250E-04 1.4489E+02 7.8813E-04 1.2980E+029030 3102
 9.4375E-04 1.1862E+02 1.0994E-03 1.0991E+02 1.2550E-03 1.0288E+029030 3102
 1.5662E-03 9.2097E+01 1.8775E-03 8.4124E+01 2.1888E-03 7.7920E+019030 3102
 2.5000E-03 7.2915E+01 2.8447E-03 6.8361E+01 3.1894E-03 6.4567E+019030 3102
 3.8788E-03 5.8560E+01 4.5682E-03 5.3971E+01 5.2576E-03 5.0318E+019030 3102
 5.9470E-03 4.7321E+01 6.6364E-03 4.4804E+01 8.0152E-03 4.0785E+019030 3102
 9.3940E-03 3.7688E+01 1.0773E-02 3.5208E+01 1.2152E-02 3.3164E+019030 3102
 1.3530E-02 3.1442E+01 1.6288E-02 2.8681E+01 1.9046E-02 2.6546E+019030 3102
 2.1803E-02 2.4833E+01 2.4561E-02 2.3418E+01 3.0076E-02 2.1202E+019030 3102
 3.5591E-02 1.9528E+01 4.1107E-02 1.8207E+01 4.6622E-02 1.7133E+019030 3102
 5.7652E-02 1.5475E+01 6.8683E-02 1.4246E+01 7.9713E-02 1.3291E+019030 3102
 9.0744E-02 1.2525E+01 1.1280E-01 1.1366E+01 1.3487E-01 1.0531E+019030 3102
 1.5693E-01 9.9037E+00 1.7899E-01 9.4189E+00 2.2311E-01 8.7368E+009030 3102
 2.6723E-01 8.3103E+00 3.1135E-01 8.0567E+00 3.5548E-01 7.9328E+009030 3102
 4.4372E-01 7.9915E+00 5.3196E-01 8.4121E+00 6.2021E-01 9.2186E+009030 3102
 7.0845E-01 1.0519E+01 7.9669E-01 1.2537E+01 8.6288E-01 1.4777E+019030 3102
 8.8494E-01 1.5720E+01 9.2906E-01 1.8004E+01 9.7318E-01 2.0993E+019030 3102
 1.0173E+00 2.4997E+01 1.0614E+00 3.0523E+01 1.0835E+00 3.4107E+019030 3102
 1.1055E+00 3.8444E+01 1.1276E+00 4.3760E+01 1.1497E+00 5.0373E+019030 3102
 1.1717E+00 5.8745E+01 1.1938E+00 6.9562E+01 1.2159E+00 8.3883E+019030 3102
 1.2379E+00 1.0341E+02 1.2489E+00 1.1596E+02 1.2600E+00 1.3102E+029030 3102
 1.2710E+00 1.4934E+02 1.2820E+00 1.7191E+02 1.2931E+00 2.0017E+029030 3102
 1.3041E+00 2.3620E+02 1.3151E+00 2.8313E+02 1.3262E+00 3.4587E+029030 3102
 1.3317E+00 3.8548E+02 1.3344E+00 4.0791E+02 1.3372E+00 4.3236E+029030 3102
 1.3399E+00 4.5911E+02 1.3427E+00 4.8842E+02 1.3441E+00 5.0416E+029030 3102
 1.3455E+00 5.2067E+02 1.3468E+00 5.3800E+02 1.3482E+00 5.5621E+029030 3102
 1.3496E+00 5.7537E+02 1.3510E+00 5.9555E+02 1.3524E+00 6.1680E+029030 3102
 1.3537E+00 6.3922E+02 1.3551E+00 6.6286E+02 1.3565E+00 6.8786E+029030 3102
 1.3579E+00 7.1430E+02 1.3592E+00 7.4229E+02 1.3606E+00 7.7196E+029030 3102
 1.3620E+00 8.0343E+02 1.3634E+00 8.3684E+02 1.3648E+00 8.7240E+029030 3102
 1.3675E+00 9.5061E+02 1.3703E+00 1.0397E+03 1.3730E+00 1.1419E+039030 3102
 1.3758E+00 1.2596E+03 1.3786E+00 1.3963E+03 1.3813E+00 1.5560E+039030 3102
 1.3841E+00 1.7442E+03 1.3868E+00 1.9676E+03 1.3896E+00 2.2354E+039030 3102
 1.3923E+00 2.5594E+03 1.3951E+00 2.9558E+03 1.3979E+00 3.4459E+039030 3102
 1.4006E+00 4.0590E+03 1.4020E+00 4.4234E+03 1.4034E+00 4.8347E+039030 3102
 1.4047E+00 5.2999E+03 1.4061E+00 5.8272E+03 1.4075E+00 6.4260E+039030 3102
 1.4089E+00 7.1065E+03 1.4103E+00 7.8808E+03 1.4116E+00 8.7604E+039030 3102
 1.4130E+00 9.7562E+03 1.4144E+00 1.0876E+04 1.4160E+00 1.2313E+049030 3102
 1.4175E+00 1.3906E+04 1.4207E+00 1.7363E+04 1.4239E+00 2.0404E+049030 3102
 1.4254E+00 2.1333E+04 1.4270E+00 2.1654E+04 1.4286E+00 2.1309E+049030 3102
 1.4301E+00 2.0358E+04 1.4333E+00 1.7285E+04 1.4365E+00 1.3813E+049030 3102
 1.4396E+00 1.0779E+04 1.4415E+00 9.2474E+03 1.4435E+00 7.9544E+039030 3102
 1.4454E+00 6.8733E+03 1.4473E+00 5.9711E+03 1.4493E+00 5.2171E+039030 3102
 1.4512E+00 4.5853E+03 1.4531E+00 4.0532E+03 1.4550E+00 3.6026E+039030 3102
 1.4589E+00 2.8904E+03 1.4628E+00 2.3621E+03 1.4666E+00 1.9619E+039030 3102
 1.4705E+00 1.6528E+03 1.4743E+00 1.4095E+03 1.4782E+00 1.2152E+039030 3102
 1.4821E+00 1.0576E+03 1.4859E+00 9.2830E+02 1.4898E+00 8.2092E+029030 3102
 1.4936E+00 7.3088E+02 1.5014E+00 5.8959E+02 1.5091E+00 4.8518E+029030 3102
 1.5168E+00 4.0593E+02 1.5245E+00 3.4441E+02 1.5323E+00 2.9575E+029030 3102
 1.5400E+00 2.5661E+02 1.5477E+00 2.2467E+02 1.5554E+00 1.9828E+029030 3102
 1.5631E+00 1.7623E+02 1.5786E+00 1.4178E+02 1.5940E+00 1.1644E+029030 3102
 1.6095E+00 9.7259E+01 1.6249E+00 8.2410E+01 1.6403E+00 7.0683E+019030 3102
 1.6558E+00 6.1265E+01 1.6712E+00 5.3590E+01 1.6867E+00 4.7256E+019030 3102
 1.7176E+00 3.7512E+01 1.7484E+00 3.0469E+01 1.7793E+00 2.5220E+019030 3102
 1.8102E+00 2.1206E+01 1.8411E+00 1.8071E+01 1.8720E+00 1.5578E+019030 3102
 1.9029E+00 1.3563E+01 1.9338E+00 1.1912E+01 1.9646E+00 1.0544E+019030 3102
 1.9955E+00 9.3982E+00 2.0573E+00 7.6021E+00 2.1191E+00 6.2765E+009030 3102
 2.1808E+00 5.2716E+00 2.2426E+00 4.4924E+00 2.3044E+00 3.8767E+009030 3102
 2.3661E+00 3.3821E+00 2.4279E+00 2.9791E+00 2.4897E+00 2.6466E+009030 3102
 2.5514E+00 2.3693E+00 2.6750E+00 1.9370E+00 2.7985E+00 1.6201E+009030 3102
 2.9221E+00 1.3812E+00 3.0456E+00 1.1968E+00 3.1691E+00 1.0518E+009030 3102
 3.2927E+00 9.3575E-01 3.4162E+00 8.4158E-01 3.6633E+00 6.9987E-019030 3102
 3.9104E+00 6.0029E-01 4.2810E+00 4.9926E-01 4.4045E+00 4.7430E-019030 3102
 4.7751E+00 4.1692E-01 5.1457E+00 3.7804E-01 5.3928E+00 3.5917E-019030 3102
 6.1340E+00 3.2474E-01 6.3811E+00 3.1852E-01 7.3694E+00 3.1104E-019030 3102
 8.3577E+00 3.2475E-01 9.3460E+00 3.5768E-01 1.0334E+01 4.1398E-019030 3102
 1.0828E+01 4.5406E-01 1.1323E+01 5.0514E-01 1.1817E+01 5.7092E-019030 3102
 1.2311E+01 6.5706E-01 1.2805E+01 7.7253E-01 1.3299E+01 9.3215E-019030 3102
 1.3546E+01 1.0359E+00 1.3793E+01 1.1619E+00 1.4040E+01 1.3168E+009030 3102
 1.4288E+01 1.5105E+00 1.4535E+01 1.7574E+00 1.4782E+01 2.0794E+009030 3102
 1.5029E+01 2.5109E+00 1.5276E+01 3.1087E+00 1.5399E+01 3.4985E+009030 3102
 1.5523E+01 3.9726E+00 1.5646E+01 4.5572E+00 1.5770E+01 5.2900E+009030 3102
 1.5894E+01 6.2263E+00 1.5955E+01 6.7954E+00 1.6017E+01 7.4498E+009030 3102
 1.6048E+01 7.8145E+00 1.6079E+01 8.2076E+00 1.6110E+01 8.6324E+009030 3102
 1.6125E+01 8.8577E+00 1.6141E+01 9.0921E+00 1.6156E+01 9.3363E+009030 3102
 1.6172E+01 9.5908E+00 1.6187E+01 9.8561E+00 1.6202E+01 1.0133E+019030 3102
 1.6218E+01 1.0422E+01 1.6226E+01 1.0571E+01 1.6229E+01 1.0647E+019030 3102
 1.6233E+01 1.0724E+01 1.6241E+01 1.0880E+01 1.6249E+01 1.1040E+019030 3102
 1.6264E+01 1.1370E+01 1.6280E+01 1.1716E+01 1.6287E+01 1.1895E+019030 3102
 1.6295E+01 1.2078E+01 1.6303E+01 1.2266E+01 1.6310E+01 1.2458E+019030 3102
 1.6318E+01 1.2655E+01 1.6326E+01 1.2856E+01 1.6341E+01 1.3275E+019030 3102
 1.6357E+01 1.3714E+01 1.6372E+01 1.4176E+01 1.6388E+01 1.4663E+019030 3102
 1.6403E+01 1.5176E+01 1.6419E+01 1.5716E+01 1.6434E+01 1.6287E+019030 3102
 1.6449E+01 1.6890E+01 1.6465E+01 1.7528E+01 1.6480E+01 1.8203E+019030 3102
 1.6511E+01 1.9679E+01 1.6542E+01 2.1346E+01 1.6573E+01 2.3238E+019030 3102
 1.6604E+01 2.5399E+01 1.6635E+01 2.7879E+01 1.6666E+01 3.0749E+019030 3102
 1.6697E+01 3.4092E+01 1.6727E+01 3.8018E+01 1.6758E+01 4.2673E+019030 3102
 1.6789E+01 4.8252E+01 1.6820E+01 5.5010E+01 1.6851E+01 6.3312E+019030 3102
 1.6882E+01 7.3660E+01 1.6913E+01 8.6795E+01 1.6928E+01 9.4727E+019030 3102
 1.6944E+01 1.0381E+02 1.6959E+01 1.1426E+02 1.6974E+01 1.2639E+029030 3102
 1.6990E+01 1.4056E+02 1.7005E+01 1.5728E+02 1.7021E+01 1.7718E+029030 3102
 1.7036E+01 2.0110E+02 1.7052E+01 2.3023E+02 1.7067E+01 2.6618E+029030 3102
 1.7083E+01 3.1130E+02 1.7098E+01 3.6890E+02 1.7113E+01 4.4407E+029030 3102
 1.7129E+01 5.4473E+02 1.7137E+01 6.0836E+02 1.7144E+01 6.8385E+029030 3102
 1.7152E+01 7.7413E+02 1.7160E+01 8.8338E+02 1.7168E+01 1.0173E+039030 3102
 1.7175E+01 1.1838E+03 1.7183E+01 1.3942E+03 1.7191E+01 1.6651E+039030 3102
 1.7198E+01 2.0217E+03 1.7206E+01 2.5029E+03 1.7210E+01 2.8088E+039030 3102
 1.7214E+01 3.1724E+03 1.7218E+01 3.6085E+03 1.7222E+01 4.1365E+039030 3102
 1.7225E+01 4.7832E+03 1.7229E+01 5.5839E+03 1.7233E+01 6.5868E+039030 3102
 1.7237E+01 7.8570E+03 1.7241E+01 9.4852E+03 1.7245E+01 1.1588E+049030 3102
 1.7249E+01 1.4312E+04 1.7252E+01 1.7804E+04 1.7257E+01 2.2788E+049030 3102
 1.7261E+01 2.8484E+04 1.7266E+01 3.3502E+04 1.7268E+01 3.5041E+049030 3102
 1.7270E+01 3.5582E+04 1.7272E+01 3.5028E+04 1.7274E+01 3.3481E+049030 3102
 1.7279E+01 2.8448E+04 1.7283E+01 2.2764E+04 1.7288E+01 1.7779E+049030 3102
 1.7291E+01 1.4837E+04 1.7294E+01 1.2428E+04 1.7297E+01 1.0487E+049030 3102
 1.7300E+01 8.9209E+03 1.7304E+01 7.6505E+03 1.7307E+01 6.6148E+039030 3102
 1.7310E+01 5.7632E+03 1.7313E+01 5.0580E+03 1.7316E+01 4.4688E+039030 3102
 1.7319E+01 3.9732E+03 1.7326E+01 3.1936E+03 1.7332E+01 2.6176E+039030 3102
 1.7339E+01 2.1815E+03 1.7345E+01 1.8442E+03 1.7351E+01 1.5784E+039030 3102
 1.7358E+01 1.3655E+03 1.7364E+01 1.1925E+03 1.7370E+01 1.0501E+039030 3102
 1.7377E+01 9.3152E+02 1.7390E+01 7.4716E+02 1.7402E+01 6.1230E+029030 3102
 1.7415E+01 5.1072E+02 1.7428E+01 4.3231E+02 1.7441E+01 3.7066E+029030 3102
 1.7453E+01 3.2126E+02 1.7466E+01 2.8105E+02 1.7479E+01 2.4796E+029030 3102
 1.7492E+01 2.2037E+02 1.7517E+01 1.7735E+02 1.7543E+01 1.4580E+029030 3102
 1.7568E+01 1.2196E+02 1.7594E+01 1.0352E+02 1.7619E+01 8.8956E+019030 3102
 1.7645E+01 7.7266E+01 1.7670E+01 6.7737E+01 1.7696E+01 5.9868E+019030 3102
 1.7747E+01 4.7750E+01 1.7798E+01 3.8975E+01 1.7849E+01 3.2420E+019030 3102
 1.7900E+01 2.7397E+01 1.7951E+01 2.3463E+01 1.8002E+01 2.0325E+019030 3102
 1.8053E+01 1.7782E+01 1.8104E+01 1.5695E+01 1.8206E+01 1.2502E+019030 3102
 1.8308E+01 1.0210E+01 1.8411E+01 8.5108E+00 1.8513E+01 7.2180E+009030 3102
 1.8615E+01 6.2129E+00 1.8717E+01 5.4172E+00 1.8819E+01 4.7777E+009030 3102
 1.8921E+01 4.2571E+00 1.9125E+01 3.4730E+00 1.9329E+01 2.9251E+009030 3102
 1.9534E+01 2.5339E+00 1.9738E+01 2.2524E+00 1.9942E+01 2.0511E+009030 3102
 2.0146E+01 1.9116E+00 2.0350E+01 1.8225E+00 2.0554E+01 1.7770E+009030 3102
 2.0759E+01 1.7721E+00 2.0963E+01 1.8079E+00 2.1167E+01 1.8879E+009030 3102
 2.1371E+01 2.0195E+00 2.1575E+01 2.2156E+00 2.1780E+01 2.4972E+009030 3102
 2.1984E+01 2.8991E+00 2.2188E+01 3.4794E+00 2.2290E+01 3.8659E+009030 3102
 2.2392E+01 4.3411E+00 2.2494E+01 4.9326E+00 2.2596E+01 5.6792E+009030 3102
 2.2698E+01 6.6385E+00 2.2801E+01 7.8976E+00 2.2903E+01 9.5926E+009030 3102
 2.3005E+01 1.1949E+01 2.3056E+01 1.3487E+01 2.3107E+01 1.5357E+019030 3102
 2.3132E+01 1.6447E+01 2.3145E+01 1.7038E+01 2.3158E+01 1.7662E+019030 3102
 2.3171E+01 1.8322E+01 2.3183E+01 1.9021E+01 2.3190E+01 1.9386E+019030 3102
 2.3196E+01 1.9762E+01 2.3203E+01 2.0149E+01 2.3209E+01 2.0548E+019030 3102
 2.3215E+01 2.0960E+01 2.3222E+01 2.1384E+01 2.3228E+01 2.1821E+019030 3102
 2.3234E+01 2.2272E+01 2.3241E+01 2.2738E+01 2.3247E+01 2.3218E+019030 3102
 2.3254E+01 2.3715E+01 2.3260E+01 2.4227E+01 2.3266E+01 2.4757E+019030 3102
 2.3273E+01 2.5306E+01 2.3279E+01 2.5873E+01 2.3285E+01 2.6459E+019030 3102
 2.3292E+01 2.7066E+01 2.3298E+01 2.7695E+01 2.3305E+01 2.8346E+019030 3102
 2.3311E+01 2.9020E+01 2.3317E+01 2.9721E+01 2.3324E+01 3.0446E+019030 3102
 2.3337E+01 3.1981E+01 2.3349E+01 3.3636E+01 2.3362E+01 3.5425E+019030 3102
 2.3375E+01 3.7363E+01 2.3388E+01 3.9466E+01 2.3400E+01 4.1755E+019030 3102
 2.3413E+01 4.4251E+01 2.3426E+01 4.6981E+01 2.3439E+01 4.9974E+019030 3102
 2.3451E+01 5.3265E+01 2.3464E+01 5.6896E+01 2.3477E+01 6.0918E+019030 3102
 2.3490E+01 6.5381E+01 2.3502E+01 7.0358E+01 2.3515E+01 7.5929E+019030 3102
 2.3528E+01 8.2200E+01 2.3541E+01 8.9279E+01 2.3553E+01 9.7317E+019030 3102
 2.3566E+01 1.0650E+02 2.3579E+01 1.1706E+02 2.3592E+01 1.2926E+029030 3102
 2.3605E+01 1.4349E+02 2.3617E+01 1.6021E+02 2.3630E+01 1.8004E+029030 3102
 2.3643E+01 2.0379E+02 2.3656E+01 2.3257E+02 2.3668E+01 2.6789E+029030 3102
 2.3681E+01 3.1190E+02 2.3694E+01 3.6768E+02 2.3707E+01 4.3981E+029030 3102
 2.3713E+01 4.8406E+02 2.3719E+01 5.3530E+02 2.3726E+01 5.9506E+029030 3102
 2.3732E+01 6.6532E+02 2.3739E+01 7.4867E+02 2.3745E+01 8.4851E+029030 3102
 2.3751E+01 9.6945E+02 2.3758E+01 1.1177E+03 2.3764E+01 1.3021E+039030 3102
 2.3770E+01 1.5349E+03 2.3777E+01 1.8342E+03 2.3783E+01 2.2269E+039030 3102
 2.3790E+01 2.7550E+03 2.3793E+01 3.0878E+03 2.3796E+01 3.4812E+039030 3102
 2.3799E+01 3.9489E+03 2.3802E+01 4.5096E+03 2.3806E+01 5.1859E+039030 3102
 2.3809E+01 6.0072E+03 2.3812E+01 7.0106E+03 2.3815E+01 8.2383E+039030 3102
 2.3818E+01 9.7399E+03 2.3821E+01 1.1557E+04 2.3826E+01 1.4794E+049030 3102
 2.3831E+01 1.8485E+04 2.3835E+01 2.1747E+04 2.3838E+01 2.2750E+049030 3102
 2.3840E+01 2.3104E+04 2.3842E+01 2.2747E+04 2.3845E+01 2.1740E+049030 3102
 2.3849E+01 1.8475E+04 2.3854E+01 1.4782E+04 2.3859E+01 1.1547E+049030 3102
 2.3863E+01 9.2852E+03 2.3867E+01 7.5243E+03 2.3871E+01 6.1628E+039030 3102
 2.3875E+01 5.1061E+03 2.3879E+01 4.2805E+03 2.3883E+01 3.6303E+039030 3102
 2.3887E+01 3.1110E+03 2.3891E+01 2.6902E+03 2.3895E+01 2.3464E+039030 3102
 2.3899E+01 2.0632E+03 2.3903E+01 1.8271E+03 2.3907E+01 1.6279E+039030 3102
 2.3915E+01 1.3147E+03 2.3924E+01 1.0827E+03 2.3932E+01 9.0638E+029030 3102
 2.3940E+01 7.6944E+02 2.3948E+01 6.6105E+02 2.3956E+01 5.7389E+029030 3102
 2.3964E+01 5.0278E+02 2.3972E+01 4.4402E+02 2.3989E+01 3.5353E+029030 3102
 2.4005E+01 2.8803E+02 2.4021E+01 2.3912E+02 2.4037E+01 2.0166E+029030 3102
 2.4054E+01 1.7233E+02 2.4070E+01 1.4896E+02 2.4086E+01 1.3003E+029030 3102
 2.4102E+01 1.1448E+02 2.4119E+01 1.0157E+02 2.4151E+01 8.1521E+019030 3102
 2.4184E+01 6.6872E+01 2.4216E+01 5.5845E+01 2.4249E+01 4.7339E+019030 3102
 2.4281E+01 4.0640E+01 2.4314E+01 3.5272E+01 2.4346E+01 3.0904E+019030 3102
 2.4379E+01 2.7302E+01 2.4444E+01 2.1765E+01 2.4509E+01 1.7763E+019030 3102
 2.4574E+01 1.4778E+01 2.4639E+01 1.2492E+01 2.4704E+01 1.0703E+019030 3102
 2.4769E+01 9.2772E+00 2.4834E+01 8.1222E+00 2.4899E+01 7.1736E+009030 3102
 2.5029E+01 5.7225E+00 2.5159E+01 4.6796E+00 2.5289E+01 3.9052E+009030 3102
 2.5420E+01 3.3145E+00 2.5550E+01 2.8538E+00 2.5680E+01 2.4877E+009030 3102
 2.5810E+01 2.1920E+00 2.5940E+01 1.9500E+00 2.6200E+01 1.5814E+009030 3102
 2.6460E+01 1.3186E+00 2.6720E+01 1.1256E+00 2.6981E+01 9.8071E-019030 3102
 2.7241E+01 8.7025E-01 2.7501E+01 7.8544E-01 2.7761E+01 7.2041E-019030 3102
 2.8021E+01 6.7130E-01 2.8542E+01 6.1180E-01 2.9062E+01 5.9853E-019030 3102
 2.9322E+01 6.1067E-01 2.9582E+01 6.3849E-01 2.9842E+01 6.8691E-019030 3102
 3.0103E+01 7.6456E-01 3.0363E+01 8.8706E-01 3.0493E+01 9.7353E-019030 3102
 3.0623E+01 1.0842E+00 3.0753E+01 1.2281E+00 3.0883E+01 1.4185E+009030 3102
 3.1013E+01 1.6766E+00 3.1143E+01 2.0376E+00 3.1208E+01 2.2742E+009030 3102
 3.1273E+01 2.5628E+00 3.1338E+01 2.9194E+00 3.1403E+01 3.3670E+009030 3102
 3.1468E+01 3.9395E+00 3.1533E+01 4.6877E+00 3.1598E+01 5.6913E+009030 3102
 3.1664E+01 7.0811E+00 3.1696E+01 7.9861E+00 3.1729E+01 9.0842E+009030 3102
 3.1761E+01 1.0434E+01 3.1794E+01 1.2121E+01 3.1826E+01 1.4265E+019030 3102
 3.1859E+01 1.7048E+01 3.1891E+01 2.0752E+01 3.1924E+01 2.5832E+019030 3102
 3.1940E+01 2.9112E+01 3.1956E+01 3.3065E+01 3.1972E+01 3.7889E+019030 3102
 3.1989E+01 4.3860E+01 3.2005E+01 5.1373E+01 3.2013E+01 5.5877E+019030 3102
 3.2017E+01 5.8358E+01 3.2021E+01 6.1005E+01 3.2025E+01 6.3838E+019030 3102
 3.2029E+01 6.6871E+01 3.2031E+01 6.8477E+01 3.2033E+01 7.0132E+019030 3102
 3.2035E+01 7.1848E+01 3.2038E+01 7.3628E+01 3.2040E+01 7.5486E+019030 3102
 3.2042E+01 7.7404E+01 3.2044E+01 7.9395E+01 3.2046E+01 8.1465E+019030 3102
 3.2048E+01 8.3629E+01 3.2050E+01 8.5868E+01 3.2052E+01 8.8197E+019030 3102
 3.2054E+01 9.0623E+01 3.2056E+01 9.3155E+01 3.2058E+01 9.5789E+019030 3102
 3.2060E+01 9.8553E+01 3.2062E+01 1.0142E+02 3.2066E+01 1.0756E+029030 3102
 3.2070E+01 1.1426E+02 3.2074E+01 1.2162E+02 3.2078E+01 1.2969E+029030 3102
 3.2082E+01 1.3862E+02 3.2086E+01 1.4847E+02 3.2090E+01 1.5941E+029030 3102
 3.2094E+01 1.7162E+02 3.2098E+01 1.8528E+02 3.2103E+01 2.0058E+029030 3102
 3.2107E+01 2.1789E+02 3.2111E+01 2.3747E+02 3.2115E+01 2.5984E+029030 3102
 3.2119E+01 2.8542E+02 3.2123E+01 3.1499E+02 3.2127E+01 3.4927E+029030 3102
 3.2131E+01 3.8941E+02 3.2135E+01 4.3668E+02 3.2139E+01 4.9301E+029030 3102
 3.2143E+01 5.6046E+02 3.2147E+01 6.4254E+02 3.2151E+01 7.4301E+029030 3102
 3.2155E+01 8.6828E+02 3.2159E+01 1.0257E+03 3.2164E+01 1.2273E+039030 3102
 3.2168E+01 1.4896E+03 3.2170E+01 1.6505E+03 3.2172E+01 1.8356E+039030 3102
 3.2174E+01 2.0491E+03 3.2176E+01 2.2964E+03 3.2178E+01 2.5849E+039030 3102
 3.2180E+01 2.9175E+03 3.2182E+01 3.3018E+03 3.2184E+01 3.7426E+039030 3102
 3.2188E+01 4.7908E+03 3.2192E+01 5.9887E+03 3.2196E+01 7.0434E+039030 3102
 3.2198E+01 7.3683E+03 3.2200E+01 7.4835E+03 3.2202E+01 7.3682E+039030 3102
 3.2204E+01 7.0423E+03 3.2208E+01 5.9846E+03 3.2212E+01 4.7866E+039030 3102
 3.2216E+01 3.7414E+03 3.2220E+01 2.9816E+03 3.2224E+01 2.3942E+039030 3102
 3.2227E+01 1.9456E+03 3.2231E+01 1.6026E+03 3.2235E+01 1.3363E+039030 3102
 3.2238E+01 1.1283E+03 3.2242E+01 9.6324E+02 3.2246E+01 8.3043E+029030 3102
 3.2249E+01 7.2224E+02 3.2253E+01 6.3356E+02 3.2257E+01 5.5966E+029030 3102
 3.2260E+01 4.9788E+02 3.2268E+01 4.0095E+02 3.2275E+01 3.2937E+029030 3102
 3.2283E+01 2.7523E+02 3.2290E+01 2.3326E+02 3.2297E+01 2.0014E+029030 3102
 3.2305E+01 1.7355E+02 3.2312E+01 1.5190E+02 3.2320E+01 1.3404E+029030 3102
 3.2334E+01 1.0661E+02 3.2349E+01 8.6786E+01 3.2364E+01 7.2007E+019030 3102
 3.2379E+01 6.0711E+01 3.2393E+01 5.1875E+01 3.2408E+01 4.4836E+019030 3102
 3.2423E+01 3.9145E+01 3.2438E+01 3.4473E+01 3.2453E+01 3.0595E+019030 3102
 3.2482E+01 2.4576E+01 3.2512E+01 2.0182E+01 3.2541E+01 1.6877E+019030 3102
 3.2571E+01 1.4329E+01 3.2600E+01 1.2324E+01 3.2630E+01 1.0717E+019030 3102
 3.2659E+01 9.4098E+00 3.2689E+01 8.3324E+00 3.2748E+01 6.6767E+009030 3102
 3.2807E+01 5.4806E+00 3.2866E+01 4.5887E+00 3.2925E+01 3.9061E+009030 3102
 3.2984E+01 3.3721E+00 3.3044E+01 2.9467E+00 3.3103E+01 2.6024E+009030 3102
 3.3162E+01 2.3198E+00 3.3280E+01 1.8881E+00 3.3398E+01 1.5787E+009030 3102
 3.3516E+01 1.3497E+00 3.3635E+01 1.1758E+00 3.3753E+01 1.0411E+009030 3102
 3.3871E+01 9.3482E-01 3.4107E+01 7.8133E-01 3.4344E+01 6.7971E-019030 3102
 3.4580E+01 6.1121E-01 3.4817E+01 5.6534E-01 3.5053E+01 5.3594E-019030 3102
 3.5289E+01 5.1937E-01 3.5526E+01 5.1354E-01 3.5999E+01 5.3075E-019030 3102
 3.6235E+01 5.5408E-01 3.6472E+01 5.8867E-01 3.6708E+01 6.3675E-019030 3102
 3.6944E+01 7.0183E-01 3.7181E+01 7.8937E-01 3.7417E+01 9.0784E-019030 3102
 3.7654E+01 1.0708E+00 3.7890E+01 1.3008E+00 3.8008E+01 1.4523E+009030 3102
 3.8126E+01 1.6376E+00 3.8245E+01 1.8672E+00 3.8363E+01 2.1561E+009030 3102
 3.8481E+01 2.5265E+00 3.8599E+01 3.0117E+00 3.8717E+01 3.6645E+009030 3102
 3.8836E+01 4.5716E+00 3.8895E+01 5.1639E+00 3.8954E+01 5.8843E+009030 3102
 3.9013E+01 6.7726E+00 3.9072E+01 7.8855E+00 3.9131E+01 9.3056E+009030 3102
 3.9190E+01 1.1158E+01 3.9249E+01 1.3635E+01 3.9308E+01 1.7057E+019030 3102
 3.9338E+01 1.9279E+01 3.9353E+01 2.0559E+01 3.9368E+01 2.1971E+019030 3102
 3.9375E+01 2.2732E+01 3.9382E+01 2.3534E+01 3.9390E+01 2.4380E+019030 3102
 3.9397E+01 2.5273E+01 3.9404E+01 2.6217E+01 3.9412E+01 2.7214E+019030 3102
 3.9419E+01 2.8270E+01 3.9427E+01 2.9387E+01 3.9434E+01 3.0574E+019030 3102
 3.9441E+01 3.1835E+01 3.9449E+01 3.3174E+01 3.9453E+01 3.3878E+019030 3102
 3.9456E+01 3.4602E+01 3.9460E+01 3.5349E+01 3.9464E+01 3.6122E+019030 3102
 3.9467E+01 3.6923E+01 3.9471E+01 3.7748E+01 3.9478E+01 3.9486E+019030 3102
 3.9486E+01 4.1347E+01 3.9493E+01 4.3345E+01 3.9501E+01 4.5491E+019030 3102
 3.9508E+01 4.7800E+01 3.9515E+01 5.0288E+01 3.9523E+01 5.2978E+019030 3102
 3.9530E+01 5.5891E+01 3.9537E+01 5.9049E+01 3.9545E+01 6.2485E+019030 3102
 3.9552E+01 6.6232E+01 3.9560E+01 7.0328E+01 3.9567E+01 7.4815E+019030 3102
 3.9574E+01 7.9739E+01 3.9582E+01 8.5173E+01 3.9589E+01 9.1182E+019030 3102
 3.9597E+01 9.7850E+01 3.9604E+01 1.0527E+02 3.9611E+01 1.1357E+029030 3102
 3.9619E+01 1.2289E+02 3.9626E+01 1.3340E+02 3.9633E+01 1.4533E+029030 3102
 3.9641E+01 1.5892E+02 3.9648E+01 1.7452E+02 3.9656E+01 1.9251E+029030 3102
 3.9663E+01 2.1340E+02 3.9670E+01 2.3788E+02 3.9678E+01 2.6680E+029030 3102
 3.9685E+01 3.0125E+02 3.9693E+01 3.4281E+02 3.9700E+01 3.9349E+029030 3102
 3.9707E+01 4.5608E+02 3.9715E+01 5.3469E+02 3.9722E+01 6.3509E+029030 3102
 3.9730E+01 7.6599E+02 3.9733E+01 8.4673E+02 3.9737E+01 9.4044E+029030 3102
 3.9741E+01 1.0503E+03 3.9744E+01 1.1794E+03 3.9748E+01 1.3326E+039030 3102
 3.9752E+01 1.5164E+03 3.9755E+01 1.7390E+03 3.9759E+01 2.0097E+039030 3102
 3.9763E+01 2.3442E+03 3.9766E+01 2.7587E+03 3.9770E+01 3.2778E+039030 3102
 3.9774E+01 3.9323E+03 3.9778E+01 4.7587E+03 3.9781E+01 5.7868E+039030 3102
 3.9786E+01 7.4068E+03 3.9791E+01 9.2596E+03 3.9795E+01 1.0890E+049030 3102
 3.9798E+01 1.1393E+04 3.9800E+01 1.1570E+04 3.9802E+01 1.1390E+049030 3102
 3.9805E+01 1.0887E+04 3.9809E+01 9.2521E+03 3.9814E+01 7.4035E+039030 3102
 3.9819E+01 5.7834E+03 3.9823E+01 4.6707E+03 3.9827E+01 3.7966E+039030 3102
 3.9831E+01 3.1197E+03 3.9835E+01 2.5924E+03 3.9839E+01 2.1782E+039030 3102
 3.9843E+01 1.8510E+03 3.9847E+01 1.5887E+03 3.9851E+01 1.3758E+039030 3102
 3.9855E+01 1.2015E+03 3.9859E+01 1.0577E+03 3.9863E+01 9.3744E+029030 3102
 3.9867E+01 8.3594E+02 3.9875E+01 6.7614E+02 3.9883E+01 5.5743E+029030 3102
 3.9891E+01 4.6711E+02 3.9899E+01 3.9684E+02 3.9908E+01 3.4119E+029030 3102
 3.9916E+01 2.9642E+02 3.9924E+01 2.5982E+02 3.9932E+01 2.2957E+029030 3102
 3.9948E+01 1.8294E+02 3.9964E+01 1.4914E+02 3.9980E+01 1.2388E+029030 3102
 3.9996E+01 1.0452E+02 4.0012E+01 8.9374E+01 4.0029E+01 7.7281E+019030 3102
 4.0045E+01 6.7490E+01 4.0061E+01 5.9445E+01 4.0077E+01 5.2754E+019030 3102
 4.0109E+01 4.2365E+01 4.0141E+01 3.4771E+01 4.0174E+01 2.9052E+019030 3102
 4.0206E+01 2.4640E+01 4.0238E+01 2.1163E+01 4.0271E+01 1.8376E+019030 3102
 4.0303E+01 1.6108E+01 4.0335E+01 1.4238E+01 4.0400E+01 1.1362E+019030 3102
 4.0464E+01 9.2825E+00 4.0529E+01 7.7313E+00 4.0593E+01 6.5434E+009030 3102
 4.0658E+01 5.6137E+00 4.0722E+01 4.8728E+00 4.0787E+01 4.2727E+009030 3102
 4.0851E+01 3.7801E+00 4.0981E+01 3.0270E+00 4.1110E+01 2.4864E+009030 3102
 4.1239E+01 2.0857E+00 4.1368E+01 1.7808E+00 4.1497E+01 1.5437E+009030 3102
 4.1626E+01 1.3560E+00 4.1755E+01 1.2051E+00 4.1884E+01 1.0824E+009030 3102
 4.2142E+01 8.9769E-01 4.2401E+01 7.6899E-01 4.2659E+01 6.7769E-019030 3102
 4.2917E+01 6.1273E-01 4.3175E+01 5.6730E-01 4.3433E+01 5.3719E-019030 3102
 4.3691E+01 5.1983E-01 4.3950E+01 5.1385E-01 4.4208E+01 5.1881E-019030 3102
 4.4466E+01 5.3513E-01 4.4724E+01 5.6417E-01 4.4982E+01 6.0843E-019030 3102
 4.5241E+01 6.7209E-01 4.5499E+01 7.6187E-01 4.5757E+01 8.8867E-019030 3102
 4.6015E+01 1.0708E+00 4.6144E+01 1.1919E+00 4.6273E+01 1.3407E+009030 3102
 4.6402E+01 1.5257E+00 4.6531E+01 1.7594E+00 4.6661E+01 2.0597E+009030 3102
 4.6790E+01 2.4541E+00 4.6919E+01 2.9856E+00 4.7048E+01 3.7253E+009030 3102
 4.7112E+01 4.2088E+00 4.7177E+01 4.7973E+00 4.7241E+01 5.5234E+009030 3102
 4.7306E+01 6.4337E+00 4.7371E+01 7.5959E+00 4.7435E+01 9.1124E+009030 3102
 4.7500E+01 1.1143E+01 4.7564E+01 1.3949E+01 4.7596E+01 1.5773E+019030 3102
 4.7629E+01 1.7982E+01 4.7645E+01 1.9267E+01 4.7661E+01 2.0694E+019030 3102
 4.7669E+01 2.1470E+01 4.7677E+01 2.2288E+01 4.7685E+01 2.3156E+019030 3102
 4.7693E+01 2.4076E+01 4.7701E+01 2.5051E+01 4.7709E+01 2.6088E+019030 3102
 4.7717E+01 2.7191E+01 4.7726E+01 2.8366E+01 4.7734E+01 2.9618E+019030 3102
 4.7742E+01 3.0957E+01 4.7746E+01 3.1661E+01 4.7750E+01 3.2387E+019030 3102
 4.7754E+01 3.3140E+01 4.7758E+01 3.3918E+01 4.7762E+01 3.4727E+019030 3102
 4.7766E+01 3.5563E+01 4.7774E+01 3.7331E+01 4.7782E+01 3.9232E+019030 3102
 4.7790E+01 4.1284E+01 4.7798E+01 4.3503E+01 4.7806E+01 4.5903E+019030 3102
 4.7814E+01 4.8510E+01 4.7822E+01 5.1347E+01 4.7830E+01 5.4439E+019030 3102
 4.7838E+01 5.7822E+01 4.7847E+01 6.1528E+01 4.7855E+01 6.5605E+019030 3102
 4.7863E+01 7.0098E+01 4.7871E+01 7.5072E+01 4.7879E+01 8.0587E+019030 3102
 4.7887E+01 8.6738E+01 4.7895E+01 9.3623E+01 4.7903E+01 1.0136E+029030 3102
 4.7911E+01 1.1009E+02 4.7919E+01 1.1999E+02 4.7927E+01 1.3130E+029030 3102
 4.7935E+01 1.4428E+02 4.7943E+01 1.5927E+02 4.7951E+01 1.7669E+029030 3102
 4.7959E+01 1.9715E+02 4.7968E+01 2.2135E+02 4.7976E+01 2.5022E+029030 3102
 4.7984E+01 2.8512E+02 4.7992E+01 3.2781E+02 4.8000E+01 3.8063E+029030 3102
 4.8008E+01 4.4720E+02 4.8016E+01 5.3257E+02 4.8024E+01 6.4426E+029030 3102
 4.8028E+01 7.1338E+02 4.8032E+01 7.9409E+02 4.8036E+01 8.8856E+029030 3102
 4.8040E+01 1.0004E+03 4.8044E+01 1.1341E+03 4.8048E+01 1.2946E+039030 3102
 4.8052E+01 1.4903E+03 4.8056E+01 1.7302E+03 4.8060E+01 2.0284E+039030 3102
 4.8064E+01 2.4012E+03 4.8068E+01 2.8742E+03 4.8072E+01 3.4755E+039030 3102
 4.8076E+01 4.2412E+03 4.8081E+01 5.2086E+03 4.8085E+01 6.6679E+039030 3102
 4.8090E+01 8.3313E+03 4.8095E+01 9.8001E+03 4.8098E+01 1.0253E+049030 3102
 4.8100E+01 1.0413E+04 4.8102E+01 1.0252E+04 4.8105E+01 9.8004E+039030 3102
 4.8110E+01 8.3289E+03 4.8115E+01 6.6640E+03 4.8120E+01 5.2049E+039030 3102
 4.8123E+01 4.2444E+03 4.8127E+01 3.4841E+03 4.8131E+01 2.8851E+039030 3102
 4.8135E+01 2.4135E+03 4.8139E+01 2.0411E+03 4.8143E+01 1.7429E+039030 3102
 4.8147E+01 1.5021E+03 4.8151E+01 1.3063E+03 4.8155E+01 1.1450E+039030 3102
 4.8159E+01 1.0106E+03 4.8167E+01 8.0264E+02 4.8175E+01 6.5165E+029030 3102
 4.8183E+01 5.3897E+02 4.8191E+01 4.5268E+02 4.8199E+01 3.8540E+029030 3102
 4.8207E+01 3.3196E+02 4.8215E+01 2.8879E+02 4.8223E+01 2.5348E+029030 3102
 4.8231E+01 2.2422E+02 4.8247E+01 1.7901E+02 4.8263E+01 1.4614E+029030 3102
 4.8279E+01 1.2154E+02 4.8295E+01 1.0265E+02 4.8311E+01 8.7834E+019030 3102
 4.8327E+01 7.5998E+01 4.8343E+01 6.6401E+01 4.8359E+01 5.8509E+019030 3102
 4.8375E+01 5.1946E+01 4.8407E+01 4.1741E+01 4.8439E+01 3.4273E+019030 3102
 4.8471E+01 2.8643E+01 4.8503E+01 2.4296E+01 4.8535E+01 2.0868E+019030 3102
 4.8567E+01 1.8119E+01 4.8599E+01 1.5880E+01 4.8631E+01 1.4033E+019030 3102
 4.8695E+01 1.1191E+01 4.8759E+01 9.1350E+00 4.8823E+01 7.5998E+009030 3102
 4.8887E+01 6.4233E+00 4.8951E+01 5.5019E+00 4.9015E+01 4.7670E+009030 3102
 4.9078E+01 4.1713E+00 4.9142E+01 3.6818E+00 4.9270E+01 2.9326E+009030 3102
 4.9398E+01 2.3935E+00 4.9526E+01 1.9929E+00 4.9654E+01 1.6869E+009030 3102
 4.9782E+01 1.4480E+00 4.9910E+01 1.2578E+00 5.0037E+01 1.1040E+009030 3102
 5.0165E+01 9.7779E-01 5.0421E+01 7.8487E-01 5.0677E+01 6.4630E-019030 3102
 5.0932E+01 5.4336E-01 5.1188E+01 4.6477E-01 5.1444E+01 4.0339E-019030 3102
 5.1700E+01 3.5452E-01 5.1955E+01 3.1497E-01 5.2211E+01 2.8250E-019030 3102
 5.2722E+01 2.3286E-01 5.3234E+01 1.9723E-01 5.3745E+01 1.7086E-019030 3102
 5.4257E+01 1.5087E-01 5.4768E+01 1.3546E-01 5.5280E+01 1.2347E-019030 3102
 5.6303E+01 1.0686E-01 5.7325E+01 9.7417E-02 5.8348E+01 9.3826E-029030 3102
 5.9371E+01 9.6620E-02 5.9883E+01 1.0129E-01 6.0394E+01 1.0925E-019030 3102
 6.0906E+01 1.2219E-01 6.1161E+01 1.3145E-01 6.1417E+01 1.4338E-019030 3102
 6.1673E+01 1.5897E-01 6.1928E+01 1.7969E-01 6.2184E+01 2.0789E-019030 3102
 6.2440E+01 2.4747E-01 6.2568E+01 2.7349E-01 6.2696E+01 3.0528E-019030 3102
 6.2823E+01 3.4465E-01 6.2951E+01 3.9421E-01 6.3079E+01 4.5777E-019030 3102
 6.3207E+01 5.4113E-01 6.3335E+01 6.5342E-01 6.3463E+01 8.0971E-019030 3102
 6.3527E+01 9.1194E-01 6.3591E+01 1.0364E+00 6.3655E+01 1.1902E+009030 3102
 6.3718E+01 1.3832E+00 6.3782E+01 1.6299E+00 6.3846E+01 1.9524E+009030 3102
 6.3910E+01 2.3852E+00 6.3974E+01 2.9850E+00 6.4006E+01 3.3757E+009030 3102
 6.4038E+01 3.8503E+00 6.4070E+01 4.4344E+00 6.4102E+01 5.1645E+009030 3102
 6.4134E+01 6.0936E+00 6.4166E+01 7.3010E+00 6.4198E+01 8.9108E+009030 3102
 6.4230E+01 1.1122E+01 6.4246E+01 1.2553E+01 6.4262E+01 1.4278E+019030 3102
 6.4278E+01 1.6390E+01 6.4294E+01 1.9006E+01 6.4310E+01 2.2303E+019030 3102
 6.4326E+01 2.6545E+01 6.4342E+01 3.2119E+01 6.4358E+01 3.9647E+019030 3102
 6.4366E+01 4.4447E+01 6.4370E+01 4.7180E+01 6.4374E+01 5.0172E+019030 3102
 6.4378E+01 5.3458E+01 6.4382E+01 5.7068E+01 6.4384E+01 5.9023E+019030 3102
 6.4386E+01 6.1072E+01 6.4388E+01 6.3229E+01 6.4390E+01 6.5492E+019030 3102
 6.4392E+01 6.7888E+01 6.4394E+01 7.0418E+01 6.4396E+01 7.3090E+019030 3102
 6.4398E+01 7.5917E+01 6.4400E+01 7.8911E+01 6.4402E+01 8.2083E+019030 3102
 6.4404E+01 8.5463E+01 6.4406E+01 8.9012E+01 6.4408E+01 9.2831E+019030 3102
 6.4410E+01 9.6850E+01 6.4412E+01 1.0119E+02 6.4414E+01 1.0576E+029030 3102
 6.4416E+01 1.1071E+02 6.4418E+01 1.1595E+02 6.4420E+01 1.2163E+029030 3102
 6.4422E+01 1.2771E+02 6.4424E+01 1.3426E+02 6.4426E+01 1.4131E+029030 3102
 6.4430E+01 1.5717E+02 6.4434E+01 1.7586E+02 6.4438E+01 1.9793E+029030 3102
 6.4442E+01 2.2439E+02 6.4446E+01 2.5633E+02 6.4450E+01 2.9549E+029030 3102
 6.4452E+01 3.1842E+02 6.4454E+01 3.4393E+02 6.4456E+01 3.7287E+029030 3102
 6.4458E+01 4.0521E+02 6.4460E+01 4.4176E+02 6.4462E+01 4.8307E+029030 3102
 6.4464E+01 5.3033E+02 6.4466E+01 5.8422E+02 6.4468E+01 6.4644E+029030 3102
 6.4470E+01 7.1806E+02 6.4472E+01 8.0153E+02 6.4474E+01 8.9890E+029030 3102
 6.4476E+01 1.0130E+03 6.4478E+01 1.1465E+03 6.4480E+01 1.3043E+039030 3102
 6.4482E+01 1.4902E+03 6.4484E+01 1.7086E+03 6.4486E+01 1.9621E+039030 3102
 6.4487E+01 2.2236E+03 6.4489E+01 2.5124E+03 6.4493E+01 3.1400E+039030 3102
 6.4496E+01 3.6925E+03 6.4498E+01 3.8637E+03 6.4500E+01 3.9240E+039030 3102
 6.4502E+01 3.8631E+03 6.4504E+01 3.6923E+03 6.4507E+01 3.1382E+039030 3102
 6.4511E+01 2.5094E+03 6.4514E+01 1.9616E+03 6.4517E+01 1.6258E+039030 3102
 6.4520E+01 1.3547E+03 6.4522E+01 1.1367E+03 6.4525E+01 9.6245E+029030 3102
 6.4528E+01 8.2178E+02 6.4531E+01 7.0806E+02 6.4533E+01 6.1508E+029030 3102
 6.4536E+01 5.3840E+02 6.4539E+01 4.7445E+02 6.4541E+01 4.2098E+029030 3102
 6.4547E+01 3.3726E+02 6.4552E+01 2.7564E+02 6.4558E+01 2.2925E+029030 3102
 6.4563E+01 1.9343E+02 6.4568E+01 1.6530E+02 6.4574E+01 1.4281E+029030 3102
 6.4579E+01 1.2460E+02 6.4585E+01 1.0962E+02 6.4590E+01 9.7178E+019030 3102
 6.4601E+01 7.7856E+01 6.4612E+01 6.3756E+01 6.4622E+01 5.3147E+019030 3102
 6.4633E+01 4.4963E+01 6.4644E+01 3.8542E+01 6.4655E+01 3.3399E+019030 3102
 6.4666E+01 2.9213E+01 6.4677E+01 2.5774E+01 6.4687E+01 2.2906E+019030 3102
 6.4709E+01 1.8438E+01 6.4731E+01 1.5162E+01 6.4752E+01 1.2688E+019030 3102
 6.4774E+01 1.0775E+01 6.4795E+01 9.2649E+00 6.4817E+01 8.0526E+009030 3102
 6.4839E+01 7.0647E+00 6.4860E+01 6.2484E+00 6.4904E+01 4.9915E+009030 3102
 6.4947E+01 4.0813E+00 6.4990E+01 3.4011E+00 6.5033E+01 2.8795E+009030 3102
 6.5077E+01 2.4709E+00 6.5120E+01 2.1447E+00 6.5163E+01 1.8802E+009030 3102
 6.5206E+01 1.6629E+00 6.5293E+01 1.3300E+00 6.5379E+01 1.0905E+009030 3102
 6.5466E+01 9.1256E-01 6.5552E+01 7.7669E-01 6.5639E+01 6.7064E-019030 3102
 6.5725E+01 5.8631E-01 6.5812E+01 5.1815E-01 6.5898E+01 4.6228E-019030 3102
 6.6071E+01 3.7708E-01 6.6244E+01 3.1609E-01 6.6417E+01 2.7100E-019030 3102
 6.6590E+01 2.3677E-01 6.6763E+01 2.1022E-01 6.6936E+01 1.8926E-019030 3102
 6.7282E+01 1.5885E-01 6.7628E+01 1.3849E-01 6.7974E+01 1.2446E-019030 3102
 6.8320E+01 1.1466E-01 6.8666E+01 1.0786E-01 6.9358E+01 1.0043E-019030 3102
 7.0050E+01 9.8911E-02 7.0742E+01 1.0231E-01 7.1434E+01 1.1115E-019030 3102
 7.1780E+01 1.1825E-01 7.2126E+01 1.2785E-01 7.2472E+01 1.4091E-019030 3102
 7.2818E+01 1.5901E-01 7.3164E+01 1.8498E-01 7.3337E+01 2.0242E-019030 3102
 7.3510E+01 2.2415E-01 7.3683E+01 2.5175E-01 7.3856E+01 2.8760E-019030 3102
 7.4029E+01 3.3547E-01 7.4202E+01 4.0161E-01 7.4288E+01 4.4465E-019030 3102
 7.4375E+01 4.9693E-01 7.4461E+01 5.6134E-01 7.4548E+01 6.4202E-019030 3102
 7.4634E+01 7.4502E-01 7.4721E+01 8.7954E-01 7.4807E+01 1.0600E+009030 3102
 7.4894E+01 1.3103E+00 7.4937E+01 1.4735E+00 7.4980E+01 1.6718E+009030 3102
 7.5024E+01 1.9163E+00 7.5067E+01 2.2223E+00 7.5110E+01 2.6126E+009030 3102
 7.5153E+01 3.1213E+00 7.5197E+01 3.8016E+00 7.5240E+01 4.7405E+009030 3102
 7.5262E+01 5.3502E+00 7.5283E+01 6.0880E+00 7.5305E+01 6.9940E+009030 3102
 7.5326E+01 8.1212E+00 7.5348E+01 9.5503E+00 7.5370E+01 1.1398E+019030 3102
 7.5391E+01 1.3844E+01 7.5413E+01 1.7181E+01 7.5424E+01 1.9325E+019030 3102
 7.5434E+01 2.1897E+01 7.5445E+01 2.5021E+01 7.5456E+01 2.8866E+019030 3102
 7.5467E+01 3.3676E+01 7.5478E+01 3.9791E+01 7.5483E+01 4.3494E+019030 3102
 7.5489E+01 4.7732E+01 7.5491E+01 5.0093E+01 7.5494E+01 5.2626E+019030 3102
 7.5497E+01 5.5355E+01 7.5499E+01 5.8292E+01 7.5502E+01 6.1497E+019030 3102
 7.5505E+01 6.4951E+01 7.5507E+01 6.8692E+01 7.5510E+01 7.2776E+019030 3102
 7.5513E+01 7.7259E+01 7.5516E+01 8.2122E+01 7.5517E+01 8.4734E+019030 3102
 7.5518E+01 8.7471E+01 7.5521E+01 9.3355E+01 7.5524E+01 9.9866E+019030 3102
 7.5526E+01 1.0705E+02 7.5529E+01 1.1504E+02 7.5532E+01 1.2393E+029030 3102
 7.5535E+01 1.3392E+02 7.5537E+01 1.4511E+02 7.5540E+01 1.5773E+029030 3102
 7.5543E+01 1.7204E+02 7.5545E+01 1.8840E+02 7.5548E+01 2.0708E+029030 3102
 7.5551E+01 2.2861E+02 7.5553E+01 2.5357E+02 7.5556E+01 2.8279E+029030 3102
 7.5559E+01 3.1704E+02 7.5562E+01 3.5761E+02 7.5564E+01 4.0605E+029030 3102
 7.5567E+01 4.6456E+02 7.5570E+01 5.3547E+02 7.5572E+01 6.2237E+029030 3102
 7.5575E+01 7.2979E+02 7.5578E+01 8.6397E+02 7.5580E+01 1.0314E+039030 3102
 7.5583E+01 1.2408E+03 7.5586E+01 1.5002E+03 7.5588E+01 1.6995E+039030 3102
 7.5589E+01 1.9205E+03 7.5593E+01 2.4007E+03 7.5596E+01 2.8238E+039030 3102
 7.5598E+01 2.9535E+03 7.5600E+01 2.9989E+03 7.5602E+01 2.9527E+039030 3102
 7.5604E+01 2.8222E+03 7.5607E+01 2.3983E+03 7.5611E+01 1.9182E+039030 3102
 7.5614E+01 1.4991E+03 7.5618E+01 1.1534E+03 7.5622E+01 8.9787E+029030 3102
 7.5625E+01 7.1096E+02 7.5629E+01 5.7278E+02 7.5633E+01 4.6910E+029030 3102
 7.5637E+01 3.9000E+02 7.5640E+01 3.2851E+02 7.5644E+01 2.8015E+029030 3102
 7.5648E+01 2.4139E+02 7.5652E+01 2.0997E+02 7.5655E+01 1.8424E+029030 3102
 7.5659E+01 1.6293E+02 7.5667E+01 1.2985E+02 7.5674E+01 1.0583E+029030 3102
 7.5681E+01 8.7840E+01 7.5689E+01 7.4047E+01 7.5696E+01 6.3249E+019030 3102
 7.5704E+01 5.4649E+01 7.5711E+01 4.7685E+01 7.5719E+01 4.1969E+019030 3102
 7.5726E+01 3.7217E+01 7.5734E+01 3.3227E+01 7.5749E+01 2.6953E+019030 3102
 7.5764E+01 2.2309E+01 7.5779E+01 1.8770E+01 7.5794E+01 1.6014E+019030 3102
 7.5809E+01 1.3825E+01 7.5824E+01 1.2059E+01 7.5839E+01 1.0613E+019030 3102
 7.5854E+01 9.4140E+00 7.5883E+01 7.5592E+00 7.5913E+01 6.2084E+009030 3102
 7.5943E+01 5.1950E+00 7.5973E+01 4.4151E+00 7.6003E+01 3.8025E+009030 3102
 7.6033E+01 3.3121E+00 7.6063E+01 2.9138E+00 7.6093E+01 2.5860E+009030 3102
 7.6153E+01 2.0831E+00 7.6213E+01 1.7208E+00 7.6272E+01 1.4512E+009030 3102
 7.6332E+01 1.2455E+00 7.6392E+01 1.0850E+00 7.6452E+01 9.5751E-019030 3102
 7.6512E+01 8.5473E-01 7.6572E+01 7.7074E-01 7.6691E+01 6.4340E-019030 3102
 7.6811E+01 5.5331E-01 7.6931E+01 4.8777E-01 7.7051E+01 4.3913E-019030 3102
 7.7170E+01 4.0252E-01 7.7290E+01 3.7477E-01 7.7529E+01 3.3786E-019030 3102
 7.7769E+01 3.1775E-01 7.8008E+01 3.0901E-01 7.8248E+01 3.0871E-019030 3102
 7.8487E+01 3.1533E-01 7.8966E+01 3.4725E-01 7.9444E+01 4.0590E-019030 3102
 7.9684E+01 4.4779E-01 7.9923E+01 5.0065E-01 8.0163E+01 5.6754E-019030 3102
 8.0402E+01 6.5296E-01 8.0641E+01 7.6359E-01 8.0881E+01 9.0965E-019030 3102
 8.1120E+01 1.1073E+00 8.1360E+01 1.3833E+00 8.1479E+01 1.5640E+009030 3102
 8.1599E+01 1.7844E+00 8.1719E+01 2.0567E+00 8.1838E+01 2.3988E+009030 3102
 8.1958E+01 2.8364E+00 8.2078E+01 3.4088E+00 8.2198E+01 4.1774E+009030 3102
 8.2317E+01 5.2431E+00 8.2377E+01 5.9379E+00 8.2407E+01 6.3388E+009030 3102
 8.2437E+01 6.7817E+00 8.2452E+01 7.0211E+00 8.2467E+01 7.2734E+009030 3102
 8.2482E+01 7.5396E+00 8.2497E+01 7.8208E+00 8.2512E+01 8.1183E+009030 3102
 8.2527E+01 8.4330E+00 8.2534E+01 8.5973E+00 8.2542E+01 8.7664E+009030 3102
 8.2549E+01 8.9407E+00 8.2557E+01 9.1202E+00 8.2572E+01 9.4962E+009030 3102
 8.2587E+01 9.8958E+00 8.2602E+01 1.0321E+01 8.2616E+01 1.0775E+019030 3102
 8.2631E+01 1.1260E+01 8.2646E+01 1.1778E+01 8.2661E+01 1.2332E+019030 3102
 8.2676E+01 1.2927E+01 8.2691E+01 1.3567E+01 8.2706E+01 1.4255E+019030 3102
 8.2721E+01 1.4997E+01 8.2736E+01 1.5798E+01 8.2751E+01 1.6666E+019030 3102
 8.2766E+01 1.7608E+01 8.2781E+01 1.8632E+01 8.2796E+01 1.9748E+019030 3102
 8.2811E+01 2.0968E+01 8.2826E+01 2.2305E+01 8.2841E+01 2.3774E+019030 3102
 8.2856E+01 2.5393E+01 8.2871E+01 2.7185E+01 8.2886E+01 2.9171E+019030 3102
 8.2901E+01 3.1384E+01 8.2916E+01 3.3857E+01 8.2931E+01 3.6638E+019030 3102
 8.2946E+01 3.9775E+01 8.2961E+01 4.3333E+01 8.2976E+01 4.7390E+019030 3102
 8.2991E+01 5.2046E+01 8.3006E+01 5.7421E+01 8.3020E+01 6.3668E+019030 3102
 8.3035E+01 7.0995E+01 8.3050E+01 7.9666E+01 8.3065E+01 9.0016E+019030 3102
 8.3080E+01 1.0252E+02 8.3095E+01 1.1780E+02 8.3110E+01 1.3676E+029030 3102
 8.3125E+01 1.6066E+02 8.3140E+01 1.9135E+02 8.3155E+01 2.3166E+029030 3102
 8.3163E+01 2.5673E+02 8.3170E+01 2.8604E+02 8.3178E+01 3.2060E+029030 3102
 8.3185E+01 3.6166E+02 8.3193E+01 4.1099E+02 8.3200E+01 4.7092E+029030 3102
 8.3207E+01 5.4468E+02 8.3215E+01 6.3656E+02 8.3222E+01 7.5301E+029030 3102
 8.3230E+01 9.0283E+02 8.3237E+01 1.0994E+03 8.3245E+01 1.3631E+039030 3102
 8.3249E+01 1.5291E+03 8.3252E+01 1.7244E+03 8.3256E+01 1.9547E+039030 3102
 8.3260E+01 2.2273E+03 8.3264E+01 2.5530E+03 8.3267E+01 2.9402E+039030 3102
 8.3271E+01 3.3991E+03 8.3275E+01 3.9418E+03 8.3281E+01 5.0472E+039030 3102
 8.3287E+01 6.3071E+03 8.3294E+01 7.4195E+03 8.3297E+01 7.7614E+039030 3102
 8.3300E+01 7.8818E+03 8.3303E+01 7.7608E+03 8.3306E+01 7.4185E+039030 3102
 8.3313E+01 6.3039E+03 8.3319E+01 5.0424E+03 8.3325E+01 3.9401E+039030 3102
 8.3330E+01 3.2591E+03 8.3335E+01 2.7100E+03 8.3340E+01 2.2708E+039030 3102
 8.3344E+01 1.9191E+03 8.3349E+01 1.6370E+03 8.3354E+01 1.4087E+039030 3102
 8.3359E+01 1.2223E+03 8.3364E+01 1.0691E+03 8.3368E+01 9.4163E+029030 3102
 8.3373E+01 8.3484E+02 8.3383E+01 6.6794E+02 8.3392E+01 5.4538E+029030 3102
 8.3402E+01 4.5317E+02 8.3412E+01 3.8208E+02 8.3421E+01 3.2640E+029030 3102
 8.3431E+01 2.8190E+02 8.3440E+01 2.4582E+02 8.3450E+01 2.1620E+029030 3102
 8.3460E+01 1.9156E+02 8.3479E+01 1.5339E+02 8.3498E+01 1.2552E+029030 3102
 8.3517E+01 1.0459E+02 8.3536E+01 8.8463E+01 8.3556E+01 7.5789E+019030 3102
 8.3575E+01 6.5648E+01 8.3594E+01 5.7413E+01 8.3613E+01 5.0633E+019030 3102
 8.3632E+01 4.4984E+01 8.3671E+01 3.6188E+01 8.3709E+01 2.9737E+019030 3102
 8.3748E+01 2.4868E+01 8.3786E+01 2.1104E+01 8.3824E+01 1.8133E+019030 3102
 8.3863E+01 1.5748E+01 8.3901E+01 1.3805E+01 8.3940E+01 1.2200E+019030 3102
 8.4016E+01 9.7289E+00 8.4093E+01 7.9396E+00 8.4170E+01 6.6026E+009030 3102
 8.4247E+01 5.5773E+00 8.4324E+01 4.7741E+00 8.4400E+01 4.1331E+009030 3102
 8.4477E+01 3.6135E+00 8.4554E+01 3.1864E+00 8.4707E+01 2.5325E+009030 3102
 8.4861E+01 2.0620E+00 8.5015E+01 1.7122E+00 8.5168E+01 1.4452E+009030 3102
 8.5322E+01 1.2367E+00 8.5475E+01 1.0709E+00 8.5629E+01 9.3684E-019030 3102
 8.5783E+01 8.2691E-01 8.6090E+01 6.5909E-01 8.6397E+01 5.3878E-019030 3102
 8.6704E+01 4.4963E-01 8.7011E+01 3.8175E-01 8.7319E+01 3.2891E-019030 3102
 8.7626E+01 2.8698E-01 8.7933E+01 2.5318E-01 8.8240E+01 2.2554E-019030 3102
 8.8854E+01 1.8358E-01 8.9469E+01 1.5376E-01 9.0083E+01 1.3194E-019030 3102
 9.0697E+01 1.1561E-01 9.1312E+01 1.0321E-01 9.1926E+01 9.3718E-029030 3102
 9.2541E+01 8.6451E-02 9.3155E+01 8.0956E-02 9.4384E+01 7.4171E-029030 3102
 9.5612E+01 7.2168E-02 9.6841E+01 7.5230E-02 9.7455E+01 7.9291E-029030 3102
 9.8070E+01 8.5847E-02 9.8684E+01 9.6140E-02 9.9298E+01 1.1256E-019030 3102
 9.9606E+01 1.2445E-01 9.9913E+01 1.4012E-01 1.0022E+02 1.6128E-019030 3102
 1.0053E+02 1.9078E-01 1.0068E+02 2.1008E-01 1.0083E+02 2.3361E-019030 3102
 1.0099E+02 2.6269E-01 1.0114E+02 2.9919E-01 1.0130E+02 3.4595E-019030 3102
 1.0145E+02 4.0719E-01 1.0160E+02 4.8958E-01 1.0176E+02 6.0419E-019030 3102
 1.0183E+02 6.7911E-01 1.0191E+02 7.7036E-01 1.0199E+02 8.8304E-019030 3102
 1.0206E+02 1.0243E+00 1.0214E+02 1.2051E+00 1.0222E+02 1.4416E+009030 3102
 1.0229E+02 1.7591E+00 1.0237E+02 2.1995E+00 1.0241E+02 2.4865E+009030 3102
 1.0245E+02 2.8353E+00 1.0249E+02 3.2650E+00 1.0252E+02 3.8025E+009030 3102
 1.0256E+02 4.4872E+00 1.0260E+02 5.3783E+00 1.0264E+02 6.5677E+009030 3102
 1.0268E+02 8.2052E+00 1.0270E+02 9.2660E+00 1.0272E+02 1.0548E+019030 3102
 1.0274E+02 1.2117E+01 1.0275E+02 1.4066E+01 1.0277E+02 1.6528E+019030 3102
 1.0279E+02 1.9700E+01 1.0281E+02 2.3881E+01 1.0282E+02 2.6492E+019030 3102
 1.0283E+02 2.7960E+01 1.0283E+02 2.9553E+01 1.0284E+02 3.1287E+019030 3102
 1.0284E+02 3.3177E+01 1.0285E+02 3.5244E+01 1.0285E+02 3.7510E+019030 3102
 1.0286E+02 4.0005E+01 1.0286E+02 4.2753E+01 1.0286E+02 4.5792E+019030 3102
 1.0287E+02 4.7432E+01 1.0287E+02 4.9167E+01 1.0287E+02 5.0999E+019030 3102
 1.0287E+02 5.2928E+01 1.0288E+02 5.4975E+01 1.0288E+02 5.7135E+019030 3102
 1.0288E+02 5.9433E+01 1.0288E+02 6.1863E+01 1.0289E+02 6.4453E+019030 3102
 1.0289E+02 6.7208E+01 1.0289E+02 7.3262E+01 1.0290E+02 8.0167E+019030 3102
 1.0290E+02 8.8088E+01 1.0291E+02 9.7232E+01 1.0291E+02 1.0786E+029030 3102
 1.0292E+02 1.2032E+02 1.0292E+02 1.3506E+02 1.0293E+02 1.5261E+029030 3102
 1.0293E+02 1.7375E+02 1.0294E+02 1.9951E+02 1.0294E+02 2.3131E+029030 3102
 1.0295E+02 2.7114E+02 1.0295E+02 2.9494E+02 1.0295E+02 3.2182E+029030 3102
 1.0295E+02 3.5251E+02 1.0296E+02 3.8761E+02 1.0296E+02 4.2784E+029030 3102
 1.0296E+02 4.7449E+02 1.0296E+02 5.2854E+02 1.0297E+02 5.9193E+029030 3102
 1.0297E+02 6.6626E+02 1.0297E+02 7.5448E+02 1.0297E+02 8.5946E+029030 3102
 1.0297E+02 9.8456E+02 1.0298E+02 1.1351E+03 1.0298E+02 1.3155E+039030 3102
 1.0298E+02 1.5323E+03 1.0298E+02 1.7892E+03 1.0299E+02 2.2840E+039030 3102
 1.0299E+02 2.8636E+03 1.0300E+02 3.3737E+03 1.0300E+02 3.5253E+039030 3102
 1.0300E+02 3.5789E+03 1.0300E+02 3.5196E+03 1.0300E+02 3.3633E+039030 3102
 1.0301E+02 2.8633E+03 1.0301E+02 2.2837E+03 1.0302E+02 1.7889E+039030 3102
 1.0302E+02 1.4554E+03 1.0302E+02 1.1915E+03 1.0303E+02 9.8430E+029030 3102
 1.0303E+02 8.2214E+02 1.0303E+02 6.9378E+02 1.0303E+02 5.9172E+029030 3102
 1.0304E+02 5.0934E+02 1.0304E+02 4.4433E+02 1.0304E+02 3.8899E+029030 3102
 1.0305E+02 3.4426E+02 1.0305E+02 2.7292E+02 1.0306E+02 2.2120E+029030 3102
 1.0307E+02 1.8269E+02 1.0307E+02 1.5329E+02 1.0308E+02 1.3039E+029030 3102
 1.0309E+02 1.1221E+02 1.0309E+02 9.7758E+01 1.0310E+02 8.5754E+019030 3102
 1.0310E+02 7.5808E+01 1.0312E+02 6.0561E+01 1.0313E+02 4.9481E+019030 3102
 1.0314E+02 4.1117E+01 1.0316E+02 3.4703E+01 1.0317E+02 2.9713E+019030 3102
 1.0318E+02 2.5700E+01 1.0319E+02 2.2470E+01 1.0321E+02 1.9813E+019030 3102
 1.0322E+02 1.7585E+01 1.0324E+02 1.4136E+01 1.0327E+02 1.1613E+019030 3102
 1.0330E+02 9.7118E+00 1.0332E+02 8.2429E+00 1.0335E+02 7.0854E+009030 3102
 1.0337E+02 6.1570E+00 1.0340E+02 5.4008E+00 1.0342E+02 4.7793E+009030 3102
 1.0347E+02 3.8191E+00 1.0353E+02 3.1244E+00 1.0358E+02 2.6058E+009030 3102
 1.0363E+02 2.2086E+00 1.0368E+02 1.8975E+00 1.0373E+02 1.6499E+009030 3102
 1.0378E+02 1.4488E+00 1.0383E+02 1.2837E+00 1.0393E+02 1.0311E+009030 3102
 1.0404E+02 8.4970E-01 1.0414E+02 7.1497E-01 1.0424E+02 6.1229E-019030 3102
 1.0434E+02 5.3238E-01 1.0444E+02 4.6891E-01 1.0455E+02 4.1774E-019030 3102
 1.0465E+02 3.7598E-01 1.0485E+02 3.1258E-01 1.0505E+02 2.6764E-019030 3102
 1.0526E+02 2.3483E-01 1.0546E+02 2.1037E-01 1.0567E+02 1.9183E-019030 3102
 1.0587E+02 1.7762E-01 1.0628E+02 1.5829E-01 1.0669E+02 1.4710E-019030 3102
 1.0709E+02 1.4133E-01 1.0750E+02 1.3954E-01 1.0791E+02 1.4092E-019030 3102
 1.0873E+02 1.5196E-01 1.0954E+02 1.7443E-01 1.0995E+02 1.9090E-019030 3102
 1.1036E+02 2.1188E-01 1.1076E+02 2.3860E-01 1.1117E+02 2.7289E-019030 3102
 1.1158E+02 3.1745E-01 1.1199E+02 3.7640E-01 1.1240E+02 4.5635E-019030 3102
 1.1280E+02 5.6814E-01 1.1301E+02 6.4145E-01 1.1321E+02 7.3093E-019030 3102
 1.1342E+02 8.4165E-01 1.1362E+02 9.8075E-01 1.1382E+02 1.1590E+009030 3102
 1.1403E+02 1.3923E+00 1.1423E+02 1.7060E+00 1.1444E+02 2.1419E+009030 3102
 1.1454E+02 2.4265E+00 1.1464E+02 2.7725E+00 1.1474E+02 3.1994E+009030 3102
 1.1484E+02 3.7344E+00 1.1489E+02 4.0534E+00 1.1492E+02 4.2290E+009030 3102
 1.1495E+02 4.4162E+00 1.1497E+02 4.6164E+00 1.1500E+02 4.8305E+009030 3102
 1.1502E+02 5.0599E+00 1.1505E+02 5.3062E+00 1.1506E+02 5.4367E+009030 3102
 1.1507E+02 5.5037E+00 1.1507E+02 5.5710E+00 1.1509E+02 5.7104E+009030 3102
 1.1510E+02 5.8562E+00 1.1512E+02 6.1642E+00 1.1515E+02 6.4970E+009030 3102
 1.1517E+02 6.8577E+00 1.1520E+02 7.2480E+00 1.1523E+02 7.6743E+009030 3102
 1.1525E+02 8.1395E+00 1.1528E+02 8.6486E+00 1.1530E+02 9.2071E+009030 3102
 1.1533E+02 9.8216E+00 1.1535E+02 1.0497E+01 1.1538E+02 1.1248E+019030 3102
 1.1540E+02 1.2083E+01 1.1543E+02 1.3015E+01 1.1546E+02 1.4059E+019030 3102
 1.1548E+02 1.5233E+01 1.1551E+02 1.6562E+01 1.1553E+02 1.8073E+019030 3102
 1.1556E+02 1.9800E+01 1.1558E+02 2.1788E+01 1.1561E+02 2.4091E+019030 3102
 1.1563E+02 2.6779E+01 1.1566E+02 2.9931E+01 1.1568E+02 3.3688E+019030 3102
 1.1571E+02 3.8199E+01 1.1574E+02 4.3681E+01 1.1576E+02 5.0429E+019030 3102
 1.1579E+02 5.8865E+01 1.1581E+02 6.9605E+01 1.1584E+02 8.3557E+019030 3102
 1.1585E+02 9.2118E+01 1.1586E+02 1.0214E+02 1.1588E+02 1.1378E+029030 3102
 1.1589E+02 1.2750E+02 1.1590E+02 1.4400E+02 1.1591E+02 1.6371E+029030 3102
 1.1593E+02 1.8792E+02 1.1594E+02 2.1756E+02 1.1595E+02 2.5470E+029030 3102
 1.1597E+02 3.0240E+02 1.1598E+02 3.6454E+02 1.1599E+02 4.4657E+029030 3102
 1.1600E+02 4.9843E+02 1.1600E+02 5.5949E+02 1.1601E+02 6.3187E+029030 3102
 1.1602E+02 7.1709E+02 1.1602E+02 8.2144E+02 1.1603E+02 9.4636E+029030 3102
 1.1604E+02 1.1021E+03 1.1604E+02 1.2949E+03 1.1605E+02 1.5361E+039030 3102
 1.1605E+02 1.8390E+03 1.1606E+02 2.2194E+03 1.1607E+02 2.6843E+039030 3102
 1.1608E+02 3.4423E+03 1.1608E+02 4.2986E+03 1.1609E+02 5.0619E+039030 3102
 1.1610E+02 5.2934E+03 1.1610E+02 5.3751E+03 1.1610E+02 5.2927E+039030 3102
 1.1611E+02 5.0611E+03 1.1612E+02 4.3070E+03 1.1612E+02 3.4502E+039030 3102
 1.1613E+02 2.6912E+03 1.1614E+02 2.0775E+03 1.1615E+02 1.6224E+039030 3102
 1.1616E+02 1.2841E+03 1.1617E+02 1.0365E+03 1.1618E+02 8.5009E+029030 3102
 1.1618E+02 7.0766E+02 1.1619E+02 5.9580E+02 1.1620E+02 5.0860E+029030 3102
 1.1621E+02 4.3867E+02 1.1622E+02 3.8195E+02 1.1623E+02 3.3485E+029030 3102
 1.1624E+02 2.9621E+02 1.1625E+02 2.3631E+02 1.1627E+02 1.9274E+029030 3102
 1.1629E+02 1.6007E+02 1.1631E+02 1.3488E+02 1.1632E+02 1.1525E+029030 3102
 1.1634E+02 9.9518E+01 1.1636E+02 8.6844E+01 1.1637E+02 7.6385E+019030 3102
 1.1639E+02 6.7743E+01 1.1641E+02 6.0486E+01 1.1644E+02 4.9038E+019030 3102
 1.1648E+02 4.0551E+01 1.1651E+02 3.4086E+01 1.1655E+02 2.9063E+019030 3102
 1.1658E+02 2.5062E+01 1.1662E+02 2.1833E+01 1.1665E+02 1.9189E+019030 3102
 1.1668E+02 1.7004E+01 1.1675E+02 1.3611E+01 1.1682E+02 1.1144E+019030 3102
 1.1689E+02 9.2914E+00 1.1696E+02 7.8634E+00 1.1703E+02 6.7412E+009030 3102
 1.1710E+02 5.8445E+00 1.1717E+02 5.1147E+00 1.1724E+02 4.5146E+009030 3102
 1.1737E+02 3.5925E+00 1.1751E+02 2.9272E+00 1.1765E+02 2.4315E+009030 3102
 1.1779E+02 2.0523E+00 1.1793E+02 1.7558E+00 1.1806E+02 1.5195E+009030 3102
 1.1820E+02 1.3283E+00 1.1834E+02 1.1715E+00 1.1848E+02 1.0411E+009030 3102
 1.1861E+02 9.3156E-01 1.1889E+02 7.5928E-01 1.1917E+02 6.3146E-019030 3102
 1.1944E+02 5.3403E-01 1.1972E+02 4.5812E-01 1.1999E+02 3.9781E-019030 3102
 1.2027E+02 3.4913E-01 1.2055E+02 3.0930E-01 1.2110E+02 2.4868E-019030 3102
 1.2165E+02 2.0547E-01 1.2220E+02 1.7371E-01 1.2275E+02 1.4980E-019030 3102
 1.2330E+02 1.3148E-01 1.2386E+02 1.1729E-01 1.2441E+02 1.0624E-019030 3102
 1.2496E+02 9.7672E-02 1.2606E+02 8.6359E-02 1.2716E+02 8.1543E-029030 3102
 1.2772E+02 8.1566E-02 1.2827E+02 8.3498E-02 1.2882E+02 8.7846E-029030 3102
 1.2937E+02 9.5531E-02 1.2992E+02 1.0825E-01 1.3020E+02 1.1741E-019030 3102
 1.3047E+02 1.2926E-01 1.3075E+02 1.4477E-01 1.3103E+02 1.6543E-019030 3102
 1.3130E+02 1.9358E-01 1.3158E+02 2.3311E-01 1.3172E+02 2.5910E-019030 3102
 1.3185E+02 2.9086E-01 1.3199E+02 3.3021E-01 1.3213E+02 3.7973E-019030 3102
 1.3227E+02 4.4325E-01 1.3240E+02 5.2653E-01 1.3254E+02 6.3871E-019030 3102
 1.3268E+02 7.9481E-01 1.3275E+02 8.9695E-01 1.3282E+02 1.0212E+009030 3102
 1.3289E+02 1.1748E+00 1.3296E+02 1.3672E+00 1.3303E+02 1.6136E+009030 3102
 1.3309E+02 1.9350E+00 1.3316E+02 2.3662E+00 1.3323E+02 2.9642E+009030 3102
 1.3327E+02 3.3538E+00 1.3330E+02 3.8267E+00 1.3334E+02 4.4086E+009030 3102
 1.3337E+02 5.1332E+00 1.3340E+02 6.0576E+00 1.3344E+02 7.2584E+009030 3102
 1.3347E+02 8.8581E+00 1.3351E+02 1.1048E+01 1.3352E+02 1.2469E+019030 3102
 1.3354E+02 1.4176E+01 1.3356E+02 1.6270E+01 1.3358E+02 1.8854E+019030 3102
 1.3359E+02 2.0399E+01 1.3359E+02 2.2121E+01 1.3360E+02 2.4074E+019030 3102
 1.3361E+02 2.5148E+01 1.3361E+02 2.6297E+01 1.3362E+02 2.7521E+019030 3102
 1.3362E+02 2.8837E+01 1.3362E+02 3.0250E+01 1.3363E+02 3.1770E+019030 3102
 1.3363E+02 3.3406E+01 1.3364E+02 3.5166E+01 1.3364E+02 3.7075E+019030 3102
 1.3365E+02 3.9143E+01 1.3365E+02 4.1390E+01 1.3365E+02 4.3888E+019030 3102
 1.3366E+02 4.6560E+01 1.3366E+02 4.9483E+01 1.3367E+02 5.2688E+019030 3102
 1.3367E+02 5.6201E+01 1.3368E+02 6.0089E+01 1.3368E+02 6.4393E+019030 3102
 1.3368E+02 6.9174E+01 1.3369E+02 7.4504E+01 1.3369E+02 8.0447E+019030 3102
 1.3370E+02 8.7150E+01 1.3370E+02 9.4719E+01 1.3371E+02 1.0331E+029030 3102
 1.3371E+02 1.1311E+02 1.3371E+02 1.2431E+02 1.3372E+02 1.3729E+029030 3102
 1.3372E+02 1.5237E+02 1.3373E+02 1.7004E+02 1.3373E+02 1.9091E+029030 3102
 1.3374E+02 2.1568E+02 1.3374E+02 2.4558E+02 1.3374E+02 2.8195E+029030 3102
 1.3375E+02 3.2672E+02 1.3375E+02 3.8390E+02 1.3376E+02 4.5493E+029030 3102
 1.3376E+02 5.4624E+02 1.3376E+02 6.0306E+02 1.3377E+02 6.6555E+029030 3102
 1.3377E+02 7.4070E+02 1.3377E+02 8.2334E+02 1.3377E+02 9.1961E+029030 3102
 1.3377E+02 1.0365E+03 1.3378E+02 1.1671E+03 1.3378E+02 1.3258E+039030 3102
 1.3378E+02 1.5107E+03 1.3378E+02 1.7151E+03 1.3379E+02 1.9471E+039030 3102
 1.3379E+02 2.2030E+03 1.3379E+02 2.7492E+03 1.3380E+02 3.2413E+039030 3102
 1.3380E+02 3.3912E+03 1.3380E+02 3.4406E+03 1.3380E+02 3.3865E+039030 3102
 1.3380E+02 3.2327E+03 1.3381E+02 2.7489E+03 1.3381E+02 2.1911E+039030 3102
 1.3382E+02 1.7148E+03 1.3382E+02 1.4669E+03 1.3382E+02 1.2654E+039030 3102
 1.3382E+02 1.0963E+03 1.3383E+02 9.5478E+02 1.3383E+02 8.3228E+029030 3102
 1.3383E+02 7.3326E+02 1.3384E+02 5.7865E+02 1.3384E+02 4.6429E+029030 3102
 1.3385E+02 3.8110E+02 1.3385E+02 3.1760E+02 1.3386E+02 2.6756E+029030 3102
 1.3386E+02 2.2886E+02 1.3387E+02 1.9733E+02 1.3387E+02 1.7221E+029030 3102
 1.3388E+02 1.5119E+02 1.3388E+02 1.3404E+02 1.3389E+02 1.1938E+029030 3102
 1.3390E+02 9.6561E+01 1.3391E+02 7.9671E+01 1.3392E+02 6.6831E+019030 3102
 1.3393E+02 5.6848E+01 1.3394E+02 4.8938E+01 1.3395E+02 4.2565E+019030 3102
 1.3396E+02 3.7365E+01 1.3397E+02 3.3090E+01 1.3398E+02 2.9478E+019030 3102
 1.3400E+02 2.3823E+01 1.3402E+02 1.9654E+01 1.3404E+02 1.6489E+019030 3102
 1.3406E+02 1.4031E+01 1.3408E+02 1.2085E+01 1.3410E+02 1.0519E+019030 3102
 1.3412E+02 9.2385E+00 1.3414E+02 8.1799E+00 1.3418E+02 6.5441E+009030 3102
 1.3422E+02 5.3560E+00 1.3426E+02 4.4662E+00 1.3430E+02 3.7823E+009030 3102
 1.3434E+02 3.2455E+00 1.3438E+02 2.8176E+00 1.3442E+02 2.4693E+009030 3102
 1.3446E+02 2.1827E+00 1.3454E+02 1.7433E+00 1.3462E+02 1.4268E+009030 3102
 1.3471E+02 1.1913E+00 1.3479E+02 1.0117E+00 1.3487E+02 8.7129E-019030 3102
 1.3495E+02 7.5976E-01 1.3503E+02 6.6957E-01 1.3511E+02 5.9573E-019030 3102
 1.3527E+02 4.8338E-01 1.3543E+02 4.0347E-01 1.3559E+02 3.4490E-019030 3102
 1.3576E+02 3.0113E-01 1.3592E+02 2.6796E-01 1.3608E+02 2.4270E-019030 3102
 1.3624E+02 2.2359E-01 1.3640E+02 2.0947E-01 1.3672E+02 1.9356E-019030 3102
 1.3689E+02 1.9127E-01 1.3705E+02 1.9293E-01 1.3721E+02 1.9910E-019030 3102
 1.3737E+02 2.1086E-01 1.3753E+02 2.3010E-01 1.3769E+02 2.6011E-019030 3102
 1.3786E+02 3.0679E-01 1.3794E+02 3.3958E-01 1.3802E+02 3.8145E-019030 3102
 1.3810E+02 4.3576E-01 1.3818E+02 5.0755E-01 1.3826E+02 6.0465E-019030 3102
 1.3834E+02 7.4041E-01 1.3838E+02 8.2932E-01 1.3842E+02 9.3758E-019030 3102
 1.3846E+02 1.0713E+00 1.3850E+02 1.2390E+00 1.3854E+02 1.4531E+009030 3102
 1.3858E+02 1.7324E+00 1.3862E+02 2.1062E+00 1.3866E+02 2.6207E+009030 3102
 1.3868E+02 2.9555E+00 1.3870E+02 3.3604E+00 1.3872E+02 3.8574E+009030 3102
 1.3874E+02 4.4761E+00 1.3876E+02 5.2596E+00 1.3878E+02 6.2721E+009030 3102
 1.3880E+02 7.6120E+00 1.3882E+02 9.4257E+00 1.3883E+02 1.0594E+019030 3102
 1.3884E+02 1.1996E+01 1.3885E+02 1.3696E+01 1.3886E+02 1.5786E+019030 3102
 1.3887E+02 1.8390E+01 1.3889E+02 2.1700E+01 1.3890E+02 2.5990E+019030 3102
 1.3891E+02 3.1683E+01 1.3892E+02 3.9461E+01 1.3892E+02 4.4411E+019030 3102
 1.3893E+02 5.0463E+01 1.3893E+02 5.7825E+01 1.3894E+02 6.6717E+019030 3102
 1.3894E+02 7.1939E+01 1.3894E+02 7.8015E+01 1.3894E+02 8.4622E+019030 3102
 1.3895E+02 9.2085E+01 1.3895E+02 9.6339E+01 1.3895E+02 1.0089E+029030 3102
 1.3895E+02 1.0540E+02 1.3895E+02 1.1060E+02 1.3895E+02 1.1618E+029030 3102
 1.3895E+02 1.2174E+02 1.3895E+02 1.2816E+02 1.3896E+02 1.3459E+029030 3102
 1.3896E+02 1.4204E+02 1.3896E+02 1.5010E+02 1.3896E+02 1.5819E+029030 3102
 1.3896E+02 1.6762E+02 1.3896E+02 1.7789E+02 1.3896E+02 1.8825E+029030 3102
 1.3896E+02 2.0039E+02 1.3897E+02 2.1270E+02 1.3897E+02 2.2718E+029030 3102
 1.3897E+02 2.4308E+02 1.3897E+02 2.6059E+02 1.3897E+02 2.7848E+029030 3102
 1.3897E+02 2.9968E+02 1.3897E+02 3.2143E+02 1.3897E+02 3.4730E+029030 3102
 1.3898E+02 3.7393E+02 1.3898E+02 4.0569E+02 1.3898E+02 4.4110E+029030 3102
 1.3898E+02 4.8058E+02 1.3898E+02 5.2135E+02 1.3898E+02 5.7006E+029030 3102
 1.3898E+02 6.2026E+02 1.3898E+02 6.7996E+02 1.3899E+02 7.4021E+029030 3102
 1.3899E+02 8.3603E+02 1.3899E+02 9.4808E+02 1.3899E+02 1.0687E+039030 3102
 1.3900E+02 1.3943E+03 1.3900E+02 1.4597E+03 1.3900E+02 1.4811E+039030 3102
 1.3900E+02 1.4570E+03 1.3900E+02 1.3942E+03 1.3901E+02 1.3013E+039030 3102
 1.3901E+02 1.1846E+03 1.3901E+02 9.4800E+02 1.3901E+02 7.4013E+029030 3102
 1.3902E+02 6.2892E+02 1.3902E+02 5.3956E+02 1.3902E+02 4.6185E+029030 3102
 1.3902E+02 4.0054E+02 1.3903E+02 3.4724E+02 1.3903E+02 3.0493E+029030 3102
 1.3903E+02 2.6780E+02 1.3903E+02 2.3800E+02 1.3904E+02 1.8999E+029030 3102
 1.3904E+02 1.5469E+02 1.3905E+02 1.2812E+02 1.3905E+02 1.0813E+029030 3102
 1.3905E+02 9.2047E+01 1.3906E+02 7.9247E+01 1.3906E+02 6.8905E+019030 3102
 1.3907E+02 6.0621E+01 1.3907E+02 5.3578E+01 1.3908E+02 4.7684E+019030 3102
 1.3909E+02 3.8552E+01 1.3909E+02 3.1729E+01 1.3910E+02 2.6609E+019030 3102
 1.3911E+02 2.2601E+01 1.3912E+02 1.9457E+01 1.3913E+02 1.6906E+019030 3102
 1.3914E+02 1.4842E+01 1.3915E+02 1.3118E+01 1.3916E+02 1.1693E+019030 3102
 1.3918E+02 9.4419E+00 1.3919E+02 7.7909E+00 1.3921E+02 6.5405E+009030 3102
 1.3923E+02 5.5702E+00 1.3925E+02 4.8023E+00 1.3926E+02 4.1841E+009030 3102
 1.3928E+02 3.6793E+00 1.3930E+02 3.2616E+00 1.3934E+02 2.6151E+009030 3102
 1.3937E+02 2.1473E+00 1.3941E+02 1.7968E+00 1.3944E+02 1.5275E+009030 3102
 1.3948E+02 1.3160E+00 1.3952E+02 1.1470E+00 1.3955E+02 1.0094E+009030 3102
 1.3959E+02 8.9646E-01 1.3966E+02 7.2300E-01 1.3973E+02 5.9807E-019030 3102
 1.3980E+02 5.0497E-01 1.3987E+02 4.3369E-01 1.3995E+02 3.7785E-019030 3102
 1.4002E+02 3.3339E-01 1.4009E+02 2.9730E-01 1.4016E+02 2.6768E-019030 3102
 1.4030E+02 2.2227E-01 1.4045E+02 1.8957E-01 1.4059E+02 1.6524E-019030 3102
 1.4073E+02 1.4663E-01 1.4088E+02 1.3210E-01 1.4102E+02 1.2054E-019030 3102
 1.4131E+02 1.0362E-01 1.4159E+02 9.2167E-02 1.4188E+02 8.4234E-029030 3102
 1.4217E+02 7.8721E-02 1.4245E+02 7.4988E-02 1.4303E+02 7.1482E-029030 3102
 1.4360E+02 7.2302E-02 1.4417E+02 7.7542E-02 1.4446E+02 8.2224E-029030 3102
 1.4475E+02 8.8731E-02 1.4503E+02 9.7642E-02 1.4532E+02 1.0985E-019030 3102
 1.4561E+02 1.2682E-01 1.4589E+02 1.5097E-01 1.4604E+02 1.6695E-019030 3102
 1.4618E+02 1.8656E-01 1.4632E+02 2.1092E-01 1.4647E+02 2.4165E-019030 3102
 1.4661E+02 2.8117E-01 1.4675E+02 3.3307E-01 1.4689E+02 4.0309E-019030 3102
 1.4704E+02 5.0060E-01 1.4711E+02 5.6451E-01 1.4718E+02 6.4227E-019030 3102
 1.4725E+02 7.3850E-01 1.4732E+02 8.5918E-01 1.4740E+02 1.0137E+009030 3102
 1.4747E+02 1.2156E+00 1.4754E+02 1.4870E+00 1.4761E+02 1.8628E+009030 3102
 1.4765E+02 2.1084E+00 1.4768E+02 2.4060E+00 1.4772E+02 2.7723E+009030 3102
 1.4775E+02 3.2303E+00 1.4779E+02 3.8136E+00 1.4783E+02 4.5716E+009030 3102
 1.4786E+02 5.5858E+00 1.4790E+02 6.9767E+00 1.4792E+02 7.8814E+009030 3102
 1.4793E+02 8.9699E+00 1.4795E+02 1.0300E+01 1.4797E+02 1.1950E+019030 3102
 1.4799E+02 1.4031E+01 1.4801E+02 1.6707E+01 1.4802E+02 2.0229E+019030 3102
 1.4803E+02 2.2436E+01 1.4804E+02 2.4992E+01 1.4805E+02 2.8049E+019030 3102
 1.4805E+02 2.9791E+01 1.4806E+02 3.1654E+01 1.4806E+02 3.3748E+019030 3102
 1.4807E+02 3.6056E+01 1.4807E+02 3.8608E+01 1.4808E+02 4.1369E+019030 3102
 1.4808E+02 4.4514E+01 1.4809E+02 4.8030E+01 1.4809E+02 5.1977E+019030 3102
 1.4809E+02 5.6316E+01 1.4810E+02 5.8810E+01 1.4810E+02 6.1344E+019030 3102
 1.4810E+02 6.4180E+01 1.4810E+02 6.7071E+01 1.4811E+02 7.0315E+019030 3102
 1.4811E+02 7.3631E+01 1.4811E+02 8.0999E+01 1.4812E+02 8.9549E+019030 3102
 1.4812E+02 9.9733E+01 1.4813E+02 1.1173E+02 1.4813E+02 1.2599E+029030 3102
 1.4814E+02 1.4304E+02 1.4814E+02 1.6380E+02 1.4814E+02 1.8872E+029030 3102
 1.4815E+02 2.2031E+02 1.4815E+02 2.3939E+02 1.4815E+02 2.6021E+029030 3102
 1.4816E+02 2.8357E+02 1.4816E+02 3.1126E+02 1.4816E+02 3.4185E+029030 3102
 1.4816E+02 3.7666E+02 1.4816E+02 4.1881E+02 1.4817E+02 4.6544E+029030 3102
 1.4817E+02 5.2206E+02 1.4817E+02 5.8620E+02 1.4817E+02 6.6432E+029030 3102
 1.4818E+02 7.5356E+02 1.4818E+02 8.5818E+02 1.4818E+02 9.8727E+029030 3102
 1.4818E+02 1.1347E+03 1.4818E+02 1.3058E+03 1.4819E+02 1.4837E+039030 3102
 1.4819E+02 1.6704E+03 1.4819E+02 2.0887E+03 1.4820E+02 2.4576E+039030 3102
 1.4820E+02 2.5726E+03 1.4820E+02 2.6105E+03 1.4820E+02 2.5683E+039030 3102
 1.4820E+02 2.4564E+03 1.4821E+02 2.0886E+03 1.4821E+02 1.6703E+039030 3102
 1.4822E+02 1.3043E+03 1.4822E+02 1.0841E+03 1.4822E+02 9.1126E+029030 3102
 1.4822E+02 7.6625E+02 1.4823E+02 6.5300E+02 1.4823E+02 5.5830E+029030 3102
 1.4823E+02 4.8394E+02 1.4824E+02 4.2233E+02 1.4824E+02 3.7143E+029030 3102
 1.4824E+02 3.2860E+02 1.4824E+02 2.9140E+02 1.4825E+02 2.3491E+029030 3102
 1.4826E+02 1.9302E+02 1.4826E+02 1.6074E+02 1.4827E+02 1.3575E+029030 3102
 1.4827E+02 1.1641E+02 1.4828E+02 1.0089E+02 1.4828E+02 8.8051E+019030 3102
 1.4829E+02 7.7470E+01 1.4829E+02 6.8824E+01 1.4831E+02 5.5235E+019030 3102
 1.4832E+02 4.5219E+01 1.4833E+02 3.7751E+01 1.4834E+02 3.1978E+019030 3102
 1.4835E+02 2.7437E+01 1.4836E+02 2.3792E+01 1.4837E+02 2.0831E+019030 3102
 1.4839E+02 1.8386E+01 1.4840E+02 1.6347E+01 1.4842E+02 1.3160E+019030 3102
 1.4844E+02 1.0829E+01 1.4846E+02 9.0676E+00 1.4849E+02 7.7029E+009030 3102
 1.4851E+02 6.6257E+00 1.4853E+02 5.7601E+00 1.4855E+02 5.0541E+009030 3102
 1.4858E+02 4.4708E+00 1.4862E+02 3.5700E+00 1.4867E+02 2.9188E+009030 3102
 1.4871E+02 2.4308E+00 1.4876E+02 2.0573E+00 1.4880E+02 1.7638E+009030 3102
 1.4885E+02 1.5301E+00 1.4889E+02 1.3405E+00 1.4894E+02 1.1845E+009030 3102
 1.4903E+02 9.4535E-01 1.4912E+02 7.7318E-01 1.4921E+02 6.4514E-019030 3102
 1.4930E+02 5.4744E-01 1.4939E+02 4.7103E-01 1.4948E+02 4.1029E-019030 3102
 1.4957E+02 3.6114E-01 1.4966E+02 3.2077E-01 1.4984E+02 2.5915E-019030 3102
 1.5002E+02 2.1491E-01 1.5021E+02 1.8209E-01 1.5039E+02 1.5708E-019030 3102
 1.5057E+02 1.3759E-01 1.5075E+02 1.2210E-01 1.5093E+02 1.0959E-019030 3102
 1.5111E+02 9.9356E-02 1.5147E+02 8.3761E-02 1.5183E+02 7.2629E-029030 3102
 1.5220E+02 6.4429E-02 1.5256E+02 5.8240E-02 1.5328E+02 4.9760E-029030 3102
 1.5401E+02 4.4500E-02 1.5473E+02 4.1179E-02 1.5545E+02 3.9130E-029030 3102
 1.5690E+02 3.7530E-02 1.5835E+02 3.8294E-02 1.5980E+02 4.1127E-029030 3102
 1.6124E+02 4.6386E-02 1.6197E+02 5.0233E-02 1.6269E+02 5.5194E-029030 3102
 1.6341E+02 6.1642E-02 1.6414E+02 7.0150E-02 1.6486E+02 8.1629E-029030 3102
 1.6558E+02 9.7594E-02 1.6595E+02 1.0802E-01 1.6631E+02 1.2071E-019030 3102
 1.6667E+02 1.3636E-01 1.6703E+02 1.5600E-01 1.6739E+02 1.8112E-019030 3102
 1.6776E+02 2.1396E-01 1.6812E+02 2.5813E-01 1.6848E+02 3.1951E-019030 3102
 1.6866E+02 3.5964E-01 1.6884E+02 4.0851E-01 1.6902E+02 4.6891E-019030 3102
 1.6920E+02 5.4473E-01 1.6938E+02 6.4175E-01 1.6957E+02 7.6883E-019030 3102
 1.6975E+02 9.3959E-01 1.6993E+02 1.1769E+00 1.7002E+02 1.3319E+009030 3102
 1.7011E+02 1.5206E+00 1.7020E+02 1.7534E+00 1.7029E+02 2.0449E+009030 3102
 1.7038E+02 2.4171E+00 1.7047E+02 2.9034E+00 1.7056E+02 3.5549E+009030 3102
 1.7065E+02 4.4559E+00 1.7070E+02 5.0426E+00 1.7072E+02 5.3799E+009030 3102
 1.7074E+02 5.7524E+00 1.7076E+02 6.1652E+00 1.7079E+02 6.6243E+009030 3102
 1.7081E+02 7.1369E+00 1.7082E+02 7.4161E+00 1.7083E+02 7.5606E+009030 3102
 1.7083E+02 7.7117E+00 1.7084E+02 8.0258E+00 1.7085E+02 8.3592E+009030 3102
 1.7088E+02 9.0926E+00 1.7090E+02 9.9266E+00 1.7091E+02 1.0387E+019030 3102
 1.7092E+02 1.0881E+01 1.7093E+02 1.1416E+01 1.7094E+02 1.1986E+019030 3102
 1.7096E+02 1.2600E+01 1.7097E+02 1.3263E+01 1.7098E+02 1.3979E+019030 3102
 1.7099E+02 1.4755E+01 1.7100E+02 1.5597E+01 1.7101E+02 1.6515E+019030 3102
 1.7102E+02 1.7524E+01 1.7104E+02 1.8618E+01 1.7105E+02 1.9820E+019030 3102
 1.7106E+02 2.1141E+01 1.7107E+02 2.2598E+01 1.7108E+02 2.4212E+019030 3102
 1.7109E+02 2.6004E+01 1.7110E+02 2.8004E+01 1.7111E+02 3.0263E+019030 3102
 1.7113E+02 3.2782E+01 1.7114E+02 3.5632E+01 1.7115E+02 3.8869E+019030 3102
 1.7116E+02 4.2562E+01 1.7117E+02 4.6812E+01 1.7118E+02 5.1722E+019030 3102
 1.7119E+02 5.7451E+01 1.7120E+02 6.4243E+01 1.7122E+02 7.2224E+019030 3102
 1.7123E+02 8.1793E+01 1.7124E+02 9.3381E+01 1.7125E+02 1.0757E+029030 3102
 1.7126E+02 1.2525E+02 1.7127E+02 1.4757E+02 1.7128E+02 1.7636E+029030 3102
 1.7130E+02 2.1424E+02 1.7130E+02 2.3809E+02 1.7131E+02 2.6549E+029030 3102
 1.7131E+02 2.9775E+02 1.7132E+02 3.3675E+02 1.7132E+02 3.8377E+029030 3102
 1.7133E+02 4.3972E+02 1.7134E+02 5.0960E+02 1.7134E+02 5.9461E+029030 3102
 1.7135E+02 7.0298E+02 1.7135E+02 8.3830E+02 1.7136E+02 1.0154E+039030 3102
 1.7136E+02 1.2403E+03 1.7137E+02 1.5371E+03 1.7137E+02 1.9124E+039030 3102
 1.7138E+02 2.4522E+03 1.7139E+02 3.0682E+03 1.7139E+02 3.6041E+039030 3102
 1.7140E+02 3.7722E+03 1.7140E+02 3.8314E+03 1.7140E+02 3.7715E+039030 3102
 1.7141E+02 3.6028E+03 1.7141E+02 3.0663E+03 1.7142E+02 2.4504E+039030 3102
 1.7143E+02 1.9188E+03 1.7143E+02 1.5010E+03 1.7144E+02 1.1905E+039030 3102
 1.7144E+02 9.5666E+02 1.7145E+02 7.8061E+02 1.7146E+02 6.4407E+029030 3102
 1.7146E+02 5.4031E+02 1.7147E+02 4.5874E+02 1.7148E+02 3.9357E+029030 3102
 1.7148E+02 3.4026E+02 1.7149E+02 2.9749E+02 1.7149E+02 2.6213E+029030 3102
 1.7150E+02 2.3253E+02 1.7151E+02 1.8615E+02 1.7152E+02 1.5247E+029030 3102
 1.7154E+02 1.2706E+02 1.7155E+02 1.0733E+02 1.7156E+02 9.1928E+019030 3102
 1.7157E+02 7.9518E+01 1.7159E+02 6.9515E+01 1.7160E+02 6.1224E+019030 3102
 1.7161E+02 5.4326E+01 1.7162E+02 4.8567E+01 1.7165E+02 3.9426E+019030 3102
 1.7167E+02 3.2658E+01 1.7170E+02 2.7492E+01 1.7172E+02 2.3461E+019030 3102
 1.7175E+02 2.0254E+01 1.7177E+02 1.7664E+01 1.7180E+02 1.5539E+019030 3102
 1.7182E+02 1.3777E+01 1.7187E+02 1.1045E+01 1.7192E+02 9.0535E+009030 3102
 1.7197E+02 7.5564E+00 1.7202E+02 6.4031E+00 1.7207E+02 5.4958E+009030 3102
 1.7212E+02 4.7695E+00 1.7217E+02 4.1788E+00 1.7222E+02 3.6921E+009030 3102
 1.7232E+02 2.9439E+00 1.7242E+02 2.4043E+00 1.7252E+02 2.0021E+009030 3102
 1.7262E+02 1.6942E+00 1.7272E+02 1.4535E+00 1.7282E+02 1.2617E+009030 3102
 1.7292E+02 1.1065E+00 1.7302E+02 9.7913E-01 1.7322E+02 7.8449E-019030 3102
 1.7342E+02 6.4490E-01 1.7362E+02 5.4147E-01 1.7382E+02 4.6287E-019030 3102
 1.7402E+02 4.0178E-01 1.7421E+02 3.5349E-01 1.7441E+02 3.1473E-019030 3102
 1.7461E+02 2.8322E-01 1.7501E+02 2.3589E-01 1.7541E+02 2.0303E-019030 3102
 1.7581E+02 1.7979E-01 1.7621E+02 1.6331E-01 1.7661E+02 1.5183E-019030 3102
 1.7700E+02 1.4425E-01 1.7740E+02 1.3988E-01 1.7780E+02 1.3834E-019030 3102
 1.7860E+02 1.4336E-01 1.7900E+02 1.5027E-01 1.7939E+02 1.6075E-019030 3102
 1.7979E+02 1.7575E-01 1.8019E+02 1.9676E-01 1.8059E+02 2.2625E-019030 3102
 1.8099E+02 2.6839E-01 1.8119E+02 2.9629E-01 1.8139E+02 3.3050E-019030 3102
 1.8159E+02 3.7296E-01 1.8178E+02 4.2648E-01 1.8198E+02 4.9516E-019030 3102
 1.8218E+02 5.8524E-01 1.8238E+02 7.0657E-01 1.8258E+02 8.7539E-019030 3102
 1.8268E+02 9.8586E-01 1.8278E+02 1.1202E+00 1.8288E+02 1.2861E+009030 3102
 1.8298E+02 1.4942E+00 1.8308E+02 1.7601E+00 1.8318E+02 2.1076E+009030 3102
 1.8328E+02 2.5734E+00 1.8338E+02 3.2185E+00 1.8343E+02 3.6385E+009030 3102
 1.8348E+02 4.1482E+00 1.8353E+02 4.7751E+00 1.8358E+02 5.5580E+009030 3102
 1.8360E+02 6.0247E+00 1.8363E+02 6.5536E+00 1.8365E+02 7.1561E+009030 3102
 1.8368E+02 7.8464E+00 1.8369E+02 8.2314E+00 1.8370E+02 8.4330E+009030 3102
 1.8370E+02 8.6421E+00 1.8371E+02 9.0850E+00 1.8373E+02 9.5668E+009030 3102
 1.8374E+02 1.0084E+01 1.8375E+02 1.0649E+01 1.8376E+02 1.1259E+019030 3102
 1.8378E+02 1.1928E+01 1.8379E+02 1.2659E+01 1.8380E+02 1.3453E+019030 3102
 1.8381E+02 1.4331E+01 1.8383E+02 1.5291E+01 1.8384E+02 1.6359E+019030 3102
 1.8385E+02 1.7535E+01 1.8386E+02 1.8852E+01 1.8388E+02 2.0311E+019030 3102
 1.8389E+02 2.1948E+01 1.8390E+02 2.3806E+01 1.8391E+02 2.5895E+019030 3102
 1.8393E+02 2.8289E+01 1.8394E+02 3.1010E+01 1.8395E+02 3.4168E+019030 3102
 1.8396E+02 3.7834E+01 1.8398E+02 4.2087E+01 1.8399E+02 4.7138E+019030 3102
 1.8400E+02 5.3153E+01 1.8401E+02 6.0333E+01 1.8403E+02 6.9135E+019030 3102
 1.8404E+02 8.0000E+01 1.8405E+02 9.3508E+01 1.8406E+02 1.1085E+029030 3102
 1.8408E+02 1.3326E+02 1.8408E+02 1.4729E+02 1.8409E+02 1.6333E+029030 3102
 1.8409E+02 1.8210E+02 1.8410E+02 2.0427E+02 1.8411E+02 2.3102E+029030 3102
 1.8411E+02 2.6280E+02 1.8412E+02 3.0128E+02 1.8413E+02 3.4854E+029030 3102
 1.8413E+02 4.0748E+02 1.8414E+02 4.8164E+02 1.8414E+02 5.7842E+029030 3102
 1.8415E+02 7.0240E+02 1.8416E+02 8.6656E+02 1.8416E+02 1.0857E+039030 3102
 1.8417E+02 1.2274E+03 1.8417E+02 1.3867E+03 1.8417E+02 1.5710E+039030 3102
 1.8418E+02 1.7827E+03 1.8418E+02 2.2807E+03 1.8419E+02 2.8492E+039030 3102
 1.8419E+02 3.3489E+03 1.8420E+02 3.5013E+03 1.8420E+02 3.5574E+039030 3102
 1.8420E+02 3.5044E+03 1.8421E+02 3.3487E+03 1.8421E+02 2.8475E+039030 3102
 1.8422E+02 2.2790E+03 1.8422E+02 1.7823E+03 1.8423E+02 1.4426E+039030 3102
 1.8423E+02 1.1712E+03 1.8424E+02 9.6029E+02 1.8425E+02 7.9946E+029030 3102
 1.8425E+02 6.7106E+02 1.8426E+02 5.7109E+02 1.8426E+02 4.8957E+029030 3102
 1.8427E+02 4.2466E+02 1.8427E+02 3.7055E+02 1.8428E+02 3.2655E+029030 3102
 1.8428E+02 2.8915E+02 1.8429E+02 2.5818E+02 1.8430E+02 2.0886E+029030 3102
 1.8431E+02 1.7251E+02 1.8432E+02 1.4456E+02 1.8433E+02 1.2282E+029030 3102
 1.8434E+02 1.0560E+02 1.8435E+02 9.1740E+01 1.8436E+02 8.0420E+019030 3102
 1.8437E+02 7.1049E+01 1.8439E+02 5.6625E+01 1.8441E+02 4.6173E+019030 3102
 1.8443E+02 3.8392E+01 1.8446E+02 3.2399E+01 1.8448E+02 2.7705E+019030 3102
 1.8450E+02 2.3962E+01 1.8452E+02 2.0927E+01 1.8454E+02 1.8437E+019030 3102
 1.8456E+02 1.6375E+01 1.8460E+02 1.3157E+01 1.8464E+02 1.0809E+019030 3102
 1.8469E+02 9.0360E+00 1.8473E+02 7.6711E+00 1.8477E+02 6.5934E+009030 3102
 1.8481E+02 5.7311E+00 1.8485E+02 5.0275E+00 1.8490E+02 4.4486E+009030 3102
 1.8498E+02 3.5564E+00 1.8506E+02 2.9122E+00 1.8515E+02 2.4315E+009030 3102
 1.8523E+02 2.0634E+00 1.8532E+02 1.7753E+00 1.8540E+02 1.5457E+009030 3102
 1.8548E+02 1.3598E+00 1.8557E+02 1.2072E+00 1.8573E+02 9.7402E-019030 3102
 1.8590E+02 8.0690E-01 1.8607E+02 6.8325E-01 1.8624E+02 5.8936E-019030 3102
 1.8641E+02 5.1666E-01 1.8657E+02 4.5936E-01 1.8674E+02 4.1359E-019030 3102
 1.8691E+02 3.7663E-01 1.8725E+02 3.2185E-01 1.8758E+02 2.8486E-019030 3102
 1.8792E+02 2.5994E-01 1.8825E+02 2.4374E-01 1.8859E+02 2.3424E-019030 3102
 1.8892E+02 2.3027E-01 1.8926E+02 2.3119E-01 1.8959E+02 2.3682E-019030 3102
 1.8993E+02 2.4731E-01 1.9027E+02 2.6323E-01 1.9060E+02 2.8558E-019030 3102
 1.9094E+02 3.1598E-01 1.9127E+02 3.5697E-01 1.9161E+02 4.1247E-019030 3102
 1.9194E+02 4.8884E-01 1.9228E+02 5.9661E-01 1.9245E+02 6.6757E-019030 3102
 1.9262E+02 7.5430E-01 1.9278E+02 8.6178E-01 1.9295E+02 9.9690E-019030 3102
 1.9312E+02 1.1700E+00 1.9329E+02 1.3965E+00 1.9345E+02 1.7009E+009030 3102
 1.9362E+02 2.1232E+00 1.9371E+02 2.3985E+00 1.9379E+02 2.7331E+009030 3102
 1.9387E+02 3.1450E+00 1.9392E+02 3.3880E+00 1.9396E+02 3.6602E+009030 3102
 1.9400E+02 3.9673E+00 1.9404E+02 4.3162E+00 1.9406E+02 4.5086E+009030 3102
 1.9408E+02 4.7143E+00 1.9409E+02 4.8225E+00 1.9410E+02 4.9345E+009030 3102
 1.9412E+02 5.0505E+00 1.9413E+02 5.1697E+00 1.9415E+02 5.4234E+009030 3102
 1.9417E+02 5.6966E+00 1.9419E+02 5.9914E+00 1.9421E+02 6.3097E+009030 3102
 1.9423E+02 6.6543E+00 1.9425E+02 7.0265E+00 1.9427E+02 7.4331E+009030 3102
 1.9429E+02 7.8762E+00 1.9431E+02 8.3609E+00 1.9434E+02 8.8918E+009030 3102
 1.9436E+02 9.4752E+00 1.9438E+02 1.0115E+01 1.9440E+02 1.0826E+019030 3102
 1.9442E+02 1.1615E+01 1.9444E+02 1.2490E+01 1.9446E+02 1.3473E+019030 3102
 1.9448E+02 1.4577E+01 1.9450E+02 1.5824E+01 1.9452E+02 1.7237E+019030 3102
 1.9455E+02 1.8841E+01 1.9457E+02 2.0690E+01 1.9459E+02 2.2824E+019030 3102
 1.9461E+02 2.5295E+01 1.9463E+02 2.8204E+01 1.9465E+02 3.1645E+019030 3102
 1.9467E+02 3.5759E+01 1.9469E+02 4.0724E+01 1.9471E+02 4.6767E+019030 3102
 1.9473E+02 5.4292E+01 1.9475E+02 6.3780E+01 1.9478E+02 7.5909E+019030 3102
 1.9480E+02 9.1902E+01 1.9481E+02 1.0184E+02 1.9482E+02 1.1347E+029030 3102
 1.9483E+02 1.2717E+02 1.9484E+02 1.4350E+02 1.9485E+02 1.6309E+029030 3102
 1.9486E+02 1.8689E+02 1.9487E+02 2.1617E+02 1.9488E+02 2.5232E+029030 3102
 1.9489E+02 2.9845E+02 1.9490E+02 3.5785E+02 1.9491E+02 4.3580E+029030 3102
 1.9492E+02 5.4022E+02 1.9493E+02 6.0526E+02 1.9493E+02 6.8308E+029030 3102
 1.9494E+02 7.7341E+02 1.9494E+02 8.8041E+02 1.9495E+02 1.0099E+039030 3102
 1.9495E+02 1.1615E+03 1.9496E+02 1.3445E+03 1.9496E+02 1.5564E+039030 3102
 1.9497E+02 1.9888E+03 1.9498E+02 2.4879E+03 1.9499E+02 2.9239E+039030 3102
 1.9500E+02 3.0609E+03 1.9500E+02 3.1078E+03 1.9500E+02 3.0585E+039030 3102
 1.9501E+02 2.9236E+03 1.9502E+02 2.4875E+03 1.9503E+02 1.9883E+039030 3102
 1.9504E+02 1.5559E+03 1.9504E+02 1.2854E+03 1.9505E+02 1.0677E+039030 3102
 1.9506E+02 8.9351E+02 1.9506E+02 7.5441E+02 1.9507E+02 6.4306E+029030 3102
 1.9508E+02 5.5285E+02 1.9508E+02 4.7947E+02 1.9509E+02 4.1898E+029030 3102
 1.9510E+02 3.6879E+02 1.9510E+02 3.2687E+02 1.9512E+02 2.6127E+029030 3102
 1.9513E+02 2.1325E+02 1.9514E+02 1.7733E+02 1.9516E+02 1.4949E+029030 3102
 1.9517E+02 1.2764E+02 1.9518E+02 1.1019E+02 1.9520E+02 9.6064E+019030 3102
 1.9521E+02 8.4472E+01 1.9523E+02 7.4843E+01 1.9525E+02 5.9908E+019030 3102
 1.9528E+02 4.9018E+01 1.9531E+02 4.0843E+01 1.9533E+02 3.4547E+019030 3102
 1.9536E+02 2.9617E+01 1.9539E+02 2.5658E+01 1.9542E+02 2.2442E+019030 3102
 1.9544E+02 1.9794E+01 1.9547E+02 1.7596E+01 1.9552E+02 1.4163E+019030 3102
 1.9558E+02 1.1650E+01 1.9563E+02 9.7522E+00 1.9569E+02 8.2825E+009030 3102
 1.9574E+02 7.1231E+00 1.9580E+02 6.1939E+00 1.9585E+02 5.4354E+009030 3102
 1.9591E+02 4.8103E+00 1.9601E+02 3.8470E+00 1.9612E+02 3.1495E+009030 3102
 1.9623E+02 2.6284E+00 1.9634E+02 2.2290E+00 1.9645E+02 1.9161E+009030 3102
 1.9656E+02 1.6666E+00 1.9667E+02 1.4643E+00 1.9677E+02 1.2982E+009030 3102
 1.9699E+02 1.0442E+00 1.9721E+02 8.6176E-01 1.9743E+02 7.2658E-019030 3102
 1.9764E+02 6.2377E-01 1.9786E+02 5.4394E-01 1.9808E+02 4.8086E-019030 3102
 1.9830E+02 4.3032E-01 1.9851E+02 3.8933E-01 1.9895E+02 3.2815E-019030 3102
 1.9938E+02 2.8625E-01 1.9982E+02 2.5736E-01 2.0025E+02 2.3780E-019030 3102
 2.0069E+02 2.2533E-01 2.0112E+02 2.1860E-01 2.0156E+02 2.1689E-019030 3102
 2.0199E+02 2.1987E-01 2.0243E+02 2.2763E-01 2.0286E+02 2.4060E-019030 3102
 2.0330E+02 2.5967E-01 2.0373E+02 2.8628E-01 2.0417E+02 3.2275E-019030 3102
 2.0460E+02 3.7267E-01 2.0504E+02 4.4185E-01 2.0547E+02 5.3997E-019030 3102
 2.0569E+02 6.0478E-01 2.0591E+02 6.8407E-01 2.0612E+02 7.8236E-019030 3102
 2.0634E+02 9.0610E-01 2.0656E+02 1.0647E+00 2.0678E+02 1.2723E+009030 3102
 2.0699E+02 1.5513E+00 2.0721E+02 1.9383E+00 2.0732E+02 2.1905E+009030 3102
 2.0743E+02 2.4967E+00 2.0748E+02 2.6749E+00 2.0754E+02 2.8737E+009030 3102
 2.0759E+02 3.0959E+00 2.0765E+02 3.3449E+00 2.0767E+02 3.4812E+009030 3102
 2.0769E+02 3.5526E+00 2.0770E+02 3.6262E+00 2.0771E+02 3.7021E+009030 3102
 2.0773E+02 3.7806E+00 2.0775E+02 3.9445E+00 2.0781E+02 4.3079E+009030 3102
 2.0784E+02 4.5082E+00 2.0786E+02 4.7236E+00 2.0789E+02 4.9552E+009030 3102
 2.0792E+02 5.2034E+00 2.0794E+02 5.4719E+00 2.0797E+02 5.7619E+009030 3102
 2.0800E+02 6.0758E+00 2.0803E+02 6.4162E+00 2.0805E+02 6.7863E+009030 3102
 2.0808E+02 7.1880E+00 2.0811E+02 7.6282E+00 2.0813E+02 8.1107E+009030 3102
 2.0816E+02 8.6406E+00 2.0819E+02 9.2220E+00 2.0822E+02 9.8667E+009030 3102
 2.0824E+02 1.0582E+01 2.0827E+02 1.1375E+01 2.0830E+02 1.2264E+019030 3102
 2.0832E+02 1.3263E+01 2.0835E+02 1.4384E+01 2.0838E+02 1.5659E+019030 3102
 2.0841E+02 1.7110E+01 2.0843E+02 1.8775E+01 2.0846E+02 2.0686E+019030 3102
 2.0849E+02 2.2913E+01 2.0851E+02 2.5520E+01 2.0854E+02 2.8599E+019030 3102
 2.0857E+02 3.2266E+01 2.0860E+02 3.6686E+01 2.0862E+02 4.2052E+019030 3102
 2.0865E+02 4.8707E+01 2.0868E+02 5.7067E+01 2.0870E+02 6.7711E+019030 3102
 2.0873E+02 8.1651E+01 2.0875E+02 9.0282E+01 2.0876E+02 1.0032E+029030 3102
 2.0877E+02 1.1203E+02 2.0879E+02 1.2596E+02 2.0880E+02 1.4261E+029030 3102
 2.0881E+02 1.6272E+02 2.0883E+02 1.8724E+02 2.0884E+02 2.1755E+029030 3102
 2.0885E+02 2.5557E+02 2.0887E+02 3.0389E+02 2.0888E+02 3.6637E+029030 3102
 2.0890E+02 4.4794E+02 2.0891E+02 5.5780E+02 2.0892E+02 6.2673E+029030 3102
 2.0892E+02 7.0718E+02 2.0893E+02 8.0167E+02 2.0894E+02 9.1239E+029030 3102
 2.0894E+02 1.0414E+03 2.0895E+02 1.1914E+03 2.0896E+02 1.5246E+039030 3102
 2.0897E+02 1.9047E+03 2.0899E+02 2.2402E+03 2.0899E+02 2.3434E+039030 3102
 2.0900E+02 2.3799E+03 2.0901E+02 2.3432E+03 2.0901E+02 2.2399E+039030 3102
 2.0903E+02 1.9042E+03 2.0904E+02 1.5241E+03 2.0905E+02 1.1909E+039030 3102
 2.0906E+02 1.0109E+03 2.0907E+02 8.6090E+02 2.0908E+02 7.3711E+029030 3102
 2.0908E+02 6.3633E+02 2.0909E+02 5.5193E+02 2.0910E+02 4.8266E+029030 3102
 2.0911E+02 4.2420E+02 2.0912E+02 3.7571E+02 2.0913E+02 2.9887E+029030 3102
 2.0915E+02 2.4295E+02 2.0917E+02 2.0093E+02 2.0918E+02 1.6873E+029030 3102
 2.0920E+02 1.4340E+02 2.0922E+02 1.2340E+02 2.0923E+02 1.0726E+029030 3102
 2.0925E+02 9.4033E+01 2.0927E+02 8.3031E+01 2.0928E+02 7.3889E+019030 3102
 2.0931E+02 5.9544E+01 2.0935E+02 4.8977E+01 2.0938E+02 4.0982E+019030 3102
 2.0941E+02 3.4789E+01 2.0945E+02 2.9908E+01 2.0948E+02 2.5974E+019030 3102
 2.0951E+02 2.2774E+01 2.0955E+02 2.0124E+01 2.0958E+02 1.7915E+019030 3102
 2.0965E+02 1.4455E+01 2.0971E+02 1.1912E+01 2.0978E+02 9.9848E+009030 3102
 2.0984E+02 8.4908E+00 2.0991E+02 7.3091E+00 2.0998E+02 6.3584E+009030 3102
 2.1004E+02 5.5823E+00 2.1011E+02 4.9405E+00 2.1024E+02 3.9498E+009030 3102
 2.1037E+02 3.2314E+00 2.1051E+02 2.6937E+00 2.1064E+02 2.2807E+009030 3102
 2.1077E+02 1.9565E+00 2.1090E+02 1.6977E+00 2.1103E+02 1.4877E+009030 3102
 2.1117E+02 1.3149E+00 2.1143E+02 1.0500E+00 2.1170E+02 8.5924E-019030 3102
 2.1196E+02 7.1733E-01 2.1222E+02 6.0888E-01 2.1249E+02 5.2422E-019030 3102
 2.1275E+02 4.5685E-01 2.1302E+02 4.0241E-01 2.1328E+02 3.5779E-019030 3102
 2.1381E+02 2.8981E-01 2.1434E+02 2.4133E-01 2.1487E+02 2.0572E-019030 3102
 2.1540E+02 1.7900E-01 2.1593E+02 1.5866E-01 2.1646E+02 1.4308E-019030 3102
 2.1698E+02 1.3119E-01 2.1751E+02 1.2228E-01 2.1857E+02 1.1179E-019030 3102
 2.1910E+02 1.0988E-01 2.1963E+02 1.1024E-01 2.2016E+02 1.1320E-019030 3102
 2.2069E+02 1.1932E-01 2.2122E+02 1.2967E-01 2.2174E+02 1.4606E-019030 3102
 2.2227E+02 1.7181E-01 2.2254E+02 1.8997E-01 2.2280E+02 2.1323E-019030 3102
 2.2307E+02 2.4346E-01 2.2333E+02 2.8355E-01 2.2360E+02 3.3797E-019030 3102
 2.2386E+02 4.1424E-01 2.2399E+02 4.6430E-01 2.2412E+02 5.2541E-019030 3102
 2.2426E+02 6.0111E-01 2.2439E+02 6.9623E-01 2.2452E+02 8.1809E-019030 3102
 2.2465E+02 9.7768E-01 2.2479E+02 1.1924E+00 2.2492E+02 1.4905E+009030 3102
 2.2498E+02 1.6850E+00 2.2505E+02 1.9215E+00 2.2512E+02 2.2130E+009030 3102
 2.2518E+02 2.5780E+00 2.2525E+02 3.0441E+00 2.2531E+02 3.6505E+009030 3102
 2.2538E+02 4.4609E+00 2.2545E+02 5.5782E+00 2.2548E+02 6.3016E+009030 3102
 2.2551E+02 7.1791E+00 2.2555E+02 8.2548E+00 2.2556E+02 8.8845E+009030 3102
 2.2558E+02 9.5888E+00 2.2560E+02 1.0386E+01 2.2561E+02 1.1281E+019030 3102
 2.2562E+02 1.1776E+01 2.2563E+02 1.2298E+01 2.2564E+02 1.2855E+019030 3102
 2.2565E+02 1.3459E+01 2.2566E+02 1.4802E+01 2.2567E+02 1.5550E+019030 3102
 2.2568E+02 1.6345E+01 2.2569E+02 1.7215E+01 2.2569E+02 1.8144E+019030 3102
 2.2570E+02 1.9151E+01 2.2571E+02 2.0258E+01 2.2572E+02 2.1464E+019030 3102
 2.2573E+02 2.2780E+01 2.2574E+02 2.4221E+01 2.2574E+02 2.5782E+019030 3102
 2.2575E+02 2.7523E+01 2.2576E+02 2.9445E+01 2.2577E+02 3.1575E+019030 3102
 2.2578E+02 3.3912E+01 2.2579E+02 3.6554E+01 2.2579E+02 3.9482E+019030 3102
 2.2580E+02 4.2813E+01 2.2581E+02 4.6531E+01 2.2582E+02 5.0811E+019030 3102
 2.2583E+02 5.5706E+01 2.2584E+02 6.1340E+01 2.2584E+02 6.7776E+019030 3102
 2.2585E+02 7.5377E+01 2.2586E+02 8.4213E+01 2.2587E+02 9.4787E+019030 3102
 2.2588E+02 1.0733E+02 2.2588E+02 1.2268E+02 2.2589E+02 1.4152E+029030 3102
 2.2590E+02 1.6495E+02 2.2591E+02 1.9414E+02 2.2592E+02 2.3211E+029030 3102
 2.2593E+02 2.8122E+02 2.2593E+02 3.1164E+02 2.2593E+02 3.4703E+029030 3102
 2.2594E+02 3.8948E+02 2.2594E+02 4.3853E+02 2.2595E+02 4.9817E+029030 3102
 2.2595E+02 5.6807E+02 2.2596E+02 6.5430E+02 2.2596E+02 7.5671E+029030 3102
 2.2596E+02 8.8451E+02 2.2597E+02 1.0375E+03 2.2597E+02 1.2231E+039030 3102
 2.2598E+02 1.4482E+03 2.2598E+02 1.8576E+03 2.2599E+02 2.3170E+039030 3102
 2.2599E+02 2.7287E+03 2.2600E+02 2.8522E+03 2.2600E+02 2.8962E+039030 3102
 2.2600E+02 2.8494E+03 2.2601E+02 2.7229E+03 2.2601E+02 2.3168E+039030 3102
 2.2602E+02 1.8495E+03 2.2602E+02 1.4480E+03 2.2603E+02 1.2484E+039030 3102
 2.2603E+02 1.0751E+03 2.2604E+02 9.2939E+02 2.2604E+02 8.1096E+029030 3102
 2.2604E+02 7.0916E+02 2.2605E+02 6.2342E+02 2.2605E+02 4.9193E+029030 3102
 2.2606E+02 3.9598E+02 2.2607E+02 3.2470E+02 2.2608E+02 2.7050E+029030 3102
 2.2608E+02 2.2841E+02 2.2609E+02 1.9528E+02 2.2610E+02 1.6870E+029030 3102
 2.2610E+02 1.4715E+02 2.2611E+02 1.2942E+02 2.2612E+02 1.1465E+029030 3102
 2.2613E+02 1.0226E+02 2.2614E+02 8.2769E+01 2.2616E+02 6.8325E+019030 3102
 2.2617E+02 5.7336E+01 2.2619E+02 4.8740E+01 2.2620E+02 4.1973E+019030 3102
 2.2621E+02 3.6518E+01 2.2623E+02 3.2059E+01 2.2624E+02 2.8371E+019030 3102
 2.2626E+02 2.5281E+01 2.2629E+02 2.0441E+01 2.2632E+02 1.6858E+019030 3102
 2.2635E+02 1.4148E+01 2.2637E+02 1.2044E+01 2.2640E+02 1.0376E+019030 3102
 2.2643E+02 9.0328E+00 2.2646E+02 7.9318E+00 2.2649E+02 7.0236E+009030 3102
 2.2655E+02 5.6190E+00 2.2661E+02 4.5999E+00 2.2667E+02 3.8350E+009030 3102
 2.2673E+02 3.2482E+00 2.2678E+02 2.7867E+00 2.2684E+02 2.4184E+009030 3102
 2.2690E+02 2.1194E+00 2.2696E+02 1.8731E+00 2.2708E+02 1.4952E+009030 3102
 2.2719E+02 1.2228E+00 2.2731E+02 1.0199E+00 2.2743E+02 8.6493E-019030 3102
 2.2754E+02 7.4368E-01 2.2766E+02 6.4711E-01 2.2778E+02 5.6895E-019030 3102
 2.2789E+02 5.0485E-01 2.2813E+02 4.0678E-01 2.2836E+02 3.3638E-019030 3102
 2.2860E+02 2.8412E-01 2.2883E+02 2.4429E-01 2.2906E+02 2.1325E-019030 3102
 2.2930E+02 1.8858E-01 2.2953E+02 1.6869E-01 2.2976E+02 1.5242E-019030 3102
 2.3023E+02 1.2771E-01 2.3070E+02 1.1019E-01 2.3117E+02 9.7437E-029030 3102
 2.3163E+02 8.7983E-02 2.3210E+02 8.0921E-02 2.3257E+02 7.5662E-029030 3102
 2.3350E+02 6.9136E-02 2.3444E+02 6.6683E-02 2.3537E+02 6.7816E-029030 3102
 2.3631E+02 7.3088E-02 2.3678E+02 7.7864E-02 2.3724E+02 8.4752E-029030 3102
 2.3771E+02 9.4769E-02 2.3818E+02 1.0982E-01 2.3841E+02 1.2033E-019030 3102
 2.3865E+02 1.3387E-01 2.3888E+02 1.5177E-01 2.3911E+02 1.7624E-019030 3102
 2.3935E+02 2.1116E-01 2.3947E+02 2.3458E-01 2.3958E+02 2.6381E-019030 3102
 2.3970E+02 3.0097E-01 2.3982E+02 3.4934E-01 2.3993E+02 4.1398E-019030 3102
 2.4005E+02 5.0347E-01 2.4011E+02 5.6181E-01 2.4017E+02 6.3257E-019030 3102
 2.4022E+02 7.1972E-01 2.4028E+02 8.2885E-01 2.4034E+02 9.6831E-019030 3102
 2.4040E+02 1.1499E+00 2.4046E+02 1.3934E+00 2.4052E+02 1.7296E+009030 3102
 2.4055E+02 1.9482E+00 2.4058E+02 2.2142E+00 2.4060E+02 2.5401E+009030 3102
 2.4063E+02 2.9466E+00 2.4066E+02 3.4630E+00 2.4069E+02 4.1328E+009030 3102
 2.4072E+02 5.0226E+00 2.4075E+02 6.2418E+00 2.4077E+02 7.0332E+009030 3102
 2.4078E+02 7.9809E+00 2.4079E+02 9.1362E+00 2.4081E+02 1.0564E+019030 3102
 2.4082E+02 1.2358E+01 2.4084E+02 1.4652E+01 2.4085E+02 1.7655E+019030 3102
 2.4087E+02 2.1686E+01 2.4087E+02 2.4238E+01 2.4088E+02 2.7274E+019030 3102
 2.4089E+02 2.9029E+01 2.4089E+02 3.0967E+01 2.4089E+02 3.3041E+019030 3102
 2.4090E+02 3.5389E+01 2.4090E+02 3.8008E+01 2.4090E+02 4.0837E+019030 3102
 2.4091E+02 4.4077E+01 2.4091E+02 4.7620E+01 2.4092E+02 5.1603E+019030 3102
 2.4092E+02 5.6224E+01 2.4092E+02 6.1511E+01 2.4093E+02 6.7382E+019030 3102
 2.4093E+02 7.4122E+01 2.4093E+02 7.7872E+01 2.4093E+02 8.2122E+019030 3102
 2.4094E+02 8.6761E+01 2.4094E+02 9.1504E+01 2.4094E+02 1.0221E+029030 3102
 2.4094E+02 1.1520E+02 2.4095E+02 1.3034E+02 2.4095E+02 1.4916E+029030 3102
 2.4096E+02 1.7145E+02 2.4096E+02 1.8513E+02 2.4096E+02 2.1585E+029030 3102
 2.4096E+02 2.3399E+02 2.4096E+02 2.5436E+02 2.4097E+02 2.7731E+029030 3102
 2.4097E+02 3.0326E+02 2.4097E+02 3.3429E+02 2.4097E+02 3.7012E+029030 3102
 2.4097E+02 4.0888E+02 2.4098E+02 4.5320E+02 2.4098E+02 5.0397E+029030 3102
 2.4098E+02 5.6217E+02 2.4098E+02 6.3245E+02 2.4098E+02 7.0904E+029030 3102
 2.4098E+02 7.9590E+02 2.4099E+02 9.0468E+02 2.4099E+02 1.0198E+039030 3102
 2.4099E+02 1.2681E+03 2.4100E+02 1.4927E+03 2.4100E+02 1.5610E+039030 3102
 2.4100E+02 1.5868E+03 2.4100E+02 1.5610E+03 2.4100E+02 1.4926E+039030 3102
 2.4101E+02 1.2680E+03 2.4101E+02 1.0130E+03 2.4102E+02 7.9584E+029030 3102
 2.4102E+02 6.4035E+02 2.4102E+02 5.1940E+02 2.4103E+02 4.2540E+029030 3102
 2.4103E+02 3.5255E+02 2.4103E+02 2.9563E+02 2.4104E+02 2.5070E+029030 3102
 2.4104E+02 2.1480E+02 2.4104E+02 1.8662E+02 2.4105E+02 1.6277E+029030 3102
 2.4105E+02 1.4317E+02 2.4105E+02 1.2674E+02 2.4106E+02 1.1293E+029030 3102
 2.4106E+02 9.1191E+01 2.4107E+02 7.5312E+01 2.4108E+02 6.3033E+019030 3102
 2.4108E+02 5.3521E+01 2.4109E+02 4.5979E+01 2.4110E+02 4.0003E+019030 3102
 2.4110E+02 3.5044E+01 2.4111E+02 3.0958E+01 2.4112E+02 2.4660E+019030 3102
 2.4114E+02 2.0099E+01 2.4115E+02 1.6699E+01 2.4116E+02 1.4111E+019030 3102
 2.4118E+02 1.2071E+01 2.4119E+02 1.0455E+01 2.4121E+02 9.1370E+009030 3102
 2.4122E+02 8.0617E+00 2.4123E+02 7.1618E+00 2.4126E+02 5.7648E+009030 3102
 2.4129E+02 4.7481E+00 2.4131E+02 3.9826E+00 2.4134E+02 3.3918E+009030 3102
 2.4137E+02 2.9265E+00 2.4140E+02 2.5536E+00 2.4142E+02 2.2501E+009030 3102
 2.4145E+02 1.9991E+00 2.4150E+02 1.6142E+00 2.4156E+02 1.3369E+009030 3102
 2.4161E+02 1.1299E+00 2.4167E+02 9.7205E-01 2.4172E+02 8.4880E-019030 3102
 2.4177E+02 7.5070E-01 2.4183E+02 6.7156E-01 2.4188E+02 6.0701E-019030 3102
 2.4199E+02 5.0905E-01 2.4210E+02 4.3982E-01 2.4221E+02 3.8956E-019030 3102
 2.4232E+02 3.5237E-01 2.4243E+02 3.2453E-01 2.4253E+02 3.0358E-019030 3102
 2.4275E+02 2.7618E-01 2.4297E+02 2.6199E-01 2.4319E+02 2.5683E-019030 3102
 2.4340E+02 2.5848E-01 2.4362E+02 2.6582E-01 2.4405E+02 2.9619E-019030 3102
 2.4427E+02 3.1965E-01 2.4449E+02 3.4960E-01 2.4470E+02 3.8730E-019030 3102
 2.4492E+02 4.3464E-01 2.4514E+02 4.9436E-01 2.4536E+02 5.7042E-019030 3102
 2.4557E+02 6.6870E-01 2.4579E+02 7.9819E-01 2.4601E+02 9.7297E-019030 3102
 2.4622E+02 1.2163E+00 2.4633E+02 1.3754E+00 2.4644E+02 1.5688E+009030 3102
 2.4655E+02 1.8074E+00 2.4666E+02 2.1062E+00 2.4677E+02 2.4873E+009030 3102
 2.4687E+02 2.9837E+00 2.4693E+02 3.2907E+00 2.4698E+02 3.6473E+009030 3102
 2.4704E+02 4.0664E+00 2.4706E+02 4.3035E+00 2.4709E+02 4.5619E+009030 3102
 2.4712E+02 4.8455E+00 2.4713E+02 4.9963E+00 2.4715E+02 5.1554E+009030 3102
 2.4716E+02 5.3211E+00 2.4717E+02 5.4962E+00 2.4720E+02 5.8721E+009030 3102
 2.4723E+02 6.2898E+00 2.4725E+02 6.7520E+00 2.4728E+02 7.2672E+009030 3102
 2.4731E+02 7.8439E+00 2.4734E+02 8.4922E+00 2.4736E+02 9.2271E+009030 3102
 2.4739E+02 1.0059E+01 2.4742E+02 1.1009E+01 2.4744E+02 1.2104E+019030 3102
 2.4747E+02 1.3367E+01 2.4750E+02 1.4837E+01 2.4753E+02 1.6565E+019030 3102
 2.4755E+02 1.8621E+01 2.4758E+02 2.1074E+01 2.4761E+02 2.4044E+019030 3102
 2.4763E+02 2.7687E+01 2.4766E+02 3.2223E+01 2.4769E+02 3.7965E+019030 3102
 2.4770E+02 4.1439E+01 2.4772E+02 4.5381E+01 2.4773E+02 4.9942E+019030 3102
 2.4774E+02 5.5221E+01 2.4776E+02 6.1383E+01 2.4777E+02 6.8617E+019030 3102
 2.4778E+02 7.7131E+01 2.4780E+02 8.7386E+01 2.4781E+02 9.9705E+019030 3102
 2.4782E+02 1.1489E+02 2.4784E+02 1.3360E+02 2.4785E+02 1.5733E+029030 3102
 2.4786E+02 1.8779E+02 2.4788E+02 2.2769E+02 2.4789E+02 2.5232E+029030 3102
 2.4789E+02 2.8104E+02 2.4790E+02 3.1467E+02 2.4791E+02 3.5364E+029030 3102
 2.4791E+02 4.0046E+02 2.4792E+02 4.5653E+02 2.4793E+02 5.2399E+029030 3102
 2.4793E+02 6.0424E+02 2.4794E+02 7.0301E+02 2.4795E+02 8.2365E+029030 3102
 2.4795E+02 9.7045E+02 2.4796E+02 1.1444E+03 2.4797E+02 1.4645E+039030 3102
 2.4798E+02 1.8306E+03 2.4799E+02 2.1545E+03 2.4799E+02 2.2554E+039030 3102
 2.4800E+02 2.2912E+03 2.4800E+02 2.2950E+03 2.4800E+02 2.2950E+039030 3102
 2.4801E+02 2.2577E+03 2.4801E+02 2.1581E+03 2.4802E+02 1.8341E+039030 3102
 2.4803E+02 1.4680E+03 2.4804E+02 1.1480E+03 2.4805E+02 9.9783E+029030 3102
 2.4805E+02 8.6742E+02 2.4806E+02 7.5694E+02 2.4806E+02 6.6362E+029030 3102
 2.4807E+02 5.8476E+02 2.4808E+02 5.1893E+02 2.4809E+02 4.1333E+029030 3102
 2.4810E+02 3.3557E+02 2.4811E+02 2.7756E+02 2.4812E+02 2.3274E+029030 3102
 2.4813E+02 1.9804E+02 2.4814E+02 1.7029E+02 2.4816E+02 1.4797E+029030 3102
 2.4817E+02 1.2992E+02 2.4818E+02 1.1489E+02 2.4820E+02 9.1894E+019030 3102
 2.4823E+02 7.5303E+01 2.4825E+02 6.2917E+01 2.4827E+02 5.3506E+019030 3102
 2.4829E+02 4.6165E+01 2.4832E+02 4.0331E+01 2.4834E+02 3.5620E+019030 3102
 2.4836E+02 3.1749E+01 2.4839E+02 2.8554E+01 2.4841E+02 2.5876E+019030 3102
 2.4846E+02 2.1675E+01 2.4850E+02 1.8562E+01 2.4855E+02 1.6202E+019030 3102
 2.4860E+02 1.4362E+01 2.4864E+02 1.2907E+01 2.4869E+02 1.1732E+019030 3102
 2.4873E+02 1.0773E+01 2.4878E+02 9.9779E+00 2.4887E+02 8.7481E+009030 3102
 2.4897E+02 7.8537E+00 2.4906E+02 7.1829E+00 2.4915E+02 6.6668E+009030 3102
 2.4924E+02 6.2614E+00 2.4934E+02 5.9370E+00 2.4943E+02 5.6737E+009030 3102
 2.4952E+02 5.4565E+00 2.4971E+02 5.1230E+00 2.4989E+02 4.8820E+009030 3102
 2.5008E+02 4.7023E+00 2.5026E+02 4.5644E+00 2.5045E+02 4.4564E+009030 3102
 2.5063E+02 4.3700E+00 2.5081E+02 4.2998E+00 2.5100E+02 4.2419E+009030 3102
 3.1325E+02 3.3795E+00 3.7550E+02 2.9430E+00 4.3775E+02 2.5065E+009030 3102
 5.0000E+02 2.0700E+00 6.2500E+02 1.8750E+00 7.5000E+02 1.6800E+009030 3102
 8.7500E+02 1.4850E+00 1.0000E+03 1.2900E+00 1.2500E+03 1.1793E+009030 3102
 1.5000E+03 1.0685E+00 1.7500E+03 9.5775E-01 2.0000E+03 8.4700E-019030 3102
 2.5000E+03 7.6500E-01 3.0000E+03 6.8300E-01 3.5000E+03 6.4450E-019030 3102
 4.0000E+03 6.0600E-01 5.0000E+03 5.2900E-01 6.2500E+03 4.9175E-019030 3102
 7.5000E+03 4.5450E-01 8.7500E+03 4.1725E-01 1.0000E+04 3.8000E-019030 3102
 1.2500E+04 3.5275E-01 1.5000E+04 3.2550E-01 1.7500E+04 2.9825E-019030 3102
 2.0000E+04 2.7100E-01 2.5000E+04 2.4750E-01 3.0000E+04 2.2400E-019030 3102
 3.5000E+04 2.1300E-01 4.0000E+04 2.0200E-01 5.0000E+04 1.8000E-019030 3102
 5.3000E+04 1.7500E-01 5.3000E+04 1.7500E-01 6.4750E+04 1.4655E-019030 3102
 7.6500E+04 1.1810E-01 8.8250E+04 8.9650E-02 1.0000E+05 6.1200E-029030 3102
 1.1850E+05 5.6550E-02 1.3700E+05 5.1900E-02 1.5550E+05 4.7250E-029030 3102
 1.7400E+05 4.2600E-02 2.0000E+05 4.1900E-02 2.5000E+05 3.9950E-029030 3102
 3.0000E+05 3.8000E-02 3.5700E+05 3.6300E-02 4.2850E+05 3.7900E-029030 3102
 5.0000E+05 3.9500E-02 5.0700E+05 3.9500E-02 5.0700E+05 3.9500E-029030 3102
 5.7200E+05 3.5100E-02 6.3300E+05 3.2700E-02 6.3300E+05 3.2700E-029030 3102
 6.7700E+05 3.1500E-02 6.8200E+05 3.0800E-02 7.0000E+05 3.0000E-029030 3102
 7.7100E+05 2.9000E-02 7.8100E+05 2.8700E-02 8.3000E+05 2.7000E-029030 3102
 8.3000E+05 2.7000E-02 8.5200E+05 2.6300E-02 8.8100E+05 2.5500E-029030 3102
 9.3400E+05 2.5300E-02 9.5200E+05 2.5300E-02 9.5400E+05 2.5300E-029030 3102
 9.5400E+05 2.5300E-02 9.7300E+05 2.4900E-02 1.0000E+06 2.4500E-029030 3102
 1.2000E+06 1.8846E-02 1.5000E+06 1.3088E-02 1.7500E+06 1.1706E-029030 3102
 2.0000E+06 1.0324E-02 2.5000E+06 8.4443E-03 3.0000E+06 6.5647E-039030 3102
 3.5000E+06 6.2244E-03 4.0000E+06 5.8842E-03 5.0000E+06 5.2036E-039030 3102
 6.0000E+06 5.4758E-03 6.2500E+06 5.5439E-03 6.8208E+06 5.6993E-039030 3102
 6.8209E+06 5.6993E-03 7.5000E+06 5.8842E-03 8.7500E+06 6.2244E-039030 3102
 1.0000E+07 6.5647E-03 1.2093E+07 8.9006E-03 1.2500E+07 9.3549E-039030 3102
 1.5000E+07 1.2145E-02 1.7500E+07 1.3506E-02 2.0000E+07 1.4868E-029030 3102
                                                                  9030 3  0
