XE-124N,G    4.0000-01* JEF-2.2; RN - ---/SYS                     5424 3102
                                                                  5424 3102
 5.41240+04 1.2284E+02          0          0          0          05424 3102
 3.0000E+02 7.6028E+06          0          0          1       17865424 3102
       1786          2                                            5424 3102
 1.0000E-05 6.8368E+03 1.0772E-05 6.5874E+03 1.1544E-05 6.3634E+035424 3102
 1.2701E-05 6.0665E+03 1.4245E-05 5.7285E+03 1.5403E-05 5.5091E+035424 3102
 1.6174E-05 5.3761E+03 1.7718E-05 5.1366E+03 1.9261E-05 4.9266E+035424 3102
 2.0805E-05 4.7403E+03 2.2349E-05 4.5738E+03 2.4664E-05 4.3539E+035424 3102
 2.5436E-05 4.2873E+03 2.8523E-05 4.0488E+03 3.1610E-05 3.8461E+035424 3102
 3.4697E-05 3.6711E+03 3.7784E-05 3.5180E+03 4.0872E-05 3.3827E+035424 3102
 4.3187E-05 3.2908E+03 4.5502E-05 3.2060E+03 4.7046E-05 3.1530E+035424 3102
 5.1677E-05 3.0085E+03 5.3220E-05 2.9646E+03 5.9395E-05 2.8064E+035424 3102
 6.5569E-05 2.6711E+03 7.1743E-05 2.5537E+03 7.7918E-05 2.4505E+035424 3102
 8.4092E-05 2.3589E+03 8.8723E-05 2.2967E+03 9.3353E-05 2.2390E+035424 3102
 9.6440E-05 2.2029E+03 1.0570E-04 2.1043E+03 1.0879E-04 2.0743E+035424 3102
 1.1805E-04 1.9913E+03 1.2731E-04 1.9177E+03 1.3349E-04 1.8728E+035424 3102
 1.4584E-04 1.7919E+03 1.5818E-04 1.7207E+03 1.7053E-04 1.6572E+035424 3102
 1.8288E-04 1.6004E+03 2.0140E-04 1.5252E+03 2.2610E-04 1.4396E+035424 3102
 2.4462E-04 1.3840E+03 2.5697E-04 1.3505E+03 2.8167E-04 1.2900E+035424 3102
 3.0637E-04 1.2370E+03 3.3106E-04 1.1900E+03 3.5576E-04 1.1480E+035424 3102
 3.9281E-04 1.0926E+03 4.0516E-04 1.0758E+03 4.4220E-04 1.0298E+035424 3102
 4.7925E-04 9.8933E+02 5.0395E-04 9.6483E+02 5.5334E-04 9.2075E+025424 3102
 6.0273E-04 8.8225E+02 6.5213E-04 8.4825E+02 7.0152E-04 8.1788E+025424 3102
 7.7562E-04 7.7788E+02 8.0031E-04 7.6579E+02 8.7440E-04 7.3266E+025424 3102
 9.4850E-04 7.0348E+02 9.9789E-04 6.8587E+02 1.0967E-03 6.5427E+025424 3102
 1.1955E-03 6.2667E+02 1.2943E-03 6.0229E+02 1.3930E-03 5.8055E+025424 3102
 1.5412E-03 5.5196E+02 1.5906E-03 5.4333E+02 1.7388E-03 5.1968E+025424 3102
 1.8870E-03 4.9888E+02 1.9858E-03 4.8633E+02 2.1834E-03 4.6383E+025424 3102
 2.3809E-03 4.4418E+02 2.5785E-03 4.2686E+02 2.7761E-03 4.1142E+025424 3102
 3.0725E-03 3.9110E+02 3.1713E-03 3.8498E+02 3.4676E-03 3.6818E+025424 3102
 3.7640E-03 3.5343E+02 3.9616E-03 3.4452E+02 4.3567E-03 3.2856E+025424 3102
 4.7519E-03 3.1463E+02 5.1470E-03 3.0235E+02 5.5422E-03 2.9141E+025424 3102
 6.1349E-03 2.7702E+02 6.3325E-03 2.7268E+02 6.9252E-03 2.6079E+025424 3102
 7.5180E-03 2.5034E+02 7.9131E-03 2.4403E+02 8.7034E-03 2.3274E+025424 3102
 9.4938E-03 2.2290E+02 1.0284E-02 2.1421E+02 1.1074E-02 2.0648E+025424 3102
 1.2260E-02 1.9630E+02 1.2655E-02 1.9323E+02 1.3840E-02 1.8483E+025424 3102
 1.5026E-02 1.7745E+02 1.5816E-02 1.7300E+02 1.7397E-02 1.6503E+025424 3102
 1.8978E-02 1.5808E+02 2.0558E-02 1.5195E+02 2.2139E-02 1.4649E+025424 3102
 2.4510E-02 1.3933E+02 2.5300E-02 1.3716E+02 2.7777E-02 1.3099E+025424 3102
 3.0255E-02 1.2560E+02 3.2732E-02 1.2084E+02 3.5209E-02 1.1659E+025424 3102
 3.8925E-02 1.1101E+02 4.0164E-02 1.0932E+02 4.3880E-02 1.0470E+025424 3102
 4.5118E-02 1.0329E+02 5.0073E-02 9.8192E+01 5.5028E-02 9.3800E+015424 3102
 5.9982E-02 8.9967E+01 6.4937E-02 8.6592E+01 7.2369E-02 8.2202E+015424 3102
 7.4846E-02 8.0885E+01 8.2278E-02 7.7306E+01 9.2187E-02 7.3240E+015424 3102
 9.9619E-02 7.0605E+01 1.0457E-01 6.9013E+01 1.1448E-01 6.6154E+015424 3102
 1.2439E-01 6.3645E+01 1.3430E-01 6.1428E+01 1.4421E-01 5.9458E+015424 3102
 1.5907E-01 5.6858E+01 1.7889E-01 5.3931E+01 2.0367E-01 5.0927E+015424 3102
 2.2348E-01 4.8902E+01 2.4330E-01 4.7145E+01 2.6312E-01 4.5612E+015424 3102
 2.9285E-01 4.3624E+01 3.0276E-01 4.3033E+01 3.3248E-01 4.1442E+015424 3102
 3.4239E-01 4.0965E+01 3.8203E-01 3.9269E+01 4.2167E-01 3.7838E+015424 3102
 4.6130E-01 3.6628E+01 4.8112E-01 3.6095E+01 5.2076E-01 3.5142E+015424 3102
 5.8021E-01 3.3948E+01 6.3967E-01 3.2978E+01 6.8922E-01 3.2307E+015424 3102
 7.4867E-01 3.1638E+01 8.2299E-01 3.0973E+01 8.6758E-01 3.0649E+015424 3102
 9.2208E-01 3.0322E+01 9.7658E-01 3.0058E+01 1.0212E+00 2.9888E+015424 3102
 1.0757E+00 2.9727E+01 1.1748E+00 2.9557E+01 1.2937E+00 2.9537E+015424 3102
 1.3928E+00 2.9657E+01 1.5117E+00 2.9953E+01 1.6108E+00 3.0319E+015424 3102
 1.7297E+00 3.0901E+01 1.8486E+00 3.1642E+01 1.9675E+00 3.2546E+015424 3102
 2.0864E+00 3.3626E+01 2.1657E+00 3.4451E+01 2.2846E+00 3.5861E+015424 3102
 2.4035E+00 3.7502E+01 2.5224E+00 3.9408E+01 2.6017E+00 4.0845E+015424 3102
 2.7206E+00 4.3290E+01 2.7602E+00 4.4191E+01 2.8395E+00 4.6138E+015424 3102
 2.8791E+00 4.7192E+01 2.9584E+00 4.9472E+01 3.0377E+00 5.2016E+015424 3102
 3.0773E+00 5.3397E+01 3.1566E+00 5.6408E+01 3.1962E+00 5.8051E+015424 3102
 3.2755E+00 6.1648E+01 3.3151E+00 6.3618E+01 3.3548E+00 6.5718E+015424 3102
 3.3944E+00 6.7958E+01 3.4341E+00 7.0351E+01 3.4737E+00 7.2910E+015424 3102
 3.5133E+00 7.5651E+01 3.5530E+00 7.8593E+01 3.5926E+00 8.1754E+015424 3102
 3.6322E+00 8.5158E+01 3.6719E+00 8.8833E+01 3.7115E+00 9.2800E+015424 3102
 3.7512E+00 9.7108E+01 3.7908E+00 1.0178E+02 3.8304E+00 1.0687E+025424 3102
 3.8701E+00 1.1241E+02 3.9097E+00 1.1847E+02 3.9295E+00 1.2172E+025424 3102
 3.9692E+00 1.2869E+02 3.9890E+00 1.3245E+02 4.0286E+00 1.4055E+025424 3102
 4.0484E+00 1.4493E+02 4.0881E+00 1.5439E+02 4.1079E+00 1.5953E+025424 3102
 4.1277E+00 1.6495E+02 4.1475E+00 1.7069E+02 4.1673E+00 1.7678E+025424 3102
 4.1872E+00 1.8323E+02 4.2070E+00 1.9008E+02 4.2268E+00 1.9738E+025424 3102
 4.2466E+00 2.0513E+02 4.2664E+00 2.1342E+02 4.2862E+00 2.2225E+025424 3102
 4.3061E+00 2.3170E+02 4.3259E+00 2.4183E+02 4.3457E+00 2.5269E+025424 3102
 4.3655E+00 2.6438E+02 4.3853E+00 2.7695E+02 4.4052E+00 2.9053E+025424 3102
 4.4250E+00 3.0520E+02 4.4448E+00 3.2111E+02 4.4646E+00 3.3838E+025424 3102
 4.4844E+00 3.5719E+02 4.5042E+00 3.7772E+02 4.5241E+00 4.0018E+025424 3102
 4.5439E+00 4.2484E+02 4.5637E+00 4.5198E+02 4.5835E+00 4.8196E+025424 3102
 4.6033E+00 5.1518E+02 4.6133E+00 5.3317E+02 4.6232E+00 5.5217E+025424 3102
 4.6331E+00 5.7224E+02 4.6430E+00 5.9350E+02 4.6529E+00 6.1602E+025424 3102
 4.6628E+00 6.3990E+02 4.6727E+00 6.6528E+02 4.6826E+00 6.9225E+025424 3102
 4.6925E+00 7.2098E+02 4.7024E+00 7.5160E+02 4.7123E+00 7.8432E+025424 3102
 4.7223E+00 8.1929E+02 4.7322E+00 8.5675E+02 4.7421E+00 8.9692E+025424 3102
 4.7520E+00 9.4017E+02 4.7619E+00 9.8667E+02 4.7718E+00 1.0368E+035424 3102
 4.7817E+00 1.0911E+03 4.7916E+00 1.1498E+03 4.8015E+00 1.2136E+035424 3102
 4.8114E+00 1.2830E+03 4.8213E+00 1.3588E+03 4.8313E+00 1.4417E+035424 3102
 4.8412E+00 1.5325E+03 4.8511E+00 1.6326E+03 4.8610E+00 1.7430E+035424 3102
 4.8709E+00 1.8655E+03 4.8808E+00 2.0015E+03 4.8858E+00 2.0753E+035424 3102
 4.8907E+00 2.1534E+03 4.8957E+00 2.2361E+03 4.9006E+00 2.3238E+035424 3102
 4.9056E+00 2.4168E+03 4.9105E+00 2.5156E+03 4.9155E+00 2.6208E+035424 3102
 4.9204E+00 2.7327E+03 4.9254E+00 2.8521E+03 4.9303E+00 2.9796E+035424 3102
 4.9353E+00 3.1160E+03 4.9403E+00 3.2618E+03 4.9452E+00 3.4182E+035424 3102
 4.9502E+00 3.5862E+03 4.9551E+00 3.7667E+03 4.9601E+00 3.9608E+035424 3102
 4.9650E+00 4.1700E+03 4.9700E+00 4.3956E+03 4.9749E+00 4.6392E+035424 3102
 4.9799E+00 4.9022E+03 4.9848E+00 5.1869E+03 4.9898E+00 5.4948E+035424 3102
 4.9948E+00 5.8280E+03 4.9997E+00 6.1887E+03 5.0047E+00 6.5792E+035424 3102
 5.0096E+00 7.0014E+03 5.0146E+00 7.4581E+03 5.0195E+00 7.9510E+035424 3102
 5.0245E+00 8.4825E+03 5.0294E+00 9.0550E+03 5.0344E+00 9.6692E+035424 3102
 5.0393E+00 1.0328E+04 5.0443E+00 1.1030E+04 5.0493E+00 1.1777E+045424 3102
 5.0542E+00 1.2568E+04 5.0592E+00 1.3403E+04 5.0641E+00 1.4278E+045424 3102
 5.0691E+00 1.5192E+04 5.0740E+00 1.6140E+04 5.0839E+00 1.8112E+045424 3102
 5.0988E+00 2.1148E+04 5.1103E+00 2.3407E+04 5.1141E+00 2.4116E+045424 3102
 5.1217E+00 2.5430E+04 5.1275E+00 2.6305E+04 5.1332E+00 2.7066E+045424 3102
 5.1371E+00 2.7501E+04 5.1409E+00 2.7873E+04 5.1447E+00 2.8180E+045424 3102
 5.1485E+00 2.8418E+04 5.1524E+00 2.8584E+04 5.1562E+00 2.8677E+045424 3102
 5.1600E+00 2.8696E+04 5.1638E+00 2.8640E+04 5.1677E+00 2.8511E+045424 3102
 5.1715E+00 2.8309E+04 5.1753E+00 2.8038E+04 5.1791E+00 2.7699E+045424 3102
 5.1829E+00 2.7295E+04 5.1868E+00 2.6832E+04 5.1925E+00 2.6033E+045424 3102
 5.1982E+00 2.5126E+04 5.2059E+00 2.3780E+04 5.2135E+00 2.2318E+045424 3102
 5.2391E+00 1.7146E+04 5.2481E+00 1.5405E+04 5.2525E+00 1.4572E+045424 3102
 5.2570E+00 1.3766E+04 5.2615E+00 1.2993E+04 5.2660E+00 1.2255E+045424 3102
 5.2704E+00 1.1552E+04 5.2749E+00 1.0884E+04 5.2794E+00 1.0253E+045424 3102
 5.2839E+00 9.6583E+03 5.2884E+00 9.0983E+03 5.2928E+00 8.5725E+035424 3102
 5.2973E+00 8.0800E+03 5.3018E+00 7.6194E+03 5.3063E+00 7.1893E+035424 3102
 5.3107E+00 6.7880E+03 5.3152E+00 6.4139E+03 5.3197E+00 6.0654E+035424 3102
 5.3242E+00 5.7408E+03 5.3286E+00 5.4387E+03 5.3331E+00 5.1572E+035424 3102
 5.3376E+00 4.8952E+03 5.3421E+00 4.6509E+03 5.3465E+00 4.4234E+035424 3102
 5.3510E+00 4.2111E+03 5.3555E+00 4.0130E+03 5.3600E+00 3.8279E+035424 3102
 5.3645E+00 3.6550E+03 5.3689E+00 3.4931E+03 5.3734E+00 3.3415E+035424 3102
 5.3779E+00 3.1993E+03 5.3824E+00 3.0659E+03 5.3868E+00 2.9406E+035424 3102
 5.3913E+00 2.8228E+03 5.3958E+00 2.7118E+03 5.4003E+00 2.6072E+035424 3102
 5.4047E+00 2.5085E+03 5.4092E+00 2.4153E+03 5.4137E+00 2.3273E+035424 3102
 5.4182E+00 2.2440E+03 5.4271E+00 2.0903E+03 5.4361E+00 1.9519E+035424 3102
 5.4450E+00 1.8269E+03 5.4540E+00 1.7137E+03 5.4629E+00 1.6107E+035424 3102
 5.4719E+00 1.5168E+03 5.4808E+00 1.4309E+03 5.4898E+00 1.3522E+035424 3102
 5.4988E+00 1.2799E+03 5.5077E+00 1.2133E+03 5.5167E+00 1.1518E+035424 3102
 5.5256E+00 1.0949E+03 5.5346E+00 1.0422E+03 5.5435E+00 9.9325E+025424 3102
 5.5525E+00 9.4775E+02 5.5614E+00 9.0533E+02 5.5704E+00 8.6575E+025424 3102
 5.5793E+00 8.2873E+02 5.5883E+00 7.9409E+02 5.5972E+00 7.6162E+025424 3102
 5.6062E+00 7.3113E+02 5.6151E+00 7.0248E+02 5.6241E+00 6.7552E+025424 3102
 5.6330E+00 6.5012E+02 5.6420E+00 6.2616E+02 5.6510E+00 6.0353E+025424 3102
 5.6689E+00 5.6189E+02 5.6868E+00 5.2453E+02 5.7047E+00 4.9088E+025424 3102
 5.7226E+00 4.6046E+02 5.7405E+00 4.3287E+02 5.7584E+00 4.0778E+025424 3102
 5.7763E+00 3.8490E+02 5.7942E+00 3.6398E+02 5.8121E+00 3.4480E+025424 3102
 5.8300E+00 3.2718E+02 5.8479E+00 3.1097E+02 5.8658E+00 2.9600E+025424 3102
 5.8837E+00 2.8217E+02 5.9016E+00 2.6935E+02 5.9196E+00 2.5746E+025424 3102
 5.9375E+00 2.4641E+02 5.9554E+00 2.3613E+02 5.9733E+00 2.2653E+025424 3102
 5.9912E+00 2.1758E+02 6.0091E+00 2.0922E+02 6.0270E+00 2.0138E+025424 3102
 6.0449E+00 1.9403E+02 6.0628E+00 1.8715E+02 6.0807E+00 1.8068E+025424 3102
 6.0986E+00 1.7459E+02 6.1165E+00 1.6886E+02 6.1344E+00 1.6347E+025424 3102
 6.1523E+00 1.5838E+02 6.1702E+00 1.5357E+02 6.1881E+00 1.4903E+025424 3102
 6.2240E+00 1.4068E+02 6.2419E+00 1.3684E+02 6.2777E+00 1.2975E+025424 3102
 6.2956E+00 1.2648E+02 6.3314E+00 1.2042E+02 6.3493E+00 1.1762E+025424 3102
 6.3851E+00 1.1242E+02 6.4209E+00 1.0773E+02 6.4388E+00 1.0554E+025424 3102
 6.4747E+00 1.0149E+02 6.4926E+00 9.9608E+01 6.5284E+00 9.6117E+015424 3102
 6.5463E+00 9.4483E+01 6.5821E+00 9.1458E+01 6.6179E+00 8.8717E+015424 3102
 6.6358E+00 8.7442E+01 6.6716E+00 8.5067E+01 6.6895E+00 8.3967E+015424 3102
 6.7253E+00 8.1930E+01 6.7791E+00 7.9237E+01 6.8149E+00 7.7665E+015424 3102
 6.8686E+00 7.5612E+01 6.9223E+00 7.3896E+01 6.9760E+00 7.2485E+015424 3102
 7.0118E+00 7.1703E+01 7.0656E+00 7.0750E+01 7.1193E+00 7.0048E+015424 3102
 7.1551E+00 6.9713E+01 7.1999E+00 6.9438E+01 7.2267E+00 6.9347E+015424 3102
 7.2536E+00 6.9310E+01 7.2849E+00 6.9336E+01 7.3207E+00 6.9454E+015424 3102
 7.3700E+00 6.9769E+01 7.4192E+00 7.0261E+01 7.4685E+00 7.0928E+015424 3102
 7.4908E+00 7.1291E+01 7.5177E+00 7.1775E+01 7.5580E+00 7.2603E+015424 3102
 7.5849E+00 7.3223E+01 7.6117E+00 7.3901E+01 7.6565E+00 7.5158E+015424 3102
 7.6833E+00 7.5992E+01 7.7102E+00 7.6887E+01 7.7460E+00 7.8179E+015424 3102
 7.7639E+00 7.8868E+01 7.7997E+00 8.0338E+01 7.8176E+00 8.1119E+015424 3102
 7.8534E+00 8.2778E+01 7.8714E+00 8.3658E+01 7.9072E+00 8.5517E+015424 3102
 7.9430E+00 8.7533E+01 7.9609E+00 8.8592E+01 7.9967E+00 9.0842E+015424 3102
 8.0146E+00 9.2025E+01 8.0504E+00 9.4525E+01 8.0683E+00 9.5850E+015424 3102
 8.1041E+00 9.8642E+01 8.1400E+00 1.0164E+02 8.1579E+00 1.0323E+025424 3102
 8.1937E+00 1.0657E+02 8.2116E+00 1.0833E+02 8.2474E+00 1.1206E+025424 3102
 8.2653E+00 1.1403E+02 8.3011E+00 1.1818E+02 8.3369E+00 1.2267E+025424 3102
 8.3548E+00 1.2504E+02 8.3906E+00 1.3007E+02 8.4085E+00 1.3273E+025424 3102
 8.4444E+00 1.3837E+02 8.4623E+00 1.4136E+02 8.4802E+00 1.4447E+025424 3102
 8.4981E+00 1.4771E+02 8.5160E+00 1.5108E+02 8.5339E+00 1.5460E+025424 3102
 8.5518E+00 1.5827E+02 8.5697E+00 1.6209E+02 8.5876E+00 1.6608E+025424 3102
 8.6055E+00 1.7024E+02 8.6234E+00 1.7459E+02 8.6413E+00 1.7915E+025424 3102
 8.6592E+00 1.8389E+02 8.6771E+00 1.8887E+02 8.6951E+00 1.9407E+025424 3102
 8.7130E+00 1.9952E+02 8.7309E+00 2.0523E+02 8.7488E+00 2.1122E+025424 3102
 8.7667E+00 2.1752E+02 8.7846E+00 2.2412E+02 8.8025E+00 2.3107E+025424 3102
 8.8204E+00 2.3838E+02 8.8383E+00 2.4607E+02 8.8562E+00 2.5417E+025424 3102
 8.8741E+00 2.6272E+02 8.8920E+00 2.7173E+02 8.9099E+00 2.8127E+025424 3102
 8.9278E+00 2.9136E+02 8.9457E+00 3.0204E+02 8.9636E+00 3.1336E+025424 3102
 8.9816E+00 3.2537E+02 8.9995E+00 3.3812E+02 9.0174E+00 3.5170E+025424 3102
 9.0353E+00 3.6616E+02 9.0532E+00 3.8157E+02 9.0711E+00 3.9804E+025424 3102
 9.0890E+00 4.1566E+02 9.1069E+00 4.3452E+02 9.1248E+00 4.5478E+025424 3102
 9.1427E+00 4.7653E+02 9.1606E+00 4.9997E+02 9.1785E+00 5.2525E+025424 3102
 9.1964E+00 5.5257E+02 9.2143E+00 5.8217E+02 9.2322E+00 6.1430E+025424 3102
 9.2502E+00 6.4926E+02 9.2681E+00 6.8740E+02 9.2860E+00 7.2911E+025424 3102
 9.3039E+00 7.7486E+02 9.3128E+00 7.9942E+02 9.3218E+00 8.2520E+025424 3102
 9.3307E+00 8.5225E+02 9.3397E+00 8.8075E+02 9.3486E+00 9.1075E+025424 3102
 9.3576E+00 9.4233E+02 9.3665E+00 9.7558E+02 9.3755E+00 1.0108E+035424 3102
 9.3844E+00 1.0479E+03 9.3934E+00 1.0872E+03 9.4024E+00 1.1288E+035424 3102
 9.4113E+00 1.1729E+03 9.4203E+00 1.2197E+03 9.4292E+00 1.2694E+035424 3102
 9.4382E+00 1.3224E+03 9.4471E+00 1.3788E+03 9.4561E+00 1.4390E+035424 3102
 9.4650E+00 1.5034E+03 9.4740E+00 1.5722E+03 9.4829E+00 1.6462E+035424 3102
 9.4919E+00 1.7255E+03 9.5008E+00 1.8108E+03 9.5098E+00 1.9029E+035424 3102
 9.5187E+00 2.0023E+03 9.5277E+00 2.1099E+03 9.5367E+00 2.2268E+035424 3102
 9.5456E+00 2.3538E+03 9.5546E+00 2.4922E+03 9.5635E+00 2.6434E+035424 3102
 9.5725E+00 2.8092E+03 9.5814E+00 2.9912E+03 9.5904E+00 3.1917E+035424 3102
 9.5993E+00 3.4132E+03 9.6038E+00 3.5327E+03 9.6083E+00 3.6584E+035424 3102
 9.6128E+00 3.7910E+03 9.6172E+00 3.9307E+03 9.6217E+00 4.0780E+035424 3102
 9.6262E+00 4.2336E+03 9.6307E+00 4.3978E+03 9.6351E+00 4.5714E+035424 3102
 9.6396E+00 4.7548E+03 9.6441E+00 4.9488E+03 9.6486E+00 5.1538E+035424 3102
 9.6530E+00 5.3708E+03 9.6575E+00 5.6003E+03 9.6620E+00 5.8432E+035424 3102
 9.6665E+00 6.1002E+03 9.6710E+00 6.3720E+03 9.6754E+00 6.6596E+035424 3102
 9.6799E+00 6.9636E+03 9.6844E+00 7.2849E+03 9.6889E+00 7.6243E+035424 3102
 9.6933E+00 7.9827E+03 9.6978E+00 8.3608E+03 9.7023E+00 8.7592E+035424 3102
 9.7068E+00 9.1783E+03 9.7112E+00 9.6192E+03 9.7157E+00 1.0082E+045424 3102
 9.7202E+00 1.0568E+04 9.7247E+00 1.1077E+04 9.7291E+00 1.1607E+045424 3102
 9.7336E+00 1.2161E+04 9.7381E+00 1.2738E+04 9.7426E+00 1.3336E+045424 3102
 9.7515E+00 1.4598E+04 9.7560E+00 1.5259E+04 9.7650E+00 1.6635E+045424 3102
 9.7784E+00 1.8804E+04 9.8008E+00 2.2528E+04 9.8146E+00 2.4734E+045424 3102
 9.8193E+00 2.5438E+04 9.8239E+00 2.6113E+04 9.8333E+00 2.7358E+045424 3102
 9.8403E+00 2.8179E+04 9.8473E+00 2.8889E+04 9.8520E+00 2.9294E+045424 3102
 9.8566E+00 2.9640E+04 9.8613E+00 2.9925E+04 9.8660E+00 3.0147E+045424 3102
 9.8707E+00 3.0302E+04 9.8753E+00 3.0390E+04 9.8800E+00 3.0411E+045424 3102
 9.8847E+00 3.0363E+04 9.8893E+00 3.0249E+04 9.8940E+00 3.0068E+045424 3102
 9.8987E+00 2.9822E+04 9.9034E+00 2.9512E+04 9.9080E+00 2.9142E+045424 3102
 9.9174E+00 2.8236E+04 9.9267E+00 2.7131E+04 9.9361E+00 2.5861E+045424 3102
 9.9407E+00 2.5176E+04 9.9501E+00 2.3728E+04 9.9621E+00 2.1765E+045424 3102
 9.9842E+00 1.8101E+04 9.9916E+00 1.6918E+04 1.0003E+01 1.5214E+045424 3102
 1.0014E+01 1.3623E+04 1.0017E+01 1.3121E+04 1.0025E+01 1.2158E+045424 3102
 1.0032E+01 1.1258E+04 1.0036E+01 1.0832E+04 1.0043E+01 1.0022E+045424 3102
 1.0051E+01 9.2742E+03 1.0058E+01 8.5842E+03 1.0065E+01 7.9505E+035424 3102
 1.0073E+01 7.3702E+03 1.0080E+01 6.8387E+03 1.0087E+01 6.3532E+035424 3102
 1.0095E+01 5.9103E+03 1.0102E+01 5.5065E+03 1.0110E+01 5.1384E+035424 3102
 1.0117E+01 4.8028E+03 1.0124E+01 4.4966E+03 1.0132E+01 4.2174E+035424 3102
 1.0139E+01 3.9618E+03 1.0146E+01 3.7279E+03 1.0154E+01 3.5136E+035424 3102
 1.0161E+01 3.3168E+03 1.0168E+01 3.1359E+03 1.0176E+01 2.9692E+035424 3102
 1.0183E+01 2.8154E+03 1.0191E+01 2.6735E+03 1.0198E+01 2.5418E+035424 3102
 1.0205E+01 2.4198E+03 1.0213E+01 2.3063E+03 1.0220E+01 2.2007E+035424 3102
 1.0227E+01 2.1022E+03 1.0235E+01 2.0103E+03 1.0242E+01 1.9243E+035424 3102
 1.0249E+01 1.8439E+03 1.0257E+01 1.7683E+03 1.0264E+01 1.6974E+035424 3102
 1.0272E+01 1.6307E+03 1.0279E+01 1.5678E+03 1.0286E+01 1.5087E+035424 3102
 1.0294E+01 1.4528E+03 1.0301E+01 1.3999E+03 1.0308E+01 1.3500E+035424 3102
 1.0323E+01 1.2578E+03 1.0338E+01 1.1748E+03 1.0353E+01 1.0998E+035424 3102
 1.0367E+01 1.0318E+03 1.0382E+01 9.6983E+02 1.0397E+01 9.1342E+025424 3102
 1.0412E+01 8.6175E+02 1.0426E+01 8.1437E+02 1.0441E+01 7.7080E+025424 3102
 1.0456E+01 7.3064E+02 1.0471E+01 6.9354E+02 1.0485E+01 6.5923E+025424 3102
 1.0500E+01 6.2739E+02 1.0515E+01 5.9780E+02 1.0530E+01 5.7026E+025424 3102
 1.0544E+01 5.4459E+02 1.0559E+01 5.2061E+02 1.0574E+01 4.9818E+025424 3102
 1.0588E+01 4.7717E+02 1.0603E+01 4.5748E+02 1.0618E+01 4.3897E+025424 3102
 1.0633E+01 4.2156E+02 1.0647E+01 4.0517E+02 1.0662E+01 3.8972E+025424 3102
 1.0677E+01 3.7513E+02 1.0692E+01 3.6136E+02 1.0721E+01 3.3598E+025424 3102
 1.0751E+01 3.1318E+02 1.0780E+01 2.9262E+02 1.0810E+01 2.7400E+025424 3102
 1.0839E+01 2.5710E+02 1.0868E+01 2.4171E+02 1.0898E+01 2.2765E+025424 3102
 1.0927E+01 2.1478E+02 1.0957E+01 2.0298E+02 1.0986E+01 1.9212E+025424 3102
 1.1016E+01 1.8210E+02 1.1045E+01 1.7284E+02 1.1075E+01 1.6428E+025424 3102
 1.1104E+01 1.5633E+02 1.1134E+01 1.4893E+02 1.1163E+01 1.4205E+025424 3102
 1.1193E+01 1.3564E+02 1.1222E+01 1.2965E+02 1.1252E+01 1.2404E+025424 3102
 1.1281E+01 1.1879E+02 1.1311E+01 1.1387E+02 1.1340E+01 1.0924E+025424 3102
 1.1370E+01 1.0489E+02 1.1399E+01 1.0080E+02 1.1428E+01 9.6942E+015424 3102
 1.1458E+01 9.3300E+01 1.1487E+01 8.9858E+01 1.1546E+01 8.3525E+015424 3102
 1.1605E+01 7.7830E+01 1.1664E+01 7.2691E+01 1.1723E+01 6.8041E+015424 3102
 1.1782E+01 6.3821E+01 1.1841E+01 5.9980E+01 1.1900E+01 5.6474E+015424 3102
 1.1959E+01 5.3264E+01 1.2018E+01 5.0320E+01 1.2077E+01 4.7612E+015424 3102
 1.2136E+01 4.5116E+01 1.2195E+01 4.2808E+01 1.2254E+01 4.0673E+015424 3102
 1.2313E+01 3.8693E+01 1.2372E+01 3.6852E+01 1.2431E+01 3.5140E+015424 3102
 1.2490E+01 3.3542E+01 1.2549E+01 3.2052E+01 1.2607E+01 3.0657E+015424 3102
 1.2666E+01 2.9350E+01 1.2725E+01 2.8124E+01 1.2784E+01 2.6974E+015424 3102
 1.2843E+01 2.5893E+01 1.2902E+01 2.4873E+01 1.2961E+01 2.3913E+015424 3102
 1.3020E+01 2.3007E+01 1.3079E+01 2.2152E+01 1.3138E+01 2.1345E+015424 3102
 1.3256E+01 1.9857E+01 1.3374E+01 1.8512E+01 1.3492E+01 1.7299E+015424 3102
 1.3610E+01 1.6200E+01 1.3728E+01 1.5201E+01 1.3845E+01 1.4290E+015424 3102
 1.3963E+01 1.3458E+01 1.4081E+01 1.2696E+01 1.4199E+01 1.1996E+015424 3102
 1.4317E+01 1.1351E+01 1.4435E+01 1.0756E+01 1.4553E+01 1.0206E+015424 3102
 1.4671E+01 9.6967E+00 1.4789E+01 9.2242E+00 1.4907E+01 8.7842E+005424 3102
 1.5024E+01 8.3750E+00 1.5142E+01 7.9926E+00 1.5260E+01 7.6357E+005424 3102
 1.5378E+01 7.3016E+00 1.5496E+01 6.9886E+00 1.5614E+01 6.6949E+005424 3102
 1.5732E+01 6.4190E+00 1.5850E+01 6.1594E+00 1.5968E+01 5.9149E+005424 3102
 1.6086E+01 5.6844E+00 1.6203E+01 5.4668E+00 1.6321E+01 5.2612E+005424 3102
 1.6439E+01 5.0667E+00 1.6557E+01 4.8835E+00 1.6793E+01 4.5443E+005424 3102
 1.7029E+01 4.2374E+00 1.7265E+01 3.9599E+00 1.7500E+01 3.7081E+005424 3102
 1.7736E+01 3.4788E+00 1.7972E+01 3.2698E+00 1.8208E+01 3.0784E+005424 3102
 1.8444E+01 2.9029E+00 1.8679E+01 2.7416E+00 1.8915E+01 2.5929E+005424 3102
 1.9151E+01 2.4557E+00 1.9387E+01 2.3288E+00 1.9622E+01 2.2111E+005424 3102
 1.9858E+01 2.1018E+00 2.0094E+01 2.0002E+00 2.0330E+01 1.9055E+005424 3102
 2.0566E+01 1.8172E+00 2.0801E+01 1.7347E+00 2.1037E+01 1.6574E+005424 3102
 2.1273E+01 1.5851E+00 2.1509E+01 1.5172E+00 2.1745E+01 1.4534E+005424 3102
 2.1980E+01 1.3934E+00 2.2216E+01 1.3369E+00 2.2452E+01 1.2837E+005424 3102
 2.2688E+01 1.2334E+00 2.2924E+01 1.1859E+00 2.3159E+01 1.1411E+005424 3102
 2.3395E+01 1.0986E+00 2.3631E+01 1.0585E+00 2.4103E+01 9.8433E-015424 3102
 2.4574E+01 9.1717E-01 2.5046E+01 8.5642E-01 2.5517E+01 8.0131E-015424 3102
 2.5989E+01 7.5113E-01 2.6461E+01 7.0534E-01 2.6932E+01 6.6345E-015424 3102
 2.7404E+01 6.2503E-01 2.7875E+01 5.8973E-01 2.8347E+01 5.5722E-015424 3102
 2.8819E+01 5.2721E-01 2.9290E+01 4.9947E-01 2.9762E+01 4.7377E-015424 3102
 3.0233E+01 4.4992E-01 3.0705E+01 4.2776E-01 3.1177E+01 4.0713E-015424 3102
 3.1648E+01 3.8789E-01 3.2120E+01 3.6993E-01 3.2591E+01 3.5313E-015424 3102
 3.3063E+01 3.3742E-01 3.3535E+01 3.2267E-01 3.4006E+01 3.0884E-015424 3102
 3.4478E+01 2.9585E-01 3.4949E+01 2.8362E-01 3.5421E+01 2.7210E-015424 3102
 3.5893E+01 2.6124E-01 3.6364E+01 2.5100E-01 3.6836E+01 2.4133E-015424 3102
 3.7307E+01 2.3218E-01 3.7779E+01 2.2351E-01 3.8251E+01 2.1533E-015424 3102
 3.9194E+01 2.0019E-01 4.0137E+01 1.8652E-01 4.1080E+01 1.7415E-015424 3102
 4.2023E+01 1.6293E-01 4.2967E+01 1.5272E-01 4.3910E+01 1.4343E-015424 3102
 4.4853E+01 1.3492E-01 4.5796E+01 1.2712E-01 4.6739E+01 1.1997E-015424 3102
 4.7682E+01 1.1338E-01 4.8626E+01 1.0731E-01 4.9569E+01 1.0170E-015424 3102
 5.0512E+01 9.6508E-02 5.1455E+01 9.1700E-02 5.2398E+01 8.7233E-025424 3102
 5.3342E+01 8.3081E-02 5.4285E+01 7.9213E-02 5.5228E+01 7.5607E-025424 3102
 5.6171E+01 7.2238E-02 5.7114E+01 6.9089E-02 5.8058E+01 6.6141E-025424 3102
 5.9001E+01 6.3377E-02 5.9944E+01 6.0783E-02 6.0887E+01 5.8347E-025424 3102
 6.1830E+01 5.6055E-02 6.2774E+01 5.3898E-02 6.3717E+01 5.1864E-025424 3102
 6.4660E+01 4.9946E-02 6.5603E+01 4.8135E-02 6.6546E+01 4.6428E-025424 3102
 6.8433E+01 4.3280E-02 7.0319E+01 4.0454E-02 7.2205E+01 3.7910E-025424 3102
 7.4092E+01 3.5613E-02 7.5978E+01 3.3538E-02 7.7865E+01 3.1653E-025424 3102
 7.9751E+01 2.9942E-02 8.1637E+01 2.8383E-02 8.3524E+01 2.6961E-025424 3102
 8.5410E+01 2.5662E-02 8.7297E+01 2.4473E-02 8.9183E+01 2.3383E-025424 3102
 9.1069E+01 2.2383E-02 9.2956E+01 2.1465E-02 9.4842E+01 2.0622E-025424 3102
 9.6728E+01 1.9845E-02 9.8615E+01 1.9131E-02 1.0050E+02 1.8473E-025424 3102
 1.0239E+02 1.7868E-02 1.0427E+02 1.7312E-02 1.0616E+02 1.6799E-025424 3102
 1.0805E+02 1.6328E-02 1.0993E+02 1.5896E-02 1.1182E+02 1.5499E-025424 3102
 1.1371E+02 1.5136E-02 1.1559E+02 1.4805E-02 1.1937E+02 1.4231E-025424 3102
 1.2314E+02 1.3762E-02 1.2691E+02 1.3391E-02 1.3068E+02 1.3109E-025424 3102
 1.3446E+02 1.2913E-02 1.3823E+02 1.2797E-02 1.4200E+02 1.2761E-025424 3102
 1.4577E+02 1.2804E-02 1.4955E+02 1.2929E-02 1.5332E+02 1.3138E-025424 3102
 1.5709E+02 1.3436E-02 1.6087E+02 1.3832E-02 1.6275E+02 1.4068E-025424 3102
 1.6464E+02 1.4334E-02 1.6652E+02 1.4630E-02 1.6841E+02 1.4959E-025424 3102
 1.7030E+02 1.5322E-02 1.7218E+02 1.5721E-02 1.7407E+02 1.6162E-025424 3102
 1.7596E+02 1.6645E-02 1.7784E+02 1.7177E-02 1.7973E+02 1.7760E-025424 3102
 1.8162E+02 1.8401E-02 1.8350E+02 1.9104E-02 1.8539E+02 1.9877E-025424 3102
 1.8728E+02 2.0728E-02 1.8916E+02 2.1665E-02 1.9105E+02 2.2699E-025424 3102
 1.9293E+02 2.3840E-02 1.9482E+02 2.5105E-02 1.9671E+02 2.6509E-025424 3102
 1.9859E+02 2.8072E-02 2.0048E+02 2.9818E-02 2.0237E+02 3.1773E-025424 3102
 2.0425E+02 3.3967E-02 2.0520E+02 3.5165E-02 2.0614E+02 3.6444E-025424 3102
 2.0708E+02 3.7806E-02 2.0803E+02 3.9258E-02 2.0897E+02 4.0809E-025424 3102
 2.0991E+02 4.2467E-02 2.1085E+02 4.4242E-02 2.1180E+02 4.6145E-025424 3102
 2.1274E+02 4.8189E-02 2.1368E+02 5.0388E-02 2.1463E+02 5.2757E-025424 3102
 2.1557E+02 5.5314E-02 2.1651E+02 5.8081E-02 2.1746E+02 6.1080E-025424 3102
 2.1840E+02 6.4338E-02 2.1934E+02 6.7884E-02 2.2029E+02 7.1755E-025424 3102
 2.2123E+02 7.5991E-02 2.2217E+02 8.0639E-02 2.2312E+02 8.5758E-025424 3102
 2.2406E+02 9.1408E-02 2.2500E+02 9.7667E-02 2.2595E+02 1.0462E-015424 3102
 2.2689E+02 1.1236E-01 2.2736E+02 1.1656E-01 2.2783E+02 1.2103E-015424 3102
 2.2830E+02 1.2578E-01 2.2878E+02 1.3082E-01 2.2925E+02 1.3619E-015424 3102
 2.2972E+02 1.4190E-01 2.3019E+02 1.4800E-01 2.3066E+02 1.5451E-015424 3102
 2.3113E+02 1.6147E-01 2.3161E+02 1.6893E-01 2.3208E+02 1.7692E-015424 3102
 2.3255E+02 1.8553E-01 2.3302E+02 1.9479E-01 2.3349E+02 2.0478E-015424 3102
 2.3396E+02 2.1559E-01 2.3443E+02 2.2729E-01 2.3491E+02 2.4000E-015424 3102
 2.3538E+02 2.5383E-01 2.3585E+02 2.6891E-01 2.3632E+02 2.8540E-015424 3102
 2.3679E+02 3.0349E-01 2.3726E+02 3.2340E-01 2.3774E+02 3.4537E-015424 3102
 2.3821E+02 3.6968E-01 2.3868E+02 3.9662E-01 2.3891E+02 4.1122E-015424 3102
 2.3915E+02 4.2667E-01 2.3939E+02 4.4305E-01 2.3962E+02 4.6041E-015424 3102
 2.3986E+02 4.7883E-01 2.4009E+02 4.9840E-01 2.4033E+02 5.1920E-015424 3102
 2.4057E+02 5.4136E-01 2.4080E+02 5.6498E-01 2.4104E+02 5.9019E-015424 3102
 2.4127E+02 6.1716E-01 2.4151E+02 6.4604E-01 2.4174E+02 6.7702E-015424 3102
 2.4198E+02 7.1031E-01 2.4222E+02 7.4614E-01 2.4245E+02 7.8479E-015424 3102
 2.4269E+02 8.2654E-01 2.4292E+02 8.7175E-01 2.4316E+02 9.2075E-015424 3102
 2.4340E+02 9.7408E-01 2.4363E+02 1.0322E+00 2.4387E+02 1.0957E+005424 3102
 2.4398E+02 1.1297E+00 2.4422E+02 1.2027E+00 2.4434E+02 1.2420E+005424 3102
 2.4457E+02 1.3265E+00 2.4469E+02 1.3720E+00 2.4493E+02 1.4705E+005424 3102
 2.4505E+02 1.5238E+00 2.4527E+02 1.6319E+00 2.4537E+02 1.6864E+005424 3102
 2.4546E+02 1.7353E+00 2.4563E+02 1.8398E+00 2.4575E+02 1.9149E+005424 3102
 2.4593E+02 2.0365E+00 2.4599E+02 2.0796E+00 2.4611E+02 2.1701E+005424 3102
 2.4617E+02 2.2177E+00 2.4628E+02 2.3175E+00 2.4640E+02 2.4243E+005424 3102
 2.4646E+02 2.4805E+00 2.4658E+02 2.5990E+00 2.4664E+02 2.6616E+005424 3102
 2.4676E+02 2.7935E+00 2.4681E+02 2.8632E+00 2.4687E+02 2.9357E+005424 3102
 2.4693E+02 3.0108E+00 2.4699E+02 3.0891E+00 2.4705E+02 3.1703E+005424 3102
 2.4711E+02 3.2549E+00 2.4717E+02 3.3428E+00 2.4723E+02 3.4346E+005424 3102
 2.4729E+02 3.5300E+00 2.4734E+02 3.6298E+00 2.4740E+02 3.7335E+005424 3102
 2.4746E+02 3.8422E+00 2.4752E+02 3.9554E+00 2.4758E+02 4.0740E+005424 3102
 2.4764E+02 4.1978E+00 2.4770E+02 4.3277E+00 2.4776E+02 4.4634E+005424 3102
 2.4782E+02 4.6060E+00 2.4788E+02 4.7553E+00 2.4793E+02 4.9124E+005424 3102
 2.4799E+02 5.0773E+00 2.4805E+02 5.2509E+00 2.4811E+02 5.4333E+005424 3102
 2.4817E+02 5.6260E+00 2.4823E+02 5.8288E+00 2.4829E+02 6.0433E+005424 3102
 2.4835E+02 6.2696E+00 2.4841E+02 6.5095E+00 2.4846E+02 6.7631E+005424 3102
 2.4852E+02 7.0325E+00 2.4858E+02 7.3182E+00 2.4864E+02 7.6222E+005424 3102
 2.4870E+02 7.9455E+00 2.4876E+02 8.2908E+00 2.4882E+02 8.6583E+005424 3102
 2.4888E+02 9.0525E+00 2.4894E+02 9.4742E+00 2.4900E+02 9.9267E+005424 3102
 2.4905E+02 1.0412E+01 2.4911E+02 1.0937E+01 2.4917E+02 1.1502E+015424 3102
 2.4923E+02 1.2113E+01 2.4929E+02 1.2775E+01 2.4935E+02 1.3495E+015424 3102
 2.4938E+02 1.3878E+01 2.4941E+02 1.4278E+01 2.4944E+02 1.4697E+015424 3102
 2.4947E+02 1.5135E+01 2.4950E+02 1.5594E+01 2.4953E+02 1.6073E+015424 3102
 2.4956E+02 1.6577E+01 2.4958E+02 1.7105E+01 2.4961E+02 1.7661E+015424 3102
 2.4964E+02 1.8243E+01 2.4967E+02 1.8857E+01 2.4970E+02 1.9504E+015424 3102
 2.4973E+02 2.0187E+01 2.4976E+02 2.0906E+01 2.4979E+02 2.1668E+015424 3102
 2.4982E+02 2.2474E+01 2.4985E+02 2.3329E+01 2.4988E+02 2.4233E+015424 3102
 2.4991E+02 2.5197E+01 2.4994E+02 2.6224E+01 2.4997E+02 2.7319E+015424 3102
 2.5000E+02 2.8485E+01 2.5003E+02 2.9737E+01 2.5006E+02 3.1080E+015424 3102
 2.5009E+02 3.2523E+01 2.5012E+02 3.4073E+01 2.5014E+02 3.5751E+015424 3102
 2.5017E+02 3.7568E+01 2.5020E+02 3.9539E+01 2.5023E+02 4.1677E+015424 3102
 2.5026E+02 4.4017E+01 2.5029E+02 4.6577E+01 2.5032E+02 4.9384E+015424 3102
 2.5035E+02 5.2462E+01 2.5037E+02 5.4128E+01 2.5038E+02 5.5866E+015424 3102
 2.5040E+02 5.7707E+01 2.5041E+02 5.9630E+01 2.5042E+02 6.1669E+015424 3102
 2.5044E+02 6.3802E+01 2.5045E+02 6.6048E+01 2.5047E+02 6.8417E+015424 3102
 2.5048E+02 7.0932E+01 2.5050E+02 7.3568E+01 2.5051E+02 7.6368E+015424 3102
 2.5053E+02 7.9305E+01 2.5054E+02 8.2428E+01 2.5056E+02 8.5708E+015424 3102
 2.5057E+02 8.9167E+01 2.5059E+02 9.2825E+01 2.5060E+02 9.6708E+015424 3102
 2.5062E+02 1.0079E+02 2.5063E+02 1.0513E+02 2.5065E+02 1.0968E+025424 3102
 2.5066E+02 1.1453E+02 2.5068E+02 1.1961E+02 2.5069E+02 1.2497E+025424 3102
 2.5070E+02 1.3062E+02 2.5072E+02 1.3662E+02 2.5073E+02 1.4290E+025424 3102
 2.5075E+02 1.4957E+02 2.5076E+02 1.5653E+02 2.5078E+02 1.6392E+025424 3102
 2.5079E+02 1.7162E+02 2.5081E+02 1.7972E+02 2.5082E+02 1.8822E+025424 3102
 2.5084E+02 1.9718E+02 2.5085E+02 2.0649E+02 2.5087E+02 2.1632E+025424 3102
 2.5088E+02 2.2652E+02 2.5090E+02 2.3723E+02 2.5091E+02 2.4833E+025424 3102
 2.5093E+02 2.5988E+02 2.5094E+02 2.7189E+02 2.5097E+02 2.9738E+025424 3102
 2.5098E+02 3.1087E+02 2.5101E+02 3.3908E+02 2.5103E+02 3.5380E+025424 3102
 2.5106E+02 3.8447E+02 2.5107E+02 4.0049E+02 2.5110E+02 4.3350E+025424 3102
 2.5113E+02 4.6774E+02 2.5118E+02 5.2064E+02 2.5126E+02 6.2874E+025424 3102
 2.5129E+02 6.6374E+02 2.5134E+02 7.1393E+02 2.5138E+02 7.5977E+025424 3102
 2.5142E+02 7.9718E+02 2.5145E+02 8.1574E+02 2.5146E+02 8.2416E+025424 3102
 2.5148E+02 8.3925E+02 2.5152E+02 8.5717E+02 2.5155E+02 8.6892E+025424 3102
 2.5159E+02 8.7425E+02 2.5161E+02 8.7417E+02 2.5164E+02 8.7117E+025424 3102
 2.5167E+02 8.6125E+02 2.5168E+02 8.5658E+02 2.5172E+02 8.3850E+025424 3102
 2.5174E+02 8.2325E+02 2.5176E+02 8.0567E+02 2.5179E+02 7.8593E+025424 3102
 2.5183E+02 7.4270E+02 2.5188E+02 6.9402E+02 2.5192E+02 6.4137E+025424 3102
 2.5200E+02 5.4981E+02 2.5204E+02 4.9502E+02 2.5209E+02 4.4194E+025424 3102
 2.5212E+02 4.0798E+02 2.5213E+02 3.9158E+02 2.5216E+02 3.5987E+025424 3102
 2.5218E+02 3.4470E+02 2.5221E+02 3.1561E+02 2.5222E+02 3.0171E+025424 3102
 2.5225E+02 2.7552E+02 2.5228E+02 2.5116E+02 2.5230E+02 2.3973E+025424 3102
 2.5231E+02 2.2871E+02 2.5233E+02 2.1823E+02 2.5234E+02 2.0812E+025424 3102
 2.5236E+02 1.9855E+02 2.5237E+02 1.8935E+02 2.5239E+02 1.8063E+025424 3102
 2.5240E+02 1.7228E+02 2.5242E+02 1.6439E+02 2.5243E+02 1.5685E+025424 3102
 2.5245E+02 1.4972E+02 2.5247E+02 1.4292E+02 2.5248E+02 1.3651E+025424 3102
 2.5250E+02 1.3043E+02 2.5251E+02 1.2468E+02 2.5253E+02 1.1918E+025424 3102
 2.5254E+02 1.1403E+02 2.5256E+02 1.0911E+02 2.5257E+02 1.0449E+025424 3102
 2.5259E+02 1.0009E+02 2.5260E+02 9.5967E+01 2.5262E+02 9.2058E+015424 3102
 2.5263E+02 8.8367E+01 2.5265E+02 8.4850E+01 2.5266E+02 8.1549E+015424 3102
 2.5268E+02 7.8405E+01 2.5269E+02 7.5451E+01 2.5271E+02 7.2637E+015424 3102
 2.5272E+02 6.9991E+01 2.5275E+02 6.5110E+01 2.5278E+02 6.0712E+015424 3102
 2.5281E+02 5.6753E+01 2.5284E+02 5.3183E+01 2.5287E+02 4.9953E+015424 3102
 2.5290E+02 4.7025E+01 2.5293E+02 4.4363E+01 2.5296E+02 4.1935E+015424 3102
 2.5299E+02 3.9723E+01 2.5302E+02 3.7687E+01 2.5305E+02 3.5814E+015424 3102
 2.5308E+02 3.4088E+01 2.5311E+02 3.2498E+01 2.5314E+02 3.1019E+015424 3102
 2.5317E+02 2.9646E+01 2.5320E+02 2.8367E+01 2.5323E+02 2.7178E+015424 3102
 2.5326E+02 2.6064E+01 2.5329E+02 2.5020E+01 2.5332E+02 2.4041E+015424 3102
 2.5335E+02 2.3122E+01 2.5338E+02 2.2256E+01 2.5341E+02 2.1440E+015424 3102
 2.5344E+02 2.0671E+01 2.5347E+02 1.9945E+01 2.5353E+02 1.8605E+015424 3102
 2.5359E+02 1.7402E+01 2.5365E+02 1.6312E+01 2.5371E+02 1.5327E+015424 3102
 2.5377E+02 1.4428E+01 2.5383E+02 1.3609E+01 2.5389E+02 1.2858E+015424 3102
 2.5395E+02 1.2171E+01 2.5401E+02 1.1538E+01 2.5407E+02 1.0954E+015424 3102
 2.5413E+02 1.0412E+01 2.5419E+02 9.9117E+00 2.5425E+02 9.4458E+005424 3102
 2.5431E+02 9.0133E+00 2.5438E+02 8.6100E+00 2.5444E+02 8.2338E+005424 3102
 2.5450E+02 7.8817E+00 2.5456E+02 7.5523E+00 2.5462E+02 7.2430E+005424 3102
 2.5468E+02 6.9530E+00 2.5474E+02 6.6798E+00 2.5480E+02 6.4225E+005424 3102
 2.5486E+02 6.1800E+00 2.5492E+02 5.9514E+00 2.5498E+02 5.7351E+005424 3102
 2.5504E+02 5.5307E+00 2.5516E+02 5.1533E+00 2.5528E+02 4.8131E+005424 3102
 2.5540E+02 4.5059E+00 2.5552E+02 4.2273E+00 2.5564E+02 3.9738E+005424 3102
 2.5576E+02 3.7422E+00 2.5588E+02 3.5306E+00 2.5600E+02 3.3364E+005424 3102
 2.5612E+02 3.1579E+00 2.5624E+02 2.9933E+00 2.5636E+02 2.8413E+005424 3102
 2.5648E+02 2.7007E+00 2.5660E+02 2.5703E+00 2.5672E+02 2.4489E+005424 3102
 2.5684E+02 2.3361E+00 2.5696E+02 2.2309E+00 2.5708E+02 2.1327E+005424 3102
 2.5720E+02 2.0408E+00 2.5732E+02 1.9547E+00 2.5744E+02 1.8739E+005424 3102
 2.5756E+02 1.7981E+00 2.5768E+02 1.7267E+00 2.5780E+02 1.6596E+005424 3102
 2.5792E+02 1.5962E+00 2.5804E+02 1.5366E+00 2.5817E+02 1.4801E+005424 3102
 2.5829E+02 1.4267E+00 2.5853E+02 1.3284E+00 2.5877E+02 1.2398E+005424 3102
 2.5901E+02 1.1597E+00 2.5925E+02 1.0871E+00 2.5949E+02 1.0209E+005424 3102
 2.5973E+02 9.6075E-01 2.5997E+02 9.0567E-01 2.6021E+02 8.5525E-015424 3102
 2.6045E+02 8.0886E-01 2.6069E+02 7.6614E-01 2.6093E+02 7.2673E-015424 3102
 2.6117E+02 6.9026E-01 2.6141E+02 6.5647E-01 2.6165E+02 6.2508E-015424 3102
 2.6190E+02 5.9590E-01 2.6214E+02 5.6870E-01 2.6238E+02 5.4332E-015424 3102
 2.6262E+02 5.1958E-01 2.6286E+02 4.9738E-01 2.6310E+02 4.7655E-015424 3102
 2.6334E+02 4.5701E-01 2.6358E+02 4.3863E-01 2.6382E+02 4.2134E-015424 3102
 2.6406E+02 4.0505E-01 2.6430E+02 3.8969E-01 2.6454E+02 3.7521E-015424 3102
 2.6478E+02 3.6153E-01 2.6526E+02 3.3631E-01 2.6575E+02 3.1357E-015424 3102
 2.6623E+02 2.9303E-01 2.6671E+02 2.7445E-01 2.6719E+02 2.5757E-015424 3102
 2.6767E+02 2.4219E-01 2.6815E+02 2.2814E-01 2.6863E+02 2.1528E-015424 3102
 2.6911E+02 2.0347E-01 2.6960E+02 1.9260E-01 2.7008E+02 1.8258E-015424 3102
 2.7056E+02 1.7331E-01 2.7104E+02 1.6473E-01 2.7152E+02 1.5676E-015424 3102
 2.7200E+02 1.4936E-01 2.7248E+02 1.4247E-01 2.7297E+02 1.3603E-015424 3102
 2.7345E+02 1.3003E-01 2.7393E+02 1.2442E-01 2.7441E+02 1.1915E-015424 3102
 2.7489E+02 1.1421E-01 2.7537E+02 1.0958E-01 2.7585E+02 1.0521E-015424 3102
 2.7633E+02 1.0110E-01 2.7682E+02 9.7225E-02 2.7730E+02 9.3567E-025424 3102
 2.7778E+02 9.0133E-02 2.7874E+02 8.3783E-02 2.7970E+02 7.8062E-025424 3102
 2.8067E+02 7.2905E-02 2.8163E+02 6.8240E-02 2.8259E+02 6.4008E-025424 3102
 2.8355E+02 6.0154E-02 2.8452E+02 5.6638E-02 2.8548E+02 5.3419E-025424 3102
 2.8644E+02 5.0466E-02 2.8740E+02 4.7750E-02 2.8837E+02 4.5247E-025424 3102
 2.8933E+02 4.2934E-02 2.9029E+02 4.0794E-02 2.9125E+02 3.8810E-025424 3102
 2.9222E+02 3.6966E-02 2.9318E+02 3.5250E-02 2.9414E+02 3.3650E-025424 3102
 2.9510E+02 3.2157E-02 2.9607E+02 3.0760E-02 2.9703E+02 2.9452E-025424 3102
 2.9799E+02 2.8226E-02 2.9896E+02 2.7074E-02 2.9992E+02 2.5992E-025424 3102
 3.0088E+02 2.4973E-02 3.0184E+02 2.4012E-02 3.0377E+02 2.2249E-025424 3102
 3.0473E+02 2.1440E-02 3.0569E+02 2.0677E-02 3.0762E+02 1.9264E-025424 3102
 3.0954E+02 1.7990E-02 3.1147E+02 1.6838E-02 3.1339E+02 1.5791E-025424 3102
 3.1532E+02 1.4841E-02 3.1724E+02 1.3973E-02 3.1917E+02 1.3180E-025424 3102
 3.2109E+02 1.2452E-02 3.2302E+02 1.1783E-02 3.2495E+02 1.1166E-025424 3102
 3.2687E+02 1.0597E-02 3.2880E+02 1.0070E-02 3.3072E+02 9.5817E-035424 3102
 3.3265E+02 9.1275E-03 3.3457E+02 8.7050E-03 3.3842E+02 7.9445E-035424 3102
 3.4035E+02 7.6010E-03 3.4420E+02 6.9778E-03 3.4612E+02 6.6946E-035424 3102
 3.4997E+02 6.1778E-03 3.5382E+02 5.7186E-03 3.5767E+02 5.3090E-035424 3102
 3.6345E+02 4.7733E-03 3.6730E+02 4.4598E-03 3.7115E+02 4.1761E-035424 3102
 3.7211E+02 4.0744E-03 3.7307E+02 4.0493E-03 3.7332E+02 4.0934E-035424 3102
 3.7344E+02 4.2327E-03 3.7356E+02 4.6956E-03 3.7362E+02 5.2118E-035424 3102
 3.7368E+02 6.0882E-03 3.7374E+02 7.5414E-03 3.7380E+02 9.8908E-035424 3102
 3.7386E+02 1.3613E-02 3.7392E+02 1.9358E-02 3.7398E+02 2.8053E-025424 3102
 3.7404E+02 4.0867E-02 3.7410E+02 5.9386E-02 3.7413E+02 7.1363E-025424 3102
 3.7416E+02 8.5508E-02 3.7419E+02 1.0212E-01 3.7422E+02 1.2152E-015424 3102
 3.7425E+02 1.4403E-01 3.7428E+02 1.6993E-01 3.7431E+02 1.9973E-015424 3102
 3.7434E+02 2.3376E-01 3.7437E+02 2.7233E-01 3.7440E+02 3.1571E-015424 3102
 3.7443E+02 3.6451E-01 3.7446E+02 4.1892E-01 3.7449E+02 4.7925E-015424 3102
 3.7452E+02 5.4553E-01 3.7455E+02 6.1839E-01 3.7458E+02 6.9779E-015424 3102
 3.7461E+02 7.8383E-01 3.7464E+02 8.7617E-01 3.7467E+02 9.7542E-015424 3102
 3.7470E+02 1.0812E+00 3.7473E+02 1.1931E+00 3.7476E+02 1.3105E+005424 3102
 3.7479E+02 1.4339E+00 3.7482E+02 1.5623E+00 3.7485E+02 1.6951E+005424 3102
 3.7488E+02 1.8313E+00 3.7494E+02 2.1134E+00 3.7500E+02 3.9178E-035424 3102
 3.7500E+02 4.7987E+00 4.0516E+02 4.5416E+00 4.3750E+02 4.2999E+005424 3102
 4.6781E+02 4.0997E+00 5.0000E+02 3.9100E+00 5.2892E+02 3.7566E+005424 3102
 5.5935E+02 3.6099E+00 5.9135E+02 3.4697E+00 6.2500E+02 3.3356E+005424 3102
 6.5434E+02 3.2285E+00 6.8493E+02 3.1251E+00 7.1680E+02 3.0255E+005424 3102
 7.5000E+02 2.9296E+00 8.1032E+02 2.7726E+00 8.7500E+02 2.6251E+005424 3102
 9.3561E+02 2.5029E+00 1.0000E+03 2.3870E+00 1.0578E+03 2.2934E+005424 3102
 1.1187E+03 2.2038E+00 1.1827E+03 2.1182E+00 1.2500E+03 2.0364E+005424 3102
 1.3087E+03 1.9709E+00 1.3699E+03 1.9078E+00 1.4336E+03 1.8471E+005424 3102
 1.5000E+03 1.7885E+00 1.6206E+03 1.6927E+00 1.7500E+03 1.6026E+005424 3102
 1.8712E+03 1.5280E+00 2.0000E+03 1.4572E+00 2.1160E+03 1.4073E+005424 3102
 2.2378E+03 1.3594E+00 2.3658E+03 1.3135E+00 2.5000E+03 1.2694E+005424 3102
 2.6176E+03 1.2338E+00 2.7401E+03 1.1994E+00 2.8675E+03 1.1662E+005424 3102
 3.0000E+03 1.1341E+00 3.2418E+03 1.0867E+00 3.5000E+03 1.0418E+005424 3102
 3.7429E+03 1.0040E+00 4.0000E+03 9.6796E-01 4.2328E+03 9.4070E-015424 3102
 4.4767E+03 9.1453E-01 4.7323E+03 8.8928E-01 5.0000E+03 8.6494E-015424 3102
 5.4812E+03 8.2802E-01 6.0000E+03 7.9321E-01 6.4842E+03 7.6557E-015424 3102
 7.0000E+03 7.3927E-01 7.4864E+03 7.1741E-01 8.0000E+03 6.9645E-015424 3102
 8.4880E+03 6.7846E-01 9.0000E+03 6.6112E-01 1.0000E+04 6.3109E-015424 3102
 1.0583E+04 6.1477E-01 1.1193E+04 5.9903E-01 1.1832E+04 5.8384E-015424 3102
 1.2500E+04 5.6919E-01 1.3703E+04 5.4548E-01 1.5000E+04 5.2313E-015424 3102
 1.6210E+04 5.0467E-01 1.7500E+04 4.8710E-01 1.8716E+04 4.7219E-015424 3102
 2.0000E+04 4.5790E-01 2.1163E+04 4.4463E-01 2.2383E+04 4.3184E-015424 3102
 2.3661E+04 4.1953E-01 2.5000E+04 4.0768E-01 2.7404E+04 3.8865E-015424 3102
 3.0000E+04 3.7076E-01 3.2418E+04 3.5498E-01 3.5000E+04 3.4004E-015424 3102
 3.7429E+04 3.2748E-01 4.0000E+04 3.1549E-01 4.2323E+04 3.0528E-015424 3102
 4.4760E+04 2.9547E-01 4.7318E+04 2.8604E-01 5.0000E+04 2.7699E-015424 3102
 5.4803E+04 2.6232E-01 6.0000E+04 2.4859E-01 6.4834E+04 2.3740E-015424 3102
 7.0000E+04 2.2682E-01 7.4856E+04 2.1802E-01 8.0000E+04 2.0964E-015424 3102
 9.0000E+04 2.1338E-01 1.0000E+05 2.0434E-01 1.1198E+05 1.9833E-015424 3102
 1.2500E+05 1.9264E-01 1.3707E+05 1.8800E-01 1.5000E+05 1.8355E-015424 3102
 1.7500E+05 1.7617E-01 2.0000E+05 1.7001E-01 2.5000E+05 1.6733E-015424 3102
 3.0000E+05 1.6511E-01 3.6000E+05 1.6651E-01 3.6868E+05 1.5531E-015424 3102
 3.7757E+05 1.4487E-01 3.8661E+05 1.3520E-01 3.9600E+05 1.2604E-015424 3102
 4.0000E+05 1.2440E-01 4.2302E+05 1.1972E-01 4.4721E+05 1.1524E-015424 3102
 4.7295E+05 1.1090E-01 5.0000E+05 1.0674E-01 5.0600E+05 1.0635E-015424 3102
 6.0000E+05 1.0380E-01 6.1600E+05 1.0381E-01 7.0000E+05 1.0514E-015424 3102
 7.2600E+05 1.0568E-01 7.6100E+05 1.0682E-01 7.6115E+05 1.0678E-015424 3102
 7.8024E+05 1.0118E-01 8.0000E+05 9.5829E-02 8.3700E+05 9.5286E-025424 3102
 8.7200E+05 9.3831E-02 8.8600E+05 9.3532E-02 8.8616E+05 9.3507E-025424 3102
 9.0000E+05 9.1645E-02 9.4100E+05 8.9162E-02 9.7500E+05 8.8157E-025424 3102
 1.0000E+06 8.7706E-02 1.1600E+06 8.8773E-02 1.3460E+06 9.3366E-025424 3102
 1.5000E+06 9.8801E-02 1.5320E+06 1.0003E-01 1.5610E+06 1.0117E-015424 3102
 1.6000E+06 1.0270E-01 1.6000E+06 1.0270E-01 1.7170E+06 1.0583E-015424 3102
 2.0000E+06 1.0087E-01 2.0558E+06 9.6781E-02 2.1133E+06 9.2831E-025424 3102
 2.1728E+06 8.9020E-02 2.2341E+06 8.5343E-02 2.2974E+06 8.1806E-025424 3102
 2.3628E+06 7.8386E-02 2.4303E+06 7.5098E-02 2.5000E+06 7.1927E-025424 3102
 2.5550E+06 6.7615E-02 2.6119E+06 6.3507E-02 2.6709E+06 5.9597E-025424 3102
 2.7320E+06 5.5878E-02 2.7954E+06 5.2343E-02 2.8611E+06 4.8985E-025424 3102
 2.9292E+06 4.5798E-02 3.0000E+06 4.2886E-02 3.0552E+06 4.0188E-025424 3102
 3.1123E+06 3.7623E-02 3.1714E+06 3.5184E-02 3.2325E+06 3.2868E-025424 3102
 3.2958E+06 3.0671E-02 3.3614E+06 2.8588E-02 3.4294E+06 2.6615E-025424 3102
 3.5000E+06 2.4749E-02 3.5552E+06 2.3071E-02 3.6122E+06 2.1480E-025424 3102
 3.6712E+06 1.9973E-02 3.7323E+06 1.8546E-02 3.7956E+06 1.7199E-025424 3102
 3.8612E+06 1.5926E-02 3.9293E+06 1.4726E-02 4.0000E+06 1.3596E-025424 3102
 4.0346E+06 1.2970E-02 4.0863E+06 1.2098E-02 4.1396E+06 1.1271E-025424 3102
 4.1948E+06 1.0487E-02 4.2517E+06 9.7452E-03 4.3106E+06 9.0432E-035424 3102
 4.3715E+06 8.3804E-03 4.4346E+06 7.7545E-03 4.5000E+06 7.1661E-035424 3102
 4.5456E+06 6.7193E-03 4.5925E+06 6.2942E-03 4.5925E+06 6.2941E-035424 3102
 4.6482E+06 5.8301E-03 4.7059E+06 5.3928E-03 4.7657E+06 4.9812E-035424 3102
 4.8276E+06 4.5947E-03 4.8283E+06 4.5906E-03 4.8691E+06 4.3560E-035424 3102
 4.9117E+06 4.1273E-03 4.9553E+06 3.9083E-03 5.0000E+06 3.6988E-035424 3102
 5.0378E+06 3.5070E-03 5.0766E+06 3.3233E-03 5.1240E+06 3.1149E-035424 3102
 5.1728E+06 2.9173E-03 5.2231E+06 2.7303E-03 5.2750E+06 2.5536E-035424 3102
 5.3285E+06 2.3869E-03 5.3838E+06 2.2299E-03 5.4409E+06 2.0822E-035424 3102
 5.5000E+06 1.9436E-03 5.5286E+06 1.8738E-03 5.5578E+06 1.8063E-035424 3102
 5.5875E+06 1.7412E-03 5.6177E+06 1.6784E-03 5.6485E+06 1.6178E-035424 3102
 5.6799E+06 1.5595E-03 5.7119E+06 1.5034E-03 5.7446E+06 1.4494E-035424 3102
 5.7745E+06 1.4027E-03 5.8049E+06 1.3577E-03 5.8359E+06 1.3142E-035424 3102
 5.8675E+06 1.2726E-03 5.8997E+06 1.2325E-03 5.9325E+06 1.1939E-035424 3102
 5.9659E+06 1.1569E-03 6.0000E+06 1.1215E-03 6.0287E+06 1.0910E-035424 3102
 6.0580E+06 1.0615E-03 6.0877E+06 1.0334E-03 6.1180E+06 1.0063E-035424 3102
 6.1489E+06 9.8035E-04 6.1803E+06 9.5551E-04 6.2123E+06 9.3176E-045424 3102
 6.2450E+06 9.0908E-04 6.2749E+06 8.8961E-04 6.3053E+06 8.7101E-045424 3102
 6.3363E+06 8.5327E-04 6.3678E+06 8.3627E-04 6.3999E+06 8.2019E-045424 3102
 6.4327E+06 8.0490E-04 6.4660E+06 7.9040E-04 6.5000E+06 7.7668E-045424 3102
 6.5288E+06 7.6472E-04 6.5581E+06 7.5341E-04 6.5879E+06 7.4268E-045424 3102
 6.6183E+06 7.3260E-04 6.6492E+06 7.2303E-04 6.6806E+06 7.1410E-045424 3102
 6.7127E+06 7.0575E-04 6.7454E+06 6.9796E-04 6.7752E+06 6.9142E-045424 3102
 6.8056E+06 6.8539E-04 6.8366E+06 6.7973E-04 6.8681E+06 6.7456E-045424 3102
 6.9002E+06 6.6983E-04 6.9328E+06 6.6554E-04 6.9661E+06 6.6167E-045424 3102
 7.0000E+06 6.5822E-04 7.0288E+06 6.5513E-04 7.0582E+06 6.5234E-045424 3102
 7.0880E+06 6.4985E-04 7.1184E+06 6.4773E-04 7.1494E+06 6.4589E-045424 3102
 7.1809E+06 6.4435E-04 7.2130E+06 6.4317E-04 7.2457E+06 6.4227E-045424 3102
 7.2755E+06 6.4166E-04 7.3059E+06 6.4132E-04 7.3368E+06 6.4122E-045424 3102
 7.3683E+06 6.4140E-04 7.4003E+06 6.4169E-04 7.4329E+06 6.4226E-045424 3102
 7.4662E+06 6.4304E-04 7.5000E+06 6.4399E-04 7.5553E+06 6.4570E-045424 3102
 7.6125E+06 6.4788E-04 7.6715E+06 6.5059E-04 7.7018E+06 6.5215E-045424 3102
 7.7326E+06 6.5374E-04 7.7640E+06 6.5549E-04 7.7959E+06 6.5733E-045424 3102
 7.8284E+06 6.5926E-04 7.8614E+06 6.6123E-04 7.8951E+06 6.6335E-045424 3102
 7.9294E+06 6.6555E-04 7.9644E+06 6.6777E-04 8.0000E+06 6.7009E-045424 3102
 8.0540E+06 6.7348E-04 8.1097E+06 6.7697E-04 8.1671E+06 6.8054E-045424 3102
 8.2264E+06 6.8413E-04 8.2585E+06 6.8607E-04 8.2911E+06 6.8803E-045424 3102
 8.3244E+06 6.8996E-04 8.3582E+06 6.9186E-04 8.3927E+06 6.9378E-045424 3102
 8.4278E+06 6.9562E-04 8.4635E+06 6.9747E-04 8.5000E+06 6.9929E-045424 3102
 8.5557E+06 7.0185E-04 8.6131E+06 7.0431E-04 8.6724E+06 7.0668E-045424 3102
 8.7336E+06 7.0889E-04 8.7968E+06 7.1089E-04 8.8292E+06 7.1179E-045424 3102
 8.8622E+06 7.1266E-04 8.8957E+06 7.1345E-04 8.9299E+06 7.1420E-045424 3102
 8.9646E+06 7.1487E-04 9.0000E+06 7.1545E-04 9.0559E+06 7.1621E-045424 3102
 9.1135E+06 7.1676E-04 9.1728E+06 7.1707E-04 9.2340E+06 7.1718E-045424 3102
 9.2972E+06 7.1703E-04 9.3626E+06 7.1661E-04 9.3960E+06 7.1625E-045424 3102
 9.4301E+06 7.1587E-04 9.4647E+06 7.1541E-04 9.5000E+06 7.1486E-045424 3102
 9.5561E+06 7.1378E-04 9.6139E+06 7.1251E-04 9.6734E+06 7.1106E-045424 3102
 9.7347E+06 7.0932E-04 9.7979E+06 7.0733E-04 9.8631E+06 7.0505E-045424 3102
 9.9304E+06 7.0253E-04 1.0000E+07 6.9970E-04 1.0313E+07 6.8482E-045424 3102
 1.0500E+07 6.7421E-04 1.0748E+07 6.5865E-04 1.1000E+07 6.4140E-045424 3102
 1.1248E+07 6.2367E-04 1.1500E+07 6.0497E-04 1.1748E+07 5.8612E-045424 3102
 1.2000E+07 5.6667E-04 1.2248E+07 5.4759E-04 1.2500E+07 5.2828E-045424 3102
 1.2748E+07 5.0945E-04 1.3000E+07 4.9051E-04 1.3248E+07 4.7224E-045424 3102
 1.3500E+07 4.5400E-04 1.3748E+07 4.3646E-04 1.4000E+07 4.1909E-045424 3102
 1.4249E+07 4.0236E-04 1.4500E+07 3.8598E-04 1.4749E+07 3.7021E-045424 3102
 1.5000E+07 3.5480E-04 1.5249E+07 3.3999E-04 1.5500E+07 3.2555E-045424 3102
 1.5749E+07 3.1169E-04 1.6000E+07 2.9819E-04 1.6249E+07 2.8526E-045424 3102
 1.6500E+07 2.7267E-04 1.7000E+07 2.4890E-04 1.7500E+07 2.2678E-045424 3102
 1.8000E+07 2.0622E-04 1.8500E+07 1.8712E-04 1.8681E+07 1.8351E-045424 3102
 1.8681E+07 1.8055E-04 1.9000E+07 1.6939E-04 1.9500E+07 1.5292E-045424 3102
 2.0000E+07 1.3763E-04                                            5424 3102
                                                                  5424 3  0
