XE-126N,G    4.0000-01* JEF-2.2; RN - ---/SYS                     5426 3102
                                                                  5426 3102
 5.41260+04 1.2482E+02          0          0          0          05426 3102
 3.0000E+02 7.2261E+06          0          0          1       19205426 3102
       1920          2                                            5426 3102
 1.0000E-05 1.5063E+02 1.0772E-05 1.4514E+02 1.1544E-05 1.4020E+025426 3102
 1.2701E-05 1.3367E+02 1.4245E-05 1.2622E+02 1.5403E-05 1.2138E+025426 3102
 1.6174E-05 1.1845E+02 1.7718E-05 1.1318E+02 1.9261E-05 1.0855E+025426 3102
 2.0805E-05 1.0445E+02 2.2349E-05 1.0077E+02 2.4664E-05 9.5930E+015426 3102
 2.5436E-05 9.4470E+01 2.8523E-05 8.9209E+01 3.1610E-05 8.4743E+015426 3102
 3.4697E-05 8.0887E+01 3.7784E-05 7.7514E+01 4.0872E-05 7.4530E+015426 3102
 4.3187E-05 7.2506E+01 4.5502E-05 7.0639E+01 4.7046E-05 6.9472E+015426 3102
 5.1677E-05 6.6287E+01 5.3220E-05 6.5320E+01 5.9395E-05 6.1834E+015426 3102
 6.5569E-05 5.8853E+01 7.1743E-05 5.6265E+01 7.7918E-05 5.3994E+015426 3102
 8.4092E-05 5.1975E+01 8.8723E-05 5.0603E+01 9.3353E-05 4.9333E+015426 3102
 9.6440E-05 4.8537E+01 1.0570E-04 4.6366E+01 1.0879E-04 4.5703E+015426 3102
 1.1805E-04 4.3877E+01 1.2731E-04 4.2252E+01 1.3349E-04 4.1265E+015426 3102
 1.4584E-04 3.9481E+01 1.5818E-04 3.7911E+01 1.7053E-04 3.6514E+015426 3102
 1.8288E-04 3.5263E+01 2.0140E-04 3.3605E+01 2.2610E-04 3.1719E+015426 3102
 2.4462E-04 3.0495E+01 2.5697E-04 2.9754E+01 2.8167E-04 2.8422E+015426 3102
 3.0637E-04 2.7254E+01 3.3106E-04 2.6218E+01 3.5576E-04 2.5292E+015426 3102
 3.9281E-04 2.4072E+01 4.0516E-04 2.3703E+01 4.4220E-04 2.2690E+015426 3102
 4.7925E-04 2.1797E+01 5.0395E-04 2.1255E+01 5.5334E-04 2.0286E+015426 3102
 6.0273E-04 1.9437E+01 6.5213E-04 1.8688E+01 7.0152E-04 1.8017E+015426 3102
 7.7562E-04 1.7137E+01 8.0031E-04 1.6870E+01 8.7440E-04 1.6140E+015426 3102
 9.4850E-04 1.5496E+01 9.9789E-04 1.5108E+01 1.0967E-03 1.4412E+015426 3102
 1.1955E-03 1.3804E+01 1.2943E-03 1.3266E+01 1.3930E-03 1.2787E+015426 3102
 1.5412E-03 1.2157E+01 1.5906E-03 1.1966E+01 1.7388E-03 1.1445E+015426 3102
 1.8870E-03 1.0986E+01 1.9858E-03 1.0710E+01 2.1834E-03 1.0214E+015426 3102
 2.3809E-03 9.7809E+00 2.5785E-03 9.3983E+00 2.7761E-03 9.0583E+005426 3102
 3.0725E-03 8.6099E+00 3.1713E-03 8.4747E+00 3.4676E-03 8.1045E+005426 3102
 3.7640E-03 7.7790E+00 3.9616E-03 7.5824E+00 4.3567E-03 7.2303E+005426 3102
 4.7519E-03 6.9232E+00 5.1470E-03 6.6520E+00 5.5422E-03 6.4104E+005426 3102
 6.1349E-03 6.0930E+00 6.3325E-03 5.9972E+00 6.9252E-03 5.7346E+005426 3102
 7.5180E-03 5.5039E+00 7.9131E-03 5.3648E+00 8.7034E-03 5.1154E+005426 3102
 9.4938E-03 4.8978E+00 1.0284E-02 4.7057E+00 1.1074E-02 4.5348E+005426 3102
 1.2260E-02 4.3098E+00 1.2655E-02 4.2420E+00 1.3840E-02 4.0562E+005426 3102
 1.5026E-02 3.8930E+00 1.5816E-02 3.7944E+00 1.7397E-02 3.6179E+005426 3102
 1.8978E-02 3.4639E+00 2.0558E-02 3.3280E+00 2.2139E-02 3.2070E+005426 3102
 2.4510E-02 3.0479E+00 2.5300E-02 3.0000E+00 2.7939E-02 2.8546E+005426 3102
 3.0578E-02 2.7285E+00 3.3216E-02 2.6179E+00 3.5855E-02 2.5197E+005426 3102
 3.9813E-02 2.3910E+00 4.1133E-02 2.3523E+00 4.5091E-02 2.2465E+005426 3102
 4.6410E-02 2.2142E+00 5.0369E-02 2.1254E+00 5.4327E-02 2.0463E+005426 3102
 5.6966E-02 1.9985E+00 6.2243E-02 1.9117E+00 6.7521E-02 1.8354E+005426 3102
 7.2798E-02 1.7677E+00 7.8076E-02 1.7068E+00 8.5992E-02 1.6261E+005426 3102
 9.6548E-02 1.5345E+00 1.0446E-01 1.4750E+00 1.0974E-01 1.4391E+005426 3102
 1.2030E-01 1.3745E+00 1.3085E-01 1.3177E+00 1.4141E-01 1.2674E+005426 3102
 1.5196E-01 1.2225E+00 1.6780E-01 1.1632E+00 1.7307E-01 1.1452E+005426 3102
 1.9418E-01 1.0809E+00 2.1002E-01 1.0392E+00 2.2585E-01 1.0019E+005426 3102
 2.3640E-01 9.7930E-01 2.5751E-01 9.3817E-01 2.7863E-01 9.0183E-015426 3102
 3.1029E-01 8.5427E-01 3.2085E-01 8.3997E-01 3.5251E-01 8.0110E-015426 3102
 3.9473E-01 7.5677E-01 4.2640E-01 7.2783E-01 4.4751E-01 7.1036E-015426 3102
 4.8973E-01 6.7885E-01 5.3195E-01 6.5105E-01 5.7417E-01 6.2638E-015426 3102
 6.1639E-01 6.0437E-01 6.7972E-01 5.7514E-01 7.0083E-01 5.6630E-015426 3102
 7.6416E-01 5.4207E-01 8.2750E-01 5.2054E-01 8.6972E-01 5.0759E-015426 3102
 9.5416E-01 4.8430E-01 1.0386E+00 4.6382E-01 1.1230E+00 4.4570E-015426 3102
 1.2075E+00 4.2952E-01 1.3341E+00 4.0814E-01 1.3764E+00 4.0167E-015426 3102
 1.5030E+00 3.8400E-01 1.6297E+00 3.6836E-01 1.7141E+00 3.5892E-015426 3102
 1.8830E+00 3.4202E-01 2.0519E+00 3.2717E-01 2.2208E+00 3.1405E-015426 3102
 2.3897E+00 3.0237E-01 2.6430E+00 2.8693E-01 2.7274E+00 2.8228E-015426 3102
 2.9808E+00 2.6953E-01 3.2341E+00 2.5828E-01 3.4030E+00 2.5150E-015426 3102
 3.7407E+00 2.3934E-01 4.0785E+00 2.2870E-01 4.4163E+00 2.1932E-015426 3102
 4.7540E+00 2.1097E-01 5.2607E+00 1.9997E-01 5.4296E+00 1.9665E-015426 3102
 5.9362E+00 1.8760E-01 6.4429E+00 1.7964E-01 6.7806E+00 1.7485E-015426 3102
 7.4562E+00 1.6631E-01 8.1317E+00 1.5888E-01 8.8072E+00 1.5237E-015426 3102
 9.4828E+00 1.4661E-01 1.0496E+01 1.3911E-01 1.0834E+01 1.3686E-015426 3102
 1.1847E+01 1.3081E-01 1.2860E+01 1.2558E-01 1.3536E+01 1.2247E-015426 3102
 1.4211E+01 1.1965E-01 1.5563E+01 1.1468E-01 1.6238E+01 1.1250E-015426 3102
 1.7589E+01 1.0866E-01 1.8940E+01 1.0542E-01 2.0291E+01 1.0269E-015426 3102
 2.1642E+01 1.0040E-01 2.3669E+01 9.7696E-02 2.5696E+01 9.5730E-025426 3102
 2.7047E+01 9.4791E-02 2.8398E+01 9.4130E-02 2.9749E+01 9.3730E-025426 3102
 3.1100E+01 9.3583E-02 3.2451E+01 9.3670E-02 3.3802E+01 9.4000E-025426 3102
 3.5153E+01 9.4565E-02 3.6504E+01 9.5365E-02 3.7855E+01 9.6417E-025426 3102
 3.9206E+01 9.7713E-02 4.0557E+01 9.9270E-02 4.1908E+01 1.0110E-015426 3102
 4.3259E+01 1.0323E-01 4.4610E+01 1.0566E-01 4.5962E+01 1.0843E-015426 3102
 4.7313E+01 1.1157E-01 4.8664E+01 1.1510E-01 5.0015E+01 1.1908E-015426 3102
 5.1366E+01 1.2354E-01 5.2717E+01 1.2856E-01 5.4068E+01 1.3420E-015426 3102
 5.5419E+01 1.4054E-01 5.6770E+01 1.4769E-01 5.8121E+01 1.5578E-015426 3102
 5.9472E+01 1.6493E-01 6.0148E+01 1.6997E-01 6.0823E+01 1.7537E-015426 3102
 6.1499E+01 1.8113E-01 6.2174E+01 1.8732E-01 6.2850E+01 1.9396E-015426 3102
 6.3525E+01 2.0109E-01 6.4201E+01 2.0878E-01 6.4876E+01 2.1707E-015426 3102
 6.5552E+01 2.2603E-01 6.6228E+01 2.3574E-01 6.6903E+01 2.4630E-015426 3102
 6.7579E+01 2.5780E-01 6.8254E+01 2.7037E-01 6.8930E+01 2.8415E-015426 3102
 6.9605E+01 2.9930E-01 7.0281E+01 3.1604E-01 7.0956E+01 3.3459E-015426 3102
 7.1632E+01 3.5528E-01 7.2307E+01 3.7838E-01 7.2645E+01 3.9096E-015426 3102
 7.2983E+01 4.0440E-01 7.3321E+01 4.1870E-01 7.3658E+01 4.3397E-015426 3102
 7.3996E+01 4.5028E-01 7.4334E+01 4.6776E-01 7.4672E+01 4.8650E-015426 3102
 7.5009E+01 5.0665E-01 7.5347E+01 5.2839E-01 7.5685E+01 5.5187E-015426 3102
 7.6023E+01 5.7732E-01 7.6361E+01 6.0498E-01 7.6698E+01 6.3516E-015426 3102
 7.7036E+01 6.6816E-01 7.7374E+01 7.0437E-01 7.7712E+01 7.4431E-015426 3102
 7.8049E+01 7.8854E-01 7.8387E+01 8.3770E-01 7.8725E+01 8.9270E-015426 3102
 7.9063E+01 9.5417E-01 7.9232E+01 9.8783E-01 7.9400E+01 1.0237E+005426 3102
 7.9569E+01 1.0621E+00 7.9738E+01 1.1031E+00 7.9907E+01 1.1470E+005426 3102
 8.0076E+01 1.1941E+00 8.0245E+01 1.2448E+00 8.0414E+01 1.2993E+005426 3102
 8.0583E+01 1.3583E+00 8.0751E+01 1.4221E+00 8.0920E+01 1.4913E+005426 3102
 8.1089E+01 1.5667E+00 8.1258E+01 1.6488E+00 8.1427E+01 1.7390E+005426 3102
 8.1596E+01 1.8378E+00 8.1765E+01 1.9468E+00 8.1934E+01 2.0676E+005426 3102
 8.2103E+01 2.2015E+00 8.2271E+01 2.3511E+00 8.2440E+01 2.5183E+005426 3102
 8.2525E+01 2.6098E+00 8.2609E+01 2.7069E+00 8.2694E+01 2.8103E+005426 3102
 8.2778E+01 2.9207E+00 8.2863E+01 3.0387E+00 8.2947E+01 3.1648E+005426 3102
 8.3031E+01 3.3000E+00 8.3116E+01 3.4451E+00 8.3200E+01 3.6010E+005426 3102
 8.3285E+01 3.7690E+00 8.3369E+01 3.9504E+00 8.3454E+01 4.1467E+005426 3102
 8.3538E+01 4.3597E+00 8.3622E+01 4.5910E+00 8.3707E+01 4.8430E+005426 3102
 8.3791E+01 5.1183E+00 8.3876E+01 5.4199E+00 8.3918E+01 5.5817E+005426 3102
 8.3960E+01 5.7516E+00 8.4002E+01 5.9298E+00 8.4045E+01 6.1173E+005426 3102
 8.4087E+01 6.3147E+00 8.4129E+01 6.5225E+00 8.4192E+01 6.8557E+005426 3102
 8.4256E+01 7.2170E+00 8.4298E+01 7.4752E+00 8.4319E+01 7.6098E+005426 3102
 8.4361E+01 7.8916E+00 8.4382E+01 8.0384E+00 8.4425E+01 8.3460E+005426 3102
 8.4467E+01 8.6730E+00 8.4509E+01 9.0209E+00 8.4551E+01 9.3913E+005426 3102
 8.4594E+01 9.7861E+00 8.4615E+01 9.9939E+00 8.4657E+01 1.0431E+015426 3102
 8.4678E+01 1.0661E+01 8.4699E+01 1.0899E+01 8.4720E+01 1.1146E+015426 3102
 8.4741E+01 1.1401E+01 8.4762E+01 1.1666E+01 8.4794E+01 1.2083E+015426 3102
 8.4826E+01 1.2523E+01 8.4847E+01 1.2831E+01 8.4879E+01 1.3316E+015426 3102
 8.4910E+01 1.3830E+01 8.4942E+01 1.4376E+01 8.4963E+01 1.4760E+015426 3102
 8.4974E+01 1.4958E+01 8.4995E+01 1.5367E+01 8.5005E+01 1.5578E+015426 3102
 8.5026E+01 1.6014E+01 8.5037E+01 1.6238E+01 8.5058E+01 1.6704E+015426 3102
 8.5079E+01 1.7190E+01 8.5100E+01 1.7702E+01 8.5121E+01 1.8235E+015426 3102
 8.5142E+01 1.8794E+01 8.5164E+01 1.9383E+01 8.5185E+01 1.9999E+015426 3102
 8.5206E+01 2.0649E+01 8.5227E+01 2.1331E+01 8.5248E+01 2.2051E+015426 3102
 8.5269E+01 2.2808E+01 8.5290E+01 2.3608E+01 8.5311E+01 2.4454E+015426 3102
 8.5332E+01 2.5347E+01 8.5354E+01 2.6295E+01 8.5375E+01 2.7299E+015426 3102
 8.5396E+01 2.8366E+01 8.5417E+01 2.9503E+01 8.5438E+01 3.0711E+015426 3102
 8.5459E+01 3.2001E+01 8.5480E+01 3.3379E+01 8.5501E+01 3.4857E+015426 3102
 8.5522E+01 3.6440E+01 8.5533E+01 3.7278E+01 8.5544E+01 3.8146E+015426 3102
 8.5554E+01 3.9047E+01 8.5565E+01 3.9984E+01 8.5575E+01 4.0957E+015426 3102
 8.5586E+01 4.1970E+01 8.5596E+01 4.3026E+01 8.5607E+01 4.4124E+015426 3102
 8.5617E+01 4.5271E+01 8.5628E+01 4.6466E+01 8.5639E+01 4.7718E+015426 3102
 8.5649E+01 4.9023E+01 8.5660E+01 5.0392E+01 8.5670E+01 5.1826E+015426 3102
 8.5681E+01 5.3330E+01 8.5691E+01 5.4909E+01 8.5702E+01 5.6570E+015426 3102
 8.5712E+01 5.8317E+01 8.5723E+01 6.0161E+01 8.5734E+01 6.2105E+015426 3102
 8.5744E+01 6.4166E+01 8.5755E+01 6.6343E+01 8.5765E+01 6.8652E+015426 3102
 8.5776E+01 7.1105E+01 8.5786E+01 7.3716E+01 8.5797E+01 7.6496E+015426 3102
 8.5807E+01 7.9463E+01 8.5818E+01 8.2635E+01 8.5829E+01 8.6033E+015426 3102
 8.5839E+01 8.9678E+01 8.5850E+01 9.3600E+01 8.5860E+01 9.7809E+015426 3102
 8.5871E+01 1.0235E+02 8.5881E+01 1.0724E+02 8.5892E+01 1.1254E+025426 3102
 8.5902E+01 1.1826E+02 8.5913E+01 1.2446E+02 8.5924E+01 1.3119E+025426 3102
 8.5934E+01 1.3849E+02 8.5945E+01 1.4640E+02 8.5955E+01 1.5502E+025426 3102
 8.5966E+01 1.6438E+02 8.5976E+01 1.7457E+02 8.5987E+01 1.8563E+025426 3102
 8.5997E+01 1.9767E+02 8.6008E+01 2.1077E+02 8.6019E+01 2.2499E+025426 3102
 8.6029E+01 2.4045E+02 8.6040E+01 2.5723E+02 8.6050E+01 2.7542E+025426 3102
 8.6061E+01 2.9517E+02 8.6071E+01 3.1650E+02 8.6082E+01 3.3959E+025426 3102
 8.6092E+01 3.6448E+02 8.6103E+01 3.9133E+02 8.6114E+01 4.2020E+025426 3102
 8.6124E+01 4.5125E+02 8.6135E+01 4.8450E+02 8.6145E+01 5.2008E+025426 3102
 8.6156E+01 5.5805E+02 8.6166E+01 5.9851E+02 8.6177E+01 6.4147E+025426 3102
 8.6187E+01 6.8703E+02 8.6198E+01 7.3516E+02 8.6209E+01 7.8594E+025426 3102
 8.6219E+01 8.3925E+02 8.6230E+01 8.9522E+02 8.6240E+01 9.5365E+025426 3102
 8.6256E+01 1.0458E+03 8.6272E+01 1.1431E+03 8.6288E+01 1.2450E+035426 3102
 8.6298E+01 1.3152E+03 8.6314E+01 1.4232E+03 8.6346E+01 1.6455E+035426 3102
 8.6372E+01 1.8321E+03 8.6404E+01 2.0485E+03 8.6430E+01 2.2148E+035426 3102
 8.6446E+01 2.3055E+03 8.6462E+01 2.3878E+03 8.6472E+01 2.4371E+035426 3102
 8.6488E+01 2.5023E+03 8.6502E+01 2.5491E+03 8.6518E+01 2.5937E+035426 3102
 8.6535E+01 2.6237E+03 8.6543E+01 2.6331E+03 8.6560E+01 2.6403E+035426 3102
 8.6572E+01 2.6356E+03 8.6585E+01 2.6223E+03 8.6602E+01 2.5911E+035426 3102
 8.6618E+01 2.5457E+03 8.6636E+01 2.4805E+03 8.6656E+01 2.3931E+035426 3102
 8.6672E+01 2.3087E+03 8.6692E+01 2.1952E+03 8.6718E+01 2.0283E+035426 3102
 8.6738E+01 1.8948E+03 8.6758E+01 1.7571E+03 8.6790E+01 1.5255E+035426 3102
 8.6810E+01 1.3891E+03 8.6830E+01 1.2570E+03 8.6843E+01 1.1721E+035426 3102
 8.6863E+01 1.0505E+03 8.6882E+01 9.3670E+02 8.6889E+01 9.0070E+025426 3102
 8.6902E+01 8.3143E+02 8.6915E+01 7.6617E+02 8.6928E+01 7.0491E+025426 3102
 8.6941E+01 6.4766E+02 8.6954E+01 5.9430E+02 8.6967E+01 5.4487E+025426 3102
 8.6981E+01 4.9919E+02 8.6994E+01 4.5711E+02 8.7007E+01 4.1846E+025426 3102
 8.7020E+01 3.8312E+02 8.7026E+01 3.6660E+02 8.7033E+01 3.5085E+025426 3102
 8.7040E+01 3.3580E+02 8.7046E+01 3.2146E+02 8.7053E+01 3.0779E+025426 3102
 8.7059E+01 2.9475E+02 8.7066E+01 2.8234E+02 8.7072E+01 2.7055E+025426 3102
 8.7079E+01 2.5932E+02 8.7085E+01 2.4865E+02 8.7092E+01 2.3848E+025426 3102
 8.7099E+01 2.2885E+02 8.7105E+01 2.1968E+02 8.7112E+01 2.1097E+025426 3102
 8.7118E+01 2.0270E+02 8.7125E+01 1.9485E+02 8.7131E+01 1.8738E+025426 3102
 8.7138E+01 1.8030E+02 8.7151E+01 1.6720E+02 8.7164E+01 1.5539E+025426 3102
 8.7177E+01 1.4474E+02 8.7190E+01 1.3514E+02 8.7203E+01 1.2646E+025426 3102
 8.7217E+01 1.1861E+02 8.7230E+01 1.1151E+02 8.7243E+01 1.0506E+025426 3102
 8.7256E+01 9.9209E+01 8.7269E+01 9.3870E+01 8.7282E+01 8.9000E+015426 3102
 8.7295E+01 8.4545E+01 8.7308E+01 8.0460E+01 8.7321E+01 7.6700E+015426 3102
 8.7335E+01 7.3238E+01 8.7348E+01 7.0039E+01 8.7361E+01 6.7073E+015426 3102
 8.7374E+01 6.4317E+01 8.7387E+01 6.1757E+01 8.7400E+01 5.9366E+015426 3102
 8.7413E+01 5.7129E+01 8.7426E+01 5.5034E+01 8.7439E+01 5.3066E+015426 3102
 8.7453E+01 5.1217E+01 8.7466E+01 4.9473E+01 8.7492E+01 4.6270E+015426 3102
 8.7518E+01 4.3401E+01 8.7544E+01 4.0813E+01 8.7571E+01 3.8470E+015426 3102
 8.7597E+01 3.6340E+01 8.7623E+01 3.4397E+01 8.7649E+01 3.2615E+015426 3102
 8.7675E+01 3.0978E+01 8.7702E+01 2.9470E+01 8.7728E+01 2.8078E+015426 3102
 8.7754E+01 2.6787E+01 8.7780E+01 2.5590E+01 8.7807E+01 2.4477E+015426 3102
 8.7833E+01 2.3439E+01 8.7859E+01 2.2473E+01 8.7885E+01 2.1566E+015426 3102
 8.7912E+01 2.0718E+01 8.7938E+01 1.9924E+01 8.7964E+01 1.9177E+015426 3102
 8.7990E+01 1.8473E+01 8.8016E+01 1.7812E+01 8.8043E+01 1.7189E+015426 3102
 8.8095E+01 1.6040E+01 8.8148E+01 1.5014E+01 8.8200E+01 1.4091E+015426 3102
 8.8252E+01 1.3258E+01 8.8305E+01 1.2504E+01 8.8357E+01 1.1818E+015426 3102
 8.8410E+01 1.1194E+01 8.8462E+01 1.0624E+01 8.8515E+01 1.0101E+015426 3102
 8.8567E+01 9.6217E+00 8.8620E+01 9.1800E+00 8.8672E+01 8.7730E+005426 3102
 8.8724E+01 8.3972E+00 8.8777E+01 8.0491E+00 8.8829E+01 7.7265E+005426 3102
 8.8882E+01 7.4270E+00 8.8934E+01 7.1485E+00 8.8987E+01 6.8890E+005426 3102
 8.9039E+01 6.6470E+00 8.9092E+01 6.4210E+00 8.9144E+01 6.2098E+005426 3102
 8.9197E+01 6.0121E+00 8.9249E+01 5.8266E+00 8.9354E+01 5.4895E+005426 3102
 8.9459E+01 5.1913E+00 8.9564E+01 4.9272E+00 8.9669E+01 4.6927E+005426 3102
 8.9773E+01 4.4839E+00 8.9878E+01 4.2978E+00 8.9983E+01 4.1314E+005426 3102
 9.0088E+01 3.9830E+00 9.0193E+01 3.8503E+00 9.0298E+01 3.7317E+005426 3102
 9.0403E+01 3.6258E+00 9.0508E+01 3.5316E+00 9.0613E+01 3.4477E+005426 3102
 9.0718E+01 3.3732E+00 9.0822E+01 3.3075E+00 9.0927E+01 3.2500E+005426 3102
 9.1032E+01 3.1999E+00 9.1137E+01 3.1567E+00 9.1242E+01 3.1200E+005426 3102
 9.1452E+01 3.0644E+00 9.1662E+01 3.0299E+00 9.1871E+01 3.0150E+005426 3102
 9.2081E+01 3.0183E+00 9.2291E+01 3.0390E+00 9.2501E+01 3.0766E+005426 3102
 9.2711E+01 3.1308E+00 9.2920E+01 3.2018E+00 9.3130E+01 3.2900E+005426 3102
 9.3340E+01 3.3962E+00 9.3550E+01 3.5215E+00 9.3760E+01 3.6674E+005426 3102
 9.3969E+01 3.8351E+00 9.4074E+01 3.9283E+00 9.4179E+01 4.0278E+005426 3102
 9.4284E+01 4.1345E+00 9.4389E+01 4.2487E+00 9.4494E+01 4.3704E+005426 3102
 9.4599E+01 4.5008E+00 9.4651E+01 4.5692E+00 9.4704E+01 4.6399E+005426 3102
 9.4756E+01 4.7131E+00 9.4809E+01 4.7886E+00 9.4861E+01 4.8670E+005426 3102
 9.4913E+01 4.9477E+00 9.4966E+01 5.0314E+00 9.5018E+01 5.1177E+005426 3102
 9.5071E+01 5.2073E+00 9.5123E+01 5.2999E+00 9.5176E+01 5.3957E+005426 3102
 9.5228E+01 5.4948E+00 9.5281E+01 5.5974E+00 9.5333E+01 5.7037E+005426 3102
 9.5386E+01 5.8137E+00 9.5438E+01 5.9277E+00 9.5490E+01 6.0457E+005426 3102
 9.5517E+01 6.1064E+00 9.5569E+01 6.2312E+00 9.5595E+01 6.2951E+005426 3102
 9.5635E+01 6.3936E+00 9.5674E+01 6.4944E+00 9.5700E+01 6.5635E+005426 3102
 9.5740E+01 6.6692E+00 9.5805E+01 6.8524E+00 9.5831E+01 6.9280E+005426 3102
 9.5884E+01 7.0838E+00 9.5936E+01 7.2457E+00 9.5962E+01 7.3290E+005426 3102
 9.6015E+01 7.5006E+00 9.6041E+01 7.5890E+00 9.6067E+01 7.6791E+005426 3102
 9.6094E+01 7.7710E+00 9.6120E+01 7.8650E+00 9.6146E+01 7.9606E+005426 3102
 9.6172E+01 8.0583E+00 9.6198E+01 8.1580E+00 9.6225E+01 8.2597E+005426 3102
 9.6251E+01 8.3636E+00 9.6277E+01 8.4697E+00 9.6303E+01 8.5777E+005426 3102
 9.6330E+01 8.6883E+00 9.6356E+01 8.8009E+00 9.6382E+01 8.9165E+005426 3102
 9.6408E+01 9.0348E+00 9.6435E+01 9.1548E+00 9.6461E+01 9.2783E+005426 3102
 9.6487E+01 9.4035E+00 9.6513E+01 9.5322E+00 9.6539E+01 9.6635E+005426 3102
 9.6566E+01 9.7983E+00 9.6592E+01 9.9348E+00 9.6618E+01 1.0076E+015426 3102
 9.6644E+01 1.0220E+01 9.6671E+01 1.0367E+01 9.6697E+01 1.0517E+015426 3102
 9.6723E+01 1.0671E+01 9.6749E+01 1.0829E+01 9.6775E+01 1.0990E+015426 3102
 9.6802E+01 1.1157E+01 9.6828E+01 1.1325E+01 9.6854E+01 1.1499E+015426 3102
 9.6880E+01 1.1677E+01 9.6907E+01 1.1859E+01 9.6933E+01 1.2045E+015426 3102
 9.6959E+01 1.2237E+01 9.6985E+01 1.2433E+01 9.7011E+01 1.2634E+015426 3102
 9.7038E+01 1.2841E+01 9.7064E+01 1.3052E+01 9.7090E+01 1.3270E+015426 3102
 9.7116E+01 1.3493E+01 9.7143E+01 1.3722E+01 9.7169E+01 1.3958E+015426 3102
 9.7195E+01 1.4199E+01 9.7221E+01 1.4447E+01 9.7247E+01 1.4703E+015426 3102
 9.7274E+01 1.4965E+01 9.7300E+01 1.5235E+01 9.7326E+01 1.5511E+015426 3102
 9.7352E+01 1.5797E+01 9.7379E+01 1.6090E+01 9.7405E+01 1.6393E+015426 3102
 9.7431E+01 1.6704E+01 9.7457E+01 1.7024E+01 9.7484E+01 1.7355E+015426 3102
 9.7510E+01 1.7695E+01 9.7536E+01 1.8045E+01 9.7562E+01 1.8406E+015426 3102
 9.7588E+01 1.8780E+01 9.7615E+01 1.9164E+01 9.7641E+01 1.9560E+015426 3102
 9.7667E+01 1.9971E+01 9.7693E+01 2.0394E+01 9.7720E+01 2.0831E+015426 3102
 9.7746E+01 2.1284E+01 9.7772E+01 2.1750E+01 9.7798E+01 2.2234E+015426 3102
 9.7824E+01 2.2734E+01 9.7851E+01 2.3253E+01 9.7877E+01 2.3789E+015426 3102
 9.7903E+01 2.4345E+01 9.7929E+01 2.4920E+01 9.7956E+01 2.5517E+015426 3102
 9.7982E+01 2.6136E+01 9.8008E+01 2.6779E+01 9.8034E+01 2.7446E+015426 3102
 9.8060E+01 2.8139E+01 9.8087E+01 2.8860E+01 9.8113E+01 2.9610E+015426 3102
 9.8139E+01 3.0389E+01 9.8165E+01 3.1202E+01 9.8192E+01 3.2048E+015426 3102
 9.8218E+01 3.2928E+01 9.8244E+01 3.3848E+01 9.8270E+01 3.4808E+015426 3102
 9.8296E+01 3.5810E+01 9.8323E+01 3.6857E+01 9.8349E+01 3.7950E+015426 3102
 9.8375E+01 3.9096E+01 9.8401E+01 4.0296E+01 9.8428E+01 4.1552E+015426 3102
 9.8454E+01 4.2870E+01 9.8480E+01 4.4253E+01 9.8506E+01 4.5707E+015426 3102
 9.8532E+01 4.7236E+01 9.8559E+01 4.8843E+01 9.8585E+01 5.0538E+015426 3102
 9.8611E+01 5.2324E+01 9.8637E+01 5.4209E+01 9.8664E+01 5.6202E+015426 3102
 9.8690E+01 5.8309E+01 9.8716E+01 6.0540E+01 9.8742E+01 6.2908E+015426 3102
 9.8769E+01 6.5420E+01 9.8795E+01 6.8091E+01 9.8821E+01 7.0938E+015426 3102
 9.8847E+01 7.3971E+01 9.8873E+01 7.7210E+01 9.8900E+01 8.0675E+015426 3102
 9.8926E+01 8.4390E+01 9.8952E+01 8.8374E+01 9.8978E+01 9.2670E+015426 3102
 9.9005E+01 9.7287E+01 9.9031E+01 1.0229E+02 9.9057E+01 1.0770E+025426 3102
 9.9083E+01 1.1358E+02 9.9109E+01 1.1999E+02 9.9136E+01 1.2700E+025426 3102
 9.9162E+01 1.3467E+02 9.9175E+01 1.3880E+02 9.9188E+01 1.4312E+025426 3102
 9.9201E+01 1.4767E+02 9.9214E+01 1.5247E+02 9.9227E+01 1.5752E+025426 3102
 9.9241E+01 1.6285E+02 9.9254E+01 1.6845E+02 9.9267E+01 1.7441E+025426 3102
 9.9280E+01 1.8069E+02 9.9293E+01 1.8738E+02 9.9306E+01 1.9446E+025426 3102
 9.9319E+01 2.0198E+02 9.9332E+01 2.1000E+02 9.9345E+01 2.1854E+025426 3102
 9.9359E+01 2.2766E+02 9.9372E+01 2.3742E+02 9.9385E+01 2.4786E+025426 3102
 9.9398E+01 2.5903E+02 9.9411E+01 2.7105E+02 9.9424E+01 2.8396E+025426 3102
 9.9437E+01 2.9784E+02 9.9450E+01 3.1278E+02 9.9463E+01 3.2890E+025426 3102
 9.9477E+01 3.4630E+02 9.9490E+01 3.6509E+02 9.9503E+01 3.8537E+025426 3102
 9.9516E+01 4.0731E+02 9.9529E+01 4.3104E+02 9.9542E+01 4.5674E+025426 3102
 9.9555E+01 4.8450E+02 9.9568E+01 5.1451E+02 9.9581E+01 5.4699E+025426 3102
 9.9595E+01 5.8206E+02 9.9608E+01 6.1997E+02 9.9621E+01 6.6083E+025426 3102
 9.9634E+01 7.0490E+02 9.9647E+01 7.5237E+02 9.9660E+01 8.0335E+025426 3102
 9.9673E+01 8.5809E+02 9.9686E+01 9.1670E+02 9.9699E+01 9.7948E+025426 3102
 9.9713E+01 1.0464E+03 9.9726E+01 1.1177E+03 9.9739E+01 1.1934E+035426 3102
 9.9752E+01 1.2736E+03 9.9765E+01 1.3583E+03 9.9778E+01 1.4476E+035426 3102
 9.9791E+01 1.5413E+03 9.9804E+01 1.6394E+03 9.9817E+01 1.7419E+035426 3102
 9.9831E+01 1.8481E+03 9.9850E+01 2.0148E+03 9.9870E+01 2.1888E+035426 3102
 9.9890E+01 2.3688E+03 9.9962E+01 3.0487E+03 9.9995E+01 3.3461E+035426 3102
 1.0001E+02 3.5132E+03 1.0003E+02 3.6690E+03 1.0005E+02 3.7643E+035426 3102
 1.0007E+02 3.9027E+03 1.0008E+02 3.9457E+03 1.0010E+02 4.0578E+035426 3102
 1.0012E+02 4.1423E+03 1.0013E+02 4.1826E+03 1.0015E+02 4.2094E+035426 3102
 1.0017E+02 4.2241E+03 1.0018E+02 4.2219E+03 1.0019E+02 4.2075E+035426 3102
 1.0021E+02 4.1599E+03 1.0022E+02 4.1373E+03 1.0024E+02 4.0510E+035426 3102
 1.0026E+02 3.9786E+03 1.0027E+02 3.8945E+03 1.0029E+02 3.8008E+035426 3102
 1.0030E+02 3.6830E+03 1.0032E+02 3.5546E+03 1.0034E+02 3.4184E+035426 3102
 1.0036E+02 3.1761E+03 1.0040E+02 2.8706E+03 1.0045E+02 2.3544E+035426 3102
 1.0048E+02 2.0579E+03 1.0049E+02 1.9628E+03 1.0052E+02 1.7810E+035426 3102
 1.0054E+02 1.6100E+03 1.0055E+02 1.5293E+03 1.0056E+02 1.4510E+035426 3102
 1.0057E+02 1.3764E+03 1.0058E+02 1.3044E+03 1.0059E+02 1.2361E+035426 3102
 1.0060E+02 1.1703E+03 1.0062E+02 1.1083E+03 1.0063E+02 1.0487E+035426 3102
 1.0064E+02 9.9270E+02 1.0065E+02 9.3913E+02 1.0066E+02 8.8843E+025426 3102
 1.0067E+02 8.4060E+02 1.0068E+02 7.9583E+02 1.0069E+02 7.5323E+025426 3102
 1.0070E+02 7.1350E+02 1.0071E+02 6.7579E+02 1.0072E+02 6.4065E+025426 3102
 1.0074E+02 6.0738E+02 1.0075E+02 5.7643E+02 1.0076E+02 5.4711E+025426 3102
 1.0077E+02 5.1990E+02 1.0078E+02 4.9417E+02 1.0079E+02 4.7026E+025426 3102
 1.0080E+02 4.4768E+02 1.0081E+02 4.2670E+02 1.0082E+02 4.0689E+025426 3102
 1.0083E+02 3.8850E+02 1.0085E+02 3.7110E+02 1.0086E+02 3.5494E+025426 3102
 1.0087E+02 3.3965E+02 1.0088E+02 3.2544E+02 1.0089E+02 3.1198E+025426 3102
 1.0090E+02 2.9947E+02 1.0091E+02 2.8758E+02 1.0092E+02 2.7650E+025426 3102
 1.0093E+02 2.6599E+02 1.0094E+02 2.5617E+02 1.0095E+02 2.4683E+025426 3102
 1.0097E+02 2.3810E+02 1.0099E+02 2.2197E+02 1.0101E+02 2.0746E+025426 3102
 1.0103E+02 1.9449E+02 1.0105E+02 1.8279E+02 1.0108E+02 1.7217E+025426 3102
 1.0110E+02 1.6253E+02 1.0112E+02 1.5372E+02 1.0114E+02 1.4567E+025426 3102
 1.0116E+02 1.3827E+02 1.0118E+02 1.3143E+02 1.0121E+02 1.2514E+025426 3102
 1.0123E+02 1.1932E+02 1.0125E+02 1.1391E+02 1.0127E+02 1.0889E+025426 3102
 1.0129E+02 1.0420E+02 1.0132E+02 9.9826E+01 1.0134E+02 9.5730E+015426 3102
 1.0136E+02 9.1870E+01 1.0138E+02 8.8270E+01 1.0140E+02 8.4883E+015426 3102
 1.0143E+02 8.1691E+01 1.0145E+02 7.8683E+01 1.0147E+02 7.5844E+015426 3102
 1.0151E+02 7.0618E+01 1.0156E+02 6.5928E+01 1.0160E+02 6.1700E+015426 3102
 1.0164E+02 5.7874E+01 1.0169E+02 5.4399E+01 1.0173E+02 5.1227E+015426 3102
 1.0178E+02 4.8335E+01 1.0182E+02 4.5685E+01 1.0186E+02 4.3250E+015426 3102
 1.0191E+02 4.1003E+01 1.0195E+02 3.8933E+01 1.0200E+02 3.7017E+015426 3102
 1.0204E+02 3.5242E+01 1.0208E+02 3.3587E+01 1.0213E+02 3.2054E+015426 3102
 1.0217E+02 3.0622E+01 1.0221E+02 2.9287E+01 1.0226E+02 2.8037E+015426 3102
 1.0230E+02 2.6865E+01 1.0235E+02 2.5767E+01 1.0239E+02 2.4737E+015426 3102
 1.0243E+02 2.3763E+01 1.0248E+02 2.2850E+01 1.0252E+02 2.1990E+015426 3102
 1.0257E+02 2.1177E+01 1.0261E+02 2.0408E+01 1.0265E+02 1.9683E+015426 3102
 1.0274E+02 1.8342E+01 1.0283E+02 1.7131E+01 1.0292E+02 1.6039E+015426 3102
 1.0300E+02 1.5048E+01 1.0309E+02 1.4147E+01 1.0318E+02 1.3324E+015426 3102
 1.0327E+02 1.2571E+01 1.0335E+02 1.1881E+01 1.0344E+02 1.1247E+015426 3102
 1.0353E+02 1.0661E+01 1.0362E+02 1.0122E+01 1.0370E+02 9.6217E+005426 3102
 1.0379E+02 9.1583E+00 1.0388E+02 8.7278E+00 1.0397E+02 8.3269E+005426 3102
 1.0405E+02 7.9532E+00 1.0414E+02 7.6043E+00 1.0423E+02 7.2776E+005426 3102
 1.0432E+02 6.9721E+00 1.0441E+02 6.6852E+00 1.0449E+02 6.4162E+005426 3102
 1.0458E+02 6.1626E+00 1.0467E+02 5.9241E+00 1.0476E+02 5.6992E+005426 3102
 1.0484E+02 5.4873E+00 1.0493E+02 5.2867E+00 1.0502E+02 5.0977E+005426 3102
 1.0519E+02 4.7485E+00 1.0537E+02 4.4337E+00 1.0554E+02 4.1491E+005426 3102
 1.0572E+02 3.8911E+00 1.0589E+02 3.6567E+00 1.0607E+02 3.4429E+005426 3102
 1.0625E+02 3.2474E+00 1.0642E+02 3.0681E+00 1.0660E+02 2.9033E+005426 3102
 1.0677E+02 2.7516E+00 1.0695E+02 2.6115E+00 1.0712E+02 2.4819E+005426 3102
 1.0730E+02 2.3618E+00 1.0747E+02 2.2502E+00 1.0765E+02 2.1464E+005426 3102
 1.0782E+02 2.0497E+00 1.0800E+02 1.9593E+00 1.0817E+02 1.8750E+005426 3102
 1.0835E+02 1.7959E+00 1.0852E+02 1.7218E+00 1.0870E+02 1.6521E+005426 3102
 1.0887E+02 1.5868E+00 1.0905E+02 1.5251E+00 1.0923E+02 1.4670E+005426 3102
 1.0940E+02 1.4123E+00 1.0958E+02 1.3605E+00 1.0975E+02 1.3118E+005426 3102
 1.1010E+02 1.2217E+00 1.1045E+02 1.1405E+00 1.1080E+02 1.0671E+005426 3102
 1.1115E+02 1.0006E+00 1.1150E+02 9.4017E-01 1.1185E+02 8.8513E-015426 3102
 1.1220E+02 8.3472E-01 1.1256E+02 7.8856E-01 1.1291E+02 7.4617E-015426 3102
 1.1326E+02 7.0710E-01 1.1361E+02 6.7103E-01 1.1396E+02 6.3770E-015426 3102
 1.1431E+02 6.0677E-01 1.1466E+02 5.7807E-01 1.1501E+02 5.5137E-015426 3102
 1.1536E+02 5.2646E-01 1.1571E+02 5.0325E-01 1.1606E+02 4.8152E-015426 3102
 1.1641E+02 4.6119E-01 1.1676E+02 4.4212E-01 1.1711E+02 4.2423E-015426 3102
 1.1746E+02 4.0739E-01 1.1781E+02 3.9154E-01 1.1816E+02 3.7663E-015426 3102
 1.1851E+02 3.6252E-01 1.1886E+02 3.4922E-01 1.1922E+02 3.3670E-015426 3102
 1.1992E+02 3.1355E-01 1.2062E+02 2.9267E-01 1.2132E+02 2.7381E-015426 3102
 1.2202E+02 2.5673E-01 1.2272E+02 2.4123E-01 1.2342E+02 2.2708E-015426 3102
 1.2412E+02 2.1414E-01 1.2482E+02 2.0230E-01 1.2552E+02 1.9140E-015426 3102
 1.2623E+02 1.8139E-01 1.2693E+02 1.7215E-01 1.2763E+02 1.6360E-015426 3102
 1.2833E+02 1.5567E-01 1.2903E+02 1.4831E-01 1.2973E+02 1.4147E-015426 3102
 1.3043E+02 1.3510E-01 1.3113E+02 1.2916E-01 1.3183E+02 1.2360E-015426 3102
 1.3254E+02 1.1840E-01 1.3324E+02 1.1352E-01 1.3394E+02 1.0895E-015426 3102
 1.3464E+02 1.0465E-01 1.3534E+02 1.0060E-01 1.3604E+02 9.6791E-025426 3102
 1.3674E+02 9.3200E-02 1.3744E+02 8.9800E-02 1.3814E+02 8.6608E-025426 3102
 1.3955E+02 8.0710E-02 1.4095E+02 7.5397E-02 1.4235E+02 7.0604E-025426 3102
 1.4375E+02 6.6271E-02 1.4515E+02 6.2337E-02 1.4656E+02 5.8756E-025426 3102
 1.4796E+02 5.5484E-02 1.4936E+02 5.2490E-02 1.5076E+02 4.9745E-025426 3102
 1.5217E+02 4.7220E-02 1.5357E+02 4.4892E-02 1.5497E+02 4.2743E-025426 3102
 1.5637E+02 4.0755E-02 1.5777E+02 3.8911E-02 1.5918E+02 3.7197E-025426 3102
 1.6058E+02 3.5605E-02 1.6198E+02 3.4120E-02 1.6338E+02 3.2737E-025426 3102
 1.6478E+02 3.1441E-02 1.6619E+02 3.0230E-02 1.6759E+02 2.9098E-025426 3102
 1.6899E+02 2.8032E-02 1.7039E+02 2.7033E-02 1.7179E+02 2.6093E-025426 3102
 1.7320E+02 2.5210E-02 1.7600E+02 2.3591E-02 1.7881E+02 2.2148E-025426 3102
 1.8161E+02 2.0857E-02 1.8441E+02 1.9695E-02 1.8722E+02 1.8653E-025426 3102
 1.9002E+02 1.7712E-02 1.9283E+02 1.6861E-02 1.9563E+02 1.6090E-025426 3102
 1.9844E+02 1.5389E-02 2.0124E+02 1.4751E-02 2.0404E+02 1.4170E-025426 3102
 2.0685E+02 1.3641E-02 2.0965E+02 1.3159E-02 2.1246E+02 1.2718E-025426 3102
 2.1526E+02 1.2315E-02 2.1806E+02 1.1947E-02 2.2087E+02 1.1610E-025426 3102
 2.2367E+02 1.1303E-02 2.2648E+02 1.1023E-02 2.2928E+02 1.0769E-025426 3102
 2.3489E+02 1.0327E-02 2.4050E+02 9.9670E-03 2.4611E+02 9.6774E-035426 3102
 2.5172E+02 9.4530E-03 2.5732E+02 9.2870E-03 2.6293E+02 9.1765E-035426 3102
 2.6854E+02 9.1174E-03 2.7415E+02 9.1078E-03 2.7976E+02 9.1470E-035426 3102
 2.8537E+02 9.2365E-03 2.9097E+02 9.3757E-03 2.9658E+02 9.5670E-035426 3102
 3.0219E+02 9.8148E-03 3.0780E+02 1.0122E-02 3.1341E+02 1.0494E-025426 3102
 3.1902E+02 1.0940E-02 3.2463E+02 1.1466E-02 3.3023E+02 1.2087E-025426 3102
 3.3584E+02 1.2816E-02 3.3865E+02 1.3227E-02 3.4145E+02 1.3672E-025426 3102
 3.4426E+02 1.4154E-02 3.4706E+02 1.4679E-02 3.4986E+02 1.5247E-025426 3102
 3.5267E+02 1.5865E-02 3.5547E+02 1.6537E-02 3.5828E+02 1.7270E-025426 3102
 3.6108E+02 1.8070E-02 3.6388E+02 1.8945E-02 3.6669E+02 1.9903E-025426 3102
 3.6949E+02 2.0953E-02 3.7230E+02 2.2112E-02 3.7510E+02 2.3389E-025426 3102
 3.7791E+02 2.4804E-02 3.8071E+02 2.6373E-02 3.8351E+02 2.8122E-025426 3102
 3.8632E+02 3.0072E-02 3.8912E+02 3.2262E-02 3.9193E+02 3.4733E-025426 3102
 3.9333E+02 3.6088E-02 3.9473E+02 3.7531E-02 3.9613E+02 3.9072E-025426 3102
 3.9754E+02 4.0717E-02 3.9894E+02 4.2479E-02 4.0034E+02 4.4366E-025426 3102
 4.0174E+02 4.6393E-02 4.0314E+02 4.8570E-02 4.0455E+02 5.0916E-025426 3102
 4.0595E+02 5.3450E-02 4.0735E+02 5.6185E-02 4.0875E+02 5.9151E-025426 3102
 4.1015E+02 6.2372E-02 4.1156E+02 6.5877E-02 4.1296E+02 6.9700E-025426 3102
 4.1436E+02 7.3883E-02 4.1576E+02 7.8472E-02 4.1717E+02 8.3521E-025426 3102
 4.1857E+02 8.9096E-02 4.1997E+02 9.5261E-02 4.2137E+02 1.0210E-015426 3102
 4.2207E+02 1.0580E-01 4.2277E+02 1.0972E-01 4.2348E+02 1.1388E-015426 3102
 4.2418E+02 1.1829E-01 4.2488E+02 1.2297E-01 4.2558E+02 1.2793E-015426 3102
 4.2628E+02 1.3321E-01 4.2698E+02 1.3883E-01 4.2768E+02 1.4482E-015426 3102
 4.2838E+02 1.5123E-01 4.2908E+02 1.5807E-01 4.2978E+02 1.6540E-015426 3102
 4.3049E+02 1.7326E-01 4.3119E+02 1.8172E-01 4.3189E+02 1.9081E-015426 3102
 4.3259E+02 2.0062E-01 4.3329E+02 2.1122E-01 4.3399E+02 2.2270E-015426 3102
 4.3469E+02 2.3516E-01 4.3539E+02 2.4871E-01 4.3609E+02 2.6348E-015426 3102
 4.3680E+02 2.7963E-01 4.3750E+02 2.9734E-01 4.3820E+02 3.1681E-015426 3102
 4.3890E+02 3.3827E-01 4.3960E+02 3.6204E-01 4.4030E+02 3.8834E-015426 3102
 4.4065E+02 4.0257E-01 4.4100E+02 4.1763E-01 4.4135E+02 4.3362E-015426 3102
 4.4170E+02 4.5053E-01 4.4205E+02 4.6847E-01 4.4240E+02 4.8752E-015426 3102
 4.4275E+02 5.0777E-01 4.4310E+02 5.2930E-01 4.4346E+02 5.5225E-015426 3102
 4.4381E+02 5.7674E-01 4.4416E+02 6.0288E-01 4.4433E+02 6.1663E-015426 3102
 4.4451E+02 6.3086E-01 4.4468E+02 6.4560E-01 4.4486E+02 6.6086E-015426 3102
 4.4503E+02 6.7669E-01 4.4521E+02 6.9310E-01 4.4538E+02 7.1011E-015426 3102
 4.4556E+02 7.2777E-01 4.4573E+02 7.4610E-01 4.4591E+02 7.6513E-015426 3102
 4.4608E+02 7.8490E-01 4.4626E+02 8.0544E-01 4.4635E+02 8.1603E-015426 3102
 4.4643E+02 8.2683E-01 4.4652E+02 8.3784E-01 4.4661E+02 8.4907E-015426 3102
 4.4670E+02 8.6056E-01 4.4676E+02 8.6930E-01 4.4685E+02 8.8122E-015426 3102
 4.4692E+02 8.9026E-01 4.4698E+02 8.9948E-01 4.4709E+02 9.1522E-015426 3102
 4.4722E+02 9.3452E-01 4.4731E+02 9.4783E-01 4.4749E+02 9.7522E-015426 3102
 4.4766E+02 1.0038E+00 4.4784E+02 1.0338E+00 4.4801E+02 1.0650E+005426 3102
 4.4819E+02 1.0977E+00 4.4836E+02 1.1320E+00 4.4854E+02 1.1678E+005426 3102
 4.4871E+02 1.2054E+00 4.4880E+02 1.2250E+00 4.4889E+02 1.2449E+005426 3102
 4.4898E+02 1.2654E+00 4.4906E+02 1.2864E+00 4.4915E+02 1.3079E+005426 3102
 4.4924E+02 1.3300E+00 4.4933E+02 1.3526E+00 4.4941E+02 1.3759E+005426 3102
 4.4950E+02 1.3997E+00 4.4959E+02 1.4241E+00 4.4968E+02 1.4492E+005426 3102
 4.4976E+02 1.4750E+00 4.4985E+02 1.5015E+00 4.4994E+02 1.5287E+005426 3102
 4.5003E+02 1.5566E+00 4.5012E+02 1.5854E+00 4.5020E+02 1.6150E+005426 3102
 4.5029E+02 1.6454E+00 4.5038E+02 1.6766E+00 4.5047E+02 1.7087E+005426 3102
 4.5055E+02 1.7419E+00 4.5064E+02 1.7759E+00 4.5073E+02 1.8110E+005426 3102
 4.5082E+02 1.8470E+00 4.5090E+02 1.8844E+00 4.5099E+02 1.9227E+005426 3102
 4.5108E+02 1.9623E+00 4.5117E+02 2.0030E+00 4.5125E+02 2.0453E+005426 3102
 4.5134E+02 2.0887E+00 4.5143E+02 2.1335E+00 4.5152E+02 2.1799E+005426 3102
 4.5161E+02 2.2278E+00 4.5169E+02 2.2773E+00 4.5178E+02 2.3284E+005426 3102
 4.5187E+02 2.3814E+00 4.5196E+02 2.4360E+00 4.5204E+02 2.4927E+005426 3102
 4.5213E+02 2.5513E+00 4.5222E+02 2.6121E+00 4.5231E+02 2.6752E+005426 3102
 4.5239E+02 2.7406E+00 4.5248E+02 2.8083E+00 4.5257E+02 2.8786E+005426 3102
 4.5266E+02 2.9517E+00 4.5274E+02 3.0274E+00 4.5283E+02 3.1062E+005426 3102
 4.5292E+02 3.1881E+00 4.5301E+02 3.2737E+00 4.5309E+02 3.3623E+005426 3102
 4.5318E+02 3.4546E+00 4.5327E+02 3.5510E+00 4.5336E+02 3.6514E+005426 3102
 4.5345E+02 3.7563E+00 4.5353E+02 3.8655E+00 4.5362E+02 3.9797E+005426 3102
 4.5371E+02 4.0993E+00 4.5380E+02 4.2241E+00 4.5388E+02 4.3550E+005426 3102
 4.5397E+02 4.4919E+00 4.5406E+02 4.6357E+00 4.5415E+02 4.7863E+005426 3102
 4.5423E+02 4.9443E+00 4.5432E+02 5.1105E+00 4.5441E+02 5.2855E+005426 3102
 4.5450E+02 5.4692E+00 4.5458E+02 5.6630E+00 4.5467E+02 5.8673E+005426 3102
 4.5476E+02 6.0833E+00 4.5485E+02 6.3111E+00 4.5494E+02 6.5523E+005426 3102
 4.5502E+02 6.8074E+00 4.5511E+02 7.0783E+00 4.5520E+02 7.3657E+005426 3102
 4.5529E+02 7.6712E+00 4.5537E+02 7.9962E+00 4.5546E+02 8.3428E+005426 3102
 4.5555E+02 8.7122E+00 4.5564E+02 9.1070E+00 4.5572E+02 9.5296E+005426 3102
 4.5581E+02 9.9826E+00 4.5590E+02 1.0470E+01 4.5599E+02 1.0993E+015426 3102
 4.5607E+02 1.1557E+01 4.5616E+02 1.2167E+01 4.5625E+02 1.2827E+015426 3102
 4.5634E+02 1.3542E+01 4.5642E+02 1.4320E+01 4.5651E+02 1.5170E+015426 3102
 4.5660E+02 1.6098E+01 4.5664E+02 1.6595E+01 4.5669E+02 1.7115E+015426 3102
 4.5673E+02 1.7660E+01 4.5678E+02 1.8235E+01 4.5682E+02 1.8837E+015426 3102
 4.5686E+02 1.9471E+01 4.5691E+02 2.0135E+01 4.5695E+02 2.0837E+015426 3102
 4.5699E+02 2.1578E+01 4.5704E+02 2.2358E+01 4.5708E+02 2.3185E+015426 3102
 4.5713E+02 2.4057E+01 4.5717E+02 2.4985E+01 4.5721E+02 2.5966E+015426 3102
 4.5726E+02 2.7008E+01 4.5730E+02 2.8116E+01 4.5735E+02 2.9295E+015426 3102
 4.5739E+02 3.0553E+01 4.5743E+02 3.1897E+01 4.5748E+02 3.3334E+015426 3102
 4.5752E+02 3.4876E+01 4.5756E+02 3.6528E+01 4.5761E+02 3.8304E+015426 3102
 4.5765E+02 4.0219E+01 4.5770E+02 4.2284E+01 4.5774E+02 4.4514E+015426 3102
 4.5778E+02 4.6932E+01 4.5783E+02 4.9555E+01 4.5787E+02 5.2413E+015426 3102
 4.5791E+02 5.5518E+01 4.5796E+02 5.8905E+01 4.5800E+02 6.2607E+015426 3102
 4.5805E+02 6.6664E+01 4.5809E+02 7.1101E+01 4.5813E+02 7.5963E+015426 3102
 4.5818E+02 8.1298E+01 4.5822E+02 8.7174E+01 4.5827E+02 9.3600E+015426 3102
 4.5831E+02 1.0065E+02 4.5835E+02 1.0839E+02 4.5840E+02 1.1686E+025426 3102
 4.5844E+02 1.2612E+02 4.5848E+02 1.3623E+02 4.5853E+02 1.4723E+025426 3102
 4.5857E+02 1.5920E+02 4.5859E+02 1.6552E+02 4.5864E+02 1.7892E+025426 3102
 4.5866E+02 1.8600E+02 4.5870E+02 2.0091E+02 4.5873E+02 2.0873E+025426 3102
 4.5877E+02 2.2513E+02 4.5881E+02 2.4246E+02 4.5888E+02 2.7009E+025426 3102
 4.5894E+02 2.9944E+02 4.5901E+02 3.2994E+02 4.5912E+02 3.8176E+025426 3102
 4.5919E+02 4.1220E+02 4.5925E+02 4.4269E+02 4.5931E+02 4.6350E+025426 3102
 4.5933E+02 4.7317E+02 4.5938E+02 4.9081E+02 4.5942E+02 5.0237E+025426 3102
 4.5946E+02 5.1227E+02 4.5949E+02 5.1793E+02 4.5954E+02 5.2677E+025426 3102
 4.5956E+02 5.2990E+02 4.5961E+02 5.3347E+02 4.5964E+02 5.3390E+025426 3102
 4.5967E+02 5.3340E+02 4.5972E+02 5.2971E+02 4.5974E+02 5.2651E+025426 3102
 4.5979E+02 5.1755E+02 4.5982E+02 5.1183E+02 4.5985E+02 5.0538E+025426 3102
 4.5990E+02 4.9023E+02 4.5995E+02 4.7250E+02 4.6000E+02 4.5257E+025426 3102
 4.6005E+02 4.3096E+02 4.6012E+02 3.9960E+02 4.6031E+02 3.1233E+025426 3102
 4.6038E+02 2.8073E+02 4.6045E+02 2.5087E+02 4.6047E+02 2.4137E+025426 3102
 4.6051E+02 2.2310E+02 4.6056E+02 2.0588E+02 4.6058E+02 1.9770E+025426 3102
 4.6063E+02 1.8219E+02 4.6065E+02 1.7485E+02 4.6070E+02 1.6098E+025426 3102
 4.6072E+02 1.5447E+02 4.6075E+02 1.4823E+02 4.6079E+02 1.3654E+025426 3102
 4.6084E+02 1.2582E+02 4.6089E+02 1.1606E+02 4.6093E+02 1.0717E+025426 3102
 4.6098E+02 9.9122E+01 4.6102E+02 9.1800E+01 4.6107E+02 8.5170E+015426 3102
 4.6112E+02 7.9159E+01 4.6116E+02 7.3725E+01 4.6121E+02 6.8784E+015426 3102
 4.6126E+02 6.4303E+01 4.6130E+02 6.0227E+01 4.6135E+02 5.6528E+015426 3102
 4.6140E+02 5.3148E+01 4.6144E+02 5.0062E+01 4.6149E+02 4.7237E+015426 3102
 4.6154E+02 4.4654E+01 4.6158E+02 4.2276E+01 4.6163E+02 4.0086E+015426 3102
 4.6167E+02 3.8063E+01 4.6172E+02 3.6201E+01 4.6177E+02 3.4470E+015426 3102
 4.6181E+02 3.2864E+01 4.6186E+02 3.1371E+01 4.6191E+02 2.9983E+015426 3102
 4.6195E+02 2.8684E+01 4.6200E+02 2.7472E+01 4.6205E+02 2.6336E+015426 3102
 4.6209E+02 2.5272E+01 4.6214E+02 2.4271E+01 4.6218E+02 2.3331E+015426 3102
 4.6223E+02 2.2444E+01 4.6228E+02 2.1611E+01 4.6232E+02 2.0823E+015426 3102
 4.6237E+02 2.0077E+01 4.6246E+02 1.8705E+01 4.6256E+02 1.7469E+015426 3102
 4.6265E+02 1.6355E+01 4.6274E+02 1.5345E+01 4.6283E+02 1.4428E+015426 3102
 4.6293E+02 1.3590E+01 4.6302E+02 1.2826E+01 4.6311E+02 1.2123E+015426 3102
 4.6320E+02 1.1478E+01 4.6330E+02 1.0884E+01 4.6339E+02 1.0335E+015426 3102
 4.6348E+02 9.8261E+00 4.6358E+02 9.3548E+00 4.6367E+02 8.9174E+005426 3102
 4.6376E+02 8.5096E+00 4.6385E+02 8.1291E+00 4.6395E+02 7.7743E+005426 3102
 4.6404E+02 7.4420E+00 4.6413E+02 7.1310E+00 4.6422E+02 6.8390E+005426 3102
 4.6432E+02 6.5648E+00 4.6441E+02 6.3067E+00 4.6450E+02 6.0639E+005426 3102
 4.6460E+02 5.8347E+00 4.6469E+02 5.6185E+00 4.6478E+02 5.4141E+005426 3102
 4.6487E+02 5.2206E+00 4.6506E+02 4.8638E+00 4.6525E+02 4.5421E+005426 3102
 4.6543E+02 4.2515E+00 4.6562E+02 3.9879E+00 4.6580E+02 3.7480E+005426 3102
 4.6599E+02 3.5292E+00 4.6617E+02 3.3291E+00 4.6636E+02 3.1454E+005426 3102
 4.6654E+02 2.9767E+00 4.6673E+02 2.8210E+00 4.6691E+02 2.6773E+005426 3102
 4.6710E+02 2.5443E+00 4.6729E+02 2.4211E+00 4.6747E+02 2.3065E+005426 3102
 4.6766E+02 2.1999E+00 4.6784E+02 2.1005E+00 4.6803E+02 2.0077E+005426 3102
 4.6821E+02 1.9209E+00 4.6840E+02 1.8396E+00 4.6858E+02 1.7633E+005426 3102
 4.6877E+02 1.6917E+00 4.6895E+02 1.6245E+00 4.6914E+02 1.5611E+005426 3102
 4.6933E+02 1.5014E+00 4.6951E+02 1.4451E+00 4.6970E+02 1.3920E+005426 3102
 4.7007E+02 1.2940E+00 4.7044E+02 1.2060E+00 4.7081E+02 1.1265E+005426 3102
 4.7118E+02 1.0546E+00 4.7155E+02 9.8939E-01 4.7192E+02 9.3000E-015426 3102
 4.7229E+02 8.7583E-01 4.7266E+02 8.2623E-01 4.7304E+02 7.8072E-015426 3102
 4.7341E+02 7.3886E-01 4.7378E+02 7.0026E-01 4.7415E+02 6.6461E-015426 3102
 4.7452E+02 6.3160E-01 4.7489E+02 6.0097E-01 4.7526E+02 5.7252E-015426 3102
 4.7563E+02 5.4605E-01 4.7600E+02 5.2134E-01 4.7637E+02 4.9829E-015426 3102
 4.7675E+02 4.7671E-01 4.7712E+02 4.5652E-01 4.7749E+02 4.3755E-015426 3102
 4.7786E+02 4.1977E-01 4.7823E+02 4.0303E-01 4.7860E+02 3.8726E-015426 3102
 4.7897E+02 3.7241E-01 4.7934E+02 3.5840E-01 4.7971E+02 3.4517E-015426 3102
 4.8008E+02 3.3268E-01 4.8083E+02 3.0965E-01 4.8157E+02 2.8885E-015426 3102
 4.8231E+02 2.7005E-01 4.8305E+02 2.5303E-01 4.8379E+02 2.3757E-015426 3102
 4.8454E+02 2.2347E-01 4.8528E+02 2.1058E-01 4.8602E+02 1.9878E-015426 3102
 4.8676E+02 1.8793E-01 4.8750E+02 1.7795E-01 4.8825E+02 1.6874E-015426 3102
 4.8899E+02 1.6021E-01 4.8973E+02 1.5232E-01 4.9047E+02 1.4499E-015426 3102
 4.9121E+02 1.3817E-01 4.9196E+02 1.3183E-01 4.9270E+02 1.2591E-015426 3102
 4.9344E+02 1.2037E-01 4.9418E+02 1.1520E-01 4.9492E+02 1.1034E-015426 3102
 4.9567E+02 1.0579E-01 4.9641E+02 1.0151E-01 4.9715E+02 9.7478E-025426 3102
 4.9789E+02 9.3687E-02 4.9863E+02 9.0104E-02 4.9938E+02 8.6732E-025426 3102
 5.0012E+02 8.3557E-02 5.0160E+02 7.7691E-02 5.0309E+02 7.2403E-025426 3102
 5.0457E+02 6.7632E-02 5.0605E+02 6.3318E-02 5.0754E+02 5.9398E-025426 3102
 5.0902E+02 5.5833E-02 5.1051E+02 5.2575E-02 5.1199E+02 4.9593E-025426 3102
 5.1347E+02 4.6858E-02 5.1496E+02 4.4340E-02 5.1644E+02 4.2019E-025426 3102
 5.1793E+02 3.9874E-02 5.1941E+02 3.7890E-02 5.2089E+02 3.6049E-025426 3102
 5.2238E+02 3.4337E-02 5.2386E+02 3.2743E-02 5.2535E+02 3.1258E-025426 3102
 5.2683E+02 2.9872E-02 5.2831E+02 2.8574E-02 5.3128E+02 2.6220E-025426 3102
 5.3277E+02 2.5150E-02 5.3573E+02 2.3197E-02 5.3722E+02 2.2305E-025426 3102
 5.4019E+02 2.0665E-02 5.4315E+02 1.9203E-02 5.4612E+02 1.7889E-025426 3102
 5.4909E+02 1.6703E-02 5.5206E+02 1.5630E-02 5.5503E+02 1.4658E-025426 3102
 5.5799E+02 1.3772E-02 5.6096E+02 1.2965E-02 5.6393E+02 1.2227E-025426 3102
 5.6690E+02 1.1549E-02 5.6987E+02 1.0926E-02 5.7580E+02 9.8217E-035426 3102
 5.7877E+02 9.3313E-03 5.8471E+02 8.4541E-03 5.8767E+02 8.0610E-035426 3102
 5.9361E+02 7.3527E-03 5.9658E+02 7.0330E-03 6.0251E+02 6.4530E-035426 3102
 6.0845E+02 5.9417E-03 6.1735E+02 5.2813E-03 6.2626E+02 4.7253E-035426 3102
 6.3219E+02 4.4021E-03 6.4406E+02 3.8470E-03 6.4703E+02 3.7270E-035426 3102
 6.4777E+02 3.7471E-03 6.4796E+02 3.8535E-03 6.4814E+02 4.2905E-035426 3102
 6.4824E+02 4.8410E-03 6.4833E+02 5.8510E-03 6.4842E+02 7.6479E-035426 3102
 6.4847E+02 8.9922E-03 6.4852E+02 1.0737E-02 6.4856E+02 1.2997E-025426 3102
 6.4861E+02 1.5890E-02 6.4866E+02 1.9568E-02 6.4870E+02 2.4197E-025426 3102
 6.4875E+02 2.9998E-02 6.4879E+02 3.7196E-02 6.4884E+02 4.6057E-025426 3102
 6.4889E+02 5.6853E-02 6.4893E+02 6.9957E-02 6.4898E+02 8.5706E-025426 3102
 6.4903E+02 1.0448E-01 6.4907E+02 1.2664E-01 6.4912E+02 1.5269E-015426 3102
 6.4917E+02 1.8299E-01 6.4921E+02 2.1801E-01 6.4926E+02 2.5800E-015426 3102
 6.4930E+02 3.0356E-01 6.4935E+02 3.5490E-01 6.4940E+02 4.1231E-015426 3102
 6.4944E+02 4.7585E-01 6.4949E+02 5.4594E-01 6.4954E+02 6.2245E-015426 3102
 6.4958E+02 7.0531E-01 6.4963E+02 7.9413E-01 6.4968E+02 8.8904E-015426 3102
 6.4972E+02 9.8939E-01 6.4977E+02 1.0946E+00 6.4981E+02 1.2039E+005426 3102
 6.4991E+02 1.4324E+00 6.5000E+02 3.6139E-03 6.5000E+02 3.3389E+005426 3102
 6.9840E+02 3.1780E+00 7.5000E+02 3.0260E+00 7.9860E+02 2.8981E+005426 3102
 8.5000E+02 2.7763E+00 9.2227E+02 2.6248E+00 1.0000E+03 2.4828E+005426 3102
 1.0579E+03 2.3886E+00 1.1188E+03 2.2985E+00 1.1827E+03 2.2122E+005426 3102
 1.2500E+03 2.1296E+00 1.3087E+03 2.0635E+00 1.3699E+03 1.9996E+005426 3102
 1.4336E+03 1.9379E+00 1.5000E+03 1.8787E+00 1.6207E+03 1.7814E+005426 3102
 1.7500E+03 1.6898E+00 1.8713E+03 1.6137E+00 2.0000E+03 1.5415E+005426 3102
 2.1161E+03 1.4918E+00 2.2380E+03 1.4438E+00 2.3659E+03 1.3980E+005426 3102
 2.5000E+03 1.3539E+00 2.7402E+03 1.2836E+00 3.0000E+03 1.2177E+005426 3102
 3.2419E+03 1.1695E+00 3.5000E+03 1.1238E+00 3.7430E+03 1.0852E+005426 3102
 4.0000E+03 1.0483E+00 4.2329E+03 1.0198E+00 4.4769E+03 9.9221E-015426 3102
 4.7324E+03 9.6568E-01 5.0000E+03 9.4011E-01 5.4812E+03 9.0010E-015426 3102
 6.0000E+03 8.6236E-01 6.4842E+03 8.3158E-01 7.0000E+03 8.0228E-015426 3102
 7.4863E+03 7.7736E-01 8.0000E+03 7.5349E-01 8.4879E+03 7.3261E-015426 3102
 9.0000E+03 7.1253E-01 1.0000E+04 6.7727E-01 1.0582E+04 6.5760E-015426 3102
 1.1191E+04 6.3868E-01 1.1831E+04 6.2046E-01 1.2500E+04 6.0292E-015426 3102
 1.3702E+04 5.7474E-01 1.5000E+04 5.4825E-01 1.6210E+04 5.2653E-015426 3102
 1.7500E+04 5.0591E-01 1.8715E+04 4.8851E-01 2.0000E+04 4.7189E-015426 3102
 2.1161E+04 4.5647E-01 2.2380E+04 4.4167E-01 2.3659E+04 4.2746E-015426 3102
 2.5000E+04 4.1379E-01 2.7402E+04 3.9204E-01 3.0000E+04 3.7167E-015426 3102
 3.2416E+04 3.5421E-01 3.5000E+04 3.3773E-01 3.7427E+04 3.2394E-015426 3102
 4.0000E+04 3.1083E-01 4.2319E+04 2.9995E-01 4.4756E+04 2.8951E-015426 3102
 4.7314E+04 2.7949E-01 5.0000E+04 2.6989E-01 5.2352E+04 2.6217E-015426 3102
 5.4800E+04 2.5473E-01 5.7349E+04 2.4750E-01 6.0000E+04 2.4055E-015426 3102
 6.4832E+04 2.2922E-01 7.0000E+04 2.1855E-01 7.4855E+04 2.0980E-015426 3102
 8.0000E+04 2.0148E-01 9.0000E+04 2.1600E-01 1.0000E+05 2.0802E-015426 3102
 1.1198E+05 2.0261E-01 1.2500E+05 1.9747E-01 1.3708E+05 1.9327E-015426 3102
 1.5000E+05 1.8923E-01 1.7500E+05 1.8248E-01 2.0000E+05 1.7683E-015426 3102
 2.5000E+05 1.7308E-01 3.0000E+05 1.7001E-01 3.4600E+05 1.7655E-015426 3102
 3.9200E+05 1.8245E-01 3.9212E+05 1.8185E-01 3.9403E+05 1.7214E-015426 3102
 3.9598E+05 1.6282E-01 3.9797E+05 1.5390E-01 4.0000E+05 1.4532E-015426 3102
 4.0727E+05 1.3904E-01 4.1473E+05 1.3297E-01 4.2226E+05 1.2722E-015426 3102
 4.3000E+05 1.2167E-01 4.5063E+05 1.1612E-01 4.7225E+05 1.1081E-015426 3102
 4.7225E+05 1.1081E-01 5.0000E+05 1.0466E-01 5.3314E+05 1.0199E-015426 3102
 5.6800E+05 9.9411E-02 6.0000E+05 9.8337E-02 7.0000E+05 9.7836E-025426 3102
 7.0400E+05 9.7880E-02 8.0000E+05 1.0319E-01 8.4100E+05 1.0487E-015426 3102
 8.8800E+05 1.0709E-01 8.8806E+05 1.0706E-01 9.0000E+05 1.0133E-015426 3102
 9.2512E+05 9.7842E-02 9.5100E+05 9.4456E-02 9.7700E+05 8.9384E-025426 3102
 9.9400E+05 8.7508E-02 1.0000E+06 8.6968E-02 1.0120E+06 8.6049E-025426 3102
 1.0290E+06 8.5031E-02 1.0460E+06 8.4198E-02 1.2380E+06 8.2827E-025426 3102
 1.4300E+06 8.6460E-02 1.5000E+06 8.8324E-02 1.6220E+06 9.2123E-025426 3102
 1.6490E+06 9.3045E-02 1.6491E+06 9.3044E-02 1.8140E+06 9.8939E-025426 3102
 1.9000E+06 1.0236E-01 1.9000E+06 1.0236E-01 2.0000E+06 1.0596E-015426 3102
 2.5000E+06 1.0769E-01 2.6165E+06 1.0227E-01 2.7385E+06 9.7105E-025426 3102
 2.8662E+06 9.2171E-02 3.0000E+06 8.7563E-02 3.0564E+06 8.3333E-025426 3102
 3.1144E+06 7.9279E-02 3.1740E+06 7.5372E-02 3.2355E+06 7.1623E-025426 3102
 3.2987E+06 6.8023E-02 3.3638E+06 6.4565E-02 3.4309E+06 6.1250E-025426 3102
 3.5000E+06 5.8070E-02 3.5560E+06 5.4707E-02 3.6136E+06 5.1495E-025426 3102
 3.6731E+06 4.8427E-02 3.7344E+06 4.5501E-02 3.7976E+06 4.2711E-025426 3102
 3.8629E+06 4.0053E-02 3.9303E+06 3.7524E-02 4.0000E+06 3.5116E-025426 3102
 4.0556E+06 3.2804E-02 4.1130E+06 3.0605E-02 4.1722E+06 2.8518E-025426 3102
 4.2334E+06 2.6540E-02 4.2967E+06 2.4665E-02 4.3621E+06 2.2891E-025426 3102
 4.4298E+06 2.1213E-02 4.5000E+06 1.9630E-02 4.5554E+06 1.8238E-025426 3102
 4.6125E+06 1.6919E-02 4.6716E+06 1.5673E-02 4.7328E+06 1.4497E-025426 3102
 4.7960E+06 1.3385E-02 4.8616E+06 1.2340E-02 4.9295E+06 1.1358E-025426 3102
 4.9644E+06 1.0889E-02 5.0000E+06 1.0434E-02 5.0445E+06 9.8073E-035426 3102
 5.0903E+06 9.2088E-03 5.1373E+06 8.6383E-03 5.1856E+06 8.0942E-035426 3102
 5.2353E+06 7.5765E-03 5.2864E+06 7.0844E-03 5.3391E+06 6.6173E-035426 3102
 5.3933E+06 6.1737E-03 5.4459E+06 5.7774E-03 5.5000E+06 5.4011E-035426 3102
 5.5552E+06 5.0002E-03 5.6049E+06 4.6692E-03 5.6562E+06 4.3556E-035426 3102
 5.7090E+06 4.0589E-03 5.7635E+06 3.7785E-03 5.8197E+06 3.5141E-035426 3102
 5.8778E+06 3.2651E-03 5.9379E+06 3.0309E-03 6.0000E+06 2.8111E-035426 3102
 6.0551E+06 2.6158E-03 6.1122E+06 2.4325E-03 6.1711E+06 2.2606E-035426 3102
 6.2014E+06 2.1791E-03 6.2322E+06 2.1001E-03 6.2635E+06 2.0238E-035426 3102
 6.2954E+06 1.9503E-03 6.3279E+06 1.8792E-03 6.3611E+06 1.8110E-035426 3102
 6.3948E+06 1.7450E-03 6.4292E+06 1.6816E-03 6.4642E+06 1.6206E-035426 3102
 6.5000E+06 1.5621E-03 6.5478E+06 1.4847E-03 6.5969E+06 1.4117E-035426 3102
 6.6474E+06 1.3430E-03 6.6994E+06 1.2784E-03 6.7004E+06 1.2773E-035426 3102
 6.7454E+06 1.2261E-03 6.7948E+06 1.1745E-03 6.8455E+06 1.1261E-035426 3102
 6.8830E+06 1.0931E-03 6.9212E+06 1.0618E-03 6.9602E+06 1.0320E-035426 3102
 7.0000E+06 1.0037E-03 7.0583E+06 9.6291E-04 7.1186E+06 9.2547E-045426 3102
 7.1496E+06 9.0794E-04 7.1811E+06 8.9120E-04 7.2131E+06 8.7531E-045426 3102
 7.2457E+06 8.6021E-04 7.3061E+06 8.3477E-04 7.3685E+06 8.1179E-045426 3102
 7.4005E+06 8.0119E-04 7.4331E+06 7.9117E-04 7.4662E+06 7.8179E-045426 3102
 7.5000E+06 7.7291E-04 7.5584E+06 7.5745E-04 7.6188E+06 7.4381E-045426 3102
 7.6498E+06 7.3763E-04 7.6813E+06 7.3189E-04 7.7133E+06 7.2652E-045426 3102
 7.7460E+06 7.2156E-04 7.8063E+06 7.1361E-04 7.8686E+06 7.0691E-045426 3102
 7.9006E+06 7.0400E-04 7.9332E+06 7.0138E-04 7.9663E+06 6.9905E-045426 3102
 8.0000E+06 6.9701E-04 8.0585E+06 6.9357E-04 8.1190E+06 6.9091E-045426 3102
 8.1500E+06 6.8989E-04 8.1815E+06 6.8903E-04 8.2136E+06 6.8839E-045426 3102
 8.2462E+06 6.8785E-04 8.3065E+06 6.8736E-04 8.3689E+06 6.8732E-045426 3102
 8.4008E+06 6.8745E-04 8.4333E+06 6.8773E-04 8.4664E+06 6.8804E-045426 3102
 8.5000E+06 6.8845E-04 8.5614E+06 6.8923E-04 8.5929E+06 6.8970E-045426 3102
 8.6249E+06 6.9026E-04 8.6574E+06 6.9079E-04 8.6906E+06 6.9147E-045426 3102
 8.7243E+06 6.9213E-04 8.7586E+06 6.9281E-04 8.7586E+06 6.9281E-045426 3102
 8.8162E+06 6.9399E-04 8.8756E+06 6.9520E-04 8.9368E+06 6.9643E-045426 3102
 9.0000E+06 6.9762E-04 9.0559E+06 6.9849E-04 9.1136E+06 6.9932E-045426 3102
 9.1729E+06 7.0002E-04 9.2342E+06 7.0062E-04 9.2974E+06 7.0112E-045426 3102
 9.3627E+06 7.0140E-04 9.3961E+06 7.0147E-04 9.4302E+06 7.0151E-045426 3102
 9.4648E+06 7.0147E-04 9.5000E+06 7.0140E-04 9.5562E+06 7.0108E-045426 3102
 9.6140E+06 7.0058E-04 9.6735E+06 6.9995E-04 9.7348E+06 6.9906E-045426 3102
 9.7980E+06 6.9797E-04 9.8632E+06 6.9662E-04 9.9305E+06 6.9501E-045426 3102
 1.0000E+07 6.9308E-04 1.0171E+07 6.8799E-04 1.0171E+07 6.8799E-045426 3102
 1.0500E+07 6.7379E-04 1.1000E+07 6.4389E-04 1.1500E+07 6.0981E-045426 3102
 1.2000E+07 5.7225E-04 1.2248E+07 5.5342E-04 1.2500E+07 5.3411E-045426 3102
 1.2748E+07 5.1511E-04 1.3000E+07 4.9590E-04 1.3248E+07 4.7724E-045426 3102
 1.3500E+07 4.5854E-04 1.3748E+07 4.4048E-04 1.4000E+07 4.2256E-045426 3102
 1.4249E+07 4.0524E-04 1.4500E+07 3.8825E-04 1.4749E+07 3.7187E-045426 3102
 1.5000E+07 3.5585E-04 1.5249E+07 3.4044E-04 1.5500E+07 3.2540E-045426 3102
 1.5749E+07 3.1096E-04 1.6000E+07 2.9690E-04 1.6249E+07 2.8341E-045426 3102
 1.6500E+07 2.7030E-04 1.6749E+07 2.5774E-04 1.7000E+07 2.4553E-045426 3102
 1.7249E+07 2.3385E-04 1.7500E+07 2.2250E-04 1.7749E+07 2.1166E-045426 3102
 1.8000E+07 2.0112E-04 1.8003E+07 2.0100E-04 1.8500E+07 1.8128E-045426 3102
 1.9000E+07 1.6288E-04 1.9500E+07 1.4582E-04 2.0000E+07 1.3000E-045426 3102
                                                                  5426 3  0
