XE-126N,G*   6.0000-01* JEF-2.2; RN - ---/SYS                     5426 3402
                                                                  5426 3402
 5.41260+04 1.2482E+02          0          1          0          05426 3402
 3.0000E+02 6.9291E+06          0          0          1       19205426 3402
       1920          2                                            5426 3402
 1.0000E-05 2.2595E+01 1.0772E-05 2.1771E+01 1.1544E-05 2.1030E+015426 3402
 1.2701E-05 2.0050E+01 1.4245E-05 1.8933E+01 1.5403E-05 1.8207E+015426 3402
 1.6174E-05 1.7768E+01 1.7718E-05 1.6977E+01 1.9261E-05 1.6282E+015426 3402
 2.0805E-05 1.5668E+01 2.2349E-05 1.5116E+01 2.4664E-05 1.4390E+015426 3402
 2.5436E-05 1.4170E+01 2.8523E-05 1.3381E+01 3.1610E-05 1.2712E+015426 3402
 3.4697E-05 1.2133E+01 3.7784E-05 1.1627E+01 4.0872E-05 1.1180E+015426 3402
 4.3187E-05 1.0876E+01 4.5502E-05 1.0596E+01 4.7046E-05 1.0421E+015426 3402
 5.1677E-05 9.9430E+00 5.3220E-05 9.7980E+00 5.9395E-05 9.2751E+005426 3402
 6.5569E-05 8.8280E+00 7.1743E-05 8.4398E+00 7.7918E-05 8.0991E+005426 3402
 8.4092E-05 7.7962E+00 8.8723E-05 7.5904E+00 9.3353E-05 7.4000E+005426 3402
 9.6440E-05 7.2806E+00 1.0570E-04 6.9549E+00 1.0879E-04 6.8555E+005426 3402
 1.1805E-04 6.5816E+00 1.2731E-04 6.3378E+00 1.3349E-04 6.1898E+005426 3402
 1.4584E-04 5.9221E+00 1.5818E-04 5.6867E+00 1.7053E-04 5.4771E+005426 3402
 1.8288E-04 5.2894E+00 2.0140E-04 5.0408E+00 2.2610E-04 4.7579E+005426 3402
 2.4462E-04 4.5742E+00 2.5697E-04 4.4631E+00 2.8167E-04 4.2633E+005426 3402
 3.0637E-04 4.0881E+00 3.3106E-04 3.9327E+00 3.5576E-04 3.7938E+005426 3402
 3.9281E-04 3.6108E+00 4.0516E-04 3.5554E+00 4.4220E-04 3.4036E+005426 3402
 4.7925E-04 3.2695E+00 5.0395E-04 3.1882E+00 5.5334E-04 3.0429E+005426 3402
 6.0273E-04 2.9156E+00 6.5213E-04 2.8032E+00 7.0152E-04 2.7026E+005426 3402
 7.7562E-04 2.5705E+00 8.0031E-04 2.5306E+00 8.7440E-04 2.4210E+005426 3402
 9.4850E-04 2.3243E+00 9.9789E-04 2.2662E+00 1.0967E-03 2.1618E+005426 3402
 1.1955E-03 2.0707E+00 1.2943E-03 1.9899E+00 1.3930E-03 1.9180E+005426 3402
 1.5412E-03 1.8235E+00 1.5906E-03 1.7949E+00 1.7388E-03 1.7168E+005426 3402
 1.8870E-03 1.6479E+00 1.9858E-03 1.6066E+00 2.1834E-03 1.5321E+005426 3402
 2.3809E-03 1.4671E+00 2.5785E-03 1.4097E+00 2.7761E-03 1.3587E+005426 3402
 3.0725E-03 1.2915E+00 3.1713E-03 1.2712E+00 3.4676E-03 1.2157E+005426 3402
 3.7640E-03 1.1668E+00 3.9616E-03 1.1374E+00 4.3567E-03 1.0845E+005426 3402
 4.7519E-03 1.0385E+00 5.1470E-03 9.9780E-01 5.5422E-03 9.6157E-015426 3402
 6.1349E-03 9.1394E-01 6.3325E-03 8.9958E-01 6.9252E-03 8.6019E-015426 3402
 7.5180E-03 8.2559E-01 7.9131E-03 8.0472E-01 8.7034E-03 7.6731E-015426 3402
 9.4938E-03 7.3467E-01 1.0284E-02 7.0586E-01 1.1074E-02 6.8022E-015426 3402
 1.2260E-02 6.4647E-01 1.2655E-02 6.3630E-01 1.3840E-02 6.0843E-015426 3402
 1.5026E-02 5.8396E-01 1.5816E-02 5.6917E-01 1.7397E-02 5.4269E-015426 3402
 1.8978E-02 5.1959E-01 2.0558E-02 4.9920E-01 2.2139E-02 4.8104E-015426 3402
 2.4510E-02 4.5719E-01 2.5300E-02 4.5000E-01 2.7939E-02 4.2819E-015426 3402
 3.0578E-02 4.0928E-01 3.3216E-02 3.9269E-01 3.5855E-02 3.7796E-015426 3402
 3.9813E-02 3.5864E-01 4.1133E-02 3.5284E-01 4.5091E-02 3.3698E-015426 3402
 4.6410E-02 3.3213E-01 5.0369E-02 3.1881E-01 5.4327E-02 3.0695E-015426 3402
 5.6966E-02 2.9978E-01 6.2243E-02 2.8676E-01 6.7521E-02 2.7531E-015426 3402
 7.2798E-02 2.6515E-01 7.8076E-02 2.5602E-01 8.5992E-02 2.4391E-015426 3402
 9.6548E-02 2.3018E-01 1.0446E-01 2.2126E-01 1.0974E-01 2.1587E-015426 3402
 1.2030E-01 2.0618E-01 1.3085E-01 1.9766E-01 1.4141E-01 1.9011E-015426 3402
 1.5196E-01 1.8338E-01 1.6780E-01 1.7448E-01 1.7307E-01 1.7178E-015426 3402
 1.9418E-01 1.6213E-01 2.1002E-01 1.5588E-01 2.2585E-01 1.5029E-015426 3402
 2.3640E-01 1.4690E-01 2.5751E-01 1.4073E-01 2.7863E-01 1.3527E-015426 3402
 3.1029E-01 1.2814E-01 3.2085E-01 1.2600E-01 3.5251E-01 1.2016E-015426 3402
 3.9473E-01 1.1352E-01 4.2640E-01 1.0917E-01 4.4751E-01 1.0655E-015426 3402
 4.8973E-01 1.0183E-01 5.3195E-01 9.7658E-02 5.7417E-01 9.3957E-025426 3402
 6.1639E-01 9.0656E-02 6.7972E-01 8.6271E-02 7.0083E-01 8.4944E-025426 3402
 7.6416E-01 8.1310E-02 8.2750E-01 7.8081E-02 8.6972E-01 7.6139E-025426 3402
 9.5416E-01 7.2644E-02 1.0386E+00 6.9573E-02 1.1230E+00 6.6854E-025426 3402
 1.2075E+00 6.4428E-02 1.3341E+00 6.1221E-02 1.3764E+00 6.0250E-025426 3402
 1.5030E+00 5.7600E-02 1.6297E+00 5.5253E-02 1.7141E+00 5.3838E-025426 3402
 1.8830E+00 5.1303E-02 2.0519E+00 4.9075E-02 2.2208E+00 4.7108E-025426 3402
 2.3897E+00 4.5356E-02 2.6430E+00 4.3040E-02 2.7274E+00 4.2342E-025426 3402
 2.9808E+00 4.0430E-02 3.2341E+00 3.8742E-02 3.4030E+00 3.7726E-025426 3402
 3.7407E+00 3.5901E-02 4.0785E+00 3.4306E-02 4.4163E+00 3.2898E-025426 3402
 4.7540E+00 3.1646E-02 5.2607E+00 2.9996E-02 5.4296E+00 2.9498E-025426 3402
 5.9362E+00 2.8140E-02 6.4429E+00 2.6947E-02 6.7806E+00 2.6228E-025426 3402
 7.4562E+00 2.4947E-02 8.1317E+00 2.3832E-02 8.8072E+00 2.2855E-025426 3402
 9.4828E+00 2.1991E-02 1.0496E+01 2.0867E-02 1.0834E+01 2.0529E-025426 3402
 1.1847E+01 1.9621E-02 1.2860E+01 1.8837E-02 1.3536E+01 1.8370E-025426 3402
 1.4211E+01 1.7948E-02 1.5563E+01 1.7202E-02 1.6238E+01 1.6876E-025426 3402
 1.7589E+01 1.6299E-02 1.8940E+01 1.5813E-02 2.0291E+01 1.5403E-025426 3402
 2.1642E+01 1.5060E-02 2.3669E+01 1.4654E-02 2.5696E+01 1.4360E-025426 3402
 2.7047E+01 1.4219E-02 2.8398E+01 1.4120E-02 2.9749E+01 1.4060E-025426 3402
 3.1100E+01 1.4037E-02 3.2451E+01 1.4050E-02 3.3802E+01 1.4100E-025426 3402
 3.5153E+01 1.4185E-02 3.6504E+01 1.4305E-02 3.7855E+01 1.4463E-025426 3402
 3.9206E+01 1.4657E-02 4.0557E+01 1.4890E-02 4.1908E+01 1.5166E-025426 3402
 4.3259E+01 1.5485E-02 4.4610E+01 1.5849E-02 4.5962E+01 1.6265E-025426 3402
 4.7313E+01 1.6736E-02 4.8664E+01 1.7266E-02 5.0015E+01 1.7862E-025426 3402
 5.1366E+01 1.8531E-02 5.2717E+01 1.9283E-02 5.4068E+01 2.0130E-025426 3402
 5.5419E+01 2.1081E-02 5.6770E+01 2.2153E-02 5.8121E+01 2.3367E-025426 3402
 5.9472E+01 2.4740E-02 6.0148E+01 2.5496E-02 6.0823E+01 2.6305E-025426 3402
 6.1499E+01 2.7170E-02 6.2174E+01 2.8098E-02 6.2850E+01 2.9093E-025426 3402
 6.3525E+01 3.0163E-02 6.4201E+01 3.1317E-02 6.4876E+01 3.2560E-025426 3402
 6.5552E+01 3.3905E-02 6.6228E+01 3.5361E-02 6.6903E+01 3.6944E-025426 3402
 6.7579E+01 3.8670E-02 6.8254E+01 4.0555E-02 6.8930E+01 4.2622E-025426 3402
 6.9605E+01 4.4896E-02 7.0281E+01 4.7407E-02 7.0956E+01 5.0189E-025426 3402
 7.1632E+01 5.3292E-02 7.2307E+01 5.6757E-02 7.2645E+01 5.8643E-025426 3402
 7.2983E+01 6.0660E-02 7.3321E+01 6.2806E-02 7.3658E+01 6.5096E-025426 3402
 7.3996E+01 6.7542E-02 7.4334E+01 7.0163E-02 7.4672E+01 7.2976E-025426 3402
 7.5009E+01 7.5998E-02 7.5347E+01 7.9259E-02 7.5685E+01 8.2780E-025426 3402
 7.6023E+01 8.6598E-02 7.6361E+01 9.0747E-02 7.6698E+01 9.5273E-025426 3402
 7.7036E+01 1.0022E-01 7.7374E+01 1.0566E-01 7.7712E+01 1.1165E-015426 3402
 7.8049E+01 1.1828E-01 7.8387E+01 1.2566E-01 7.8725E+01 1.3390E-015426 3402
 7.9063E+01 1.4313E-01 7.9232E+01 1.4817E-01 7.9400E+01 1.5356E-015426 3402
 7.9569E+01 1.5931E-01 7.9738E+01 1.6547E-01 7.9907E+01 1.7206E-015426 3402
 8.0076E+01 1.7911E-01 8.0245E+01 1.8672E-01 8.0414E+01 1.9490E-015426 3402
 8.0583E+01 2.0375E-01 8.0751E+01 2.1331E-01 8.0920E+01 2.2370E-015426 3402
 8.1089E+01 2.3500E-01 8.1258E+01 2.4732E-01 8.1427E+01 2.6084E-015426 3402
 8.1596E+01 2.7567E-01 8.1765E+01 2.9202E-01 8.1934E+01 3.1013E-015426 3402
 8.2103E+01 3.3022E-01 8.2271E+01 3.5267E-01 8.2440E+01 3.7774E-015426 3402
 8.2525E+01 3.9147E-01 8.2609E+01 4.0603E-01 8.2694E+01 4.2155E-015426 3402
 8.2778E+01 4.3810E-01 8.2863E+01 4.5580E-01 8.2947E+01 4.7472E-015426 3402
 8.3031E+01 4.9500E-01 8.3116E+01 5.1677E-01 8.3200E+01 5.4014E-015426 3402
 8.3285E+01 5.6536E-01 8.3369E+01 5.9257E-01 8.3454E+01 6.2200E-015426 3402
 8.3538E+01 6.5395E-01 8.3622E+01 6.8864E-01 8.3707E+01 7.2644E-015426 3402
 8.3791E+01 7.6774E-01 8.3876E+01 8.1299E-01 8.3918E+01 8.3726E-015426 3402
 8.3960E+01 8.6273E-01 8.4002E+01 8.8947E-01 8.4045E+01 9.1760E-015426 3402
 8.4087E+01 9.4720E-01 8.4129E+01 9.7838E-01 8.4192E+01 1.0284E+005426 3402
 8.4256E+01 1.0825E+00 8.4298E+01 1.1213E+00 8.4319E+01 1.1415E+005426 3402
 8.4361E+01 1.1837E+00 8.4382E+01 1.2058E+00 8.4425E+01 1.2519E+005426 3402
 8.4467E+01 1.3009E+00 8.4509E+01 1.3531E+00 8.4551E+01 1.4087E+005426 3402
 8.4594E+01 1.4679E+00 8.4615E+01 1.4991E+00 8.4657E+01 1.5647E+005426 3402
 8.4678E+01 1.5991E+00 8.4699E+01 1.6349E+00 8.4720E+01 1.6719E+005426 3402
 8.4741E+01 1.7101E+00 8.4762E+01 1.7499E+00 8.4794E+01 1.8125E+005426 3402
 8.4826E+01 1.8785E+00 8.4847E+01 1.9247E+00 8.4879E+01 1.9973E+005426 3402
 8.4910E+01 2.0746E+00 8.4942E+01 2.1563E+00 8.4963E+01 2.2140E+005426 3402
 8.4974E+01 2.2437E+00 8.4995E+01 2.3050E+00 8.5005E+01 2.3367E+005426 3402
 8.5026E+01 2.4021E+00 8.5037E+01 2.4357E+00 8.5058E+01 2.5057E+005426 3402
 8.5079E+01 2.5786E+00 8.5100E+01 2.6553E+00 8.5121E+01 2.7352E+005426 3402
 8.5142E+01 2.8191E+00 8.5164E+01 2.9075E+00 8.5185E+01 2.9999E+005426 3402
 8.5206E+01 3.0973E+00 8.5227E+01 3.1997E+00 8.5248E+01 3.3077E+005426 3402
 8.5269E+01 3.4212E+00 8.5290E+01 3.5412E+00 8.5311E+01 3.6681E+005426 3402
 8.5332E+01 3.8020E+00 8.5354E+01 3.9442E+00 8.5375E+01 4.0949E+005426 3402
 8.5396E+01 4.2549E+00 8.5417E+01 4.4254E+00 8.5438E+01 4.6067E+005426 3402
 8.5459E+01 4.8001E+00 8.5480E+01 5.0069E+00 8.5501E+01 5.2285E+005426 3402
 8.5522E+01 5.4660E+00 8.5533E+01 5.5917E+00 8.5544E+01 5.7219E+005426 3402
 8.5554E+01 5.8570E+00 8.5565E+01 5.9977E+00 8.5575E+01 6.1436E+005426 3402
 8.5586E+01 6.2956E+00 8.5596E+01 6.4539E+00 8.5607E+01 6.6187E+005426 3402
 8.5617E+01 6.7907E+00 8.5628E+01 6.9699E+00 8.5639E+01 7.1577E+005426 3402
 8.5649E+01 7.3535E+00 8.5660E+01 7.5588E+00 8.5670E+01 7.7739E+005426 3402
 8.5681E+01 7.9996E+00 8.5691E+01 8.2363E+00 8.5702E+01 8.4854E+005426 3402
 8.5712E+01 8.7476E+00 8.5723E+01 9.0241E+00 8.5734E+01 9.3158E+005426 3402
 8.5744E+01 9.6249E+00 8.5755E+01 9.9514E+00 8.5765E+01 1.0298E+015426 3402
 8.5776E+01 1.0666E+01 8.5786E+01 1.1057E+01 8.5797E+01 1.1474E+015426 3402
 8.5807E+01 1.1920E+01 8.5818E+01 1.2395E+01 8.5829E+01 1.2905E+015426 3402
 8.5839E+01 1.3452E+01 8.5850E+01 1.4040E+01 8.5860E+01 1.4671E+015426 3402
 8.5871E+01 1.5352E+01 8.5881E+01 1.6087E+01 8.5892E+01 1.6881E+015426 3402
 8.5902E+01 1.7739E+01 8.5913E+01 1.8669E+01 8.5924E+01 1.9679E+015426 3402
 8.5934E+01 2.0773E+01 8.5945E+01 2.1960E+01 8.5955E+01 2.3253E+015426 3402
 8.5966E+01 2.4657E+01 8.5976E+01 2.6185E+01 8.5987E+01 2.7844E+015426 3402
 8.5997E+01 2.9650E+01 8.6008E+01 3.1616E+01 8.6019E+01 3.3749E+015426 3402
 8.6029E+01 3.6068E+01 8.6040E+01 3.8585E+01 8.6050E+01 4.1313E+015426 3402
 8.6061E+01 4.4275E+01 8.6071E+01 4.7476E+01 8.6082E+01 5.0939E+015426 3402
 8.6092E+01 5.4672E+01 8.6103E+01 5.8700E+01 8.6114E+01 6.3030E+015426 3402
 8.6124E+01 6.7688E+01 8.6135E+01 7.2676E+01 8.6145E+01 7.8012E+015426 3402
 8.6156E+01 8.3708E+01 8.6166E+01 8.9777E+01 8.6177E+01 9.6220E+015426 3402
 8.6187E+01 1.0305E+02 8.6198E+01 1.1027E+02 8.6209E+01 1.1789E+025426 3402
 8.6219E+01 1.2589E+02 8.6230E+01 1.3428E+02 8.6240E+01 1.4305E+025426 3402
 8.6256E+01 1.5687E+02 8.6272E+01 1.7147E+02 8.6288E+01 1.8676E+025426 3402
 8.6298E+01 1.9728E+02 8.6314E+01 2.1348E+02 8.6346E+01 2.4682E+025426 3402
 8.6372E+01 2.7481E+02 8.6404E+01 3.0728E+02 8.6430E+01 3.3222E+025426 3402
 8.6446E+01 3.4582E+02 8.6462E+01 3.5817E+02 8.6472E+01 3.6557E+025426 3402
 8.6488E+01 3.7535E+02 8.6502E+01 3.8237E+02 8.6518E+01 3.8905E+025426 3402
 8.6535E+01 3.9356E+02 8.6543E+01 3.9497E+02 8.6560E+01 3.9605E+025426 3402
 8.6572E+01 3.9533E+02 8.6585E+01 3.9335E+02 8.6602E+01 3.8867E+025426 3402
 8.6618E+01 3.8186E+02 8.6636E+01 3.7208E+02 8.6656E+01 3.5897E+025426 3402
 8.6672E+01 3.4630E+02 8.6692E+01 3.2928E+02 8.6718E+01 3.0425E+025426 3402
 8.6738E+01 2.8422E+02 8.6758E+01 2.6357E+02 8.6790E+01 2.2882E+025426 3402
 8.6810E+01 2.0837E+02 8.6830E+01 1.8856E+02 8.6843E+01 1.7581E+025426 3402
 8.6863E+01 1.5758E+02 8.6882E+01 1.4050E+02 8.6889E+01 1.3510E+025426 3402
 8.6902E+01 1.2472E+02 8.6915E+01 1.1493E+02 8.6928E+01 1.0574E+025426 3402
 8.6941E+01 9.7149E+01 8.6954E+01 8.9146E+01 8.6967E+01 8.1730E+015426 3402
 8.6981E+01 7.4879E+01 8.6994E+01 6.8567E+01 8.7007E+01 6.2769E+015426 3402
 8.7020E+01 5.7468E+01 8.7026E+01 5.4990E+01 8.7033E+01 5.2628E+015426 3402
 8.7040E+01 5.0370E+01 8.7046E+01 4.8219E+01 8.7053E+01 4.6169E+015426 3402
 8.7059E+01 4.4212E+01 8.7066E+01 4.2351E+01 8.7072E+01 4.0582E+015426 3402
 8.7079E+01 3.8898E+01 8.7085E+01 3.7298E+01 8.7092E+01 3.5772E+015426 3402
 8.7099E+01 3.4328E+01 8.7105E+01 3.2952E+01 8.7112E+01 3.1646E+015426 3402
 8.7118E+01 3.0406E+01 8.7125E+01 2.9228E+01 8.7131E+01 2.8107E+015426 3402
 8.7138E+01 2.7046E+01 8.7151E+01 2.5080E+01 8.7164E+01 2.3309E+015426 3402
 8.7177E+01 2.1711E+01 8.7190E+01 2.0271E+01 8.7203E+01 1.8969E+015426 3402
 8.7217E+01 1.7791E+01 8.7230E+01 1.6727E+01 8.7243E+01 1.5759E+015426 3402
 8.7256E+01 1.4881E+01 8.7269E+01 1.4080E+01 8.7282E+01 1.3350E+015426 3402
 8.7295E+01 1.2682E+01 8.7308E+01 1.2069E+01 8.7321E+01 1.1505E+015426 3402
 8.7335E+01 1.0986E+01 8.7348E+01 1.0506E+01 8.7361E+01 1.0061E+015426 3402
 8.7374E+01 9.6476E+00 8.7387E+01 9.2635E+00 8.7400E+01 8.9049E+005426 3402
 8.7413E+01 8.5693E+00 8.7426E+01 8.2551E+00 8.7439E+01 7.9599E+005426 3402
 8.7453E+01 7.6825E+00 8.7466E+01 7.4210E+00 8.7492E+01 6.9406E+005426 3402
 8.7518E+01 6.5101E+00 8.7544E+01 6.1220E+00 8.7571E+01 5.7706E+005426 3402
 8.7597E+01 5.4510E+00 8.7623E+01 5.1595E+00 8.7649E+01 4.8922E+005426 3402
 8.7675E+01 4.6467E+00 8.7702E+01 4.4204E+00 8.7728E+01 4.2117E+005426 3402
 8.7754E+01 4.0180E+00 8.7780E+01 3.8386E+00 8.7807E+01 3.6715E+005426 3402
 8.7833E+01 3.5159E+00 8.7859E+01 3.3710E+00 8.7885E+01 3.2349E+005426 3402
 8.7912E+01 3.1077E+00 8.7938E+01 2.9887E+00 8.7964E+01 2.8765E+005426 3402
 8.7990E+01 2.7710E+00 8.8016E+01 2.6718E+00 8.8043E+01 2.5783E+005426 3402
 8.8095E+01 2.4060E+00 8.8148E+01 2.2521E+00 8.8200E+01 2.1137E+005426 3402
 8.8252E+01 1.9887E+00 8.8305E+01 1.8757E+00 8.8357E+01 1.7727E+005426 3402
 8.8410E+01 1.6791E+00 8.8462E+01 1.5937E+00 8.8515E+01 1.5151E+005426 3402
 8.8567E+01 1.4433E+00 8.8620E+01 1.3770E+00 8.8672E+01 1.3160E+005426 3402
 8.8724E+01 1.2596E+00 8.8777E+01 1.2074E+00 8.8829E+01 1.1590E+005426 3402
 8.8882E+01 1.1141E+00 8.8934E+01 1.0723E+00 8.8987E+01 1.0333E+005426 3402
 8.9039E+01 9.9706E-01 8.9092E+01 9.6314E-01 8.9144E+01 9.3147E-015426 3402
 8.9197E+01 9.0181E-01 8.9249E+01 8.7399E-01 8.9354E+01 8.2342E-015426 3402
 8.9459E+01 7.7870E-01 8.9564E+01 7.3908E-01 8.9669E+01 7.0390E-015426 3402
 8.9773E+01 6.7259E-01 8.9878E+01 6.4467E-01 8.9983E+01 6.1971E-015426 3402
 9.0088E+01 5.9746E-01 9.0193E+01 5.7755E-01 9.0298E+01 5.5976E-015426 3402
 9.0403E+01 5.4387E-01 9.0508E+01 5.2973E-01 9.0613E+01 5.1716E-015426 3402
 9.0718E+01 5.0598E-01 9.0822E+01 4.9612E-01 9.0927E+01 4.8750E-015426 3402
 9.1032E+01 4.7999E-01 9.1137E+01 4.7350E-01 9.1242E+01 4.6800E-015426 3402
 9.1452E+01 4.5967E-01 9.1662E+01 4.5449E-01 9.1871E+01 4.5226E-015426 3402
 9.2081E+01 4.5275E-01 9.2291E+01 4.5586E-01 9.2501E+01 4.6149E-015426 3402
 9.2711E+01 4.6962E-01 9.2920E+01 4.8027E-01 9.3130E+01 4.9350E-015426 3402
 9.3340E+01 5.0943E-01 9.3550E+01 5.2822E-01 9.3760E+01 5.5011E-015426 3402
 9.3969E+01 5.7527E-01 9.4074E+01 5.8924E-01 9.4179E+01 6.0417E-015426 3402
 9.4284E+01 6.2018E-01 9.4389E+01 6.3730E-01 9.4494E+01 6.5557E-015426 3402
 9.4599E+01 6.7512E-01 9.4651E+01 6.8538E-01 9.4704E+01 6.9599E-015426 3402
 9.4756E+01 7.0697E-01 9.4809E+01 7.1829E-01 9.4861E+01 7.3004E-015426 3402
 9.4913E+01 7.4216E-01 9.4966E+01 7.5471E-01 9.5018E+01 7.6766E-015426 3402
 9.5071E+01 7.8110E-01 9.5123E+01 7.9499E-01 9.5176E+01 8.0935E-015426 3402
 9.5228E+01 8.2422E-01 9.5281E+01 8.3961E-01 9.5333E+01 8.5555E-015426 3402
 9.5386E+01 8.7206E-01 9.5438E+01 8.8915E-01 9.5490E+01 9.0686E-015426 3402
 9.5517E+01 9.1597E-01 9.5569E+01 9.3468E-01 9.5595E+01 9.4427E-015426 3402
 9.5635E+01 9.5903E-01 9.5674E+01 9.7417E-01 9.5700E+01 9.8452E-015426 3402
 9.5740E+01 1.0004E+00 9.5805E+01 1.0279E+00 9.5831E+01 1.0392E+005426 3402
 9.5884E+01 1.0626E+00 9.5936E+01 1.0869E+00 9.5962E+01 1.0993E+005426 3402
 9.6015E+01 1.1251E+00 9.6041E+01 1.1384E+00 9.6067E+01 1.1519E+005426 3402
 9.6094E+01 1.1657E+00 9.6120E+01 1.1797E+00 9.6146E+01 1.1941E+005426 3402
 9.6172E+01 1.2087E+00 9.6198E+01 1.2237E+00 9.6225E+01 1.2389E+005426 3402
 9.6251E+01 1.2545E+00 9.6277E+01 1.2704E+00 9.6303E+01 1.2867E+005426 3402
 9.6330E+01 1.3033E+00 9.6356E+01 1.3201E+00 9.6382E+01 1.3375E+005426 3402
 9.6408E+01 1.3552E+00 9.6435E+01 1.3732E+00 9.6461E+01 1.3917E+005426 3402
 9.6487E+01 1.4105E+00 9.6513E+01 1.4298E+00 9.6539E+01 1.4495E+005426 3402
 9.6566E+01 1.4697E+00 9.6592E+01 1.4902E+00 9.6618E+01 1.5113E+005426 3402
 9.6644E+01 1.5330E+00 9.6671E+01 1.5550E+00 9.6697E+01 1.5776E+005426 3402
 9.6723E+01 1.6007E+00 9.6749E+01 1.6243E+00 9.6775E+01 1.6486E+005426 3402
 9.6802E+01 1.6735E+00 9.6828E+01 1.6988E+00 9.6854E+01 1.7249E+005426 3402
 9.6880E+01 1.7515E+00 9.6907E+01 1.7789E+00 9.6933E+01 1.8068E+005426 3402
 9.6959E+01 1.8356E+00 9.6985E+01 1.8650E+00 9.7011E+01 1.8951E+005426 3402
 9.7038E+01 1.9261E+00 9.7064E+01 1.9578E+00 9.7090E+01 1.9906E+005426 3402
 9.7116E+01 2.0240E+00 9.7143E+01 2.0583E+00 9.7169E+01 2.0937E+005426 3402
 9.7195E+01 2.1299E+00 9.7221E+01 2.1670E+00 9.7247E+01 2.2055E+005426 3402
 9.7274E+01 2.2448E+00 9.7300E+01 2.2852E+00 9.7326E+01 2.3267E+005426 3402
 9.7352E+01 2.3696E+00 9.7379E+01 2.4136E+00 9.7405E+01 2.4590E+005426 3402
 9.7431E+01 2.5057E+00 9.7457E+01 2.5537E+00 9.7484E+01 2.6032E+005426 3402
 9.7510E+01 2.6542E+00 9.7536E+01 2.7068E+00 9.7562E+01 2.7609E+005426 3402
 9.7588E+01 2.8170E+00 9.7615E+01 2.8747E+00 9.7641E+01 2.9340E+005426 3402
 9.7667E+01 2.9957E+00 9.7693E+01 3.0591E+00 9.7720E+01 3.1247E+005426 3402
 9.7746E+01 3.1927E+00 9.7772E+01 3.2626E+00 9.7798E+01 3.3351E+005426 3402
 9.7824E+01 3.4101E+00 9.7851E+01 3.4880E+00 9.7877E+01 3.5683E+005426 3402
 9.7903E+01 3.6518E+00 9.7929E+01 3.7380E+00 9.7956E+01 3.8275E+005426 3402
 9.7982E+01 3.9203E+00 9.8008E+01 4.0169E+00 9.8034E+01 4.1169E+005426 3402
 9.8060E+01 4.2209E+00 9.8087E+01 4.3290E+00 9.8113E+01 4.4416E+005426 3402
 9.8139E+01 4.5583E+00 9.8165E+01 4.6803E+00 9.8192E+01 4.8072E+005426 3402
 9.8218E+01 4.9392E+00 9.8244E+01 5.0772E+00 9.8270E+01 5.2212E+005426 3402
 9.8296E+01 5.3714E+00 9.8323E+01 5.5286E+00 9.8349E+01 5.6926E+005426 3402
 9.8375E+01 5.8643E+00 9.8401E+01 6.0443E+00 9.8428E+01 6.2328E+005426 3402
 9.8454E+01 6.4304E+00 9.8480E+01 6.6380E+00 9.8506E+01 6.8560E+005426 3402
 9.8532E+01 7.0853E+00 9.8559E+01 7.3265E+00 9.8585E+01 7.5807E+005426 3402
 9.8611E+01 7.8487E+00 9.8637E+01 8.1313E+00 9.8664E+01 8.4303E+005426 3402
 9.8690E+01 8.7463E+00 9.8716E+01 9.0810E+00 9.8742E+01 9.4362E+005426 3402
 9.8769E+01 9.8130E+00 9.8795E+01 1.0214E+01 9.8821E+01 1.0641E+015426 3402
 9.8847E+01 1.1096E+01 9.8873E+01 1.1581E+01 9.8900E+01 1.2101E+015426 3402
 9.8926E+01 1.2658E+01 9.8952E+01 1.3256E+01 9.8978E+01 1.3900E+015426 3402
 9.9005E+01 1.4593E+01 9.9031E+01 1.5343E+01 9.9057E+01 1.6156E+015426 3402
 9.9083E+01 1.7037E+01 9.9109E+01 1.7999E+01 9.9136E+01 1.9050E+015426 3402
 9.9162E+01 2.0200E+01 9.9175E+01 2.0820E+01 9.9188E+01 2.1468E+015426 3402
 9.9201E+01 2.2150E+01 9.9214E+01 2.2870E+01 9.9227E+01 2.3628E+015426 3402
 9.9241E+01 2.4428E+01 9.9254E+01 2.5268E+01 9.9267E+01 2.6161E+015426 3402
 9.9280E+01 2.7103E+01 9.9293E+01 2.8107E+01 9.9306E+01 2.9169E+015426 3402
 9.9319E+01 3.0297E+01 9.9332E+01 3.1500E+01 9.9345E+01 3.2781E+015426 3402
 9.9359E+01 3.4149E+01 9.9372E+01 3.5613E+01 9.9385E+01 3.7179E+015426 3402
 9.9398E+01 3.8855E+01 9.9411E+01 4.0658E+01 9.9424E+01 4.2593E+015426 3402
 9.9437E+01 4.4677E+01 9.9450E+01 4.6917E+01 9.9463E+01 4.9336E+015426 3402
 9.9477E+01 5.1944E+01 9.9490E+01 5.4763E+01 9.9503E+01 5.7805E+015426 3402
 9.9516E+01 6.1097E+01 9.9529E+01 6.4657E+01 9.9542E+01 6.8511E+015426 3402
 9.9555E+01 7.2676E+01 9.9568E+01 7.7177E+01 9.9581E+01 8.2049E+015426 3402
 9.9595E+01 8.7309E+01 9.9608E+01 9.2995E+01 9.9621E+01 9.9125E+015426 3402
 9.9634E+01 1.0574E+02 9.9647E+01 1.1286E+02 9.9660E+01 1.2050E+025426 3402
 9.9673E+01 1.2871E+02 9.9686E+01 1.3750E+02 9.9699E+01 1.4692E+025426 3402
 9.9713E+01 1.5697E+02 9.9726E+01 1.6766E+02 9.9739E+01 1.7901E+025426 3402
 9.9752E+01 1.9103E+02 9.9765E+01 2.0374E+02 9.9778E+01 2.1713E+025426 3402
 9.9791E+01 2.3120E+02 9.9804E+01 2.4591E+02 9.9817E+01 2.6129E+025426 3402
 9.9831E+01 2.7721E+02 9.9850E+01 3.0222E+02 9.9870E+01 3.2832E+025426 3402
 9.9890E+01 3.5532E+02 9.9962E+01 4.5730E+02 9.9995E+01 5.0191E+025426 3402
 1.0001E+02 5.2698E+02 1.0003E+02 5.5034E+02 1.0005E+02 5.6465E+025426 3402
 1.0007E+02 5.8540E+02 1.0008E+02 5.9186E+02 1.0010E+02 6.0867E+025426 3402
 1.0012E+02 6.2134E+02 1.0013E+02 6.2739E+02 1.0015E+02 6.3141E+025426 3402
 1.0017E+02 6.3361E+02 1.0018E+02 6.3329E+02 1.0019E+02 6.3112E+025426 3402
 1.0021E+02 6.2399E+02 1.0022E+02 6.2060E+02 1.0024E+02 6.0766E+025426 3402
 1.0026E+02 5.9679E+02 1.0027E+02 5.8418E+02 1.0029E+02 5.7012E+025426 3402
 1.0030E+02 5.5244E+02 1.0032E+02 5.3319E+02 1.0034E+02 5.1277E+025426 3402
 1.0036E+02 4.7641E+02 1.0040E+02 4.3059E+02 1.0045E+02 3.5317E+025426 3402
 1.0048E+02 3.0869E+02 1.0049E+02 2.9442E+02 1.0052E+02 2.6714E+025426 3402
 1.0054E+02 2.4150E+02 1.0055E+02 2.2940E+02 1.0056E+02 2.1766E+025426 3402
 1.0057E+02 2.0647E+02 1.0058E+02 1.9567E+02 1.0059E+02 1.8541E+025426 3402
 1.0060E+02 1.7555E+02 1.0062E+02 1.6624E+02 1.0063E+02 1.5730E+025426 3402
 1.0064E+02 1.4890E+02 1.0065E+02 1.4087E+02 1.0066E+02 1.3327E+025426 3402
 1.0067E+02 1.2609E+02 1.0068E+02 1.1937E+02 1.0069E+02 1.1299E+025426 3402
 1.0070E+02 1.0703E+02 1.0071E+02 1.0137E+02 1.0072E+02 9.6098E+015426 3402
 1.0074E+02 9.1107E+01 1.0075E+02 8.6464E+01 1.0076E+02 8.2067E+015426 3402
 1.0077E+02 7.7986E+01 1.0078E+02 7.4125E+01 1.0079E+02 7.0539E+015426 3402
 1.0080E+02 6.7152E+01 1.0081E+02 6.4006E+01 1.0082E+02 6.1033E+015426 3402
 1.0083E+02 5.8276E+01 1.0085E+02 5.5664E+01 1.0086E+02 5.3241E+015426 3402
 1.0087E+02 5.0948E+01 1.0088E+02 4.8817E+01 1.0089E+02 4.6797E+015426 3402
 1.0090E+02 4.4920E+01 1.0091E+02 4.3137E+01 1.0092E+02 4.1476E+015426 3402
 1.0093E+02 3.9899E+01 1.0094E+02 3.8426E+01 1.0095E+02 3.7025E+015426 3402
 1.0097E+02 3.5714E+01 1.0099E+02 3.3296E+01 1.0101E+02 3.1119E+015426 3402
 1.0103E+02 2.9173E+01 1.0105E+02 2.7419E+01 1.0108E+02 2.5826E+015426 3402
 1.0110E+02 2.4380E+01 1.0112E+02 2.3058E+01 1.0114E+02 2.1850E+015426 3402
 1.0116E+02 2.0740E+01 1.0118E+02 1.9715E+01 1.0121E+02 1.8771E+015426 3402
 1.0123E+02 1.7898E+01 1.0125E+02 1.7087E+01 1.0127E+02 1.6333E+015426 3402
 1.0129E+02 1.5630E+01 1.0132E+02 1.4974E+01 1.0134E+02 1.4360E+015426 3402
 1.0136E+02 1.3780E+01 1.0138E+02 1.3240E+01 1.0140E+02 1.2732E+015426 3402
 1.0143E+02 1.2254E+01 1.0145E+02 1.1803E+01 1.0147E+02 1.1377E+015426 3402
 1.0151E+02 1.0593E+01 1.0156E+02 9.8892E+00 1.0160E+02 9.2550E+005426 3402
 1.0164E+02 8.6811E+00 1.0169E+02 8.1599E+00 1.0173E+02 7.6840E+005426 3402
 1.0178E+02 7.2502E+00 1.0182E+02 6.8528E+00 1.0186E+02 6.4876E+005426 3402
 1.0191E+02 6.1504E+00 1.0195E+02 5.8400E+00 1.0200E+02 5.5526E+005426 3402
 1.0204E+02 5.2863E+00 1.0208E+02 5.0380E+00 1.0213E+02 4.8081E+005426 3402
 1.0217E+02 4.5933E+00 1.0221E+02 4.3930E+00 1.0226E+02 4.2056E+005426 3402
 1.0230E+02 4.0298E+00 1.0235E+02 3.8650E+00 1.0239E+02 3.7105E+005426 3402
 1.0243E+02 3.5645E+00 1.0248E+02 3.4276E+00 1.0252E+02 3.2986E+005426 3402
 1.0257E+02 3.1766E+00 1.0261E+02 3.0612E+00 1.0265E+02 2.9524E+005426 3402
 1.0274E+02 2.7513E+00 1.0283E+02 2.5697E+00 1.0292E+02 2.4059E+005426 3402
 1.0300E+02 2.2572E+00 1.0309E+02 2.1220E+00 1.0318E+02 1.9987E+005426 3402
 1.0327E+02 1.8857E+00 1.0335E+02 1.7821E+00 1.0344E+02 1.6870E+005426 3402
 1.0353E+02 1.5991E+00 1.0362E+02 1.5183E+00 1.0370E+02 1.4433E+005426 3402
 1.0379E+02 1.3737E+00 1.0388E+02 1.3092E+00 1.0397E+02 1.2490E+005426 3402
 1.0405E+02 1.1930E+00 1.0414E+02 1.1407E+00 1.0423E+02 1.0916E+005426 3402
 1.0432E+02 1.0458E+00 1.0441E+02 1.0028E+00 1.0449E+02 9.6243E-015426 3402
 1.0458E+02 9.2439E-01 1.0467E+02 8.8861E-01 1.0476E+02 8.5488E-015426 3402
 1.0484E+02 8.2310E-01 1.0493E+02 7.9300E-01 1.0502E+02 7.6466E-015426 3402
 1.0519E+02 7.1228E-01 1.0537E+02 6.6505E-01 1.0554E+02 6.2237E-015426 3402
 1.0572E+02 5.8367E-01 1.0589E+02 5.4850E-01 1.0607E+02 5.1643E-015426 3402
 1.0625E+02 4.8711E-01 1.0642E+02 4.6021E-01 1.0660E+02 4.3550E-015426 3402
 1.0677E+02 4.1273E-01 1.0695E+02 3.9172E-01 1.0712E+02 3.7229E-015426 3402
 1.0730E+02 3.5427E-01 1.0747E+02 3.3753E-01 1.0765E+02 3.2197E-015426 3402
 1.0782E+02 3.0746E-01 1.0800E+02 2.9390E-01 1.0817E+02 2.8126E-015426 3402
 1.0835E+02 2.6939E-01 1.0852E+02 2.5827E-01 1.0870E+02 2.4781E-015426 3402
 1.0887E+02 2.3802E-01 1.0905E+02 2.2877E-01 1.0923E+02 2.2004E-015426 3402
 1.0940E+02 2.1185E-01 1.0958E+02 2.0408E-01 1.0975E+02 1.9677E-015426 3402
 1.1010E+02 1.8326E-01 1.1045E+02 1.7108E-01 1.1080E+02 1.6007E-015426 3402
 1.1115E+02 1.5009E-01 1.1150E+02 1.4103E-01 1.1185E+02 1.3277E-015426 3402
 1.1220E+02 1.2521E-01 1.1256E+02 1.1828E-01 1.1291E+02 1.1192E-015426 3402
 1.1326E+02 1.0606E-01 1.1361E+02 1.0066E-01 1.1396E+02 9.5654E-025426 3402
 1.1431E+02 9.1016E-02 1.1466E+02 8.6710E-02 1.1501E+02 8.2705E-025426 3402
 1.1536E+02 7.8969E-02 1.1571E+02 7.5488E-02 1.1606E+02 7.2228E-025426 3402
 1.1641E+02 6.9179E-02 1.1676E+02 6.6318E-02 1.1711E+02 6.3635E-025426 3402
 1.1746E+02 6.1109E-02 1.1781E+02 5.8731E-02 1.1816E+02 5.6494E-025426 3402
 1.1851E+02 5.4378E-02 1.1886E+02 5.2383E-02 1.1922E+02 5.0504E-025426 3402
 1.1992E+02 4.7032E-02 1.2062E+02 4.3900E-02 1.2132E+02 4.1071E-025426 3402
 1.2202E+02 3.8510E-02 1.2272E+02 3.6184E-02 1.2342E+02 3.4062E-025426 3402
 1.2412E+02 3.2121E-02 1.2482E+02 3.0344E-02 1.2552E+02 2.8710E-025426 3402
 1.2623E+02 2.7209E-02 1.2693E+02 2.5822E-02 1.2763E+02 2.4540E-025426 3402
 1.2833E+02 2.3350E-02 1.2903E+02 2.2247E-02 1.2973E+02 2.1220E-025426 3402
 1.3043E+02 2.0266E-02 1.3113E+02 1.9373E-02 1.3183E+02 1.8540E-025426 3402
 1.3254E+02 1.7760E-02 1.3324E+02 1.7028E-02 1.3394E+02 1.6342E-025426 3402
 1.3464E+02 1.5698E-02 1.3534E+02 1.5090E-02 1.3604E+02 1.4519E-025426 3402
 1.3674E+02 1.3980E-02 1.3744E+02 1.3470E-02 1.3814E+02 1.2991E-025426 3402
 1.3955E+02 1.2106E-02 1.4095E+02 1.1309E-02 1.4235E+02 1.0591E-025426 3402
 1.4375E+02 9.9407E-03 1.4515E+02 9.3505E-03 1.4656E+02 8.8133E-035426 3402
 1.4796E+02 8.3227E-03 1.4936E+02 7.8736E-03 1.5076E+02 7.4618E-035426 3402
 1.5217E+02 7.0830E-03 1.5357E+02 6.7338E-03 1.5497E+02 6.4115E-035426 3402
 1.5637E+02 6.1132E-03 1.5777E+02 5.8367E-03 1.5918E+02 5.5796E-035426 3402
 1.6058E+02 5.3408E-03 1.6198E+02 5.1180E-03 1.6338E+02 4.9106E-035426 3402
 1.6478E+02 4.7161E-03 1.6619E+02 4.5346E-03 1.6759E+02 4.3647E-035426 3402
 1.6899E+02 4.2048E-03 1.7039E+02 4.0550E-03 1.7179E+02 3.9140E-035426 3402
 1.7320E+02 3.7814E-03 1.7600E+02 3.5387E-03 1.7881E+02 3.3222E-035426 3402
 1.8161E+02 3.1285E-03 1.8441E+02 2.9542E-03 1.8722E+02 2.7980E-035426 3402
 1.9002E+02 2.6568E-03 1.9283E+02 2.5291E-03 1.9563E+02 2.4134E-035426 3402
 1.9844E+02 2.3083E-03 2.0124E+02 2.2127E-03 2.0404E+02 2.1256E-035426 3402
 2.0685E+02 2.0461E-03 2.0965E+02 1.9739E-03 2.1246E+02 1.9077E-035426 3402
 2.1526E+02 1.8472E-03 2.1806E+02 1.7920E-03 2.2087E+02 1.7416E-035426 3402
 2.2367E+02 1.6955E-03 2.2648E+02 1.6535E-03 2.2928E+02 1.6153E-035426 3402
 2.3489E+02 1.5490E-03 2.4050E+02 1.4950E-03 2.4611E+02 1.4516E-035426 3402
 2.5172E+02 1.4180E-03 2.5732E+02 1.3930E-03 2.6293E+02 1.3765E-035426 3402
 2.6854E+02 1.3676E-03 2.7415E+02 1.3662E-03 2.7976E+02 1.3720E-035426 3402
 2.8537E+02 1.3855E-03 2.9097E+02 1.4063E-03 2.9658E+02 1.4350E-035426 3402
 3.0219E+02 1.4722E-03 3.0780E+02 1.5183E-03 3.1341E+02 1.5741E-035426 3402
 3.1902E+02 1.6410E-03 3.2463E+02 1.7199E-03 3.3023E+02 1.8130E-035426 3402
 3.3584E+02 1.9223E-03 3.3865E+02 1.9840E-03 3.4145E+02 2.0508E-035426 3402
 3.4426E+02 2.1231E-03 3.4706E+02 2.2019E-03 3.4986E+02 2.2870E-035426 3402
 3.5267E+02 2.3798E-03 3.5547E+02 2.4806E-03 3.5828E+02 2.5906E-035426 3402
 3.6108E+02 2.7104E-03 3.6388E+02 2.8418E-03 3.6669E+02 2.9855E-035426 3402
 3.6949E+02 3.1430E-03 3.7230E+02 3.3168E-03 3.7510E+02 3.5083E-035426 3402
 3.7791E+02 3.7207E-03 3.8071E+02 3.9560E-03 3.8351E+02 4.2183E-035426 3402
 3.8632E+02 4.5108E-03 3.8912E+02 4.8393E-03 3.9193E+02 5.2100E-035426 3402
 3.9333E+02 5.4132E-03 3.9473E+02 5.6297E-03 3.9613E+02 5.8608E-035426 3402
 3.9754E+02 6.1076E-03 3.9894E+02 6.3719E-03 4.0034E+02 6.6549E-035426 3402
 4.0174E+02 6.9590E-03 4.0314E+02 7.2856E-03 4.0455E+02 7.6373E-035426 3402
 4.0595E+02 8.0174E-03 4.0735E+02 8.4278E-03 4.0875E+02 8.8727E-035426 3402
 4.1015E+02 9.3558E-03 4.1156E+02 9.8815E-03 4.1296E+02 1.0455E-025426 3402
 4.1436E+02 1.1083E-02 4.1576E+02 1.1771E-02 4.1717E+02 1.2528E-025426 3402
 4.1857E+02 1.3364E-02 4.1997E+02 1.4289E-02 4.2137E+02 1.5314E-025426 3402
 4.2207E+02 1.5870E-02 4.2277E+02 1.6458E-02 4.2348E+02 1.7082E-025426 3402
 4.2418E+02 1.7743E-02 4.2488E+02 1.8445E-02 4.2558E+02 1.9190E-025426 3402
 4.2628E+02 1.9981E-02 4.2698E+02 2.0825E-02 4.2768E+02 2.1723E-025426 3402
 4.2838E+02 2.2685E-02 4.2908E+02 2.3710E-02 4.2978E+02 2.4810E-025426 3402
 4.3049E+02 2.5989E-02 4.3119E+02 2.7258E-02 4.3189E+02 2.8621E-025426 3402
 4.3259E+02 3.0093E-02 4.3329E+02 3.1683E-02 4.3399E+02 3.3406E-025426 3402
 4.3469E+02 3.5273E-02 4.3539E+02 3.7307E-02 4.3609E+02 3.9522E-025426 3402
 4.3680E+02 4.1945E-02 4.3750E+02 4.4601E-02 4.3820E+02 4.7521E-025426 3402
 4.3890E+02 5.0740E-02 4.3960E+02 5.4307E-02 4.4030E+02 5.8251E-025426 3402
 4.4065E+02 6.0385E-02 4.4100E+02 6.2645E-02 4.4135E+02 6.5043E-025426 3402
 4.4170E+02 6.7580E-02 4.4205E+02 7.0270E-02 4.4240E+02 7.3128E-025426 3402
 4.4275E+02 7.6165E-02 4.4310E+02 7.9396E-02 4.4346E+02 8.2838E-025426 3402
 4.4381E+02 8.6511E-02 4.4416E+02 9.0432E-02 4.4433E+02 9.2494E-025426 3402
 4.4451E+02 9.4629E-02 4.4468E+02 9.6840E-02 4.4486E+02 9.9129E-025426 3402
 4.4503E+02 1.0150E-01 4.4521E+02 1.0397E-01 4.4538E+02 1.0652E-015426 3402
 4.4556E+02 1.0917E-01 4.4573E+02 1.1192E-01 4.4591E+02 1.1477E-015426 3402
 4.4608E+02 1.1774E-01 4.4626E+02 1.2082E-01 4.4635E+02 1.2241E-015426 3402
 4.4643E+02 1.2403E-01 4.4652E+02 1.2568E-01 4.4661E+02 1.2736E-015426 3402
 4.4670E+02 1.2908E-01 4.4676E+02 1.3040E-01 4.4685E+02 1.3218E-015426 3402
 4.4692E+02 1.3354E-01 4.4698E+02 1.3492E-01 4.4709E+02 1.3728E-015426 3402
 4.4722E+02 1.4018E-01 4.4731E+02 1.4217E-01 4.4749E+02 1.4628E-015426 3402
 4.4766E+02 1.5057E-01 4.4784E+02 1.5507E-01 4.4801E+02 1.5976E-015426 3402
 4.4819E+02 1.6466E-01 4.4836E+02 1.6980E-01 4.4854E+02 1.7517E-015426 3402
 4.4871E+02 1.8081E-01 4.4880E+02 1.8374E-01 4.4889E+02 1.8673E-015426 3402
 4.4898E+02 1.8981E-01 4.4906E+02 1.9297E-01 4.4915E+02 1.9619E-015426 3402
 4.4924E+02 1.9950E-01 4.4933E+02 2.0289E-01 4.4941E+02 2.0639E-015426 3402
 4.4950E+02 2.0996E-01 4.4959E+02 2.1361E-01 4.4968E+02 2.1738E-015426 3402
 4.4976E+02 2.2126E-01 4.4985E+02 2.2522E-01 4.4994E+02 2.2930E-015426 3402
 4.5003E+02 2.3349E-01 4.5012E+02 2.3781E-01 4.5020E+02 2.4226E-015426 3402
 4.5029E+02 2.4681E-01 4.5038E+02 2.5149E-01 4.5047E+02 2.5630E-015426 3402
 4.5055E+02 2.6129E-01 4.5064E+02 2.6639E-01 4.5073E+02 2.7164E-015426 3402
 4.5082E+02 2.7706E-01 4.5090E+02 2.8267E-01 4.5099E+02 2.8840E-015426 3402
 4.5108E+02 2.9435E-01 4.5117E+02 3.0046E-01 4.5125E+02 3.0680E-015426 3402
 4.5134E+02 3.1330E-01 4.5143E+02 3.2002E-01 4.5152E+02 3.2699E-015426 3402
 4.5161E+02 3.3417E-01 4.5169E+02 3.4160E-01 4.5178E+02 3.4927E-015426 3402
 4.5187E+02 3.5721E-01 4.5196E+02 3.6540E-01 4.5204E+02 3.7390E-015426 3402
 4.5213E+02 3.8270E-01 4.5222E+02 3.9181E-01 4.5231E+02 4.0128E-015426 3402
 4.5239E+02 4.1109E-01 4.5248E+02 4.2125E-01 4.5257E+02 4.3179E-015426 3402
 4.5266E+02 4.4276E-01 4.5274E+02 4.5411E-01 4.5283E+02 4.6593E-015426 3402
 4.5292E+02 4.7821E-01 4.5301E+02 4.9106E-01 4.5309E+02 5.0434E-015426 3402
 4.5318E+02 5.1819E-01 4.5327E+02 5.3266E-01 4.5336E+02 5.4771E-015426 3402
 4.5345E+02 5.6344E-01 4.5353E+02 5.7982E-01 4.5362E+02 5.9696E-015426 3402
 4.5371E+02 6.1490E-01 4.5380E+02 6.3361E-01 4.5388E+02 6.5324E-015426 3402
 4.5397E+02 6.7379E-01 4.5406E+02 6.9536E-01 4.5415E+02 7.1794E-015426 3402
 4.5423E+02 7.4165E-01 4.5432E+02 7.6658E-01 4.5441E+02 7.9282E-015426 3402
 4.5450E+02 8.2038E-01 4.5458E+02 8.4946E-01 4.5467E+02 8.8010E-015426 3402
 4.5476E+02 9.1250E-01 4.5485E+02 9.4667E-01 4.5494E+02 9.8284E-015426 3402
 4.5502E+02 1.0211E+00 4.5511E+02 1.0618E+00 4.5520E+02 1.1048E+005426 3402
 4.5529E+02 1.1507E+00 4.5537E+02 1.1994E+00 4.5546E+02 1.2514E+005426 3402
 4.5555E+02 1.3068E+00 4.5564E+02 1.3660E+00 4.5572E+02 1.4294E+005426 3402
 4.5581E+02 1.4974E+00 4.5590E+02 1.5704E+00 4.5599E+02 1.6490E+005426 3402
 4.5607E+02 1.7335E+00 4.5616E+02 1.8250E+00 4.5625E+02 1.9240E+005426 3402
 4.5634E+02 2.0313E+00 4.5642E+02 2.1480E+00 4.5651E+02 2.2754E+005426 3402
 4.5660E+02 2.4147E+00 4.5664E+02 2.4892E+00 4.5669E+02 2.5672E+005426 3402
 4.5673E+02 2.6490E+00 4.5678E+02 2.7352E+00 4.5682E+02 2.8256E+005426 3402
 4.5686E+02 2.9207E+00 4.5691E+02 3.0202E+00 4.5695E+02 3.1256E+005426 3402
 4.5699E+02 3.2367E+00 4.5704E+02 3.3537E+00 4.5708E+02 3.4778E+005426 3402
 4.5713E+02 3.6085E+00 4.5717E+02 3.7478E+00 4.5721E+02 3.8949E+005426 3402
 4.5726E+02 4.0512E+00 4.5730E+02 4.2173E+00 4.5735E+02 4.3942E+005426 3402
 4.5739E+02 4.5830E+00 4.5743E+02 4.7846E+00 4.5748E+02 5.0001E+005426 3402
 4.5752E+02 5.2313E+00 4.5756E+02 5.4792E+00 4.5761E+02 5.7457E+005426 3402
 4.5765E+02 6.0329E+00 4.5770E+02 6.3427E+00 4.5774E+02 6.6771E+005426 3402
 4.5778E+02 7.0398E+00 4.5783E+02 7.4332E+00 4.5787E+02 7.8620E+005426 3402
 4.5791E+02 8.3277E+00 4.5796E+02 8.8358E+00 4.5800E+02 9.3910E+005426 3402
 4.5805E+02 9.9997E+00 4.5809E+02 1.0665E+01 4.5813E+02 1.1395E+015426 3402
 4.5818E+02 1.2195E+01 4.5822E+02 1.3076E+01 4.5827E+02 1.4040E+015426 3402
 4.5831E+02 1.5098E+01 4.5835E+02 1.6259E+01 4.5840E+02 1.7529E+015426 3402
 4.5844E+02 1.8918E+01 4.5848E+02 2.0434E+01 4.5853E+02 2.2084E+015426 3402
 4.5857E+02 2.3880E+01 4.5859E+02 2.4828E+01 4.5864E+02 2.6838E+015426 3402
 4.5866E+02 2.7900E+01 4.5870E+02 3.0137E+01 4.5873E+02 3.1310E+015426 3402
 4.5877E+02 3.3770E+01 4.5881E+02 3.6369E+01 4.5888E+02 4.0513E+015426 3402
 4.5894E+02 4.4917E+01 4.5901E+02 4.9491E+01 4.5912E+02 5.7263E+015426 3402
 4.5919E+02 6.1830E+01 4.5925E+02 6.6403E+01 4.5931E+02 6.9524E+015426 3402
 4.5933E+02 7.0976E+01 4.5938E+02 7.3621E+01 4.5942E+02 7.5355E+015426 3402
 4.5946E+02 7.6840E+01 4.5949E+02 7.7690E+01 4.5954E+02 7.9015E+015426 3402
 4.5956E+02 7.9486E+01 4.5961E+02 8.0020E+01 4.5964E+02 8.0084E+015426 3402
 4.5967E+02 8.0010E+01 4.5972E+02 7.9457E+01 4.5974E+02 7.8977E+015426 3402
 4.5979E+02 7.7632E+01 4.5982E+02 7.6775E+01 4.5985E+02 7.5807E+015426 3402
 4.5990E+02 7.3535E+01 4.5995E+02 7.0876E+01 4.6000E+02 6.7886E+015426 3402
 4.6005E+02 6.4643E+01 4.6012E+02 5.9940E+01 4.6031E+02 4.6850E+015426 3402
 4.6038E+02 4.2110E+01 4.6045E+02 3.7630E+01 4.6047E+02 3.6205E+015426 3402
 4.6051E+02 3.3466E+01 4.6056E+02 3.0882E+01 4.6058E+02 2.9656E+015426 3402
 4.6063E+02 2.7329E+01 4.6065E+02 2.6228E+01 4.6070E+02 2.4147E+015426 3402
 4.6072E+02 2.3170E+01 4.6075E+02 2.2235E+01 4.6079E+02 2.0481E+015426 3402
 4.6084E+02 1.8873E+01 4.6089E+02 1.7409E+01 4.6093E+02 1.6076E+015426 3402
 4.6098E+02 1.4868E+01 4.6102E+02 1.3770E+01 4.6107E+02 1.2776E+015426 3402
 4.6112E+02 1.1874E+01 4.6116E+02 1.1059E+01 4.6121E+02 1.0318E+015426 3402
 4.6126E+02 9.6454E+00 4.6130E+02 9.0340E+00 4.6135E+02 8.4792E+005426 3402
 4.6140E+02 7.9722E+00 4.6144E+02 7.5093E+00 4.6149E+02 7.0856E+005426 3402
 4.6154E+02 6.6981E+00 4.6158E+02 6.3413E+00 4.6163E+02 6.0129E+005426 3402
 4.6167E+02 5.7095E+00 4.6172E+02 5.4301E+00 4.6177E+02 5.1704E+005426 3402
 4.6181E+02 4.9297E+00 4.6186E+02 4.7057E+00 4.6191E+02 4.4975E+005426 3402
 4.6195E+02 4.3027E+00 4.6200E+02 4.1208E+00 4.6205E+02 3.9503E+005426 3402
 4.6209E+02 3.7908E+00 4.6214E+02 3.6407E+00 4.6218E+02 3.4997E+005426 3402
 4.6223E+02 3.3667E+00 4.6228E+02 3.2417E+00 4.6232E+02 3.1235E+005426 3402
 4.6237E+02 3.0116E+00 4.6246E+02 2.8058E+00 4.6256E+02 2.6203E+005426 3402
 4.6265E+02 2.4532E+00 4.6274E+02 2.3018E+00 4.6283E+02 2.1642E+005426 3402
 4.6293E+02 2.0386E+00 4.6302E+02 1.9239E+00 4.6311E+02 1.8185E+005426 3402
 4.6320E+02 1.7217E+00 4.6330E+02 1.6327E+00 4.6339E+02 1.5502E+005426 3402
 4.6348E+02 1.4739E+00 4.6358E+02 1.4032E+00 4.6367E+02 1.3376E+005426 3402
 4.6376E+02 1.2764E+00 4.6385E+02 1.2194E+00 4.6395E+02 1.1662E+005426 3402
 4.6404E+02 1.1163E+00 4.6413E+02 1.0696E+00 4.6422E+02 1.0258E+005426 3402
 4.6432E+02 9.8472E-01 4.6441E+02 9.4600E-01 4.6450E+02 9.0959E-015426 3402
 4.6460E+02 8.7520E-01 4.6469E+02 8.4278E-01 4.6478E+02 8.1211E-015426 3402
 4.6487E+02 7.8309E-01 4.6506E+02 7.2957E-01 4.6525E+02 6.8131E-015426 3402
 4.6543E+02 6.3772E-01 4.6562E+02 5.9819E-01 4.6580E+02 5.6220E-015426 3402
 4.6599E+02 5.2938E-01 4.6617E+02 4.9937E-01 4.6636E+02 4.7181E-015426 3402
 4.6654E+02 4.4650E-01 4.6673E+02 4.2314E-01 4.6691E+02 4.0160E-015426 3402
 4.6710E+02 3.8164E-01 4.6729E+02 3.6317E-01 4.6747E+02 3.4598E-015426 3402
 4.6766E+02 3.2999E-01 4.6784E+02 3.1508E-01 4.6803E+02 3.0116E-015426 3402
 4.6821E+02 2.8813E-01 4.6840E+02 2.7593E-01 4.6858E+02 2.6450E-015426 3402
 4.6877E+02 2.5376E-01 4.6895E+02 2.4368E-01 4.6914E+02 2.3417E-015426 3402
 4.6933E+02 2.2521E-01 4.6951E+02 2.1677E-01 4.6970E+02 2.0880E-015426 3402
 4.7007E+02 1.9410E-01 4.7044E+02 1.8090E-01 4.7081E+02 1.6898E-015426 3402
 4.7118E+02 1.5819E-01 4.7155E+02 1.4841E-01 4.7192E+02 1.3950E-015426 3402
 4.7229E+02 1.3137E-01 4.7266E+02 1.2394E-01 4.7304E+02 1.1711E-015426 3402
 4.7341E+02 1.1083E-01 4.7378E+02 1.0504E-01 4.7415E+02 9.9691E-025426 3402
 4.7452E+02 9.4740E-02 4.7489E+02 9.0146E-02 4.7526E+02 8.5878E-025426 3402
 4.7563E+02 8.1908E-02 4.7600E+02 7.8201E-02 4.7637E+02 7.4743E-025426 3402
 4.7675E+02 7.1507E-02 4.7712E+02 6.8478E-02 4.7749E+02 6.5632E-025426 3402
 4.7786E+02 6.2966E-02 4.7823E+02 6.0455E-02 4.7860E+02 5.8089E-025426 3402
 4.7897E+02 5.5861E-02 4.7934E+02 5.3760E-02 4.7971E+02 5.1775E-025426 3402
 4.8008E+02 4.9902E-02 4.8083E+02 4.6448E-02 4.8157E+02 4.3328E-025426 3402
 4.8231E+02 4.0508E-02 4.8305E+02 3.7955E-02 4.8379E+02 3.5636E-025426 3402
 4.8454E+02 3.3520E-02 4.8528E+02 3.1587E-02 4.8602E+02 2.9817E-025426 3402
 4.8676E+02 2.8190E-02 4.8750E+02 2.6692E-02 4.8825E+02 2.5311E-025426 3402
 4.8899E+02 2.4031E-02 4.8973E+02 2.2848E-02 4.9047E+02 2.1749E-025426 3402
 4.9121E+02 2.0726E-02 4.9196E+02 1.9775E-02 4.9270E+02 1.8887E-025426 3402
 4.9344E+02 1.8056E-02 4.9418E+02 1.7280E-02 4.9492E+02 1.6551E-025426 3402
 4.9567E+02 1.5869E-02 4.9641E+02 1.5227E-02 4.9715E+02 1.4622E-025426 3402
 4.9789E+02 1.4053E-02 4.9863E+02 1.3516E-02 4.9938E+02 1.3010E-025426 3402
 5.0012E+02 1.2534E-02 5.0160E+02 1.1654E-02 5.0309E+02 1.0861E-025426 3402
 5.0457E+02 1.0145E-02 5.0605E+02 9.4977E-03 5.0754E+02 8.9097E-035426 3402
 5.0902E+02 8.3750E-03 5.1051E+02 7.8862E-03 5.1199E+02 7.4390E-035426 3402
 5.1347E+02 7.0287E-03 5.1496E+02 6.6510E-03 5.1644E+02 6.3029E-035426 3402
 5.1793E+02 5.9811E-03 5.1941E+02 5.6834E-03 5.2089E+02 5.4073E-035426 3402
 5.2238E+02 5.1505E-03 5.2386E+02 4.9115E-03 5.2535E+02 4.6887E-035426 3402
 5.2683E+02 4.4808E-03 5.2831E+02 4.2861E-03 5.3128E+02 3.9330E-035426 3402
 5.3277E+02 3.7726E-03 5.3573E+02 3.4795E-03 5.3722E+02 3.3458E-035426 3402
 5.4019E+02 3.0998E-03 5.4315E+02 2.8804E-03 5.4612E+02 2.6833E-035426 3402
 5.4909E+02 2.5054E-03 5.5206E+02 2.3446E-03 5.5503E+02 2.1987E-035426 3402
 5.5799E+02 2.0658E-03 5.6096E+02 1.9448E-03 5.6393E+02 1.8340E-035426 3402
 5.6690E+02 1.7323E-03 5.6987E+02 1.6389E-03 5.7580E+02 1.4733E-035426 3402
 5.7877E+02 1.3997E-03 5.8471E+02 1.2681E-03 5.8767E+02 1.2092E-035426 3402
 5.9361E+02 1.1029E-03 5.9658E+02 1.0550E-03 6.0251E+02 9.6794E-045426 3402
 6.0845E+02 8.9125E-04 6.1735E+02 7.9220E-04 6.2626E+02 7.0880E-045426 3402
 6.3219E+02 6.6031E-04 6.4406E+02 5.7706E-04 6.4703E+02 5.5904E-045426 3402
 6.4777E+02 5.6207E-04 6.4796E+02 5.7802E-04 6.4814E+02 6.4358E-045426 3402
 6.4824E+02 7.2616E-04 6.4833E+02 8.7764E-04 6.4842E+02 1.1472E-035426 3402
 6.4847E+02 1.3488E-03 6.4852E+02 1.6106E-03 6.4856E+02 1.9495E-035426 3402
 6.4861E+02 2.3836E-03 6.4866E+02 2.9352E-03 6.4870E+02 3.6296E-035426 3402
 6.4875E+02 4.4997E-03 6.4879E+02 5.5793E-03 6.4884E+02 6.9086E-035426 3402
 6.4889E+02 8.5280E-03 6.4893E+02 1.0494E-02 6.4898E+02 1.2856E-025426 3402
 6.4903E+02 1.5672E-02 6.4907E+02 1.8997E-02 6.4912E+02 2.2903E-025426 3402
 6.4917E+02 2.7449E-02 6.4921E+02 3.2701E-02 6.4926E+02 3.8700E-025426 3402
 6.4930E+02 4.5533E-02 6.4935E+02 5.3234E-02 6.4940E+02 6.1847E-025426 3402
 6.4944E+02 7.1378E-02 6.4949E+02 8.1891E-02 6.4954E+02 9.3368E-025426 3402
 6.4958E+02 1.0580E-01 6.4963E+02 1.1912E-01 6.4968E+02 1.3336E-015426 3402
 6.4972E+02 1.4841E-01 6.4977E+02 1.6419E-01 6.4981E+02 1.8059E-015426 3402
 6.4991E+02 2.1487E-01 6.5000E+02 5.4209E-04 6.5000E+02 5.0083E-015426 3402
 6.9840E+02 4.7671E-01 7.5000E+02 4.5391E-01 7.9860E+02 4.3473E-015426 3402
 8.5000E+02 4.1647E-01 9.2227E+02 3.9374E-01 1.0000E+03 3.7246E-015426 3402
 1.0579E+03 3.5833E-01 1.1188E+03 3.4482E-01 1.1827E+03 3.3188E-015426 3402
 1.2500E+03 3.1950E-01 1.3087E+03 3.0959E-01 1.3699E+03 3.0000E-015426 3402
 1.4336E+03 2.9076E-01 1.5000E+03 2.8188E-01 1.6207E+03 2.6729E-015426 3402
 1.7500E+03 2.5354E-01 1.8713E+03 2.4213E-01 2.0000E+03 2.3131E-015426 3402
 2.1161E+03 2.2387E-01 2.2380E+03 2.1667E-01 2.3659E+03 2.0980E-015426 3402
 2.5000E+03 2.0319E-01 2.7402E+03 1.9265E-01 3.0000E+03 1.8278E-015426 3402
 3.2419E+03 1.7556E-01 3.5000E+03 1.6871E-01 3.7430E+03 1.6292E-015426 3402
 4.0000E+03 1.5740E-01 4.2329E+03 1.5312E-01 4.4769E+03 1.4899E-015426 3402
 4.7324E+03 1.4502E-01 5.0000E+03 1.4119E-01 5.4812E+03 1.3520E-015426 3402
 6.0000E+03 1.2955E-01 6.4842E+03 1.2494E-01 7.0000E+03 1.2056E-015426 3402
 7.4863E+03 1.1683E-01 8.0000E+03 1.1326E-01 8.4879E+03 1.1014E-015426 3402
 9.0000E+03 1.0713E-01 1.0000E+04 1.0186E-01 1.0582E+04 9.8920E-025426 3402
 1.1191E+04 9.6090E-02 1.1831E+04 9.3367E-02 1.2500E+04 9.0744E-025426 3402
 1.3702E+04 8.6532E-02 1.5000E+04 8.2574E-02 1.6210E+04 7.9331E-025426 3402
 1.7500E+04 7.6252E-02 1.8715E+04 7.3655E-02 2.0000E+04 7.1174E-025426 3402
 2.1161E+04 6.8872E-02 2.2380E+04 6.6662E-02 2.3659E+04 6.4541E-025426 3402
 2.5000E+04 6.2500E-02 2.7402E+04 5.9255E-02 3.0000E+04 5.6218E-025426 3402
 3.2416E+04 5.3613E-02 3.5000E+04 5.1157E-02 3.7427E+04 4.9102E-025426 3402
 4.0000E+04 4.7149E-02 4.2319E+04 4.5529E-02 4.4756E+04 4.3974E-025426 3402
 4.7314E+04 4.2483E-02 5.0000E+04 4.1056E-02 5.2352E+04 3.9908E-025426 3402
 5.4800E+04 3.8801E-02 5.7349E+04 3.7728E-02 6.0000E+04 3.6696E-025426 3402
 6.4832E+04 3.5015E-02 7.0000E+04 3.3433E-02 7.4855E+04 3.2139E-025426 3402
 8.0000E+04 3.0909E-02 9.0000E+04 3.3229E-02 1.0000E+05 3.2091E-025426 3402
 1.1198E+05 3.1361E-02 1.2500E+05 3.0677E-02 1.3708E+05 3.0125E-025426 3402
 1.5000E+05 2.9601E-02 1.7500E+05 2.8743E-02 2.0000E+05 2.8045E-025426 3402
 2.5000E+05 2.7828E-02 3.0000E+05 2.7706E-02 3.4600E+05 2.9128E-025426 3402
 3.9200E+05 3.0471E-02 3.9212E+05 3.0371E-02 3.9403E+05 2.8765E-025426 3402
 3.9598E+05 2.7221E-02 3.9797E+05 2.5743E-02 4.0000E+05 2.4321E-025426 3402
 4.0727E+05 2.3314E-02 4.1473E+05 2.2341E-02 4.2226E+05 2.1417E-025426 3402
 4.3000E+05 2.0525E-02 4.5063E+05 1.9693E-02 4.7225E+05 1.8900E-025426 3402
 4.7225E+05 1.8900E-02 5.0000E+05 1.7980E-02 5.3314E+05 1.7671E-025426 3402
 5.6800E+05 1.7379E-02 6.0000E+05 1.7333E-02 7.0000E+05 1.7684E-025426 3402
 7.0400E+05 1.7710E-02 8.0000E+05 1.9120E-02 8.4100E+05 1.9627E-025426 3402
 8.8800E+05 2.0272E-02 8.8806E+05 2.0268E-02 9.0000E+05 1.9238E-025426 3402
 9.2512E+05 1.8688E-02 9.5100E+05 1.8154E-02 9.7700E+05 1.7286E-025426 3402
 9.9400E+05 1.6992E-02 1.0000E+06 1.6912E-02 1.0120E+06 1.6781E-025426 3402
 1.0290E+06 1.6649E-02 1.0460E+06 1.6552E-02 1.2380E+06 1.7026E-025426 3402
 1.4300E+06 1.8560E-02 1.5000E+06 1.9256E-02 1.6220E+06 2.0627E-025426 3402
 1.6490E+06 2.0955E-02 1.6491E+06 2.0956E-02 1.8140E+06 2.3081E-025426 3402
 1.9000E+06 2.4314E-02 1.9000E+06 2.4314E-02 2.0000E+06 2.5698E-025426 3402
 2.5000E+06 2.8864E-02 2.6165E+06 2.8036E-02 2.7385E+06 2.7245E-025426 3402
 2.8662E+06 2.6489E-02 3.0000E+06 2.5797E-02 3.0564E+06 2.4807E-025426 3402
 3.1144E+06 2.3851E-02 3.1740E+06 2.2923E-02 3.2355E+06 2.2026E-025426 3402
 3.2987E+06 2.1158E-02 3.3638E+06 2.0317E-02 3.4309E+06 1.9504E-025426 3402
 3.5000E+06 1.8718E-02 3.5560E+06 1.7808E-02 3.6136E+06 1.6931E-025426 3402
 3.6731E+06 1.6088E-02 3.7344E+06 1.5276E-02 3.7976E+06 1.4496E-025426 3402
 3.8629E+06 1.3746E-02 3.9303E+06 1.3027E-02 4.0000E+06 1.2335E-025426 3402
 4.0556E+06 1.1631E-02 4.1130E+06 1.0956E-02 4.1722E+06 1.0310E-025426 3402
 4.2334E+06 9.6928E-03 4.2967E+06 9.1023E-03 4.3621E+06 8.5389E-035426 3402
 4.4298E+06 8.0010E-03 4.5000E+06 7.4888E-03 4.5554E+06 7.0205E-035426 3402
 4.6125E+06 6.5728E-03 4.6716E+06 6.1468E-03 4.7328E+06 5.7413E-035426 3402
 4.7960E+06 5.3546E-03 4.8616E+06 4.9880E-03 4.9295E+06 4.6403E-035426 3402
 4.9644E+06 4.4732E-03 5.0000E+06 4.3103E-03 5.0445E+06 4.0797E-035426 3402
 5.0903E+06 3.8582E-03 5.1373E+06 3.6457E-03 5.1856E+06 3.4418E-035426 3402
 5.2353E+06 3.2465E-03 5.2864E+06 3.0596E-03 5.3391E+06 2.8810E-035426 3402
 5.3933E+06 2.7103E-03 5.4459E+06 2.5568E-03 5.5000E+06 2.4099E-035426 3402
 5.5552E+06 2.2498E-03 5.6049E+06 2.1168E-03 5.6562E+06 1.9899E-035426 3402
 5.7090E+06 1.8691E-03 5.7635E+06 1.7543E-03 5.8197E+06 1.6453E-035426 3402
 5.8778E+06 1.5419E-03 5.9379E+06 1.4442E-03 6.0000E+06 1.3518E-035426 3402
 6.0551E+06 1.2682E-03 6.1122E+06 1.1892E-03 6.1711E+06 1.1147E-035426 3402
 6.2014E+06 1.0793E-03 6.2322E+06 1.0449E-03 6.2635E+06 1.0116E-035426 3402
 6.2954E+06 9.7934E-04 6.3279E+06 9.4815E-04 6.3611E+06 9.1812E-045426 3402
 6.3948E+06 8.8900E-04 6.4292E+06 8.6099E-04 6.4642E+06 8.3397E-045426 3402
 6.5000E+06 8.0801E-04 6.5478E+06 7.7329E-04 6.5969E+06 7.4048E-045426 3402
 6.6474E+06 7.0953E-04 6.6994E+06 6.8044E-04 6.7004E+06 6.7995E-045426 3402
 6.7454E+06 6.5691E-04 6.7948E+06 6.3371E-04 6.8455E+06 6.1200E-045426 3402
 6.8830E+06 5.9725E-04 6.9212E+06 5.8328E-04 6.9602E+06 5.7003E-045426 3402
 7.0000E+06 5.5752E-04 7.0583E+06 5.3929E-04 7.1186E+06 5.2273E-045426 3402
 7.1496E+06 5.1506E-04 7.1811E+06 5.0780E-04 7.2131E+06 5.0099E-045426 3402
 7.2457E+06 4.9459E-04 7.3061E+06 4.8403E-04 7.3685E+06 4.7481E-045426 3402
 7.4005E+06 4.7071E-04 7.4331E+06 4.6693E-04 7.4662E+06 4.6351E-045426 3402
 7.5000E+06 4.6039E-04 7.5584E+06 4.5485E-04 7.6188E+06 4.5039E-045426 3402
 7.6498E+06 4.4857E-04 7.6813E+06 4.4701E-04 7.7133E+06 4.4568E-045426 3402
 7.7460E+06 4.4464E-04 7.8063E+06 4.4339E-04 7.8686E+06 4.4299E-045426 3402
 7.9006E+06 4.4310E-04 7.9332E+06 4.4342E-04 7.9663E+06 4.4395E-045426 3402
 8.0000E+06 4.4469E-04 8.0585E+06 4.4603E-04 8.1190E+06 4.4799E-045426 3402
 8.1500E+06 4.4921E-04 8.1815E+06 4.5057E-04 8.2136E+06 4.5211E-045426 3402
 8.2462E+06 4.5375E-04 8.3065E+06 4.5714E-04 8.3689E+06 4.6098E-045426 3402
 8.4008E+06 4.6305E-04 8.4333E+06 4.6527E-04 8.4664E+06 4.6756E-045426 3402
 8.5000E+06 4.6995E-04 8.5614E+06 4.7437E-04 8.5929E+06 4.7670E-045426 3402
 8.6249E+06 4.7914E-04 8.6574E+06 4.8161E-04 8.6906E+06 4.8423E-045426 3402
 8.7243E+06 4.8687E-04 8.7586E+06 4.8959E-04 8.7586E+06 4.8959E-045426 3402
 8.8162E+06 4.9421E-04 8.8756E+06 4.9900E-04 8.9368E+06 5.0397E-045426 3402
 9.0000E+06 5.0908E-04 9.0559E+06 5.1351E-04 9.1136E+06 5.1808E-045426 3402
 9.1729E+06 5.2268E-04 9.2342E+06 5.2738E-04 9.2974E+06 5.3218E-045426 3402
 9.3627E+06 5.3700E-04 9.3961E+06 5.3943E-04 9.4302E+06 5.4189E-045426 3402
 9.4648E+06 5.4433E-04 9.5000E+06 5.4680E-04 9.5562E+06 5.5062E-045426 3402
 9.6140E+06 5.5442E-04 9.6735E+06 5.5825E-04 9.7348E+06 5.6204E-045426 3402
 9.7980E+06 5.6583E-04 9.8632E+06 5.6958E-04 9.9305E+06 5.7329E-045426 3402
 1.0000E+07 5.7692E-04 1.0171E+07 5.8561E-04 1.0171E+07 5.8561E-045426 3402
 1.0500E+07 5.9861E-04 1.1000E+07 6.1041E-04 1.1500E+07 6.1679E-045426 3402
 1.2000E+07 6.1755E-04 1.2248E+07 6.1678E-04 1.2500E+07 6.1509E-045426 3402
 1.2748E+07 6.1269E-04 1.3000E+07 6.0960E-04 1.3248E+07 6.0606E-045426 3402
 1.3500E+07 6.0196E-04 1.3748E+07 5.9752E-04 1.4000E+07 5.9274E-045426 3402
 1.4249E+07 5.8768E-04 1.4500E+07 5.8238E-04 1.4749E+07 5.7694E-045426 3402
 1.5000E+07 5.7130E-04 1.5249E+07 5.6560E-04 1.5500E+07 5.5976E-045426 3402
 1.5749E+07 5.5390E-04 1.6000E+07 5.4794E-04 1.6249E+07 5.4201E-045426 3402
 1.6500E+07 5.3600E-04 1.6749E+07 5.3005E-04 1.7000E+07 5.2407E-045426 3402
 1.7249E+07 5.1815E-04 1.7500E+07 5.1221E-04 1.7749E+07 5.0635E-045426 3402
 1.8000E+07 5.0050E-04 1.8003E+07 5.0043E-04 1.8500E+07 4.8898E-045426 3402
 1.9000E+07 4.7769E-04 1.9500E+07 4.6666E-04 2.0000E+07 4.5590E-045426 3402
                                                                  5426 3  0
