XE-129N,G    1.0000+00* JEF-2.2                                   5429 3102
                                                                  5429 3102
 5.41290+04 1.2780E+02          0         99          0          05429 3102
 3.0000E+02 9.2657E+06          0          0          1       12825429 3102
       1282          2                                            5429 3102
 1.0000E-05 0.0000E+00 1.0000E-05 2.8238E+02 1.0500E-04 2.8238E+025429 3102
 1.0500E-04 2.7572E+02 1.1000E-04 2.7572E+02 1.1000E-04 2.6968E+025429 3102
 1.1500E-04 2.6968E+02 1.1500E-04 2.6369E+02 1.2000E-04 2.6369E+025429 3102
 1.2000E-04 2.5696E+02 1.2750E-04 2.5696E+02 1.2750E-04 2.4947E+025429 3102
 1.3500E-04 2.4947E+02 1.3500E-04 2.4276E+02 1.4250E-04 2.4276E+025429 3102
 1.4250E-04 2.3639E+02 1.5000E-04 2.3639E+02 1.5000E-04 2.2964E+025429 3102
 1.6000E-04 2.2964E+02 1.6000E-04 2.2259E+02 1.7000E-04 2.2259E+025429 3102
 1.7000E-04 2.1613E+02 1.8000E-04 2.1613E+02 1.8000E-04 2.1023E+025429 3102
 1.9000E-04 2.1023E+02 1.9000E-04 2.0484E+02 2.0000E-04 2.0484E+025429 3102
 2.0000E-04 1.9977E+02 2.1000E-04 1.9977E+02 2.1000E-04 1.9519E+025429 3102
 2.2000E-04 1.9519E+02 2.2000E-04 1.9066E+02 2.3000E-04 1.9066E+025429 3102
 2.3000E-04 1.8659E+02 2.4000E-04 1.8659E+02 2.4000E-04 1.8176E+025429 3102
 2.5500E-04 1.8176E+02 2.5500E-04 1.7655E+02 2.7000E-04 1.7655E+025429 3102
 2.7000E-04 1.7252E+02 2.8000E-04 1.7252E+02 2.8000E-04 1.6798E+025429 3102
 3.0000E-04 1.6798E+02 3.0000E-04 1.6246E+02 3.2000E-04 1.6246E+025429 3102
 3.2000E-04 1.5746E+02 3.4000E-04 1.5746E+02 3.4000E-04 1.5290E+025429 3102
 3.6000E-04 1.5290E+02 3.6000E-04 1.4879E+02 3.8000E-04 1.4879E+025429 3102
 3.8000E-04 1.4487E+02 4.0000E-04 1.4487E+02 4.0000E-04 1.4098E+025429 3102
 4.2500E-04 1.4098E+02 4.2500E-04 1.3681E+02 4.5000E-04 1.3681E+025429 3102
 4.5000E-04 1.3306E+02 4.7500E-04 1.3306E+02 4.7500E-04 1.2956E+025429 3102
 5.0000E-04 1.2956E+02 5.0000E-04 1.2640E+02 5.2500E-04 1.2640E+025429 3102
 5.2500E-04 1.2346E+02 5.5000E-04 1.2346E+02 5.5000E-04 1.2065E+025429 3102
 5.7500E-04 1.2065E+02 5.7500E-04 1.1808E+02 6.0000E-04 1.1808E+025429 3102
 6.0000E-04 1.1539E+02 6.3000E-04 1.1539E+02 6.3000E-04 1.1266E+025429 3102
 6.6000E-04 1.1266E+02 6.6000E-04 1.1015E+02 6.9000E-04 1.1015E+025429 3102
 6.9000E-04 1.0777E+02 7.2000E-04 1.0777E+02 7.2000E-04 1.0525E+025429 3102
 7.6000E-04 1.0525E+02 7.6000E-04 1.0245E+02 8.0000E-04 1.0245E+025429 3102
 8.0000E-04 9.9953E+01 8.4000E-04 9.9953E+01 8.4000E-04 9.7593E+015429 3102
 8.8000E-04 9.7593E+01 8.8000E-04 9.5411E+01 9.2000E-04 9.5411E+015429 3102
 9.2000E-04 9.3336E+01 9.6000E-04 9.3336E+01 9.6000E-04 9.1402E+015429 3102
 1.0000E-03 9.1402E+01 1.0000E-03 8.9413E+01 1.0500E-03 8.9413E+015429 3102
 1.0500E-03 8.7300E+01 1.1000E-03 8.7300E+01 1.1000E-03 8.5341E+015429 3102
 1.1500E-03 8.5341E+01 1.1500E-03 8.3495E+01 1.2000E-03 8.3495E+015429 3102
 1.2000E-03 8.1366E+01 1.2750E-03 8.1366E+01 1.2750E-03 7.8993E+015429 3102
 1.3500E-03 7.8993E+01 1.3500E-03 7.6829E+01 1.4250E-03 7.6829E+015429 3102
 1.4250E-03 7.4875E+01 1.5000E-03 7.4875E+01 1.5000E-03 7.2679E+015429 3102
 1.6000E-03 7.2679E+01 1.6000E-03 7.0474E+01 1.7000E-03 7.0474E+015429 3102
 1.7000E-03 6.8413E+01 1.8000E-03 6.8413E+01 1.8000E-03 6.6542E+015429 3102
 1.9000E-03 6.6542E+01 1.9000E-03 6.4799E+01 2.0000E-03 6.4799E+015429 3102
 2.0000E-03 6.3233E+01 2.1000E-03 6.3233E+01 2.1000E-03 6.1729E+015429 3102
 2.2000E-03 6.1729E+01 2.2000E-03 6.0351E+01 2.3000E-03 6.0351E+015429 3102
 2.3000E-03 5.9039E+01 2.4000E-03 5.9039E+01 2.4000E-03 5.7538E+015429 3102
 2.5500E-03 5.7538E+01 2.5500E-03 5.5861E+01 2.7000E-03 5.5861E+015429 3102
 2.7000E-03 5.4573E+01 2.8000E-03 5.4573E+01 2.8000E-03 5.3173E+015429 3102
 3.0000E-03 5.3173E+01 3.0000E-03 5.1397E+01 3.2000E-03 5.1397E+015429 3102
 3.2000E-03 4.9839E+01 3.4000E-03 4.9839E+01 3.4000E-03 4.8381E+015429 3102
 3.6000E-03 4.8381E+01 3.6000E-03 4.7056E+01 3.8000E-03 4.7056E+015429 3102
 3.8000E-03 4.5825E+01 4.0000E-03 4.5825E+01 4.0000E-03 4.4583E+015429 3102
 4.2500E-03 4.4583E+01 4.2500E-03 4.3277E+01 4.5000E-03 4.3277E+015429 3102
 4.5000E-03 4.2098E+01 4.7500E-03 4.2098E+01 4.7500E-03 4.1001E+015429 3102
 5.0000E-03 4.1001E+01 5.0000E-03 3.9982E+01 5.2500E-03 3.9982E+015429 3102
 5.2500E-03 3.9049E+01 5.5000E-03 3.9049E+01 5.5000E-03 3.8172E+015429 3102
 5.7500E-03 3.8172E+01 5.7500E-03 3.7368E+01 6.0000E-03 3.7368E+015429 3102
 6.0000E-03 3.6497E+01 6.3000E-03 3.6497E+01 6.3000E-03 3.5647E+015429 3102
 6.6000E-03 3.5647E+01 6.6000E-03 3.4852E+01 6.9000E-03 3.4852E+015429 3102
 6.9000E-03 3.4096E+01 7.2000E-03 3.4096E+01 7.2000E-03 3.3280E+015429 3102
 7.6000E-03 3.3280E+01 7.6000E-03 3.2410E+01 8.0000E-03 3.2410E+015429 3102
 8.0000E-03 3.1628E+01 8.4000E-03 3.1628E+01 8.4000E-03 3.0874E+015429 3102
 8.8000E-03 3.0874E+01 8.8000E-03 3.0187E+01 9.2000E-03 3.0187E+015429 3102
 9.2000E-03 2.9530E+01 9.6000E-03 2.9530E+01 9.6000E-03 2.8927E+015429 3102
 1.0000E-02 2.8927E+01 1.0000E-02 2.8279E+01 1.0500E-02 2.8279E+015429 3102
 1.0500E-02 2.7619E+01 1.1000E-02 2.7619E+01 1.1000E-02 2.6999E+015429 3102
 1.1500E-02 2.6999E+01 1.1500E-02 2.6431E+01 1.2000E-02 2.6431E+015429 3102
 1.2000E-02 2.5736E+01 1.2750E-02 2.5736E+01 1.2750E-02 2.5003E+015429 3102
 1.3500E-02 2.5003E+01 1.3500E-02 2.4312E+01 1.4250E-02 2.4312E+015429 3102
 1.4250E-02 2.3685E+01 1.5000E-02 2.3685E+01 1.5000E-02 2.3000E+015429 3102
 1.6000E-02 2.3000E+01 1.6000E-02 2.2307E+01 1.7000E-02 2.2307E+015429 3102
 1.7000E-02 2.1654E+01 1.8000E-02 2.1654E+01 1.8000E-02 2.1064E+015429 3102
 1.9000E-02 2.1064E+01 1.9000E-02 2.0517E+01 2.0000E-02 2.0517E+015429 3102
 2.0000E-02 2.0007E+01 2.1000E-02 2.0007E+01 2.1000E-02 1.9540E+015429 3102
 2.2000E-02 1.9540E+01 2.2000E-02 1.9103E+01 2.3000E-02 1.9103E+015429 3102
 2.3000E-02 1.8701E+01 2.4000E-02 1.8701E+01 2.4000E-02 1.8211E+015429 3102
 2.5500E-02 1.8211E+01 2.5500E-02 1.7693E+01 2.7000E-02 1.7693E+015429 3102
 2.7000E-02 1.7279E+01 2.8000E-02 1.7279E+01 2.8000E-02 1.6834E+015429 3102
 3.0000E-02 1.6834E+01 3.0000E-02 1.6291E+01 3.2000E-02 1.6291E+015429 3102
 3.2000E-02 1.5783E+01 3.4000E-02 1.5783E+01 3.4000E-02 1.5327E+015429 3102
 3.6000E-02 1.5327E+01 3.6000E-02 1.4910E+01 3.8000E-02 1.4910E+015429 3102
 3.8000E-02 1.4528E+01 4.0000E-02 1.4528E+01 4.0000E-02 1.4128E+015429 3102
 4.2500E-02 1.4128E+01 4.2500E-02 1.3723E+01 4.5000E-02 1.3723E+015429 3102
 4.5000E-02 1.3352E+01 4.7500E-02 1.3352E+01 4.7500E-02 1.2996E+015429 3102
 5.0000E-02 1.2996E+01 5.0000E-02 1.2679E+01 5.2500E-02 1.2679E+015429 3102
 5.2500E-02 1.2379E+01 5.5000E-02 1.2379E+01 5.5000E-02 1.2102E+015429 3102
 5.7500E-02 1.2102E+01 5.7500E-02 1.1844E+01 6.0000E-02 1.1844E+015429 3102
 6.0000E-02 1.1577E+01 6.3000E-02 1.1577E+01 6.3000E-02 1.1314E+015429 3102
 6.6000E-02 1.1314E+01 6.6000E-02 1.1056E+01 6.9000E-02 1.1056E+015429 3102
 6.9000E-02 1.0815E+01 7.2000E-02 1.0815E+01 7.2000E-02 1.0566E+015429 3102
 7.6000E-02 1.0566E+01 7.6000E-02 1.0290E+01 8.0000E-02 1.0290E+015429 3102
 8.0000E-02 1.0044E+01 8.4000E-02 1.0044E+01 8.4000E-02 9.8032E+005429 3102
 8.8000E-02 9.8032E+00 8.8000E-02 9.5847E+00 9.2000E-02 9.5847E+005429 3102
 9.2000E-02 9.3774E+00 9.6000E-02 9.3774E+00 9.6000E-02 9.1860E+005429 3102
 1.0000E-01 9.1860E+00 1.0000E-01 8.9900E+00 1.0500E-01 8.9900E+005429 3102
 1.0500E-01 8.7776E+00 1.1000E-01 8.7776E+00 1.1000E-01 8.5845E+005429 3102
 1.1500E-01 8.5845E+00 1.1500E-01 8.3990E+00 1.2000E-01 8.3990E+005429 3102
 1.2000E-01 8.1906E+00 1.2750E-01 8.1906E+00 1.2750E-01 7.9563E+005429 3102
 1.3500E-01 7.9563E+00 1.3500E-01 7.7434E+00 1.4250E-01 7.7434E+005429 3102
 1.4250E-01 7.5440E+00 1.5000E-01 7.5440E+00 1.5000E-01 7.3379E+005429 3102
 1.6000E-01 7.3379E+00 1.6000E-01 7.1128E+00 1.7000E-01 7.1128E+005429 3102
 1.7000E-01 6.9149E+00 1.8000E-01 6.9149E+00 1.8000E-01 6.7268E+005429 3102
 1.9000E-01 6.7268E+00 1.9000E-01 6.5529E+00 2.0000E-01 6.5529E+005429 3102
 2.0000E-01 6.3932E+00 2.1000E-01 6.3932E+00 2.1000E-01 6.2465E+005429 3102
 2.2000E-01 6.2465E+00 2.2000E-01 6.1075E+00 2.3000E-01 6.1075E+005429 3102
 2.3000E-01 5.9808E+00 2.4000E-01 5.9808E+00 2.4000E-01 5.8360E+005429 3102
 2.5500E-01 5.8360E+00 2.5500E-01 5.6735E+00 2.7000E-01 5.6735E+005429 3102
 2.7000E-01 5.5381E+00 2.8000E-01 5.5381E+00 2.8000E-01 5.4080E+005429 3102
 3.0000E-01 5.4080E+00 3.0000E-01 5.2357E+00 3.2000E-01 5.2357E+005429 3102
 3.2000E-01 5.0829E+00 3.4000E-01 5.0829E+00 3.4000E-01 4.9373E+005429 3102
 3.6000E-01 4.9373E+00 3.6000E-01 4.8067E+00 3.8000E-01 4.8067E+005429 3102
 3.8000E-01 4.6869E+00 4.0000E-01 4.6869E+00 4.0000E-01 4.5657E+005429 3102
 4.2500E-01 4.5657E+00 4.2500E-01 4.4338E+00 4.5000E-01 4.4338E+005429 3102
 4.5000E-01 4.3184E+00 4.7500E-01 4.3184E+00 4.7500E-01 4.2132E+005429 3102
 5.0000E-01 4.2132E+00 5.0000E-01 4.1154E+00 5.2500E-01 4.1154E+005429 3102
 5.2500E-01 4.0252E+00 5.5000E-01 4.0252E+00 5.5000E-01 3.9432E+005429 3102
 5.7500E-01 3.9432E+00 5.7500E-01 3.8630E+00 6.0000E-01 3.8630E+005429 3102
 6.0000E-01 3.7854E+00 6.3000E-01 3.7854E+00 6.3000E-01 3.7038E+005429 3102
 6.6000E-01 3.7038E+00 6.6000E-01 3.6260E+00 6.9000E-01 3.6260E+005429 3102
 6.9000E-01 3.5557E+00 7.2000E-01 3.5557E+00 7.2000E-01 3.4790E+005429 3102
 7.6000E-01 3.4790E+00 7.6000E-01 3.4004E+00 8.0000E-01 3.4004E+005429 3102
 8.0000E-01 3.3259E+00 8.4000E-01 3.3259E+00 8.4000E-01 3.2583E+005429 3102
 8.8000E-01 3.2583E+00 8.8000E-01 3.1941E+00 9.2000E-01 3.1941E+005429 3102
 9.2000E-01 3.1362E+00 9.6000E-01 3.1362E+00 9.6000E-01 3.0808E+005429 3102
 1.0000E+00 3.0808E+00 1.0000E+00 3.0245E+00 1.0500E+00 3.0245E+005429 3102
 1.0500E+00 2.9668E+00 1.1000E+00 2.9668E+00 1.1000E+00 2.9130E+005429 3102
 1.1500E+00 2.9130E+00 1.1500E+00 2.8611E+00 1.2000E+00 2.8611E+005429 3102
 1.2000E+00 2.8062E+00 1.2750E+00 2.8062E+00 1.2750E+00 2.7439E+005429 3102
 1.3500E+00 2.7439E+00 1.3500E+00 2.6884E+00 1.4250E+00 2.6884E+005429 3102
 1.4250E+00 2.6381E+00 1.5000E+00 2.6381E+00 1.5000E+00 2.5881E+005429 3102
 1.6000E+00 2.5881E+00 1.6000E+00 2.5354E+00 1.7000E+00 2.5354E+005429 3102
 1.7000E+00 2.4903E+00 1.8000E+00 2.4903E+00 1.8000E+00 2.4513E+005429 3102
 1.9000E+00 2.4513E+00 1.9000E+00 2.4170E+00 2.0000E+00 2.4170E+005429 3102
 2.0000E+00 2.3880E+00 2.1000E+00 2.3880E+00 2.1000E+00 2.3646E+005429 3102
 2.2000E+00 2.3646E+00 2.2000E+00 2.3432E+00 2.3000E+00 2.3432E+005429 3102
 2.3000E+00 2.3252E+00 2.4000E+00 2.3252E+00 2.4000E+00 2.3107E+005429 3102
 2.5500E+00 2.3107E+00 2.5500E+00 2.2973E+00 2.7000E+00 2.2973E+005429 3102
 2.7000E+00 2.2918E+00 2.8000E+00 2.2918E+00 2.8000E+00 2.2907E+005429 3102
 3.0000E+00 2.2907E+00 3.0000E+00 2.2998E+00 3.2000E+00 2.2998E+005429 3102
 3.2000E+00 2.3197E+00 3.4000E+00 2.3197E+00 3.4000E+00 2.3512E+005429 3102
 3.6000E+00 2.3512E+00 3.6000E+00 2.3939E+00 3.8000E+00 2.3939E+005429 3102
 3.8000E+00 2.4484E+00 4.0000E+00 2.4484E+00 4.0000E+00 2.5260E+005429 3102
 4.2500E+00 2.5260E+00 4.2500E+00 2.6331E+00 4.5000E+00 2.6331E+005429 3102
 4.5000E+00 2.7662E+00 4.7500E+00 2.7662E+00 4.7500E+00 2.9297E+005429 3102
 5.0000E+00 2.9297E+00 5.0000E+00 3.1299E+00 5.2500E+00 3.1299E+005429 3102
 5.2500E+00 3.3743E+00 5.5000E+00 3.3743E+00 5.5000E+00 3.6746E+005429 3102
 5.7500E+00 3.6746E+00 5.7500E+00 4.0437E+00 6.0000E+00 4.0437E+005429 3102
 6.0000E+00 4.5576E+00 6.3000E+00 4.5576E+00 6.3000E+00 5.2942E+005429 3102
 6.6000E+00 5.2942E+00 6.6000E+00 6.2954E+00 6.9000E+00 6.2954E+005429 3102
 6.9000E+00 7.7008E+00 7.2000E+00 7.7008E+00 7.2000E+00 1.0219E+015429 3102
 7.6000E+00 1.0219E+01 7.6000E+00 1.5273E+01 8.0000E+00 1.5273E+015429 3102
 8.0000E+00 2.6125E+01 8.4000E+00 2.6125E+01 8.4000E+00 5.7244E+015429 3102
 8.8000E+00 5.7244E+01 8.8000E+00 2.5438E+02 9.2000E+00 2.5438E+025429 3102
 9.2000E+00 3.6754E+03 9.6000E+00 3.6754E+03 9.6000E+00 4.5742E+025429 3102
 1.0000E+01 4.5742E+02 1.0000E+01 5.9773E+01 1.0500E+01 5.9773E+015429 3102
 1.0500E+01 2.0842E+01 1.1000E+01 2.0842E+01 1.1000E+01 1.0558E+015429 3102
 1.1500E+01 1.0558E+01 1.1500E+01 6.3789E+00 1.2000E+01 6.3789E+005429 3102
 1.2000E+01 3.9551E+00 1.2750E+01 3.9551E+00 1.2750E+01 2.4939E+005429 3102
 1.3500E+01 2.4939E+00 1.3500E+01 1.7286E+00 1.4250E+01 1.7286E+005429 3102
 1.4250E+01 1.2776E+00 1.5000E+01 1.2776E+00 1.5000E+01 9.5536E-015429 3102
 1.6000E+01 9.5536E-01 1.6000E+01 7.2209E-01 1.7000E+01 7.2209E-015429 3102
 1.7000E+01 5.7158E-01 1.8000E+01 5.7158E-01 1.8000E+01 4.6831E-015429 3102
 1.9000E+01 4.6831E-01 1.9000E+01 3.9417E-01 2.0000E+01 3.9417E-015429 3102
 2.0000E+01 3.3910E-01 2.1000E+01 3.3910E-01 2.1000E+01 2.9697E-015429 3102
 2.2000E+01 2.9697E-01 2.2000E+01 2.6395E-01 2.3000E+01 2.6395E-015429 3102
 2.3000E+01 2.3764E-01 2.4000E+01 2.3764E-01 2.4000E+01 2.1172E-015429 3102
 2.5500E+01 2.1172E-01 2.5500E+01 1.8731E-01 2.7000E+01 1.8731E-015429 3102
 2.7000E+01 1.7113E-01 2.8000E+01 1.7113E-01 2.8000E+01 1.5602E-015429 3102
 3.0000E+01 1.5602E-01 3.0000E+01 1.4016E-01 3.2000E+01 1.4016E-015429 3102
 3.2000E+01 1.2822E-01 3.4000E+01 1.2822E-01 3.4000E+01 1.1918E-015429 3102
 3.6000E+01 1.1918E-01 3.6000E+01 1.1220E-01 3.8000E+01 1.1220E-015429 3102
 3.8000E+01 1.0694E-01 4.0000E+01 1.0694E-01 4.0000E+01 1.0268E-015429 3102
 4.2500E+01 1.0268E-01 4.2500E+01 9.9596E-02 4.5000E+01 9.9596E-025429 3102
 4.5000E+01 9.8042E-02 4.7500E+01 9.8042E-02 4.7500E+01 9.7887E-025429 3102
 5.0000E+01 9.7887E-02 5.0000E+01 9.9093E-02 5.2500E+01 9.9093E-025429 3102
 5.2500E+01 1.0169E-01 5.5000E+01 1.0169E-01 5.5000E+01 1.0584E-015429 3102
 5.7500E+01 1.0584E-01 5.7500E+01 1.1177E-01 6.0000E+01 1.1177E-015429 3102
 6.0000E+01 1.2088E-01 6.3000E+01 1.2088E-01 6.3000E+01 1.3479E-015429 3102
 6.6000E+01 1.3479E-01 6.6000E+01 1.5460E-01 6.9000E+01 1.5460E-015429 3102
 6.9000E+01 1.8367E-01 7.2000E+01 1.8367E-01 7.2000E+01 2.3827E-015429 3102
 7.6000E+01 2.3827E-01 7.6000E+01 3.5552E-01 8.0000E+01 3.5552E-015429 3102
 8.0000E+01 6.4054E-01 8.4000E+01 6.4054E-01 8.4000E+01 1.7419E+005429 3102
 8.8000E+01 1.7419E+00 8.8000E+01 1.0112E+02 9.2000E+01 1.0112E+025429 3102
 9.2000E+01 3.2862E+02 9.6000E+01 3.2862E+02 9.6000E+01 1.9149E+005429 3102
 1.0000E+02 1.9149E+00 1.0000E+02 6.5600E-01 1.0500E+02 6.5600E-015429 3102
 1.0500E+02 4.2103E-01 1.1000E+02 4.2103E-01 1.1000E+02 4.7177E-015429 3102
 1.1500E+02 4.7177E-01 1.1500E+02 9.5648E-01 1.2000E+02 9.5648E-015429 3102
 1.2000E+02 9.0767E+01 1.2750E+02 9.0767E+01 1.2750E+02 3.5570E+005429 3102
 1.3500E+02 3.5570E+00 1.3500E+02 4.2457E-01 1.4250E+02 4.2457E-015429 3102
 1.4250E+02 2.7534E-01 1.5000E+02 2.7534E-01 1.5000E+02 8.7472E-015429 3102
 1.6000E+02 8.7472E-01 1.6000E+02 8.4317E+01 1.7000E+02 8.4317E+015429 3102
 1.7000E+02 5.7571E-01 1.8000E+02 5.7571E-01 1.8000E+02 8.0931E+015429 3102
 1.9000E+02 8.0931E+01 1.9000E+02 5.1324E-01 2.0000E+02 5.1324E-015429 3102
 2.0000E+02 1.3539E-01 2.1000E+02 1.3539E-01 2.1000E+02 1.4343E-015429 3102
 2.2000E+02 1.4343E-01 2.2000E+02 4.3110E+01 2.3000E+02 4.3110E+015429 3102
 2.3000E+02 6.7218E-01 2.4000E+02 6.7218E-01 2.4000E+02 1.1978E+015429 3102
 2.5500E+02 1.1978E+01 2.5500E+02 4.5638E-02 2.7000E+02 4.5638E-025429 3102
 2.7000E+02 2.5206E-02 2.8000E+02 2.5206E-02 2.8000E+02 1.9478E-025429 3102
 3.0000E+02 1.9478E-02 3.0000E+02 1.8292E-02 3.2000E+02 1.8292E-025429 3102
 3.2000E+02 4.2324E-02 3.4000E+02 4.2324E-02 3.4000E+02 1.6496E+005429 3102
 3.6000E+02 1.6496E+00 3.6000E+02 2.2533E+01 3.8000E+02 2.2533E+015429 3102
 3.8000E+02 2.3776E-01 4.0000E+02 2.3776E-01 4.0000E+02 1.2351E-015429 3102
 4.2500E+02 1.2351E-01 4.2500E+02 1.9444E+01 4.5000E+02 1.9444E+015429 3102
 4.5000E+02 2.0261E+01 4.7500E+02 2.0261E+01 4.7500E+02 9.9057E-025429 3102
 5.0000E+02 9.9057E-02 5.0000E+02 5.3009E+00 5.2500E+02 5.3009E+005429 3102
 5.2500E+02 6.8164E-02 5.5000E+02 6.8164E-02 5.5000E+02 3.9791E-015429 3102
 5.7500E+02 3.9791E-01 5.7500E+02 2.8187E+01 6.0000E+02 2.8187E+015429 3102
 6.0000E+02 8.2344E+00 6.3000E+02 8.2344E+00 6.3000E+02 1.4791E+015429 3102
 6.6000E+02 1.4791E+01 6.6000E+02 4.3549E-02 6.9000E+02 4.3549E-025429 3102
 6.9000E+02 2.0137E-02 7.2000E+02 2.0137E-02 7.2000E+02 6.2278E-015429 3102
 7.6000E+02 6.2278E-01 7.6000E+02 9.6122E+00 8.0000E+02 9.6122E+005429 3102
 8.0000E+02 8.7705E-01 8.4000E+02 8.7705E-01 8.4000E+02 3.4129E-025429 3102
 8.8000E+02 3.4129E-02 8.8000E+02 5.0579E+00 9.2000E+02 5.0579E+005429 3102
 9.2000E+02 5.4129E+00 9.6000E+02 5.4129E+00 9.6000E+02 1.7341E+005429 3102
 1.0000E+03 1.7341E+00 1.0000E+03 1.3725E+00 1.0500E+03 1.3725E+005429 3102
 1.0500E+03 4.6411E+00 1.1000E+03 4.6411E+00 1.1000E+03 3.1287E+005429 3102
 1.1500E+03 3.1287E+00 1.1500E+03 8.8436E+00 1.2000E+03 8.8436E+005429 3102
 1.2000E+03 1.9045E+00 1.2750E+03 1.9045E+00 1.2750E+03 1.0175E+005429 3102
 1.3500E+03 1.0175E+00 1.3500E+03 4.0976E+00 1.4250E+03 4.0976E+005429 3102
 1.4250E+03 1.3817E+00 1.5000E+03 1.3817E+00 1.5000E+03 6.9496E-015429 3102
 1.6000E+03 6.9496E-01 1.6000E+03 3.7762E+00 1.7000E+03 3.7762E+005429 3102
 1.7000E+03 3.4392E+00 1.8000E+03 3.4392E+00 1.8000E+03 1.7515E+005429 3102
 1.9000E+03 1.7515E+00 1.9000E+03 2.0678E+00 2.0000E+03 2.0678E+005429 3102
 2.0000E+03 4.2689E+00 2.1000E+03 4.2689E+00 2.1000E+03 2.2635E-025429 3102
 2.2000E+03 2.2635E-02 2.2000E+03 4.7760E-01 2.3000E+03 4.7760E-015429 3102
 2.3000E+03 2.0196E+00 2.4000E+03 2.0196E+00 2.4000E+03 2.0334E+005429 3102
 2.5500E+03 2.0334E+00 2.5500E+03 1.2176E+00 2.7000E+03 1.2176E+005429 3102
 2.7000E+03 5.0662E-03 2.8000E+03 5.0662E-03 2.8000E+03 5.0369E-015429 3102
 3.0000E+03 5.0369E-01 3.0000E+03 5.2633E-01 3.2000E+03 5.2633E-015429 3102
 3.2000E+03 1.0958E+00 3.4000E+03 1.0958E+00 3.4000E+03 1.7830E-015429 3102
 3.6000E+03 1.7830E-01 3.6000E+03 4.6688E-01 3.8000E+03 4.6688E-015429 3102
 3.8000E+03 1.8202E-01 4.0000E+03 1.8202E-01 4.0000E+03 1.0702E+005429 3102
 4.2500E+03 1.0702E+00 4.2500E+03 1.4917E+00 4.5000E+03 1.4917E+005429 3102
 4.5000E+03 1.4439E+00 4.7500E+03 1.4439E+00 4.7500E+03 1.3999E+005429 3102
 5.0000E+03 1.3999E+00 5.0000E+03 1.3596E+00 5.2500E+03 1.3596E+005429 3102
 5.2500E+03 1.3227E+00 5.5000E+03 1.3227E+00 5.5000E+03 1.2876E+005429 3102
 5.7500E+03 1.2876E+00 5.7500E+03 1.2553E+00 6.0000E+03 1.2553E+005429 3102
 6.0000E+03 1.2232E+00 6.3000E+03 1.2232E+00 6.3000E+03 1.1915E+005429 3102
 6.6000E+03 1.1915E+00 6.6000E+03 1.1625E+00 6.9000E+03 1.1625E+005429 3102
 6.9000E+03 1.1350E+00 7.2000E+03 1.1350E+00 7.2000E+03 1.1063E+005429 3102
 7.6000E+03 1.1063E+00 7.6000E+03 1.0759E+00 8.0000E+03 1.0759E+005429 3102
 8.0000E+03 1.0480E+00 8.4000E+03 1.0480E+00 8.4000E+03 1.0225E+005429 3102
 8.8000E+03 1.0225E+00 8.8000E+03 9.9868E-01 9.2000E+03 9.9868E-015429 3102
 9.2000E+03 9.7679E-01 9.6000E+03 9.7679E-01 9.6000E+03 9.5637E-015429 3102
 1.0000E+04 9.5637E-01 1.0000E+04 9.3509E-01 1.0500E+04 9.3509E-015429 3102
 1.0500E+04 9.1301E-01 1.1000E+04 9.1301E-01 1.1000E+04 8.9243E-015429 3102
 1.1500E+04 8.9243E-01 1.1500E+04 8.7321E-01 1.2000E+04 8.7321E-015429 3102
 1.2000E+04 8.5104E-01 1.2750E+04 8.5104E-01 1.2750E+04 8.2674E-015429 3102
 1.3500E+04 8.2674E-01 1.3500E+04 8.0381E-01 1.4250E+04 8.0381E-015429 3102
 1.4250E+04 7.8303E-01 1.5000E+04 7.8303E-01 1.5000E+04 7.6059E-015429 3102
 1.6000E+04 7.6059E-01 1.6000E+04 7.3708E-01 1.7000E+04 7.3708E-015429 3102
 1.7000E+04 7.1563E-01 1.8000E+04 7.1563E-01 1.8000E+04 6.9598E-015429 3102
 1.9000E+04 6.9598E-01 1.9000E+04 6.7792E-01 2.0000E+04 6.7792E-015429 3102
 2.0000E+04 6.6070E-01 2.1000E+04 6.6070E-01 2.1000E+04 6.4428E-015429 3102
 2.2000E+04 6.4428E-01 2.2000E+04 6.2899E-01 2.3000E+04 6.2899E-015429 3102
 2.3000E+04 6.1473E-01 2.4000E+04 6.1473E-01 2.4000E+04 5.9831E-015429 3102
 2.5500E+04 5.9831E-01 2.5500E+04 5.8033E-01 2.7000E+04 5.8033E-015429 3102
 2.7000E+04 5.6592E-01 2.8000E+04 5.6592E-01 2.8000E+04 5.5065E-015429 3102
 3.0000E+04 5.5065E-01 3.0000E+04 5.3101E-01 3.2000E+04 5.3101E-015429 3102
 3.2000E+04 5.1273E-01 3.4000E+04 5.1273E-01 3.4000E+04 4.9611E-015429 3102
 3.6000E+04 4.9611E-01 3.6000E+04 4.8094E-01 3.8000E+04 4.8094E-015429 3102
 3.8000E+04 4.6703E-01 4.0000E+04 4.6703E-01 4.0000E+04 4.3977E-015429 3102
 4.2500E+04 4.3977E-01 4.2500E+04 4.0284E-01 4.5000E+04 4.0284E-015429 3102
 4.5000E+04 3.7782E-01 4.7500E+04 3.7782E-01 4.7500E+04 3.5741E-015429 3102
 5.0000E+04 3.5741E-01 5.0000E+04 3.3922E-01 5.2500E+04 3.3922E-015429 3102
 5.2500E+04 3.2290E-01 5.5000E+04 3.2290E-01 5.5000E+04 3.0804E-015429 3102
 5.7500E+04 3.0804E-01 5.7500E+04 2.9448E-01 6.0000E+04 2.9448E-015429 3102
 6.0000E+04 2.8103E-01 6.3000E+04 2.8103E-01 6.3000E+04 2.6791E-015429 3102
 6.6000E+04 2.6791E-01 6.6000E+04 2.5594E-01 6.9000E+04 2.5594E-015429 3102
 6.9000E+04 2.4506E-01 7.2000E+04 2.4506E-01 7.2000E+04 2.3381E-015429 3102
 7.6000E+04 2.3381E-01 7.6000E+04 2.2217E-01 8.0000E+04 2.2217E-015429 3102
 8.0000E+04 2.1607E-01 8.4000E+04 2.1607E-01 8.4000E+04 2.1489E-015429 3102
 8.8000E+04 2.1489E-01 8.8000E+04 2.1306E-01 9.2000E+04 2.1306E-015429 3102
 9.2000E+04 2.0735E-01 9.6000E+04 2.0735E-01 9.6000E+04 2.0138E-015429 3102
 1.0000E+05 2.0138E-01 1.0000E+05 1.9596E-01 1.0500E+05 1.9596E-015429 3102
 1.0500E+05 1.9077E-01 1.1000E+05 1.9077E-01 1.1000E+05 1.8597E-015429 3102
 1.1500E+05 1.8597E-01 1.1500E+05 1.8149E-01 1.2000E+05 1.8149E-015429 3102
 1.2000E+05 1.7631E-01 1.2750E+05 1.7631E-01 1.2750E+05 1.7059E-015429 3102
 1.3500E+05 1.7059E-01 1.3500E+05 1.6537E-01 1.4250E+05 1.6537E-015429 3102
 1.4250E+05 1.6065E-01 1.5000E+05 1.6065E-01 1.5000E+05 1.5584E-015429 3102
 1.6000E+05 1.5584E-01 1.6000E+05 1.5201E-01 1.7000E+05 1.5201E-015429 3102
 1.7000E+05 1.4857E-01 1.8000E+05 1.4857E-01 1.8000E+05 1.4540E-015429 3102
 1.9000E+05 1.4540E-01 1.9000E+05 1.4246E-01 2.0000E+05 1.4246E-015429 3102
 2.0000E+05 1.3989E-01 2.1000E+05 1.3989E-01 2.1000E+05 1.3792E-015429 3102
 2.2000E+05 1.3792E-01 2.2000E+05 1.3607E-01 2.3000E+05 1.3607E-015429 3102
 2.3000E+05 1.3423E-01 2.4000E+05 1.3423E-01 2.4000E+05 1.3234E-015429 3102
 2.5500E+05 1.3234E-01 2.5500E+05 1.3028E-01 2.7000E+05 1.3028E-015429 3102
 2.7000E+05 1.2882E-01 2.8000E+05 1.2882E-01 2.8000E+05 1.2721E-015429 3102
 3.0000E+05 1.2721E-01 3.0000E+05 1.2423E-01 3.2000E+05 1.2423E-015429 3102
 3.2000E+05 1.1290E-01 3.4000E+05 1.1290E-01 3.4000E+05 1.0696E-015429 3102
 3.6000E+05 1.0696E-01 3.6000E+05 1.0377E-01 3.8000E+05 1.0377E-015429 3102
 3.8000E+05 1.0051E-01 4.0000E+05 1.0051E-01 4.0000E+05 9.7736E-025429 3102
 4.2500E+05 9.7736E-02 4.2500E+05 9.5434E-02 4.5000E+05 9.5434E-025429 3102
 4.5000E+05 9.3977E-02 4.7500E+05 9.3977E-02 4.7500E+05 9.2727E-025429 3102
 5.0000E+05 9.2727E-02 5.0000E+05 9.1741E-02 5.2500E+05 9.1741E-025429 3102
 5.2500E+05 9.1246E-02 5.5000E+05 9.1246E-02 5.5000E+05 9.0923E-025429 3102
 5.7500E+05 9.0923E-02 5.7500E+05 9.0600E-02 6.0000E+05 9.0600E-025429 3102
 6.0000E+05 9.0273E-02 6.3000E+05 9.0273E-02 6.3000E+05 8.8666E-025429 3102
 6.6000E+05 8.8666E-02 6.6000E+05 8.6168E-02 6.9000E+05 8.6168E-025429 3102
 6.9000E+05 8.4520E-02 7.2000E+05 8.4520E-02 7.2000E+05 8.3997E-025429 3102
 7.6000E+05 8.3997E-02 7.6000E+05 8.4312E-02 8.0000E+05 8.4312E-025429 3102
 8.0000E+05 8.3185E-02 8.4000E+05 8.3185E-02 8.4000E+05 6.2059E-025429 3102
 8.8000E+05 6.2059E-02 8.8000E+05 6.0043E-02 9.2000E+05 6.0043E-025429 3102
 9.2000E+05 6.7625E-02 9.6000E+05 6.7625E-02 9.6000E+05 7.9380E-025429 3102
 1.0000E+06 7.9380E-02 1.0000E+06 8.6353E-02 1.1000E+06 8.6353E-025429 3102
 1.1000E+06 8.6809E-02 1.2000E+06 8.6809E-02 1.2000E+06 8.4805E-025429 3102
 1.3000E+06 8.4805E-02 1.3000E+06 8.3027E-02 1.4000E+06 8.3027E-025429 3102
 1.4000E+06 8.1381E-02 1.5000E+06 8.1381E-02 1.5000E+06 7.7267E-025429 3102
 1.6000E+06 7.7267E-02 1.6000E+06 7.1184E-02 1.7000E+06 7.1184E-025429 3102
 1.7000E+06 6.5904E-02 1.8000E+06 6.5904E-02 1.8000E+06 6.1266E-025429 3102
 1.9000E+06 6.1266E-02 1.9000E+06 5.7186E-02 2.0000E+06 5.7186E-025429 3102
 2.0000E+06 5.2738E-02 2.1000E+06 5.2738E-02 2.1000E+06 4.8051E-025429 3102
 2.2000E+06 4.8051E-02 2.2000E+06 4.3967E-02 2.3000E+06 4.3967E-025429 3102
 2.3000E+06 4.0389E-02 2.4000E+06 4.0389E-02 2.4000E+06 3.7231E-025429 3102
 2.5000E+06 3.7231E-02 2.5000E+06 3.4069E-02 2.6000E+06 3.4069E-025429 3102
 2.6000E+06 3.0941E-02 2.7000E+06 3.0941E-02 2.7000E+06 2.8204E-025429 3102
 2.8000E+06 2.8204E-02 2.8000E+06 2.5796E-02 2.9000E+06 2.5796E-025429 3102
 2.9000E+06 2.3664E-02 3.0000E+06 2.3664E-02 3.0000E+06 2.1538E-025429 3102
 3.1000E+06 2.1886E-02 3.1000E+06 1.9794E-02 3.2000E+06 1.9794E-025429 3102
 3.2000E+06 1.7977E-02 3.3000E+06 1.7977E-02 3.3000E+06 1.6384E-025429 3102
 3.4000E+06 1.6384E-02 3.4000E+06 1.4977E-02 3.5000E+06 1.4977E-025429 3102
 3.5000E+06 1.3585E-02 3.6000E+06 1.3585E-02 3.6000E+06 1.2229E-025429 3102
 3.7000E+06 1.2229E-02 3.7000E+06 1.1048E-02 3.8000E+06 1.1048E-025429 3102
 3.8000E+06 1.0019E-02 3.9000E+06 1.0019E-02 3.9000E+06 9.1157E-035429 3102
 4.0000E+06 9.1157E-03 4.0000E+06 8.2393E-03 4.1000E+06 8.2393E-035429 3102
 4.1000E+06 7.4001E-03 4.2000E+06 7.4001E-03 4.2000E+06 6.6756E-035429 3102
 4.3000E+06 6.6756E-03 4.3000E+06 6.0494E-03 4.4000E+06 6.0494E-035429 3102
 4.4000E+06 5.5053E-03 4.5000E+06 5.5053E-03 4.5000E+06 4.9909E-035429 3102
 4.6000E+06 4.9909E-03 4.6000E+06 4.5097E-03 4.7000E+06 4.5097E-035429 3102
 4.7000E+06 4.0988E-03 4.8000E+06 4.0988E-03 4.8000E+06 3.7474E-035429 3102
 4.9000E+06 3.7474E-03 4.9000E+06 3.4460E-03 5.0000E+06 3.4460E-035429 3102
 5.0000E+06 3.1717E-03 5.1000E+06 3.1717E-03 5.1000E+06 2.9243E-035429 3102
 5.2000E+06 2.9243E-03 5.2000E+06 2.7154E-03 5.3000E+06 2.7154E-035429 3102
 5.3000E+06 2.5392E-03 5.4000E+06 2.5392E-03 5.4000E+06 2.3910E-035429 3102
 5.5000E+06 2.3910E-03 5.5000E+06 2.2575E-03 5.6000E+06 2.2575E-035429 3102
 5.6000E+06 2.1388E-03 5.7000E+06 2.1388E-03 5.7000E+06 2.0410E-035429 3102
 5.8000E+06 2.0410E-03 5.8000E+06 1.9610E-03 5.9000E+06 1.9610E-035429 3102
 5.9000E+06 1.8951E-03 6.0000E+06 1.8951E-03 6.0000E+06 1.8384E-035429 3102
 6.1000E+06 1.8384E-03 6.1000E+06 1.7899E-03 6.2000E+06 1.7899E-035429 3102
 6.2000E+06 1.7513E-03 6.3000E+06 1.7513E-03 6.3000E+06 1.7211E-035429 3102
 6.4000E+06 1.7211E-03 6.4000E+06 1.6977E-03 6.5000E+06 1.6977E-035429 3102
 6.5000E+06 1.6782E-03 6.6000E+06 1.6782E-03 6.6000E+06 1.6624E-035429 3102
 6.7000E+06 1.6624E-03 6.7000E+06 1.6506E-03 6.8000E+06 1.6506E-035429 3102
 6.8000E+06 1.6420E-03 6.9000E+06 1.6420E-03 6.9000E+06 1.6358E-035429 3102
 7.0000E+06 1.6358E-03 7.0000E+06 1.6303E-03 7.1000E+06 1.6303E-035429 3102
 7.1000E+06 1.6252E-03 7.2000E+06 1.6252E-03 7.2000E+06 1.6215E-035429 3102
 7.3000E+06 1.6215E-03 7.3000E+06 1.6188E-03 7.4000E+06 1.6188E-035429 3102
 7.4000E+06 1.6166E-03 7.5000E+06 1.6166E-03 7.5000E+06 1.6088E-035429 3102
 7.6000E+06 1.6088E-03 7.6000E+06 1.5976E-03 7.7000E+06 1.5976E-035429 3102
 7.7000E+06 1.5897E-03 7.8000E+06 1.5897E-03 7.8000E+06 1.5840E-035429 3102
 7.9000E+06 1.5840E-03 7.9000E+06 1.5796E-03 8.0000E+06 1.5796E-035429 3102
 8.0000E+06 1.5764E-03 8.1000E+06 1.5764E-03 8.1000E+06 1.5738E-035429 3102
 8.2000E+06 1.5738E-03 8.2000E+06 1.5711E-03 8.3000E+06 1.5711E-035429 3102
 8.3000E+06 1.5682E-03 8.4000E+06 1.5682E-03 8.4000E+06 1.5649E-035429 3102
 8.5000E+06 1.5649E-03 8.5000E+06 1.5611E-03 8.6000E+06 1.5611E-035429 3102
 8.6000E+06 1.5568E-03 8.7000E+06 1.5568E-03 8.7000E+06 1.5521E-035429 3102
 8.8000E+06 1.5521E-03 8.8000E+06 1.5469E-03 8.9000E+06 1.5469E-035429 3102
 8.9000E+06 1.5412E-03 9.0000E+06 1.5412E-03 9.0000E+06 1.5352E-035429 3102
 9.1000E+06 1.5352E-03 9.1000E+06 1.5287E-03 9.2000E+06 1.5287E-035429 3102
 9.2000E+06 1.5217E-03 9.3000E+06 1.5217E-03 9.3000E+06 1.5141E-035429 3102
 9.4000E+06 1.5141E-03 9.4000E+06 1.5061E-03 9.5000E+06 1.5061E-035429 3102
 9.5000E+06 1.4977E-03 9.6000E+06 1.4977E-03 9.6000E+06 1.4890E-035429 3102
 9.7000E+06 1.4890E-03 9.7000E+06 1.4800E-03 9.8000E+06 1.4800E-035429 3102
 9.8000E+06 1.4706E-03 9.9000E+06 1.4706E-03 9.9000E+06 1.4609E-035429 3102
 1.0000E+07 1.4609E-03 1.0000E+07 1.4513E-03 1.0100E+07 1.4513E-035429 3102
 1.0100E+07 1.4415E-03 1.0200E+07 1.4415E-03 1.0200E+07 1.4314E-035429 3102
 1.0300E+07 1.4314E-03 1.0300E+07 1.4212E-03 1.0400E+07 1.4212E-035429 3102
 1.0400E+07 1.4108E-03 1.0500E+07 1.4108E-03 1.0500E+07 1.4002E-035429 3102
 1.0600E+07 1.4002E-03 1.0600E+07 1.3895E-03 1.0700E+07 1.3895E-035429 3102
 1.0700E+07 1.3787E-03 1.0800E+07 1.3787E-03 1.0800E+07 1.3678E-035429 3102
 1.0900E+07 1.3678E-03 1.0900E+07 1.3568E-03 1.1000E+07 1.3568E-035429 3102
 1.1000E+07 1.3458E-03 1.1100E+07 1.3458E-03 1.1100E+07 1.3347E-035429 3102
 1.1200E+07 1.3347E-03 1.1200E+07 1.3236E-03 1.1300E+07 1.3236E-035429 3102
 1.1300E+07 1.3124E-03 1.1400E+07 1.3124E-03 1.1400E+07 1.3012E-035429 3102
 1.1500E+07 1.3012E-03 1.1500E+07 1.2901E-03 1.1600E+07 1.2901E-035429 3102
 1.1600E+07 1.2789E-03 1.1700E+07 1.2789E-03 1.1700E+07 1.2677E-035429 3102
 1.1800E+07 1.2677E-03 1.1800E+07 1.2566E-03 1.1900E+07 1.2566E-035429 3102
 1.1900E+07 1.2455E-03 1.2000E+07 1.2455E-03 1.2000E+07 1.2344E-035429 3102
 1.2100E+07 1.2344E-03 1.2100E+07 1.2233E-03 1.2200E+07 1.2233E-035429 3102
 1.2200E+07 1.2123E-03 1.2300E+07 1.2123E-03 1.2300E+07 1.2014E-035429 3102
 1.2400E+07 1.2014E-03 1.2400E+07 1.1905E-03 1.2500E+07 1.1905E-035429 3102
 1.2500E+07 1.1796E-03 1.2600E+07 1.1796E-03 1.2600E+07 1.1688E-035429 3102
 1.2700E+07 1.1688E-03 1.2700E+07 1.1581E-03 1.2800E+07 1.1581E-035429 3102
 1.2800E+07 1.1475E-03 1.2900E+07 1.1475E-03 1.2900E+07 1.1369E-035429 3102
 1.3000E+07 1.1369E-03 1.3000E+07 1.1264E-03 1.3100E+07 1.1264E-035429 3102
 1.3100E+07 1.1160E-03 1.3200E+07 1.1160E-03 1.3200E+07 1.1056E-035429 3102
 1.3300E+07 1.1056E-03 1.3300E+07 1.0954E-03 1.3400E+07 1.0954E-035429 3102
 1.3400E+07 1.0852E-03 1.3500E+07 1.0852E-03 1.3500E+07 1.0751E-035429 3102
 1.3600E+07 1.0751E-03 1.3600E+07 1.0651E-03 1.3700E+07 1.0651E-035429 3102
 1.3700E+07 1.0551E-03 1.3800E+07 1.0551E-03 1.3800E+07 1.0453E-035429 3102
 1.3900E+07 1.0453E-03 1.3900E+07 1.0355E-03 1.4000E+07 1.0355E-035429 3102
 1.4000E+07 1.0259E-03 1.4100E+07 1.0259E-03 1.4100E+07 1.0163E-035429 3102
 1.4200E+07 1.0163E-03 1.4200E+07 1.0068E-03 1.4300E+07 1.0068E-035429 3102
 1.4300E+07 9.9739E-04 1.4400E+07 9.9739E-04 1.4400E+07 9.8809E-045429 3102
 1.4500E+07 9.8809E-04 1.4500E+07 9.7887E-04 1.4600E+07 9.7887E-045429 3102
 1.4600E+07 9.6974E-04 1.4700E+07 9.6974E-04 1.4700E+07 9.6071E-045429 3102
 1.4800E+07 9.6071E-04 1.4800E+07 9.5176E-04 1.4900E+07 9.5176E-045429 3102
 1.4900E+07 9.4291E-04 1.5000E+07 9.4291E-04 1.5000E+07 9.3414E-045429 3102
 1.5100E+07 9.3414E-04 1.5100E+07 9.2547E-04 1.5200E+07 9.2547E-045429 3102
 1.5200E+07 9.1688E-04 1.5300E+07 9.1688E-04 1.5300E+07 9.0839E-045429 3102
 1.5400E+07 9.0839E-04 1.5400E+07 8.9998E-04 1.5500E+07 8.9998E-045429 3102
 1.5500E+07 8.9166E-04 1.5600E+07 8.9166E-04 1.5600E+07 8.8343E-045429 3102
 1.5700E+07 8.8343E-04 1.5700E+07 8.7528E-04 1.5800E+07 8.7528E-045429 3102
 1.5800E+07 8.6723E-04 1.5900E+07 8.6723E-04 1.5900E+07 8.5926E-045429 3102
 1.6000E+07 8.5926E-04 1.6000E+07 8.5137E-04 1.6100E+07 8.5137E-045429 3102
 1.6100E+07 8.4357E-04 1.6200E+07 8.4357E-04 1.6200E+07 8.3586E-045429 3102
 1.6300E+07 8.3586E-04 1.6300E+07 8.2823E-04 1.6400E+07 8.2823E-045429 3102
 1.6400E+07 8.2068E-04 1.6500E+07 8.2068E-04 1.6500E+07 8.1322E-045429 3102
 1.6600E+07 8.1322E-04 1.6600E+07 8.0583E-04 1.6700E+07 8.0583E-045429 3102
 1.6700E+07 7.9853E-04 1.6800E+07 7.9853E-04 1.6800E+07 7.9131E-045429 3102
 1.6900E+07 7.9131E-04 1.6900E+07 7.8416E-04 1.7000E+07 7.8416E-045429 3102
 1.7000E+07 7.7710E-04 1.7100E+07 7.7710E-04 1.7100E+07 7.7011E-045429 3102
 1.7200E+07 7.7011E-04 1.7200E+07 7.6320E-04 1.7300E+07 7.6320E-045429 3102
 1.7300E+07 7.5637E-04 1.7400E+07 7.5637E-04 1.7400E+07 7.4961E-045429 3102
 1.7500E+07 7.4961E-04 1.7500E+07 7.4293E-04 1.7600E+07 7.4293E-045429 3102
 1.7600E+07 7.3632E-04 1.7700E+07 7.3632E-04 1.7700E+07 7.2979E-045429 3102
 1.7800E+07 7.2979E-04 1.7800E+07 7.2332E-04 1.7900E+07 7.2332E-045429 3102
 1.7900E+07 7.1693E-04 1.8000E+07 7.1693E-04 1.8000E+07 7.1061E-045429 3102
 1.8100E+07 7.1061E-04 1.8100E+07 7.0436E-04 1.8200E+07 7.0436E-045429 3102
 1.8200E+07 6.9818E-04 1.8300E+07 6.9818E-04 1.8300E+07 6.9207E-045429 3102
 1.8400E+07 6.9207E-04 1.8400E+07 6.8603E-04 1.8500E+07 6.8603E-045429 3102
 1.8500E+07 6.8005E-04 1.8600E+07 6.8005E-04 1.8600E+07 6.7414E-045429 3102
 1.8700E+07 6.7414E-04 1.8700E+07 6.6829E-04 1.8800E+07 6.6829E-045429 3102
 1.8800E+07 6.6251E-04 1.8900E+07 6.6251E-04 1.8900E+07 6.5680E-045429 3102
 1.9000E+07 6.5680E-04 1.9000E+07 6.5114E-04 1.9100E+07 6.5114E-045429 3102
 1.9100E+07 6.4555E-04 1.9200E+07 6.4555E-04 1.9200E+07 6.4002E-045429 3102
 1.9300E+07 6.4002E-04 1.9300E+07 6.3456E-04 1.9400E+07 6.3456E-045429 3102
 1.9400E+07 6.2915E-04 1.9500E+07 6.2915E-04 1.9500E+07 6.2380E-045429 3102
 1.9600E+07 6.2380E-04 1.9600E+07 6.1851E-04 1.9700E+07 6.1851E-045429 3102
 1.9700E+07 6.1328E-04 1.9800E+07 6.1328E-04 1.9800E+07 6.0811E-045429 3102
 1.9900E+07 6.0811E-04 1.9900E+07 6.0299E-04 2.0000E+07 6.0299E-045429 3102
 2.0000E+07 5.9793E-04                                            5429 3102
                                                                  5429 3  0
