XE-132N,G*   4.4000-01* JEF-2.2; RN - ---/SYS                     5432 3402
                                                                  5432 3402
 5.41320+04 1.3077E+02          0          1          0          05432 3402
 3.0000E+02 6.2175E+06          0          0          1       20115432 3402
       2011          2                                            5432 3402
 1.0000E-05 2.5039E+00 1.0772E-05 2.4126E+00 1.1544E-05 2.3306E+005432 3402
 1.2701E-05 2.2218E+00 1.4245E-05 2.0980E+00 1.5403E-05 2.0177E+005432 3402
 1.6174E-05 1.9689E+00 1.7718E-05 1.8812E+00 1.9261E-05 1.8043E+005432 3402
 2.0805E-05 1.7361E+00 2.2349E-05 1.6751E+00 2.4664E-05 1.5946E+005432 3402
 2.5436E-05 1.5701E+00 2.8523E-05 1.4829E+00 3.1610E-05 1.4087E+005432 3402
 3.4697E-05 1.3446E+00 3.7784E-05 1.2884E+00 4.0872E-05 1.2389E+005432 3402
 4.3187E-05 1.2052E+00 4.5502E-05 1.1742E+00 4.7046E-05 1.1548E+005432 3402
 5.1677E-05 1.1019E+00 5.3220E-05 1.0858E+00 5.9395E-05 1.0279E+005432 3402
 6.5569E-05 9.7831E-01 7.1743E-05 9.3531E-01 7.7918E-05 8.9752E-015432 3402
 8.4092E-05 8.6399E-01 8.8723E-05 8.4117E-01 9.3353E-05 8.2004E-015432 3402
 9.6440E-05 8.0684E-01 1.0570E-04 7.7073E-01 1.0879E-04 7.5973E-015432 3402
 1.1805E-04 7.2937E-01 1.2731E-04 7.0238E-01 1.3349E-04 6.8596E-015432 3402
 1.4584E-04 6.5632E-01 1.5818E-04 6.3022E-01 1.7053E-04 6.0701E-015432 3402
 1.8288E-04 5.8619E-01 2.0140E-04 5.5862E-01 2.2610E-04 5.2728E-015432 3402
 2.4462E-04 5.0696E-01 2.5697E-04 4.9464E-01 2.8167E-04 4.7249E-015432 3402
 3.0637E-04 4.5307E-01 3.3106E-04 4.3587E-01 3.5576E-04 4.2048E-015432 3402
 3.9281E-04 4.0018E-01 4.0516E-04 3.9404E-01 4.4220E-04 3.7720E-015432 3402
 4.7925E-04 3.6233E-01 5.0395E-04 3.5336E-01 5.5334E-04 3.3723E-015432 3402
 6.0273E-04 3.2313E-01 6.5213E-04 3.1066E-01 7.0152E-04 2.9953E-015432 3402
 7.7562E-04 2.8488E-01 8.0031E-04 2.8044E-01 8.7440E-04 2.6830E-015432 3402
 9.4850E-04 2.5761E-01 9.9789E-04 2.5116E-01 1.0967E-03 2.3958E-015432 3402
 1.1955E-03 2.2947E-01 1.2943E-03 2.2053E-01 1.3930E-03 2.1257E-015432 3402
 1.5412E-03 2.0209E-01 1.5906E-03 1.9893E-01 1.7388E-03 1.9027E-015432 3402
 1.8870E-03 1.8264E-01 1.9858E-03 1.7802E-01 2.1834E-03 1.6979E-015432 3402
 2.3809E-03 1.6259E-01 2.5785E-03 1.5624E-01 2.7761E-03 1.5058E-015432 3402
 3.0725E-03 1.4313E-01 3.1713E-03 1.4089E-01 3.4676E-03 1.3473E-015432 3402
 3.7640E-03 1.2931E-01 3.9616E-03 1.2604E-01 4.3567E-03 1.2020E-015432 3402
 4.7519E-03 1.1509E-01 5.1470E-03 1.1058E-01 5.5422E-03 1.0657E-015432 3402
 6.1349E-03 1.0129E-01 6.3325E-03 9.9696E-02 6.9252E-03 9.5333E-025432 3402
 7.5180E-03 9.1498E-02 7.9131E-03 8.9183E-02 8.7034E-03 8.5038E-025432 3402
 9.4938E-03 8.1421E-02 1.0284E-02 7.8229E-02 1.1074E-02 7.5386E-025432 3402
 1.2260E-02 7.1647E-02 1.2655E-02 7.0519E-02 1.3840E-02 6.7430E-025432 3402
 1.5026E-02 6.4714E-02 1.5816E-02 6.3077E-02 1.7397E-02 6.0142E-025432 3402
 1.8978E-02 5.7583E-02 2.0558E-02 5.5324E-02 2.2139E-02 5.3312E-025432 3402
 2.4510E-02 5.0668E-02 2.5300E-02 4.9869E-02 2.7748E-02 4.7617E-025432 3402
 3.0196E-02 4.5643E-02 3.2645E-02 4.3898E-02 3.5093E-02 4.2338E-025432 3402
 3.8765E-02 4.0281E-02 3.9989E-02 3.9659E-02 4.3662E-02 3.7951E-025432 3402
 4.4886E-02 3.7430E-02 4.8558E-02 3.5983E-02 5.2230E-02 3.4694E-025432 3402
 5.4679E-02 3.3909E-02 5.9575E-02 3.2487E-02 6.4472E-02 3.1230E-025432 3402
 7.1816E-02 2.9587E-02 7.4264E-02 2.9093E-02 8.1609E-02 2.7750E-025432 3402
 9.1402E-02 2.6218E-02 9.8747E-02 2.5221E-02 1.0364E-01 2.4618E-025432 3402
 1.1344E-01 2.3531E-02 1.2323E-01 2.2573E-02 1.3302E-01 2.1723E-025432 3402
 1.4281E-01 2.0966E-02 1.5750E-01 1.9960E-02 1.6240E-01 1.9656E-025432 3402
 1.7709E-01 1.8820E-02 1.8199E-01 1.8566E-02 2.0157E-01 1.7639E-025432 3402
 2.2116E-01 1.6834E-02 2.4074E-01 1.6131E-02 2.6033E-01 1.5511E-025432 3402
 2.8971E-01 1.4698E-02 2.9950E-01 1.4453E-02 3.2888E-01 1.3789E-025432 3402
 3.6805E-01 1.3030E-02 3.9743E-01 1.2533E-02 4.1702E-01 1.2234E-025432 3402
 4.5619E-01 1.1693E-02 4.9536E-01 1.1217E-02 5.3453E-01 1.0793E-025432 3402
 5.7370E-01 1.0415E-02 6.3246E-01 9.9128E-03 6.5204E-01 9.7604E-035432 3402
 7.1080E-01 9.3440E-03 7.6956E-01 8.9739E-03 8.0873E-01 8.7508E-035432 3402
 8.8707E-01 8.3499E-03 9.6542E-01 7.9972E-03 1.0438E+00 7.6850E-035432 3402
 1.1221E+00 7.4067E-03 1.2396E+00 7.0379E-03 1.2788E+00 6.9263E-035432 3402
 1.3963E+00 6.6216E-03 1.5138E+00 6.3514E-03 1.5922E+00 6.1886E-035432 3402
 1.7488E+00 5.8962E-03 1.9055E+00 5.6398E-03 2.0622E+00 5.4128E-035432 3402
 2.2189E+00 5.2104E-03 2.4539E+00 4.9430E-03 2.5323E+00 4.8620E-035432 3402
 2.7673E+00 4.6408E-03 3.0023E+00 4.4450E-03 3.1590E+00 4.3269E-035432 3402
 3.4724E+00 4.1149E-03 3.7858E+00 3.9289E-03 4.0991E+00 3.7643E-035432 3402
 4.4125E+00 3.6174E-03 4.8826E+00 3.4234E-03 5.0393E+00 3.3647E-035432 3402
 5.5093E+00 3.2039E-03 5.9794E+00 3.0617E-03 6.2927E+00 2.9758E-035432 3402
 6.9195E+00 2.8214E-03 7.5462E+00 2.6860E-03 8.1730E+00 2.5662E-035432 3402
 8.7997E+00 2.4590E-03 9.7398E+00 2.3173E-03 1.0053E+01 2.2744E-035432 3402
 1.0993E+01 2.1569E-03 1.1933E+01 2.0531E-03 1.2560E+01 1.9900E-035432 3402
 1.3187E+01 1.9316E-03 1.4440E+01 1.8259E-03 1.5067E+01 1.7779E-035432 3402
 1.6321E+01 1.6902E-03 1.7574E+01 1.6118E-03 1.8828E+01 1.5411E-035432 3402
 2.0081E+01 1.4771E-03 2.1961E+01 1.3912E-03 2.3842E+01 1.3156E-035432 3402
 2.5095E+01 1.2699E-03 2.6349E+01 1.2274E-03 2.7602E+01 1.1879E-035432 3402
 2.8856E+01 1.1510E-03 3.0109E+01 1.1164E-03 3.2616E+01 1.0535E-035432 3402
 3.5123E+01 9.9746E-04 3.7630E+01 9.4727E-04 4.0137E+01 9.0201E-045432 3402
 4.2644E+01 8.6102E-04 4.6404E+01 8.0622E-04 5.0165E+01 7.5811E-045432 3402
 5.2672E+01 7.2919E-04 5.5179E+01 7.0248E-04 5.7686E+01 6.7771E-045432 3402
 6.0193E+01 6.5471E-04 6.2700E+01 6.3329E-04 6.5207E+01 6.1332E-045432 3402
 7.0221E+01 5.7714E-04 7.5235E+01 5.4531E-04 8.0248E+01 5.1712E-045432 3402
 8.5262E+01 4.9206E-04 9.0276E+01 4.6968E-04 9.5290E+01 4.4961E-045432 3402
 1.0030E+02 4.3157E-04 1.0532E+02 4.1531E-04 1.1033E+02 4.0061E-045432 3402
 1.1535E+02 3.8731E-04 1.2036E+02 3.7526E-04 1.2537E+02 3.6432E-045432 3402
 1.3039E+02 3.5440E-04 1.3540E+02 3.4538E-04 1.4042E+02 3.3719E-045432 3402
 1.4543E+02 3.2976E-04 1.5546E+02 3.1692E-04 1.6047E+02 3.1141E-045432 3402
 1.7050E+02 3.0200E-04 1.8053E+02 2.9449E-04 1.9056E+02 2.8867E-045432 3402
 2.0058E+02 2.8434E-04 2.1061E+02 2.8141E-04 2.2064E+02 2.7973E-045432 3402
 2.3067E+02 2.7927E-04 2.4069E+02 2.7993E-04 2.5072E+02 2.8170E-045432 3402
 2.6075E+02 2.8458E-04 2.7078E+02 2.8854E-04 2.8081E+02 2.9363E-045432 3402
 2.9083E+02 2.9989E-04 3.0086E+02 3.0734E-04 3.1089E+02 3.1609E-045432 3402
 3.2092E+02 3.2621E-04 3.3095E+02 3.3782E-04 3.4097E+02 3.5109E-045432 3402
 3.5100E+02 3.6617E-04 3.6103E+02 3.8329E-04 3.7106E+02 4.0269E-045432 3402
 3.8109E+02 4.2469E-04 3.9111E+02 4.4968E-04 4.0114E+02 4.7810E-045432 3402
 4.1117E+02 5.1053E-04 4.1618E+02 5.2847E-04 4.2621E+02 5.6830E-045432 3402
 4.3624E+02 6.1423E-04 4.4125E+02 6.3986E-04 4.4627E+02 6.6750E-045432 3402
 4.5128E+02 6.9736E-04 4.5629E+02 7.2968E-04 4.6131E+02 7.6471E-045432 3402
 4.6632E+02 8.0279E-04 4.7134E+02 8.4422E-04 4.7635E+02 8.8947E-045432 3402
 4.8136E+02 9.3897E-04 4.8638E+02 9.9327E-04 4.9139E+02 1.0530E-035432 3402
 4.9641E+02 1.1189E-03 5.0142E+02 1.1919E-03 5.0643E+02 1.2730E-035432 3402
 5.1145E+02 1.3634E-03 5.1646E+02 1.4647E-03 5.1897E+02 1.5199E-035432 3402
 5.2398E+02 1.6410E-03 5.2900E+02 1.7782E-03 5.3150E+02 1.8538E-035432 3402
 5.3401E+02 1.9346E-03 5.3652E+02 2.0211E-03 5.3902E+02 2.1139E-035432 3402
 5.4153E+02 2.2136E-03 5.4404E+02 2.3208E-03 5.4655E+02 2.4364E-035432 3402
 5.4905E+02 2.5614E-03 5.5156E+02 2.6967E-03 5.5407E+02 2.8433E-035432 3402
 5.5657E+02 3.0029E-03 5.5908E+02 3.1769E-03 5.6159E+02 3.3670E-035432 3402
 5.6409E+02 3.5753E-03 5.6660E+02 3.8042E-03 5.6911E+02 4.0568E-035432 3402
 5.7162E+02 4.3360E-03 5.7412E+02 4.6461E-03 5.7663E+02 4.9909E-035432 3402
 5.7788E+02 5.1780E-03 5.7914E+02 5.3768E-03 5.8039E+02 5.5876E-035432 3402
 5.8164E+02 5.8112E-03 5.8290E+02 6.0490E-03 5.8415E+02 6.3020E-035432 3402
 5.8540E+02 6.5716E-03 5.8666E+02 6.8592E-03 5.8791E+02 7.1666E-035432 3402
 5.8916E+02 7.4956E-03 5.9042E+02 7.8480E-03 5.9167E+02 8.2266E-035432 3402
 5.9292E+02 8.6337E-03 5.9418E+02 9.0712E-03 5.9480E+02 9.3026E-035432 3402
 5.9543E+02 9.5437E-03 5.9606E+02 9.7947E-03 5.9669E+02 1.0056E-025432 3402
 5.9731E+02 1.0328E-02 5.9794E+02 1.0611E-02 5.9857E+02 1.0906E-025432 3402
 5.9919E+02 1.1214E-02 5.9982E+02 1.1536E-02 6.0045E+02 1.1871E-025432 3402
 6.0107E+02 1.2221E-02 6.0170E+02 1.2588E-02 6.0233E+02 1.2972E-025432 3402
 6.0295E+02 1.3373E-02 6.0327E+02 1.3581E-02 6.0358E+02 1.3792E-025432 3402
 6.0389E+02 1.4011E-02 6.0405E+02 1.4122E-02 6.0421E+02 1.4234E-025432 3402
 6.0436E+02 1.4348E-02 6.0452E+02 1.4463E-02 6.0464E+02 1.4550E-025432 3402
 6.0473E+02 1.4623E-02 6.0479E+02 1.4668E-02 6.0482E+02 1.4690E-025432 3402
 6.0489E+02 1.4742E-02 6.0495E+02 1.4787E-02 6.0507E+02 1.4877E-025432 3402
 6.0522E+02 1.4998E-02 6.0530E+02 1.5060E-02 6.0546E+02 1.5183E-025432 3402
 6.0562E+02 1.5309E-02 6.0577E+02 1.5436E-02 6.0593E+02 1.5564E-025432 3402
 6.0609E+02 1.5694E-02 6.0640E+02 1.5960E-02 6.0671E+02 1.6232E-025432 3402
 6.0703E+02 1.6512E-02 6.0734E+02 1.6799E-02 6.0765E+02 1.7093E-025432 3402
 6.0797E+02 1.7396E-02 6.0828E+02 1.7706E-02 6.0859E+02 1.8024E-025432 3402
 6.0891E+02 1.8352E-02 6.0922E+02 1.8690E-02 6.0953E+02 1.9034E-025432 3402
 6.0985E+02 1.9392E-02 6.1016E+02 1.9759E-02 6.1047E+02 2.0136E-025432 3402
 6.1079E+02 2.0523E-02 6.1110E+02 2.0922E-02 6.1141E+02 2.1333E-025432 3402
 6.1173E+02 2.1757E-02 6.1204E+02 2.2193E-02 6.1235E+02 2.2643E-025432 3402
 6.1267E+02 2.3108E-02 6.1298E+02 2.3586E-02 6.1329E+02 2.4079E-025432 3402
 6.1361E+02 2.4588E-02 6.1392E+02 2.5114E-02 6.1423E+02 2.5657E-025432 3402
 6.1455E+02 2.6218E-02 6.1486E+02 2.6798E-02 6.1517E+02 2.7397E-025432 3402
 6.1549E+02 2.8017E-02 6.1580E+02 2.8658E-02 6.1611E+02 2.9321E-025432 3402
 6.1643E+02 3.0009E-02 6.1674E+02 3.0720E-02 6.1705E+02 3.1458E-025432 3402
 6.1737E+02 3.2222E-02 6.1768E+02 3.3016E-02 6.1799E+02 3.3838E-025432 3402
 6.1831E+02 3.4692E-02 6.1862E+02 3.5580E-02 6.1893E+02 3.6502E-025432 3402
 6.1925E+02 3.7461E-02 6.1956E+02 3.8458E-02 6.1987E+02 3.9497E-025432 3402
 6.2019E+02 4.0577E-02 6.2050E+02 4.1702E-02 6.2081E+02 4.2877E-025432 3402
 6.2113E+02 4.4101E-02 6.2144E+02 4.5379E-02 6.2175E+02 4.6713E-025432 3402
 6.2207E+02 4.8108E-02 6.2238E+02 4.9567E-02 6.2270E+02 5.1093E-025432 3402
 6.2301E+02 5.2691E-02 6.2332E+02 5.4366E-02 6.2364E+02 5.6122E-025432 3402
 6.2395E+02 5.7966E-02 6.2426E+02 5.9902E-02 6.2458E+02 6.1938E-025432 3402
 6.2489E+02 6.4079E-02 6.2520E+02 6.6334E-02 6.2552E+02 6.8710E-025432 3402
 6.2583E+02 7.1218E-02 6.2614E+02 7.3866E-02 6.2646E+02 7.6666E-025432 3402
 6.2677E+02 7.9626E-02 6.2708E+02 8.2763E-02 6.2740E+02 8.6091E-025432 3402
 6.2771E+02 8.9624E-02 6.2802E+02 9.3378E-02 6.2834E+02 9.7377E-025432 3402
 6.2865E+02 1.0164E-01 6.2896E+02 1.0619E-01 6.2928E+02 1.1105E-015432 3402
 6.2959E+02 1.1624E-01 6.2990E+02 1.2183E-01 6.3022E+02 1.2782E-015432 3402
 6.3053E+02 1.3427E-01 6.3084E+02 1.4121E-01 6.3116E+02 1.4871E-015432 3402
 6.3147E+02 1.5682E-01 6.3178E+02 1.6562E-01 6.3210E+02 1.7517E-015432 3402
 6.3241E+02 1.8557E-01 6.3257E+02 1.9112E-01 6.3272E+02 1.9693E-015432 3402
 6.3288E+02 2.0300E-01 6.3304E+02 2.0937E-01 6.3319E+02 2.1603E-015432 3402
 6.3335E+02 2.2302E-01 6.3351E+02 2.3037E-01 6.3366E+02 2.3808E-015432 3402
 6.3382E+02 2.4618E-01 6.3398E+02 2.5469E-01 6.3413E+02 2.6368E-015432 3402
 6.3429E+02 2.7312E-01 6.3445E+02 2.8310E-01 6.3460E+02 2.9362E-015432 3402
 6.3476E+02 3.0474E-01 6.3492E+02 3.1652E-01 6.3507E+02 3.2899E-015432 3402
 6.3523E+02 3.4220E-01 6.3539E+02 3.5622E-01 6.3554E+02 3.7111E-015432 3402
 6.3570E+02 3.8697E-01 6.3586E+02 4.0386E-01 6.3601E+02 4.2188E-015432 3402
 6.3617E+02 4.4110E-01 6.3633E+02 4.6169E-01 6.3648E+02 4.8373E-015432 3402
 6.3664E+02 5.0740E-01 6.3680E+02 5.3282E-01 6.3695E+02 5.6020E-015432 3402
 6.3711E+02 5.8973E-01 6.3727E+02 6.2166E-01 6.3742E+02 6.5622E-015432 3402
 6.3758E+02 6.9370E-01 6.3774E+02 7.3448E-01 6.3789E+02 7.7890E-015432 3402
 6.3805E+02 8.2740E-01 6.3821E+02 8.8053E-01 6.3836E+02 9.3888E-015432 3402
 6.3852E+02 1.0031E+00 6.3860E+02 1.0377E+00 6.3868E+02 1.0741E+005432 3402
 6.3876E+02 1.1123E+00 6.3883E+02 1.1527E+00 6.3891E+02 1.1952E+005432 3402
 6.3899E+02 1.2400E+00 6.3907E+02 1.2874E+00 6.3915E+02 1.3374E+005432 3402
 6.3923E+02 1.3904E+00 6.3930E+02 1.4466E+00 6.3938E+02 1.5060E+005432 3402
 6.3946E+02 1.5691E+00 6.3954E+02 1.6361E+00 6.3962E+02 1.7073E+005432 3402
 6.3970E+02 1.7831E+00 6.3977E+02 1.8638E+00 6.3985E+02 1.9499E+005432 3402
 6.3993E+02 2.0417E+00 6.4001E+02 2.1399E+00 6.4009E+02 2.2447E+005432 3402
 6.4017E+02 2.3570E+00 6.4024E+02 2.4773E+00 6.4032E+02 2.6062E+005432 3402
 6.4040E+02 2.7446E+00 6.4048E+02 2.8930E+00 6.4056E+02 3.0524E+005432 3402
 6.4064E+02 3.2241E+00 6.4071E+02 3.4084E+00 6.4079E+02 3.6068E+005432 3402
 6.4087E+02 3.8198E+00 6.4095E+02 4.0490E+00 6.4103E+02 4.2947E+005432 3402
 6.4111E+02 4.5582E+00 6.4118E+02 4.8406E+00 6.4126E+02 5.1426E+005432 3402
 6.4134E+02 5.4642E+00 6.4142E+02 5.8067E+00 6.4150E+02 6.1688E+005432 3402
 6.4158E+02 6.5512E+00 6.4165E+02 6.9521E+00 6.4173E+02 7.3704E+005432 3402
 6.4181E+02 7.8040E+00 6.4188E+02 8.2277E+00 6.4226E+02 1.0387E+015432 3402
 6.4237E+02 1.0990E+01 6.4248E+02 1.1539E+01 6.4255E+02 1.1863E+015432 3402
 6.4263E+02 1.2150E+01 6.4270E+02 1.2391E+01 6.4278E+02 1.2584E+015432 3402
 6.4285E+02 1.2724E+01 6.4293E+02 1.2809E+01 6.4300E+02 1.2836E+015432 3402
 6.4307E+02 1.2804E+01 6.4315E+02 1.2717E+01 6.4322E+02 1.2573E+015432 3402
 6.4330E+02 1.2378E+01 6.4337E+02 1.2132E+01 6.4345E+02 1.1843E+015432 3402
 6.4352E+02 1.1517E+01 6.4359E+02 1.1156E+01 6.4367E+02 1.0768E+015432 3402
 6.4374E+02 1.0360E+01 6.4389E+02 9.5034E+00 6.4404E+02 8.6303E+005432 3402
 6.4419E+02 7.7764E+00 6.4428E+02 7.2757E+00 6.4437E+02 6.7967E+005432 3402
 6.4446E+02 6.3412E+00 6.4455E+02 5.9124E+00 6.4464E+02 5.5103E+005432 3402
 6.4473E+02 5.1358E+00 6.4482E+02 4.7880E+00 6.4492E+02 4.4662E+005432 3402
 6.4501E+02 4.1688E+00 6.4510E+02 3.8950E+00 6.4519E+02 3.6428E+005432 3402
 6.4528E+02 3.4111E+00 6.4537E+02 3.1978E+00 6.4546E+02 3.0018E+005432 3402
 6.4555E+02 2.8216E+00 6.4564E+02 2.6557E+00 6.4573E+02 2.5026E+005432 3402
 6.4582E+02 2.3617E+00 6.4591E+02 2.2313E+00 6.4600E+02 2.1110E+005432 3402
 6.4610E+02 1.9996E+00 6.4619E+02 1.8966E+00 6.4628E+02 1.8007E+005432 3402
 6.4637E+02 1.7117E+00 6.4646E+02 1.6289E+00 6.4655E+02 1.5518E+005432 3402
 6.4664E+02 1.4798E+00 6.4673E+02 1.4126E+00 6.4682E+02 1.3498E+005432 3402
 6.4691E+02 1.2909E+00 6.4700E+02 1.2358E+00 6.4709E+02 1.1840E+005432 3402
 6.4718E+02 1.1352E+00 6.4727E+02 1.0895E+00 6.4737E+02 1.0464E+005432 3402
 6.4746E+02 1.0057E+00 6.4755E+02 9.6733E-01 6.4764E+02 9.3111E-015432 3402
 6.4773E+02 8.9686E-01 6.4782E+02 8.6442E-01 6.4800E+02 8.0453E-015432 3402
 6.4818E+02 7.5060E-01 6.4836E+02 7.0181E-01 6.4854E+02 6.5760E-015432 3402
 6.4873E+02 6.1737E-01 6.4891E+02 5.8069E-01 6.4909E+02 5.4714E-015432 3402
 6.4927E+02 5.1642E-01 6.4945E+02 4.8818E-01 6.4963E+02 4.6219E-015432 3402
 6.4982E+02 4.3819E-01 6.5000E+02 4.1602E-01 6.5018E+02 3.9547E-015432 3402
 6.5036E+02 3.7639E-01 6.5054E+02 3.5864E-01 6.5072E+02 3.4213E-015432 3402
 6.5090E+02 3.2672E-01 6.5109E+02 3.1233E-01 6.5127E+02 2.9887E-015432 3402
 6.5145E+02 2.8624E-01 6.5163E+02 2.7440E-01 6.5181E+02 2.6329E-015432 3402
 6.5199E+02 2.5281E-01 6.5217E+02 2.4296E-01 6.5236E+02 2.3367E-015432 3402
 6.5254E+02 2.2489E-01 6.5272E+02 2.1662E-01 6.5290E+02 2.0879E-015432 3402
 6.5326E+02 1.9434E-01 6.5363E+02 1.8133E-01 6.5399E+02 1.6958E-015432 3402
 6.5435E+02 1.5891E-01 6.5471E+02 1.4922E-01 6.5508E+02 1.4039E-015432 3402
 6.5544E+02 1.3231E-01 6.5580E+02 1.2491E-01 6.5617E+02 1.1811E-015432 3402
 6.5653E+02 1.1184E-01 6.5689E+02 1.0607E-01 6.5725E+02 1.0073E-015432 3402
 6.5762E+02 9.5774E-02 6.5798E+02 9.1179E-02 6.5834E+02 8.6904E-025432 3402
 6.5871E+02 8.2922E-02 6.5907E+02 7.9206E-02 6.5943E+02 7.5733E-025432 3402
 6.5980E+02 7.2483E-02 6.6016E+02 6.9438E-02 6.6052E+02 6.6578E-025432 3402
 6.6088E+02 6.3891E-02 6.6125E+02 6.1363E-02 6.6161E+02 5.8982E-025432 3402
 6.6197E+02 5.6736E-02 6.6234E+02 5.4616E-02 6.6270E+02 5.2616E-025432 3402
 6.6306E+02 5.0724E-02 6.6379E+02 4.7233E-02 6.6451E+02 4.4081E-025432 3402
 6.6524E+02 4.1231E-02 6.6597E+02 3.8648E-02 6.6669E+02 3.6299E-025432 3402
 6.6742E+02 3.4156E-02 6.6814E+02 3.2198E-02 6.6887E+02 3.0400E-025432 3402
 6.6959E+02 2.8749E-02 6.7032E+02 2.7229E-02 6.7105E+02 2.5824E-025432 3402
 6.7177E+02 2.4526E-02 6.7250E+02 2.3322E-02 6.7322E+02 2.2204E-025432 3402
 6.7395E+02 2.1164E-02 6.7468E+02 2.0196E-02 6.7540E+02 1.9291E-025432 3402
 6.7613E+02 1.8447E-02 6.7685E+02 1.7656E-02 6.7758E+02 1.6913E-025432 3402
 6.7830E+02 1.6217E-02 6.7903E+02 1.5562E-02 6.7976E+02 1.4947E-025432 3402
 6.8048E+02 1.4367E-02 6.8121E+02 1.3819E-02 6.8193E+02 1.3302E-025432 3402
 6.8266E+02 1.2813E-02 6.8339E+02 1.2353E-02 6.8484E+02 1.1502E-025432 3402
 6.8629E+02 1.0733E-02 6.8774E+02 1.0037E-02 6.8919E+02 9.4071E-035432 3402
 6.9064E+02 8.8338E-03 6.9210E+02 8.3109E-03 6.9355E+02 7.8329E-035432 3402
 6.9500E+02 7.3942E-03 6.9645E+02 6.9913E-03 6.9790E+02 6.6201E-035432 3402
 6.9935E+02 6.2773E-03 7.0081E+02 5.9603E-03 7.0226E+02 5.6664E-035432 3402
 7.0371E+02 5.3936E-03 7.0516E+02 5.1398E-03 7.0661E+02 4.9032E-035432 3402
 7.0806E+02 4.6824E-03 7.0952E+02 4.4761E-03 7.1097E+02 4.2830E-035432 3402
 7.1242E+02 4.1020E-03 7.1387E+02 3.9320E-03 7.1677E+02 3.6220E-035432 3402
 7.1823E+02 3.4803E-03 7.2113E+02 3.2208E-03 7.2258E+02 3.1019E-035432 3402
 7.2549E+02 2.8827E-03 7.2839E+02 2.6851E-03 7.3129E+02 2.5070E-035432 3402
 7.3420E+02 2.3458E-03 7.3710E+02 2.1996E-03 7.4000E+02 2.0662E-035432 3402
 7.4291E+02 1.9446E-03 7.4581E+02 1.8331E-03 7.4871E+02 1.7309E-035432 3402
 7.5162E+02 1.6369E-03 7.5452E+02 1.5502E-03 7.5742E+02 1.4701E-035432 3402
 7.6033E+02 1.3960E-03 7.6613E+02 1.2634E-03 7.6904E+02 1.2040E-035432 3402
 7.7484E+02 1.0968E-03 7.7775E+02 1.0484E-03 7.8355E+02 9.6067E-045432 3402
 7.8646E+02 9.2078E-04 7.9226E+02 8.4801E-04 7.9807E+02 7.8339E-045432 3402
 8.0678E+02 6.9932E-04 8.1259E+02 6.5047E-04 8.1839E+02 6.0642E-045432 3402
 8.2420E+02 5.6663E-04 8.3001E+02 5.3057E-04 8.4162E+02 4.6788E-045432 3402
 8.5324E+02 4.1551E-04 8.5904E+02 3.9250E-04 8.7066E+02 3.5178E-045432 3402
 8.7646E+02 3.3371E-04 8.8808E+02 3.0146E-04 9.0550E+02 2.6104E-045432 3402
 9.1711E+02 2.3840E-04 9.3453E+02 2.0950E-04 9.5195E+02 1.8548E-045432 3402
 9.6937E+02 1.6533E-04 9.9260E+02 1.4316E-04 1.0042E+03 1.3368E-045432 3402
 1.0274E+03 1.1734E-04 1.0623E+03 9.7913E-05 1.0971E+03 8.2956E-055432 3402
 1.1203E+03 7.4834E-05 1.1552E+03 6.4759E-05 1.1900E+03 5.6653E-055432 3402
 1.2249E+03 5.0053E-05 1.2829E+03 4.1533E-05 1.3410E+03 3.5260E-055432 3402
 1.4107E+03 2.9802E-05 1.4571E+03 2.7102E-05 1.5268E+03 2.4152E-055432 3402
 1.5965E+03 2.2329E-05 1.6662E+03 2.1592E-05 1.7475E+03 2.2397E-055432 3402
 1.8172E+03 2.5357E-05 1.8752E+03 3.0974E-05 1.9101E+03 3.7078E-055432 3402
 1.9391E+03 4.5120E-05 1.9565E+03 5.2070E-05 1.9740E+03 6.1518E-055432 3402
 1.9943E+03 7.7471E-05 2.0117E+03 9.8190E-05 2.0262E+03 1.2394E-045432 3402
 2.0349E+03 1.4531E-04 2.0436E+03 1.7337E-04 2.0494E+03 1.9728E-045432 3402
 2.0567E+03 2.3531E-04 2.0654E+03 2.9871E-04 2.0727E+03 3.7464E-045432 3402
 2.0770E+03 4.3562E-04 2.0814E+03 5.1330E-04 2.0843E+03 5.7761E-045432 3402
 2.0886E+03 7.0003E-04 2.0930E+03 8.6692E-04 2.0959E+03 1.0138E-035432 3402
 2.0995E+03 1.2584E-03 2.1017E+03 1.4509E-03 2.1039E+03 1.6919E-035432 3402
 2.1053E+03 1.8877E-03 2.1075E+03 2.2527E-03 2.1097E+03 2.7361E-035432 3402
 2.1104E+03 2.9327E-03 2.1119E+03 3.3956E-03 2.1133E+03 3.9776E-035432 3402
 2.1140E+03 4.3266E-03 2.1151E+03 4.9431E-03 2.1162E+03 5.7033E-035432 3402
 2.1173E+03 6.6564E-03 2.1180E+03 7.4323E-03 2.1184E+03 7.8727E-035432 3402
 2.1191E+03 8.8789E-03 2.1195E+03 9.4574E-03 2.1202E+03 1.0800E-025432 3402
 2.1206E+03 1.1582E-02 2.1209E+03 1.2454E-02 2.1213E+03 1.3430E-025432 3402
 2.1217E+03 1.4524E-02 2.1220E+03 1.5763E-02 2.1224E+03 1.7167E-025432 3402
 2.1228E+03 1.8771E-02 2.1231E+03 2.0617E-02 2.1235E+03 2.2753E-025432 3402
 2.1238E+03 2.5247E-02 2.1242E+03 2.8182E-02 2.1246E+03 3.1676E-025432 3402
 2.1249E+03 3.5869E-02 2.1251E+03 3.8309E-02 2.1253E+03 4.1001E-025432 3402
 2.1255E+03 4.4018E-02 2.1257E+03 4.7377E-02 2.1258E+03 5.1180E-025432 3402
 2.1260E+03 5.5467E-02 2.1262E+03 6.0388E-02 2.1264E+03 6.6023E-025432 3402
 2.1265E+03 6.9190E-02 2.1266E+03 7.2616E-02 2.1267E+03 7.6336E-025432 3402
 2.1268E+03 8.2531E-02 2.1269E+03 8.7817E-02 2.1269E+03 9.0943E-025432 3402
 2.1270E+03 9.4329E-02 2.1271E+03 9.7876E-02 2.1272E+03 1.0416E-015432 3402
 2.1272E+03 1.1120E-01 2.1273E+03 1.1500E-01 2.1273E+03 1.1912E-015432 3402
 2.1274E+03 1.2341E-01 2.1274E+03 1.2799E-01 2.1275E+03 1.3287E-015432 3402
 2.1275E+03 1.3820E-01 2.1276E+03 1.4378E-01 2.1276E+03 1.4976E-015432 3402
 2.1277E+03 1.5617E-01 2.1277E+03 1.6321E-01 2.1277E+03 1.7063E-015432 3402
 2.1278E+03 1.7862E-01 2.1278E+03 1.8722E-01 2.1279E+03 1.9672E-015432 3402
 2.1279E+03 2.0677E-01 2.1280E+03 2.1787E-01 2.1280E+03 2.2961E-015432 3402
 2.1281E+03 2.4261E-01 2.1281E+03 2.5639E-01 2.1282E+03 2.7129E-015432 3402
 2.1282E+03 2.8742E-01 2.1282E+03 3.0530E-01 2.1283E+03 3.2423E-015432 3402
 2.1283E+03 3.3450E-01 2.1283E+03 3.4520E-01 2.1284E+03 3.5632E-015432 3402
 2.1284E+03 3.6740E-01 2.1284E+03 3.7943E-01 2.1284E+03 3.9196E-015432 3402
 2.1284E+03 4.0499E-01 2.1285E+03 4.1792E-01 2.1285E+03 4.3200E-015432 3402
 2.1285E+03 4.4599E-01 2.1285E+03 4.6117E-01 2.1286E+03 4.7624E-015432 3402
 2.1286E+03 4.9260E-01 2.1286E+03 5.0960E-01 2.1286E+03 5.2726E-015432 3402
 2.1287E+03 5.4477E-01 2.1287E+03 5.6376E-01 2.1287E+03 5.8346E-015432 3402
 2.1287E+03 6.2414E-01 2.1288E+03 6.6878E-01 2.1288E+03 7.1559E-015432 3402
 2.1289E+03 7.6564E-01 2.1289E+03 8.1910E-01 2.1290E+03 8.7738E-015432 3402
 2.1290E+03 9.3808E-01 2.1291E+03 1.0040E+00 2.1291E+03 1.0725E+005432 3402
 2.1292E+03 1.1466E+00 2.1292E+03 1.2230E+00 2.1292E+03 1.3037E+005432 3402
 2.1293E+03 1.3883E+00 2.1293E+03 1.4792E+00 2.1294E+03 1.6214E+005432 3402
 2.1295E+03 1.7729E+00 2.1295E+03 1.9356E+00 2.1296E+03 2.0464E+005432 3402
 2.1296E+03 2.2177E+00 2.1297E+03 2.4013E+00 2.1298E+03 2.5886E+005432 3402
 2.1299E+03 2.9126E+00 2.1300E+03 3.3048E+00 2.1301E+03 3.6337E+005432 3402
 2.1303E+03 4.0098E+00 2.1304E+03 4.2978E+00 2.1305E+03 4.5302E+005432 3402
 2.1306E+03 4.6442E+00 2.1306E+03 4.7696E+00 2.1307E+03 4.8578E+005432 3402
 2.1308E+03 4.9536E+00 2.1308E+03 5.0331E+00 2.1309E+03 5.0819E+005432 3402
 2.1310E+03 5.0954E+00 2.1310E+03 5.0972E+00 2.1311E+03 5.0808E+005432 3402
 2.1311E+03 5.0551E+00 2.1312E+03 4.9862E+00 2.1313E+03 4.8723E+005432 3402
 2.1314E+03 4.7697E+00 2.1314E+03 4.6502E+00 2.1315E+03 4.5620E+005432 3402
 2.1316E+03 4.4180E+00 2.1316E+03 4.2640E+00 2.1317E+03 4.0971E+005432 3402
 2.1318E+03 3.8032E+00 2.1319E+03 3.4274E+00 2.1322E+03 2.6680E+005432 3402
 2.1323E+03 2.4241E+00 2.1323E+03 2.3084E+00 2.1324E+03 2.0802E+005432 3402
 2.1324E+03 1.9708E+00 2.1325E+03 1.7649E+00 2.1326E+03 1.6662E+005432 3402
 2.1326E+03 1.5713E+00 2.1327E+03 1.4824E+00 2.1327E+03 1.3953E+005432 3402
 2.1328E+03 1.3121E+00 2.1328E+03 1.2329E+00 2.1328E+03 1.1576E+005432 3402
 2.1329E+03 1.0861E+00 2.1329E+03 1.0185E+00 2.1330E+03 9.5451E-015432 3402
 2.1330E+03 8.9552E-01 2.1331E+03 8.3866E-01 2.1331E+03 7.8519E-015432 3402
 2.1332E+03 7.3501E-01 2.1332E+03 6.8901E-01 2.1332E+03 6.4494E-015432 3402
 2.1333E+03 6.0377E-01 2.1333E+03 5.6533E-01 2.1334E+03 5.3030E-015432 3402
 2.1334E+03 4.9690E-01 2.1335E+03 4.6583E-01 2.1335E+03 4.3698E-015432 3402
 2.1335E+03 4.1018E-01 2.1336E+03 3.8532E-01 2.1336E+03 3.6228E-015432 3402
 2.1337E+03 3.4092E-01 2.1337E+03 3.2158E-01 2.1338E+03 3.0324E-015432 3402
 2.1338E+03 2.8627E-01 2.1339E+03 2.7056E-01 2.1339E+03 2.5633E-015432 3402
 2.1339E+03 2.4286E-01 2.1340E+03 2.3037E-01 2.1341E+03 2.0833E-015432 3402
 2.1342E+03 1.8916E-01 2.1342E+03 1.7262E-01 2.1343E+03 1.5832E-015432 3402
 2.1344E+03 1.4602E-01 2.1345E+03 1.3514E-01 2.1346E+03 1.2570E-015432 3402
 2.1347E+03 1.1728E-01 2.1348E+03 1.0987E-01 2.1349E+03 1.0317E-015432 3402
 2.1349E+03 9.7167E-02 2.1350E+03 9.1747E-02 2.1351E+03 8.6884E-025432 3402
 2.1353E+03 7.8346E-02 2.1354E+03 7.4574E-02 2.1356E+03 6.7919E-025432 3402
 2.1356E+03 6.4933E-02 2.1358E+03 5.9597E-02 2.1360E+03 5.4934E-025432 3402
 2.1362E+03 5.0828E-02 2.1363E+03 4.7187E-02 2.1365E+03 4.3939E-025432 3402
 2.1367E+03 4.1029E-02 2.1369E+03 3.8408E-02 2.1372E+03 3.3873E-025432 3402
 2.1374E+03 3.1916E-02 2.1377E+03 2.8477E-02 2.1381E+03 2.5583E-025432 3402
 2.1383E+03 2.4302E-02 2.1386E+03 2.2011E-02 2.1392E+03 1.9153E-025432 3402
 2.1397E+03 1.6823E-02 2.1400E+03 1.5499E-02 2.1406E+03 1.3791E-025432 3402
 2.1414E+03 1.1518E-02 2.1418E+03 1.0766E-02 2.1425E+03 9.4672E-035432 3402
 2.1432E+03 8.3898E-03 2.1442E+03 7.0892E-03 2.1453E+03 6.0711E-035432 3402
 2.1463E+03 5.2578E-03 2.1470E+03 4.8036E-03 2.1481E+03 4.2262E-035432 3402
 2.1491E+03 3.7468E-03 2.1502E+03 3.3454E-03 2.1516E+03 2.9038E-035432 3402
 2.1537E+03 2.3884E-03 2.1558E+03 1.9992E-03 2.1579E+03 1.6981E-035432 3402
 2.1593E+03 1.5340E-03 2.1614E+03 1.3290E-03 2.1635E+03 1.1628E-035432 3402
 2.1656E+03 1.0260E-03 2.1691E+03 8.4670E-04 2.1733E+03 6.8769E-045432 3402
 2.1775E+03 5.6977E-04 2.1803E+03 5.0738E-04 2.1845E+03 4.3163E-045432 3402
 2.1887E+03 3.7186E-04 2.1929E+03 3.2388E-04 2.1999E+03 2.6262E-045432 3402
 2.2098E+03 2.0292E-04 2.2238E+03 1.4820E-04 2.2406E+03 1.0830E-045432 3402
 2.2546E+03 8.6771E-05 2.2714E+03 6.9014E-05 2.2939E+03 5.3437E-055432 3402
 2.3107E+03 4.5422E-05 2.3275E+03 3.9424E-05 2.3555E+03 3.2362E-055432 3402
 2.3892E+03 2.6912E-05 2.4452E+03 2.1882E-05 2.5125E+03 1.9531E-055432 3402
 2.5349E+03 1.9364E-05 2.6022E+03 2.0643E-05 2.6358E+03 2.2557E-055432 3402
 2.6639E+03 2.5171E-05 2.6919E+03 2.9286E-05 2.7087E+03 3.2911E-055432 3402
 2.7256E+03 3.7942E-05 2.7368E+03 4.2473E-05 2.7536E+03 5.2130E-055432 3402
 2.7648E+03 6.1634E-05 2.7732E+03 7.1470E-05 2.7788E+03 7.9930E-055432 3402
 2.7872E+03 9.6908E-05 2.7956E+03 1.2207E-04 2.8040E+03 1.6200E-045432 3402
 2.8083E+03 1.9133E-04 2.8125E+03 2.3134E-04 2.8167E+03 2.8776E-045432 3402
 2.8209E+03 3.7107E-04 2.8237E+03 4.5102E-04 2.8251E+03 5.0198E-045432 3402
 2.8279E+03 6.3598E-04 2.8307E+03 8.3551E-04 2.8328E+03 1.0594E-035432 3402
 2.8342E+03 1.2658E-03 2.8363E+03 1.7160E-03 2.8370E+03 1.9228E-035432 3402
 2.8384E+03 2.4699E-03 2.8391E+03 2.8382E-03 2.8398E+03 3.2989E-035432 3402
 2.8405E+03 3.8858E-03 2.8408E+03 4.2433E-03 2.8415E+03 5.1294E-035432 3402
 2.8419E+03 5.6841E-03 2.8422E+03 6.3402E-03 2.8426E+03 7.1203E-035432 3402
 2.8429E+03 8.0629E-03 2.8433E+03 9.2213E-03 2.8436E+03 1.0683E-025432 3402
 2.8440E+03 1.2582E-02 2.8443E+03 1.5217E-02 2.8445E+03 1.6978E-025432 3402
 2.8447E+03 1.9207E-02 2.8449E+03 2.2138E-02 2.8450E+03 2.6068E-025432 3402
 2.8452E+03 3.1506E-02 2.8454E+03 3.9179E-02 2.8455E+03 4.4197E-025432 3402
 2.8456E+03 5.0131E-02 2.8457E+03 5.7314E-02 2.8457E+03 6.5810E-025432 3402
 2.8458E+03 7.6072E-02 2.8459E+03 8.8161E-02 2.8460E+03 1.0269E-015432 3402
 2.8461E+03 1.1970E-01 2.8462E+03 1.3998E-01 2.8463E+03 1.6379E-015432 3402
 2.8463E+03 1.7718E-01 2.8464E+03 1.9162E-01 2.8464E+03 2.0720E-015432 3402
 2.8464E+03 2.2358E-01 2.8465E+03 2.4157E-01 2.8465E+03 2.6089E-015432 3402
 2.8466E+03 2.8158E-01 2.8466E+03 3.0320E-01 2.8467E+03 3.2681E-015432 3402
 2.8467E+03 3.5200E-01 2.8468E+03 3.7881E-01 2.8468E+03 4.0662E-015432 3402
 2.8468E+03 4.3680E-01 2.8469E+03 4.6876E-01 2.8469E+03 5.0252E-015432 3402
 2.8470E+03 5.3816E-01 2.8470E+03 5.7567E-01 2.8471E+03 6.1509E-015432 3402
 2.8471E+03 6.5642E-01 2.8471E+03 6.9869E-01 2.8472E+03 7.4384E-015432 3402
 2.8472E+03 7.9091E-01 2.8473E+03 8.3987E-01 2.8473E+03 8.8951E-015432 3402
 2.8474E+03 9.4209E-01 2.8474E+03 9.9643E-01 2.8475E+03 1.0524E+005432 3402
 2.8475E+03 1.1087E+00 2.8476E+03 1.2283E+00 2.8477E+03 1.3530E+005432 3402
 2.8478E+03 1.5471E+00 2.8480E+03 1.7769E+00 2.8481E+03 2.0038E+005432 3402
 2.8482E+03 2.1881E+00 2.8483E+03 2.3036E+00 2.8484E+03 2.3831E+005432 3402
 2.8485E+03 2.5044E+00 2.8486E+03 2.5961E+00 2.8487E+03 2.6400E+005432 3402
 2.8487E+03 2.6840E+00 2.8488E+03 2.7250E+00 2.8489E+03 2.7484E+005432 3402
 2.8489E+03 2.7640E+00 2.8490E+03 2.7707E+00 2.8491E+03 2.7623E+005432 3402
 2.8492E+03 2.7452E+00 2.8492E+03 2.7200E+00 2.8493E+03 2.6734E+005432 3402
 2.8493E+03 2.6348E+00 2.8494E+03 2.5807E+00 2.8495E+03 2.5286E+005432 3402
 2.8496E+03 2.4228E+00 2.8497E+03 2.2886E+00 2.8497E+03 2.2020E+005432 3402
 2.8498E+03 2.1112E+00 2.8499E+03 1.9177E+00 2.8501E+03 1.7187E+005432 3402
 2.8502E+03 1.5193E+00 2.8503E+03 1.3898E+00 2.8504E+03 1.2013E+005432 3402
 2.8505E+03 1.1414E+00 2.8506E+03 1.0249E+00 2.8506E+03 9.6970E-015432 3402
 2.8507E+03 8.6340E-01 2.8507E+03 8.1248E-01 2.8508E+03 7.6459E-015432 3402
 2.8508E+03 7.1860E-01 2.8509E+03 6.7454E-01 2.8509E+03 6.3146E-015432 3402
 2.8510E+03 5.9130E-01 2.8510E+03 5.5304E-01 2.8511E+03 5.1668E-015432 3402
 2.8511E+03 4.8142E-01 2.8511E+03 4.4879E-01 2.8512E+03 4.1796E-015432 3402
 2.8512E+03 3.8887E-01 2.8513E+03 3.6088E-01 2.8513E+03 3.3517E-015432 3402
 2.8514E+03 3.1051E-01 2.8514E+03 2.8794E-01 2.8515E+03 2.6638E-015432 3402
 2.8515E+03 2.4670E-01 2.8516E+03 2.1129E-01 2.8517E+03 1.8039E-015432 3402
 2.8518E+03 1.5417E-01 2.8519E+03 1.3154E-01 2.8519E+03 1.1254E-015432 3402
 2.8520E+03 9.6309E-02 2.8521E+03 8.2651E-02 2.8522E+03 7.1204E-025432 3402
 2.8523E+03 6.1734E-02 2.8524E+03 5.3737E-02 2.8525E+03 4.7072E-025432 3402
 2.8526E+03 4.1520E-02 2.8527E+03 3.6939E-02 2.8527E+03 3.3064E-025432 3402
 2.8528E+03 2.9818E-02 2.8530E+03 2.4801E-02 2.8532E+03 2.1163E-025432 3402
 2.8534E+03 1.8450E-02 2.8535E+03 1.6350E-02 2.8537E+03 1.4689E-025432 3402
 2.8539E+03 1.3330E-02 2.8542E+03 1.1208E-02 2.8544E+03 1.0360E-025432 3402
 2.8548E+03 8.9554E-03 2.8551E+03 7.8330E-03 2.8555E+03 6.9192E-035432 3402
 2.8558E+03 6.1626E-03 2.8566E+03 4.9904E-03 2.8569E+03 4.5301E-035432 3402
 2.8576E+03 3.7851E-03 2.8587E+03 2.9763E-03 2.8597E+03 2.4084E-035432 3402
 2.8612E+03 1.8777E-03 2.8633E+03 1.3646E-03 2.8654E+03 1.0416E-035432 3402
 2.8675E+03 8.2528E-04 2.8690E+03 7.1869E-04 2.8718E+03 5.6358E-045432 3402
 2.8761E+03 4.1672E-04 2.8803E+03 3.2709E-04 2.8831E+03 2.8580E-045432 3402
 2.8874E+03 2.4124E-04 2.8945E+03 1.9563E-04 2.9030E+03 1.6683E-045432 3402
 2.9087E+03 1.5700E-04 2.9172E+03 1.5160E-04 2.9285E+03 1.5706E-045432 3402
 2.9371E+03 1.6989E-04 2.9456E+03 1.9117E-04 2.9541E+03 2.2322E-045432 3402
 2.9597E+03 2.5272E-04 2.9668E+03 3.0238E-04 2.9753E+03 3.9091E-045432 3402
 2.9824E+03 5.0438E-04 2.9867E+03 6.0067E-04 2.9909E+03 7.2971E-045432 3402
 2.9938E+03 8.4169E-04 2.9980E+03 1.0675E-03 3.0009E+03 1.2737E-035432 3402
 3.0030E+03 1.4720E-03 3.0044E+03 1.6317E-03 3.0066E+03 1.9258E-035432 3402
 3.0087E+03 2.3090E-03 3.0094E+03 2.4628E-03 3.0108E+03 2.8210E-035432 3402
 3.0122E+03 3.2649E-03 3.0129E+03 3.5276E-03 3.0144E+03 4.1593E-035432 3402
 3.0151E+03 4.5412E-03 3.0158E+03 4.9786E-03 3.0165E+03 5.4824E-035432 3402
 3.0172E+03 6.0683E-03 3.0179E+03 6.7538E-03 3.0186E+03 7.5644E-035432 3402
 3.0190E+03 8.0273E-03 3.0197E+03 9.0911E-03 3.0200E+03 9.7062E-035432 3402
 3.0204E+03 1.0387E-02 3.0207E+03 1.1141E-02 3.0211E+03 1.1983E-025432 3402
 3.0214E+03 1.2924E-02 3.0218E+03 1.3987E-02 3.0222E+03 1.5186E-025432 3402
 3.0225E+03 1.6551E-02 3.0229E+03 1.8116E-02 3.0232E+03 1.9919E-025432 3402
 3.0236E+03 2.2008E-02 3.0239E+03 2.4461E-02 3.0243E+03 2.7358E-025432 3402
 3.0246E+03 3.0836E-02 3.0250E+03 3.5050E-02 3.0252E+03 3.7527E-025432 3402
 3.0253E+03 4.0279E-02 3.0255E+03 4.3393E-02 3.0257E+03 4.6902E-025432 3402
 3.0259E+03 5.0936E-02 3.0261E+03 5.5563E-02 3.0261E+03 5.8170E-025432 3402
 3.0263E+03 6.2481E-02 3.0264E+03 6.7341E-02 3.0265E+03 7.0069E-025432 3402
 3.0265E+03 7.2996E-02 3.0266E+03 7.5610E-02 3.0267E+03 8.1857E-025432 3402
 3.0268E+03 8.7049E-02 3.0269E+03 8.9830E-02 3.0269E+03 9.5871E-025432 3402
 3.0270E+03 1.0271E-01 3.0271E+03 1.1031E-01 3.0272E+03 1.1456E-015432 3402
 3.0272E+03 1.1898E-01 3.0273E+03 1.2377E-01 3.0273E+03 1.2877E-015432 3402
 3.0273E+03 1.3420E-01 3.0274E+03 1.3986E-01 3.0274E+03 1.4589E-015432 3402
 3.0275E+03 1.5230E-01 3.0275E+03 1.5930E-01 3.0276E+03 1.6659E-015432 3402
 3.0276E+03 1.7436E-01 3.0277E+03 1.8264E-01 3.0277E+03 1.9168E-015432 3402
 3.0277E+03 2.0110E-01 3.0278E+03 2.1113E-01 3.0278E+03 2.2182E-015432 3402
 3.0279E+03 2.3348E-01 3.0279E+03 2.4562E-01 3.0280E+03 2.5884E-015432 3402
 3.0280E+03 2.7260E-01 3.0281E+03 2.8758E-01 3.0281E+03 3.0316E-015432 3402
 3.0281E+03 3.1969E-01 3.0282E+03 3.3723E-01 3.0282E+03 3.5628E-015432 3402
 3.0283E+03 3.7602E-01 3.0283E+03 3.9691E-01 3.0284E+03 4.1903E-015432 3402
 3.0284E+03 4.4294E-01 3.0285E+03 4.6764E-01 3.0285E+03 4.9369E-015432 3402
 3.0285E+03 5.2112E-01 3.0286E+03 5.5068E-01 3.0286E+03 5.8106E-015432 3402
 3.0287E+03 6.1369E-01 3.0287E+03 6.4716E-01 3.0288E+03 6.8302E-015432 3402
 3.0288E+03 7.1971E-01 3.0288E+03 7.5801E-01 3.0289E+03 7.9796E-015432 3402
 3.0289E+03 8.4051E-01 3.0290E+03 8.8379E-01 3.0290E+03 9.2871E-015432 3402
 3.0291E+03 9.7527E-01 3.0291E+03 1.0245E+00 3.0292E+03 1.0743E+005432 3402
 3.0292E+03 1.1257E+00 3.0292E+03 1.1786E+00 3.0293E+03 1.2899E+005432 3402
 3.0294E+03 1.3483E+00 3.0294E+03 1.4376E+00 3.0296E+03 1.5896E+005432 3402
 3.0297E+03 1.7800E+00 3.0299E+03 2.1340E+00 3.0300E+03 2.2920E+005432 3402
 3.0302E+03 2.4737E+00 3.0303E+03 2.6119E+00 3.0304E+03 2.6898E+005432 3402
 3.0304E+03 2.7610E+00 3.0305E+03 2.8671E+00 3.0306E+03 2.9211E+005432 3402
 3.0307E+03 2.9678E+00 3.0308E+03 3.0257E+00 3.0309E+03 3.0623E+005432 3402
 3.0309E+03 3.0743E+00 3.0310E+03 3.0776E+00 3.0311E+03 3.0619E+005432 3402
 3.0312E+03 3.0336E+00 3.0313E+03 2.9917E+00 3.0314E+03 2.9119E+005432 3402
 3.0315E+03 2.8486E+00 3.0316E+03 2.7754E+00 3.0317E+03 2.6381E+005432 3402
 3.0318E+03 2.5457E+00 3.0318E+03 2.4489E+00 3.0320E+03 2.2782E+005432 3402
 3.0321E+03 2.0632E+00 3.0323E+03 1.7341E+00 3.0325E+03 1.5202E+005432 3402
 3.0326E+03 1.3831E+00 3.0326E+03 1.3174E+00 3.0327E+03 1.1913E+005432 3402
 3.0328E+03 1.1310E+00 3.0329E+03 1.0162E+00 3.0329E+03 9.6189E-015432 3402
 3.0330E+03 9.0863E-01 3.0330E+03 8.5857E-01 3.0331E+03 8.1061E-015432 3402
 3.0331E+03 7.6480E-01 3.0332E+03 7.2023E-01 3.0332E+03 6.7867E-015432 3402
 3.0333E+03 6.3916E-01 3.0333E+03 6.0167E-01 3.0334E+03 5.6547E-015432 3402
 3.0334E+03 5.3193E-01 3.0335E+03 5.0026E-01 3.0335E+03 4.7040E-015432 3402
 3.0336E+03 4.4228E-01 3.0336E+03 4.1584E-01 3.0337E+03 3.9101E-015432 3402
 3.0337E+03 3.6773E-01 3.0338E+03 3.4549E-01 3.0338E+03 3.2510E-015432 3402
 3.0339E+03 3.0603E-01 3.0339E+03 2.8822E-01 3.0340E+03 2.7128E-015432 3402
 3.0340E+03 2.5579E-01 3.0341E+03 2.4136E-01 3.0341E+03 2.2791E-015432 3402
 3.0342E+03 2.1514E-01 3.0342E+03 2.0351E-01 3.0343E+03 1.8261E-015432 3402
 3.0344E+03 1.6452E-01 3.0345E+03 1.4886E-01 3.0346E+03 1.3516E-015432 3402
 3.0347E+03 1.2340E-01 3.0348E+03 1.1307E-01 3.0349E+03 1.0414E-015432 3402
 3.0351E+03 9.6247E-02 3.0352E+03 8.9378E-02 3.0352E+03 8.3307E-025432 3402
 3.0353E+03 7.7916E-02 3.0355E+03 7.3059E-02 3.0356E+03 6.8749E-025432 3402
 3.0357E+03 6.4828E-02 3.0358E+03 6.1314E-02 3.0360E+03 5.5172E-025432 3402
 3.0361E+03 5.2498E-02 3.0363E+03 4.7741E-02 3.0364E+03 4.5637E-025432 3402
 3.0366E+03 4.1842E-02 3.0368E+03 3.8537E-02 3.0370E+03 3.5647E-025432 3402
 3.0372E+03 3.3074E-02 3.0374E+03 3.0796E-02 3.0376E+03 2.8744E-025432 3402
 3.0378E+03 2.6908E-02 3.0382E+03 2.3728E-02 3.0384E+03 2.2351E-025432 3402
 3.0388E+03 1.9948E-02 3.0390E+03 1.8890E-02 3.0394E+03 1.7020E-025432 3402
 3.0398E+03 1.5417E-02 3.0404E+03 1.3414E-02 3.0410E+03 1.1786E-025432 3402
 3.0416E+03 1.0436E-02 3.0420E+03 9.6644E-03 3.0430E+03 8.0734E-035432 3402
 3.0434E+03 7.5469E-03 3.0442E+03 6.6382E-03 3.0454E+03 5.5546E-035432 3402
 3.0462E+03 4.9743E-03 3.0474E+03 4.2616E-03 3.0486E+03 3.6921E-035432 3402
 3.0498E+03 3.2306E-03 3.0506E+03 2.9698E-03 3.0518E+03 2.6341E-035432 3402
 3.0538E+03 2.1900E-03 3.0562E+03 1.7908E-03 3.0578E+03 1.5827E-035432 3402
 3.0602E+03 1.3329E-03 3.0626E+03 1.1380E-03 3.0651E+03 9.8334E-045432 3402
 3.0691E+03 7.8803E-04 3.0715E+03 6.9798E-04 3.0763E+03 5.5894E-045432 3402
 3.0827E+03 4.3042E-04 3.0891E+03 3.4216E-04 3.0972E+03 2.6593E-045432 3402
 3.1068E+03 2.0450E-04 3.1212E+03 1.4663E-04 3.1309E+03 1.2114E-045432 3402
 3.1405E+03 1.0208E-04 3.1566E+03 7.9531E-05 3.1758E+03 6.1757E-055432 3402
 3.1983E+03 4.8337E-05 3.2176E+03 4.0521E-05 3.2368E+03 3.4860E-055432 3402
 3.2690E+03 2.8457E-05 3.3075E+03 2.3817E-05 3.3524E+03 2.0870E-055432 3402
 3.3781E+03 1.9986E-05 3.4424E+03 1.9694E-05 3.5066E+03 2.2039E-055432 3402
 3.5644E+03 2.7290E-05 3.5965E+03 3.2344E-05 3.6350E+03 4.1986E-055432 3402
 3.6671E+03 5.5280E-05 3.6960E+03 7.5012E-05 3.7121E+03 9.1629E-055432 3402
 3.7314E+03 1.2088E-04 3.7474E+03 1.5838E-04 3.7571E+03 1.9037E-045432 3402
 3.7667E+03 2.3353E-04 3.7779E+03 3.0589E-04 3.7827E+03 3.4796E-045432 3402
 3.7876E+03 3.9950E-04 3.7908E+03 4.4060E-04 3.7956E+03 5.1543E-045432 3402
 3.8004E+03 6.1138E-04 3.8052E+03 7.3720E-04 3.8084E+03 8.4418E-045432 3402
 3.8100E+03 9.0672E-04 3.8132E+03 1.0547E-03 3.8149E+03 1.1427E-035432 3402
 3.8173E+03 1.2966E-03 3.8197E+03 1.4844E-03 3.8213E+03 1.6336E-035432 3402
 3.8237E+03 1.9037E-03 3.8261E+03 2.2471E-03 3.8269E+03 2.3826E-035432 3402
 3.8285E+03 2.6932E-03 3.8301E+03 3.0693E-03 3.8309E+03 3.2878E-035432 3402
 3.8317E+03 3.5306E-03 3.8325E+03 3.8014E-03 3.8333E+03 4.1050E-035432 3402
 3.8341E+03 4.4461E-03 3.8349E+03 4.8323E-03 3.8357E+03 5.2716E-035432 3402
 3.8365E+03 5.7740E-03 3.8373E+03 6.3516E-03 3.8381E+03 7.0220E-035432 3402
 3.8389E+03 7.8054E-03 3.8397E+03 8.7291E-03 3.8405E+03 9.8272E-035432 3402
 3.8413E+03 1.1150E-02 3.8421E+03 1.2761E-02 3.8430E+03 1.4750E-025432 3402
 3.8434E+03 1.5923E-02 3.8438E+03 1.7246E-02 3.8442E+03 1.8746E-025432 3402
 3.8446E+03 2.0451E-02 3.8450E+03 2.2412E-02 3.8454E+03 2.4671E-025432 3402
 3.8456E+03 2.5941E-02 3.8458E+03 2.7312E-02 3.8460E+03 2.8800E-025432 3402
 3.8462E+03 3.0842E-02 3.8463E+03 3.1836E-02 3.8466E+03 3.4088E-025432 3402
 3.8467E+03 3.5123E-02 3.8469E+03 3.7327E-02 3.8470E+03 3.8511E-025432 3402
 3.8472E+03 4.1076E-02 3.8474E+03 4.3921E-02 3.8476E+03 4.7091E-025432 3402
 3.8478E+03 5.0624E-02 3.8479E+03 5.2573E-02 3.8480E+03 5.4624E-025432 3402
 3.8481E+03 5.6831E-02 3.8482E+03 5.9162E-02 3.8483E+03 6.1678E-025432 3402
 3.8484E+03 6.4347E-02 3.8485E+03 6.7209E-02 3.8486E+03 7.0289E-025432 3402
 3.8487E+03 7.3640E-02 3.8488E+03 7.7227E-02 3.8489E+03 8.1153E-025432 3402
 3.8490E+03 8.5376E-02 3.8491E+03 9.0019E-02 3.8492E+03 9.5038E-025432 3402
 3.8493E+03 1.0053E-01 3.8494E+03 1.0655E-01 3.8494E+03 1.0985E-015432 3402
 3.8495E+03 1.1324E-01 3.8495E+03 1.1680E-01 3.8496E+03 1.2054E-015432 3402
 3.8496E+03 1.2448E-01 3.8497E+03 1.2860E-01 3.8497E+03 1.3294E-015432 3402
 3.8498E+03 1.3752E-01 3.8498E+03 1.4243E-01 3.8499E+03 1.4750E-015432 3402
 3.8499E+03 1.5283E-01 3.8500E+03 1.5847E-01 3.8500E+03 1.6439E-015432 3402
 3.8501E+03 1.7063E-01 3.8501E+03 1.7723E-01 3.8502E+03 1.8416E-015432 3402
 3.8502E+03 1.9162E-01 3.8503E+03 1.9933E-01 3.8503E+03 2.0748E-015432 3402
 3.8504E+03 2.1606E-01 3.8504E+03 2.2527E-01 3.8505E+03 2.3480E-015432 3402
 3.8505E+03 2.4483E-01 3.8506E+03 2.5540E-01 3.8506E+03 2.6676E-015432 3402
 3.8507E+03 2.7847E-01 3.8507E+03 2.9079E-01 3.8508E+03 3.0374E-015432 3402
 3.8508E+03 3.1734E-01 3.8509E+03 3.3163E-01 3.8509E+03 3.4662E-015432 3402
 3.8510E+03 3.6234E-01 3.8510E+03 3.7914E-01 3.8511E+03 3.9640E-015432 3402
 3.8511E+03 4.1446E-01 3.8512E+03 4.3332E-01 3.8512E+03 4.5343E-015432 3402
 3.8513E+03 4.7401E-01 3.8513E+03 4.9544E-01 3.8514E+03 5.1777E-015432 3402
 3.8514E+03 5.4146E-01 3.8515E+03 5.6559E-01 3.8515E+03 5.9063E-015432 3402
 3.8516E+03 6.1658E-01 3.8516E+03 6.4343E-01 3.8517E+03 6.7120E-015432 3402
 3.8517E+03 6.9987E-01 3.8518E+03 7.6044E-01 3.8519E+03 7.9173E-015432 3402
 3.8520E+03 8.5676E-01 3.8520E+03 8.9111E-01 3.8521E+03 9.6061E-015432 3402
 3.8522E+03 1.0334E+00 3.8524E+03 1.1451E+00 3.8525E+03 1.2598E+005432 3402
 3.8527E+03 1.3757E+00 3.8529E+03 1.5073E+00 3.8530E+03 1.6154E+005432 3402
 3.8531E+03 1.6988E+00 3.8533E+03 1.7892E+00 3.8534E+03 1.8612E+005432 3402
 3.8535E+03 1.9109E+00 3.8536E+03 1.9256E+00 3.8537E+03 1.9711E+005432 3402
 3.8538E+03 1.9923E+00 3.8539E+03 2.0003E+00 3.8540E+03 2.0029E+005432 3402
 3.8540E+03 2.0021E+00 3.8541E+03 1.9968E+00 3.8542E+03 1.9790E+005432 3402
 3.8544E+03 1.9376E+00 3.8545E+03 1.9097E+00 3.8545E+03 1.8773E+005432 3402
 3.8546E+03 1.8412E+00 3.8547E+03 1.7841E+00 3.8548E+03 1.7209E+005432 3402
 3.8549E+03 1.6516E+00 3.8551E+03 1.5271E+00 3.8553E+03 1.3672E+005432 3402
 3.8555E+03 1.2307E+00 3.8558E+03 1.0437E+00 3.8559E+03 9.4172E-015432 3402
 3.8560E+03 8.9262E-01 3.8561E+03 7.9889E-01 3.8562E+03 7.5447E-015432 3402
 3.8562E+03 7.1176E-01 3.8563E+03 6.7082E-01 3.8564E+03 6.3169E-015432 3402
 3.8565E+03 5.9439E-01 3.8565E+03 5.5892E-01 3.8566E+03 5.2528E-015432 3402
 3.8567E+03 4.9344E-01 3.8567E+03 4.6338E-01 3.8568E+03 4.3504E-015432 3402
 3.8569E+03 4.0840E-01 3.8570E+03 3.8338E-01 3.8570E+03 3.5993E-015432 3402
 3.8571E+03 3.3799E-01 3.8572E+03 3.1749E-01 3.8572E+03 2.9836E-015432 3402
 3.8573E+03 2.8052E-01 3.8574E+03 2.6392E-01 3.8575E+03 2.4848E-015432 3402
 3.8575E+03 2.3412E-01 3.8576E+03 2.2078E-01 3.8577E+03 2.0839E-015432 3402
 3.8577E+03 1.9690E-01 3.8578E+03 1.8623E-01 3.8579E+03 1.7633E-015432 3402
 3.8580E+03 1.6714E-01 3.8580E+03 1.5862E-01 3.8581E+03 1.5070E-015432 3402
 3.8582E+03 1.4334E-01 3.8583E+03 1.3014E-01 3.8584E+03 1.1873E-015432 3402
 3.8586E+03 1.0879E-01 3.8587E+03 1.0011E-01 3.8589E+03 9.2501E-025432 3402
 3.8590E+03 8.5789E-02 3.8592E+03 7.9841E-02 3.8593E+03 7.4543E-025432 3402
 3.8594E+03 6.9802E-02 3.8596E+03 6.5537E-02 3.8597E+03 6.1683E-025432 3402
 3.8599E+03 5.8187E-02 3.8600E+03 5.5001E-02 3.8602E+03 5.2088E-025432 3402
 3.8603E+03 4.9416E-02 3.8604E+03 4.6957E-02 3.8607E+03 4.2587E-025432 3402
 3.8609E+03 4.0638E-02 3.8611E+03 3.7138E-02 3.8613E+03 3.5562E-025432 3402
 3.8616E+03 3.2707E-02 3.8620E+03 2.9047E-02 3.8623E+03 2.6947E-025432 3402
 3.8626E+03 2.5072E-02 3.8629E+03 2.3391E-02 3.8631E+03 2.1876E-025432 3402
 3.8634E+03 2.0507E-02 3.8637E+03 1.9268E-02 3.8640E+03 1.8136E-025432 3402
 3.8646E+03 1.6157E-02 3.8651E+03 1.4487E-02 3.8654E+03 1.3749E-025432 3402
 3.8660E+03 1.2434E-02 3.8663E+03 1.1848E-02 3.8668E+03 1.0793E-025432 3402
 3.8677E+03 9.4583E-03 3.8682E+03 8.7028E-03 3.8691E+03 7.7299E-035432 3402
 3.8694E+03 7.4420E-03 3.8705E+03 6.4379E-03 3.8711E+03 6.0106E-035432 3402
 3.8722E+03 5.2744E-03 3.8734E+03 4.6666E-03 3.8739E+03 4.4012E-035432 3402
 3.8751E+03 3.9343E-03 3.8768E+03 3.3622E-03 3.8785E+03 2.9067E-035432 3402
 3.8796E+03 2.6526E-03 3.8813E+03 2.3299E-03 3.8830E+03 2.0628E-035432 3402
 3.8847E+03 1.8393E-03 3.8864E+03 1.6507E-03 3.8898E+03 1.3504E-035432 3402
 3.8932E+03 1.1253E-03 3.8966E+03 9.5222E-04 3.8989E+03 8.5811E-045432 3402
 3.9023E+03 7.4117E-04 3.9057E+03 6.4663E-04 3.9091E+03 5.6912E-045432 3402
 3.9148E+03 4.6780E-04 3.9205E+03 3.9150E-04 3.9273E+03 3.2219E-045432 3402
 3.9387E+03 2.4173E-04 3.9523E+03 1.7960E-04 3.9637E+03 1.4456E-045432 3402
 3.9773E+03 1.1464E-04 3.9864E+03 9.9639E-05 4.0000E+03 8.2136E-055432 3402
 4.0239E+03 6.0998E-05 4.0438E+03 4.9137E-05 4.0717E+03 3.7684E-055432 3402
 4.1116E+03 2.7297E-05 4.1355E+03 2.3060E-05 4.1594E+03 1.9774E-055432 3402
 4.1912E+03 1.6424E-05 4.2231E+03 1.3896E-05 4.2391E+03 1.2857E-055432 3402
 4.2470E+03 1.2383E-05 4.2490E+03 1.2293E-05 4.2495E+03 1.2579E-055432 3402
 4.2498E+03 1.3056E-05 4.2500E+03 1.4102E-05 4.2503E+03 1.6299E-055432 3402
 4.2504E+03 1.8146E-05 4.2505E+03 2.0725E-05 4.2506E+03 2.4349E-055432 3402
 4.2508E+03 2.9315E-05 4.2509E+03 3.6165E-05 4.2510E+03 4.5374E-055432 3402
 4.2511E+03 5.7843E-05 4.2513E+03 7.4300E-05 4.2514E+03 9.6174E-055432 3402
 4.2515E+03 1.2451E-04 4.2516E+03 1.6150E-04 4.2518E+03 2.0855E-045432 3402
 4.2519E+03 2.6879E-04 4.2520E+03 3.4405E-04 4.2521E+03 4.3868E-045432 3402
 4.2523E+03 5.5470E-04 4.2524E+03 6.9795E-04 4.2525E+03 8.7037E-045432 3402
 4.2526E+03 1.0793E-03 4.2528E+03 1.3263E-03 4.2529E+03 1.6201E-035432 3402
 4.2530E+03 1.9610E-03 4.2531E+03 2.3592E-03 4.2533E+03 2.8129E-035432 3402
 4.2534E+03 3.3330E-03 4.2535E+03 3.9146E-03 4.2536E+03 4.5695E-035432 3402
 4.2538E+03 5.2883E-03 4.2539E+03 6.0828E-03 4.2540E+03 6.9392E-035432 3402
 4.2541E+03 7.8683E-03 4.2543E+03 8.8515E-03 4.2544E+03 9.8988E-035432 3402
 4.2545E+03 1.0987E-02 4.2548E+03 1.3285E-02 4.2550E+03 1.1937E-055432 3402
 4.2550E+03 3.1342E-02 4.6147E+03 2.9981E-02 5.0000E+03 2.8696E-025432 3402
 5.4807E+03 2.7306E-02 6.0000E+03 2.6001E-02 6.4836E+03 2.4898E-025432 3402
 7.0000E+03 2.3854E-02 7.4857E+03 2.2947E-02 8.0000E+03 2.2085E-025432 3402
 8.4873E+03 2.1323E-02 9.0000E+03 2.0593E-02 9.4885E+03 1.9943E-025432 3402
 1.0000E+04 1.9316E-02 1.0579E+04 1.8616E-02 1.1188E+04 1.7945E-025432 3402
 1.1828E+04 1.7303E-02 1.2500E+04 1.6688E-02 1.3088E+04 1.6194E-025432 3402
 1.3700E+04 1.5717E-02 1.4337E+04 1.5256E-02 1.5000E+04 1.4810E-025432 3402
 1.6207E+04 1.4079E-02 1.7500E+04 1.3390E-02 1.8713E+04 1.2816E-025432 3402
 2.0000E+04 1.2271E-02 2.1157E+04 1.1803E-02 2.2375E+04 1.1355E-025432 3402
 2.3655E+04 1.0927E-02 2.5000E+04 1.0518E-02 2.6174E+04 1.0190E-025432 3402
 2.7398E+04 9.8738E-03 2.8672E+04 9.5691E-03 3.0000E+04 9.2751E-035432 3402
 3.2414E+04 8.7970E-03 3.5000E+04 8.3474E-03 3.7425E+04 7.9740E-035432 3402
 4.0000E+04 7.6200E-03 4.2317E+04 7.3413E-03 4.4752E+04 7.0746E-035432 3402
 4.7311E+04 6.8194E-03 5.0000E+04 6.5749E-03 5.2351E+04 6.3852E-035432 3402
 5.4799E+04 6.2023E-03 5.7348E+04 6.0256E-03 6.0000E+04 5.8549E-035432 3402
 6.4831E+04 5.5834E-03 7.0000E+04 5.3273E-03 7.4855E+04 5.1195E-035432 3402
 8.0000E+04 4.9217E-03 8.2502E+04 5.2478E-03 8.5003E+04 5.5847E-035432 3402
 9.0000E+04 6.2908E-03 1.0000E+05 6.0897E-03 1.1196E+05 5.8910E-035432 3402
 1.2500E+05 5.7051E-03 1.3706E+05 5.5554E-03 1.5000E+05 5.4137E-035432 3402
 1.6213E+05 5.2955E-03 1.7500E+05 5.1829E-03 2.0000E+05 4.9941E-035432 3402
 2.2396E+05 4.8783E-03 2.5000E+05 4.7705E-03 2.7415E+05 4.6843E-035432 3402
 3.0000E+05 4.6032E-03 3.5000E+05 4.8893E-03 4.0000E+05 5.1578E-035432 3402
 5.0000E+05 5.3640E-03 6.0000E+05 5.6377E-03 6.7300E+05 5.8735E-035432 3402
 6.7311E+05 5.8648E-03 6.7466E+05 5.7408E-03 6.7632E+05 5.6111E-035432 3402
 6.7798E+05 5.4843E-03 6.7965E+05 5.3604E-03 6.8300E+05 5.1209E-035432 3402
 6.8637E+05 4.8921E-03 6.8975E+05 4.6737E-03 6.9315E+05 4.4649E-035432 3402
 6.9654E+05 4.2668E-03 7.0000E+05 4.0749E-03 7.0700E+05 3.9272E-035432 3402
 7.5206E+05 3.7618E-03 8.0000E+05 3.6049E-03 8.7400E+05 3.4687E-035432 3402
 9.0000E+05 3.4507E-03 1.0000E+06 3.4637E-03 1.0400E+06 3.4796E-035432 3402
 1.2060E+06 3.6883E-03 1.3080E+06 3.8588E-03 1.3400E+06 3.7283E-035432 3402
 1.3730E+06 3.6021E-03 1.4110E+06 3.5943E-03 1.4480E+06 3.5774E-035432 3402
 1.4510E+06 3.5768E-03 1.4510E+06 3.5767E-03 1.4682E+06 3.3309E-035432 3402
 1.4860E+06 3.0974E-03 1.5000E+06 3.0515E-03 1.5240E+06 2.9976E-035432 3402
 1.6200E+06 2.9102E-03 1.7160E+06 2.9158E-03 1.8130E+06 2.9636E-035432 3402
 1.8180E+06 2.9598E-03 1.9090E+06 2.8819E-03 2.0000E+06 2.8911E-035432 3402
 2.1157E+06 2.8267E-03 2.2375E+06 2.7660E-03 2.3655E+06 2.7087E-035432 3402
 2.5000E+06 2.6548E-03 2.5752E+06 2.5396E-03 2.6533E+06 2.4290E-035432 3402
 2.7345E+06 2.3228E-03 2.8189E+06 2.2209E-03 2.9076E+06 2.1220E-035432 3402
 3.0000E+06 2.0365E-03 3.0558E+06 1.9427E-03 3.1134E+06 1.8525E-035432 3402
 3.1728E+06 1.7655E-03 3.2341E+06 1.6819E-03 3.2974E+06 1.6014E-035432 3402
 3.3627E+06 1.5241E-03 3.4302E+06 1.4498E-03 3.5000E+06 1.3784E-035432 3402
 3.5560E+06 1.3123E-03 3.6138E+06 1.2486E-03 3.6732E+06 1.1874E-035432 3402
 3.7346E+06 1.1285E-03 3.7978E+06 1.0720E-03 3.8631E+06 1.0177E-035432 3402
 3.9304E+06 9.6556E-04 4.0000E+06 9.1557E-04 4.0560E+06 8.6846E-045432 3402
 4.1137E+06 8.2324E-04 4.1731E+06 7.7986E-04 4.2344E+06 7.3827E-045432 3402
 4.2977E+06 6.9845E-04 4.3630E+06 6.6032E-04 4.4304E+06 6.2384E-045432 3402
 4.5000E+06 5.8900E-04 4.5560E+06 5.5755E-04 4.6136E+06 5.2741E-045432 3402
 4.6730E+06 4.9858E-04 4.7343E+06 4.7107E-04 4.7976E+06 4.4477E-045432 3402
 4.8628E+06 4.1972E-04 4.9303E+06 3.9585E-04 5.0000E+06 3.7316E-045432 3402
 5.0559E+06 3.5335E-04 5.1136E+06 3.3445E-04 5.1730E+06 3.1645E-045432 3402
 5.2342E+06 2.9930E-04 5.2975E+06 2.8307E-04 5.3628E+06 2.6762E-045432 3402
 5.4302E+06 2.5300E-04 5.5000E+06 2.3922E-04 5.5561E+06 2.2790E-045432 3402
 5.6138E+06 2.1714E-04 5.6733E+06 2.0695E-04 5.7346E+06 1.9732E-045432 3402
 5.7978E+06 1.8824E-04 5.8630E+06 1.7970E-04 5.9304E+06 1.7170E-045432 3402
 6.0000E+06 1.6424E-04 6.0562E+06 1.5810E-04 6.1140E+06 1.5234E-045432 3402
 6.1735E+06 1.4696E-04 6.2348E+06 1.4197E-04 6.2980E+06 1.3736E-045432 3402
 6.3632E+06 1.3314E-04 6.4305E+06 1.2931E-04 6.5000E+06 1.2587E-045432 3402
 6.5586E+06 1.2301E-04 6.6190E+06 1.2045E-04 6.6812E+06 1.1819E-045432 3402
 6.7454E+06 1.1625E-04 6.7953E+06 1.1499E-04 6.8464E+06 1.1392E-045432 3402
 6.8989E+06 1.1304E-04 6.9526E+06 1.1235E-04 7.0000E+06 1.1191E-045432 3402
 7.0587E+06 1.1139E-04 7.1192E+06 1.1113E-04 7.1815E+06 1.1111E-045432 3402
 7.2457E+06 1.1136E-04 7.3065E+06 1.1183E-04 7.3691E+06 1.1254E-045432 3402
 7.4336E+06 1.1349E-04 7.5000E+06 1.1470E-04 7.5589E+06 1.1587E-045432 3402
 7.6194E+06 1.1724E-04 7.6818E+06 1.1884E-04 7.7460E+06 1.2067E-045432 3402
 7.8068E+06 1.2257E-04 7.8693E+06 1.2466E-04 7.9337E+06 1.2698E-045432 3402
 8.0000E+06 1.2951E-04 8.0590E+06 1.3184E-04 8.1196E+06 1.3433E-045432 3402
 8.1820E+06 1.3702E-04 8.2462E+06 1.3989E-04 8.3070E+06 1.4270E-045432 3402
 8.3695E+06 1.4566E-04 8.4338E+06 1.4879E-04 8.5000E+06 1.5208E-045432 3402
 8.5421E+06 1.5419E-04 8.5849E+06 1.5635E-04 8.6286E+06 1.5857E-045432 3402
 8.6732E+06 1.6086E-04 8.7187E+06 1.6321E-04 8.7652E+06 1.6562E-045432 3402
 8.8126E+06 1.6809E-04 8.8610E+06 1.7061E-04 8.8622E+06 1.7067E-045432 3402
 8.9294E+06 1.7417E-04 9.0000E+06 1.7782E-04 9.0044E+06 1.7804E-045432 3402
 9.0044E+06 1.7804E-04 9.0429E+06 1.7993E-04 9.0823E+06 1.8185E-045432 3402
 9.1227E+06 1.8383E-04 9.1640E+06 1.8585E-04 9.2063E+06 1.8790E-045432 3402
 9.2497E+06 1.8999E-04 9.2942E+06 1.9211E-04 9.3399E+06 1.9427E-045432 3402
 9.3786E+06 1.9609E-04 9.4181E+06 1.9791E-04 9.4586E+06 1.9977E-045432 3402
 9.5000E+06 2.0164E-04 1.0000E+07 2.2165E-04 1.0668E+07 2.4053E-045432 3402
 1.0669E+07 2.4055E-04 1.0851E+07 2.4405E-04 1.1000E+07 2.4645E-045432 3402
 1.2000E+07 2.5520E-04 1.3000E+07 2.5396E-04 1.4000E+07 2.4747E-045432 3402
 1.4500E+07 2.4314E-04 1.5000E+07 2.3839E-04 1.5500E+07 2.3336E-045432 3402
 1.5660E+07 2.3171E-04 1.5661E+07 2.3170E-04 1.6000E+07 2.2818E-045432 3402
 1.6249E+07 2.2556E-04 1.6500E+07 2.2291E-04 1.6749E+07 2.2028E-045432 3402
 1.7000E+07 2.1763E-04 1.7249E+07 2.1501E-04 1.7500E+07 2.1239E-045432 3402
 1.7749E+07 2.0980E-04 1.8000E+07 2.0721E-04 1.8249E+07 2.0467E-045432 3402
 1.8500E+07 2.0213E-04 1.8749E+07 1.9963E-04 1.9000E+07 1.9715E-045432 3402
 1.9249E+07 1.9471E-04 1.9500E+07 1.9229E-04 1.9749E+07 1.8992E-045432 3402
 2.0000E+07 1.8756E-04                                            5432 3402
                                                                  5432 3  0
