XE-130N,G*   4.4000-01* JEF-2.2; RN - ---/SYS                     5430 3402
                                                                  5430 3402
 5.41300+04 1.2879E+02          0          1          0          05430 3402
 3.0000E+02 6.4438E+06          0          0          1       37915430 3402
       3791          2                                            5430 3402
 1.0000E-05 2.5839E+01 1.0772E-05 2.4896E+01 1.1544E-05 2.4050E+015430 3402
 1.2701E-05 2.2928E+01 1.4245E-05 2.1650E+01 1.5403E-05 2.0821E+015430 3402
 1.6174E-05 2.0318E+01 1.7718E-05 1.9413E+01 1.9261E-05 1.8619E+015430 3402
 2.0805E-05 1.7916E+01 2.2349E-05 1.7286E+01 2.4664E-05 1.6455E+015430 3402
 2.5436E-05 1.6203E+01 2.8523E-05 1.5302E+01 3.1610E-05 1.4536E+015430 3402
 3.4697E-05 1.3875E+01 3.7784E-05 1.3296E+01 4.0872E-05 1.2784E+015430 3402
 4.3187E-05 1.2437E+01 4.5502E-05 1.2117E+01 4.7046E-05 1.1916E+015430 3402
 5.1677E-05 1.1371E+01 5.3220E-05 1.1205E+01 5.9395E-05 1.0607E+015430 3402
 6.5569E-05 1.0096E+01 7.1743E-05 9.6515E+00 7.7918E-05 9.2617E+005430 3402
 8.4092E-05 8.9158E+00 8.8723E-05 8.6796E+00 9.3353E-05 8.4625E+005430 3402
 9.6440E-05 8.3262E+00 1.0570E-04 7.9532E+00 1.0879E-04 7.8397E+005430 3402
 1.1805E-04 7.5263E+00 1.2731E-04 7.2477E+00 1.3349E-04 7.0784E+005430 3402
 1.4584E-04 6.7725E+00 1.5818E-04 6.5031E+00 1.7053E-04 6.2636E+005430 3402
 1.8288E-04 6.0487E+00 2.0140E-04 5.7643E+00 2.2610E-04 5.4408E+005430 3402
 2.4462E-04 5.2311E+00 2.5697E-04 5.1040E+00 2.8167E-04 4.8754E+005430 3402
 3.0637E-04 4.6750E+00 3.3106E-04 4.4974E+00 3.5576E-04 4.3387E+005430 3402
 3.9281E-04 4.1292E+00 4.0516E-04 4.0659E+00 4.4220E-04 3.8920E+005430 3402
 4.7925E-04 3.7386E+00 5.0395E-04 3.6459E+00 5.5334E-04 3.4795E+005430 3402
 6.0273E-04 3.3340E+00 6.5213E-04 3.2053E+00 7.0152E-04 3.0905E+005430 3402
 7.7562E-04 2.9392E+00 8.0031E-04 2.8935E+00 8.7440E-04 2.7682E+005430 3402
 9.4850E-04 2.6579E+00 9.9789E-04 2.5913E+00 1.0967E-03 2.4717E+005430 3402
 1.1955E-03 2.3673E+00 1.2943E-03 2.2751E+00 1.3930E-03 2.1929E+005430 3402
 1.5412E-03 2.0848E+00 1.5906E-03 2.0522E+00 1.7388E-03 1.9627E+005430 3402
 1.8870E-03 1.8840E+00 1.9858E-03 1.8365E+00 2.1834E-03 1.7514E+005430 3402
 2.3809E-03 1.6771E+00 2.5785E-03 1.6115E+00 2.7761E-03 1.5530E+005430 3402
 3.0725E-03 1.4761E+00 3.1713E-03 1.4529E+00 3.4676E-03 1.3894E+005430 3402
 3.7640E-03 1.3335E+00 3.9616E-03 1.2997E+00 4.3567E-03 1.2393E+005430 3402
 4.7519E-03 1.1866E+00 5.1470E-03 1.1400E+00 5.5422E-03 1.0985E+005430 3402
 6.1349E-03 1.0440E+00 6.3325E-03 1.0276E+00 6.9252E-03 9.8249E-015430 3402
 7.5180E-03 9.4285E-01 7.9131E-03 9.1891E-01 8.7034E-03 8.7606E-015430 3402
 9.4938E-03 8.3865E-01 1.0284E-02 8.0569E-01 1.1074E-02 7.7629E-015430 3402
 1.2260E-02 7.3762E-01 1.2655E-02 7.2595E-01 1.3840E-02 6.9400E-015430 3402
 1.5026E-02 6.6591E-01 1.5816E-02 6.4896E-01 1.7397E-02 6.1858E-015430 3402
 1.8978E-02 5.9208E-01 2.0558E-02 5.6868E-01 2.2139E-02 5.4784E-015430 3402
 2.4510E-02 5.2042E-01 2.5300E-02 5.1214E-01 2.7761E-02 4.8867E-015430 3402
 3.1042E-02 4.6183E-01 3.1862E-02 4.5578E-01 3.5143E-02 4.3372E-015430 3402
 3.8424E-02 4.1451E-01 4.1705E-02 3.9761E-01 4.4986E-02 3.8260E-015430 3402
 4.9907E-02 3.6289E-01 5.1547E-02 3.5694E-01 5.6469E-02 3.4068E-015430 3402
 6.3031E-02 3.2205E-01 6.4671E-02 3.1784E-01 7.1233E-02 3.0247E-015430 3402
 7.7795E-02 2.8905E-01 8.4357E-02 2.7722E-01 9.0918E-02 2.6670E-015430 3402
 1.0076E-01 2.5284E-01 1.0404E-01 2.4866E-01 1.1388E-01 2.3720E-015430 3402
 1.2701E-01 2.2403E-01 1.3029E-01 2.2105E-01 1.4341E-01 2.1018E-015430 3402
 1.5654E-01 2.0064E-01 1.6966E-01 1.9223E-01 1.8278E-01 1.8474E-015430 3402
 2.0247E-01 1.7485E-01 2.0903E-01 1.7186E-01 2.2872E-01 1.6366E-015430 3402
 2.5496E-01 1.5422E-01 2.7465E-01 1.4801E-01 2.8777E-01 1.4424E-015430 3402
 3.1402E-01 1.3740E-01 3.4027E-01 1.3132E-01 3.6652E-01 1.2589E-015430 3402
 3.9276E-01 1.2101E-01 4.3213E-01 1.1450E-01 4.4526E-01 1.1251E-015430 3402
 4.8463E-01 1.0705E-01 5.2400E-01 1.0217E-01 5.5025E-01 9.9223E-025430 3402
 6.0274E-01 9.3889E-02 6.5524E-01 8.9166E-02 7.0773E-01 8.4955E-025430 3402
 7.6023E-01 8.1174E-02 8.1272E-01 7.7752E-02 8.6521E-01 7.4641E-025430 3402
 9.4396E-01 7.0449E-02 1.0227E+00 6.6716E-02 1.0752E+00 6.4449E-025430 3402
 1.1277E+00 6.2343E-02 1.1802E+00 6.0383E-02 1.2852E+00 5.6807E-025430 3402
 1.3902E+00 5.3623E-02 1.4952E+00 5.0772E-02 1.6001E+00 4.8200E-025430 3402
 1.7051E+00 4.5865E-02 1.8101E+00 4.3738E-02 1.9676E+00 4.0866E-025430 3402
 2.1251E+00 3.8313E-02 2.2301E+00 3.6763E-02 2.3351E+00 3.5323E-025430 3402
 2.4401E+00 3.3980E-02 2.5450E+00 3.2722E-02 2.6500E+00 3.1542E-025430 3402
 2.7550E+00 3.0433E-02 2.8600E+00 2.9389E-02 2.9650E+00 2.8406E-025430 3402
 3.1750E+00 2.6595E-02 3.3850E+00 2.4963E-02 3.5949E+00 2.3489E-025430 3402
 3.8049E+00 2.2150E-02 4.0149E+00 2.0930E-02 4.2249E+00 1.9812E-025430 3402
 4.4349E+00 1.8786E-02 4.6448E+00 1.7841E-02 4.8548E+00 1.6967E-025430 3402
 5.0648E+00 1.6159E-02 5.2748E+00 1.5407E-02 5.4847E+00 1.4709E-025430 3402
 5.6947E+00 1.4057E-02 5.9047E+00 1.3449E-02 6.1147E+00 1.2879E-025430 3402
 6.3247E+00 1.2345E-02 6.5346E+00 1.1844E-02 6.7446E+00 1.1372E-025430 3402
 6.9546E+00 1.0929E-02 7.1646E+00 1.0510E-02 7.3746E+00 1.0116E-025430 3402
 7.5845E+00 9.7431E-03 8.0045E+00 9.0570E-03 8.4244E+00 8.4385E-035430 3402
 8.8444E+00 7.8806E-03 9.2644E+00 7.3755E-03 9.6843E+00 6.9165E-035430 3402
 1.0104E+01 6.4983E-03 1.0524E+01 6.1163E-03 1.0944E+01 5.7661E-035430 3402
 1.1364E+01 5.4445E-03 1.1784E+01 5.1485E-03 1.2204E+01 4.8754E-035430 3402
 1.2624E+01 4.6230E-03 1.3044E+01 4.3892E-03 1.3464E+01 4.1722E-035430 3402
 1.3884E+01 3.9706E-03 1.4304E+01 3.7828E-03 1.4724E+01 3.6077E-035430 3402
 1.5144E+01 3.4442E-03 1.5564E+01 3.2913E-03 1.5984E+01 3.1481E-035430 3402
 1.6404E+01 3.0138E-03 1.6824E+01 2.8877E-03 1.7244E+01 2.7692E-035430 3402
 1.7664E+01 2.6576E-03 1.8083E+01 2.5525E-03 1.8503E+01 2.4534E-035430 3402
 1.8923E+01 2.3598E-03 1.9343E+01 2.2713E-03 1.9763E+01 2.1877E-035430 3402
 2.0183E+01 2.1086E-03 2.1023E+01 1.9625E-03 2.1863E+01 1.8306E-035430 3402
 2.2703E+01 1.7114E-03 2.3543E+01 1.6033E-03 2.4383E+01 1.5051E-035430 3402
 2.5223E+01 1.4155E-03 2.6063E+01 1.3336E-03 2.6903E+01 1.2585E-035430 3402
 2.7742E+01 1.1897E-03 2.8582E+01 1.1263E-03 2.9422E+01 1.0679E-035430 3402
 3.0262E+01 1.0139E-03 3.1102E+01 9.6407E-04 3.1942E+01 9.1767E-045430 3402
 3.2782E+01 8.7465E-04 3.3622E+01 8.3469E-04 3.4462E+01 7.9740E-045430 3402
 3.5302E+01 7.6263E-04 3.6142E+01 7.3016E-04 3.6982E+01 6.9979E-045430 3402
 3.7821E+01 6.7133E-04 3.8661E+01 6.4465E-04 3.9501E+01 6.1958E-045430 3402
 4.0341E+01 5.9602E-04 4.1181E+01 5.7385E-04 4.2021E+01 5.5296E-045430 3402
 4.2861E+01 5.3326E-04 4.3701E+01 5.1469E-04 4.5381E+01 4.8052E-045430 3402
 4.7060E+01 4.4986E-04 4.8740E+01 4.2228E-04 5.0420E+01 3.9740E-045430 3402
 5.2100E+01 3.7489E-04 5.3780E+01 3.5445E-04 5.5460E+01 3.3585E-045430 3402
 5.7139E+01 3.1888E-04 5.8819E+01 3.0336E-04 6.0499E+01 2.8913E-045430 3402
 6.2179E+01 2.7606E-04 6.3859E+01 2.6403E-04 6.5539E+01 2.5293E-045430 3402
 6.7218E+01 2.4268E-04 6.8898E+01 2.3319E-04 7.2258E+01 2.1622E-045430 3402
 7.3938E+01 2.0862E-04 7.7297E+01 1.9494E-04 8.0657E+01 1.8302E-045430 3402
 8.4017E+01 1.7258E-04 8.7376E+01 1.6338E-04 9.0736E+01 1.5525E-045430 3402
 9.4096E+01 1.4805E-04 9.7455E+01 1.4165E-04 1.0081E+02 1.3593E-045430 3402
 1.0417E+02 1.3083E-04 1.1089E+02 1.2215E-04 1.1425E+02 1.1847E-045430 3402
 1.2097E+02 1.1217E-04 1.2769E+02 1.0708E-04 1.3441E+02 1.0296E-045430 3402
 1.4113E+02 9.9652E-05 1.4785E+02 9.7035E-05 1.5457E+02 9.5004E-055430 3402
 1.6129E+02 9.3493E-05 1.6801E+02 9.2444E-05 1.8145E+02 9.1577E-055430 3402
 1.9489E+02 9.2188E-05 2.0160E+02 9.3022E-05 2.1504E+02 9.5755E-055430 3402
 2.2176E+02 9.7671E-05 2.3520E+02 1.0273E-04 2.4192E+02 1.0594E-045430 3402
 2.5536E+02 1.1398E-04 2.6208E+02 1.1893E-04 2.6880E+02 1.2464E-045430 3402
 2.7552E+02 1.3120E-04 2.8224E+02 1.3877E-04 2.9232E+02 1.5244E-045430 3402
 3.0239E+02 1.6963E-04 3.0911E+02 1.8362E-04 3.1247E+02 1.9154E-045430 3402
 3.1919E+02 2.0962E-04 3.2255E+02 2.1996E-04 3.2927E+02 2.4383E-045430 3402
 3.3263E+02 2.5766E-04 3.3599E+02 2.7298E-04 3.3935E+02 2.9002E-045430 3402
 3.4271E+02 3.0906E-04 3.4607E+02 3.3036E-04 3.5111E+02 3.6752E-045430 3402
 3.5615E+02 4.1248E-04 3.5783E+02 4.2958E-04 3.6119E+02 4.6755E-045430 3402
 3.6455E+02 5.1144E-04 3.6623E+02 5.3600E-04 3.6959E+02 5.9132E-045430 3402
 3.7127E+02 6.2257E-04 3.7463E+02 6.9369E-04 3.7631E+02 7.3430E-045430 3402
 3.7799E+02 7.7886E-04 3.7967E+02 8.2792E-04 3.8135E+02 8.8200E-045430 3402
 3.8303E+02 9.4203E-04 3.8471E+02 1.0087E-03 3.8723E+02 1.1233E-035430 3402
 3.8807E+02 1.1662E-03 3.8975E+02 1.2601E-03 3.9059E+02 1.3116E-035430 3402
 3.9226E+02 1.4250E-03 3.9394E+02 1.5543E-03 3.9478E+02 1.6259E-035430 3402
 3.9646E+02 1.7856E-03 3.9730E+02 1.8746E-03 3.9898E+02 2.0748E-035430 3402
 3.9982E+02 2.1874E-03 4.0066E+02 2.3098E-03 4.0150E+02 2.4430E-035430 3402
 4.0234E+02 2.5884E-03 4.0318E+02 2.7476E-03 4.0402E+02 2.9223E-035430 3402
 4.0486E+02 3.1145E-03 4.0570E+02 3.3268E-03 4.0654E+02 3.5620E-035430 3402
 4.0738E+02 3.8228E-03 4.0780E+02 3.9640E-03 4.0822E+02 4.1137E-035430 3402
 4.0906E+02 4.4410E-03 4.0990E+02 4.8097E-03 4.1032E+02 5.0118E-035430 3402
 4.1116E+02 5.4568E-03 4.1158E+02 5.7022E-03 4.1200E+02 5.9648E-035430 3402
 4.1242E+02 6.2461E-03 4.1284E+02 6.5482E-03 4.1326E+02 6.8729E-035430 3402
 4.1368E+02 7.2228E-03 4.1410E+02 7.6004E-03 4.1452E+02 8.0088E-035430 3402
 4.1494E+02 8.4517E-03 4.1536E+02 8.9323E-03 4.1578E+02 9.4558E-035430 3402
 4.1620E+02 1.0027E-02 4.1662E+02 1.0652E-02 4.1704E+02 1.1338E-025430 3402
 4.1746E+02 1.2094E-02 4.1788E+02 1.2929E-02 4.1830E+02 1.3852E-025430 3402
 4.1872E+02 1.4877E-02 4.1893E+02 1.5433E-02 4.1914E+02 1.6022E-025430 3402
 4.1935E+02 1.6646E-02 4.1956E+02 1.7307E-02 4.1977E+02 1.8010E-025430 3402
 4.1998E+02 1.8756E-02 4.2019E+02 1.9551E-02 4.2040E+02 2.0397E-025430 3402
 4.2061E+02 2.1299E-02 4.2082E+02 2.2264E-02 4.2103E+02 2.3296E-025430 3402
 4.2124E+02 2.4402E-02 4.2145E+02 2.5590E-02 4.2166E+02 2.6866E-025430 3402
 4.2187E+02 2.8242E-02 4.2208E+02 2.9727E-02 4.2229E+02 3.1333E-025430 3402
 4.2250E+02 3.3074E-02 4.2271E+02 3.4965E-02 4.2292E+02 3.7025E-025430 3402
 4.2313E+02 3.9273E-02 4.2334E+02 4.1733E-02 4.2355E+02 4.4434E-025430 3402
 4.2376E+02 4.7409E-02 4.2397E+02 5.0692E-02 4.2418E+02 5.4331E-025430 3402
 4.2439E+02 5.8379E-02 4.2450E+02 6.0577E-02 4.2460E+02 6.2902E-025430 3402
 4.2471E+02 6.5365E-02 4.2481E+02 6.7978E-02 4.2492E+02 7.0752E-025430 3402
 4.2502E+02 7.3700E-02 4.2513E+02 7.6841E-02 4.2523E+02 8.0189E-025430 3402
 4.2534E+02 8.3766E-02 4.2544E+02 8.7589E-02 4.2555E+02 9.1676E-025430 3402
 4.2565E+02 9.6069E-02 4.2576E+02 1.0078E-01 4.2586E+02 1.0585E-015430 3402
 4.2597E+02 1.1132E-01 4.2607E+02 1.1724E-01 4.2618E+02 1.2364E-015430 3402
 4.2628E+02 1.3059E-01 4.2633E+02 1.3429E-01 4.2644E+02 1.4219E-015430 3402
 4.2649E+02 1.4640E-01 4.2660E+02 1.5544E-01 4.2665E+02 1.6027E-015430 3402
 4.2670E+02 1.6533E-01 4.2679E+02 1.7481E-01 4.2683E+02 1.7841E-015430 3402
 4.2691E+02 1.8828E-01 4.2696E+02 1.9479E-01 4.2699E+02 1.9817E-015430 3402
 4.2707E+02 2.0887E-01 4.2712E+02 2.1650E-01 4.2717E+02 2.2458E-015430 3402
 4.2723E+02 2.3312E-01 4.2728E+02 2.4217E-01 4.2733E+02 2.5179E-015430 3402
 4.2738E+02 2.6200E-01 4.2744E+02 2.7287E-01 4.2749E+02 2.8444E-015430 3402
 4.2754E+02 2.9678E-01 4.2759E+02 3.0999E-01 4.2765E+02 3.2414E-015430 3402
 4.2767E+02 3.3161E-01 4.2770E+02 3.3932E-01 4.2773E+02 3.4736E-015430 3402
 4.2775E+02 3.5566E-01 4.2778E+02 3.6431E-01 4.2780E+02 3.7326E-015430 3402
 4.2783E+02 3.8260E-01 4.2786E+02 3.9228E-01 4.2788E+02 4.0238E-015430 3402
 4.2791E+02 4.1288E-01 4.2794E+02 4.2385E-01 4.2796E+02 4.3525E-015430 3402
 4.2799E+02 4.4720E-01 4.2801E+02 4.5964E-01 4.2804E+02 4.7269E-015430 3402
 4.2807E+02 4.8630E-01 4.2809E+02 5.0061E-01 4.2812E+02 5.1558E-015430 3402
 4.2815E+02 5.3135E-01 4.2817E+02 5.4786E-01 4.2820E+02 5.6532E-015430 3402
 4.2822E+02 5.8365E-01 4.2825E+02 6.0307E-01 4.2828E+02 6.2353E-015430 3402
 4.2830E+02 6.4529E-01 4.2833E+02 6.6828E-01 4.2836E+02 6.9272E-015430 3402
 4.2838E+02 7.1874E-01 4.2841E+02 7.4660E-01 4.2843E+02 7.7629E-015430 3402
 4.2846E+02 8.0822E-01 4.2849E+02 8.4237E-01 4.2851E+02 8.7928E-015430 3402
 4.2854E+02 9.1899E-01 4.2856E+02 9.6209E-01 4.2858E+02 9.8488E-015430 3402
 4.2859E+02 1.0086E+00 4.2860E+02 1.0335E+00 4.2862E+02 1.0594E+005430 3402
 4.2863E+02 1.0863E+00 4.2864E+02 1.1143E+00 4.2866E+02 1.1440E+005430 3402
 4.2867E+02 1.1747E+00 4.2868E+02 1.2068E+00 4.2870E+02 1.2403E+005430 3402
 4.2871E+02 1.2758E+00 4.2872E+02 1.3126E+00 4.2874E+02 1.3512E+005430 3402
 4.2875E+02 1.3916E+00 4.2876E+02 1.4343E+00 4.2877E+02 1.4788E+005430 3402
 4.2879E+02 1.5255E+00 4.2880E+02 1.5744E+00 4.2881E+02 1.6262E+005430 3402
 4.2883E+02 1.6802E+00 4.2884E+02 1.7368E+00 4.2885E+02 1.7964E+005430 3402
 4.2887E+02 1.8594E+00 4.2888E+02 1.9252E+00 4.2889E+02 1.9943E+005430 3402
 4.2891E+02 2.0669E+00 4.2892E+02 2.1437E+00 4.2893E+02 2.2240E+005430 3402
 4.2895E+02 2.3083E+00 4.2896E+02 2.3968E+00 4.2897E+02 2.4906E+005430 3402
 4.2899E+02 2.5884E+00 4.2900E+02 2.6912E+00 4.2901E+02 2.7991E+005430 3402
 4.2902E+02 2.9133E+00 4.2904E+02 3.0322E+00 4.2905E+02 3.1570E+005430 3402
 4.2906E+02 3.2881E+00 4.2908E+02 3.4264E+00 4.2909E+02 3.5705E+005430 3402
 4.2910E+02 3.7215E+00 4.2912E+02 3.8796E+00 4.2913E+02 4.0465E+005430 3402
 4.2914E+02 4.2198E+00 4.2916E+02 4.4012E+00 4.2917E+02 4.5907E+005430 3402
 4.2918E+02 4.7889E+00 4.2919E+02 4.9958E+00 4.2921E+02 5.2117E+005430 3402
 4.2922E+02 5.4370E+00 4.2923E+02 5.6736E+00 4.2925E+02 5.9184E+005430 3402
 4.2926E+02 6.1731E+00 4.2927E+02 6.4382E+00 4.2930E+02 7.0020E+005430 3402
 4.2933E+02 7.6074E+00 4.2934E+02 7.9293E+00 4.2937E+02 8.6028E+005430 3402
 4.2938E+02 8.9562E+00 4.2940E+02 9.7018E+00 4.2942E+02 1.0091E+015430 3402
 4.2944E+02 1.0907E+01 4.2946E+02 1.1331E+01 4.2948E+02 1.2213E+015430 3402
 4.2951E+02 1.3142E+01 4.2955E+02 1.4616E+01 4.2959E+02 1.6172E+015430 3402
 4.2963E+02 1.7806E+01 4.2965E+02 1.8931E+01 4.2969E+02 2.0648E+015430 3402
 4.2977E+02 2.4141E+01 4.2984E+02 2.6978E+01 4.2988E+02 2.8852E+015430 3402
 4.2992E+02 3.0101E+01 4.2996E+02 3.1474E+01 4.2999E+02 3.2502E+015430 3402
 4.3003E+02 3.3561E+01 4.3006E+02 3.4288E+01 4.3009E+02 3.4730E+015430 3402
 4.3013E+02 3.5344E+01 4.3016E+02 3.5514E+01 4.3019E+02 3.5595E+015430 3402
 4.3020E+02 3.5590E+01 4.3024E+02 3.5403E+01 4.3027E+02 3.5067E+015430 3402
 4.3030E+02 3.4572E+01 4.3034E+02 3.3760E+01 4.3037E+02 3.3178E+015430 3402
 4.3039E+02 3.2526E+01 4.3043E+02 3.1299E+01 4.3048E+02 2.9627E+015430 3402
 4.3051E+02 2.8097E+01 4.3056E+02 2.6142E+01 4.3063E+02 2.3068E+015430 3402
 4.3072E+02 1.8945E+01 4.3076E+02 1.7615E+01 4.3080E+02 1.5693E+015430 3402
 4.3085E+02 1.3886E+01 4.3086E+02 1.3310E+01 4.3090E+02 1.2204E+015430 3402
 4.3093E+02 1.1160E+01 4.3094E+02 1.0663E+01 4.3097E+02 9.7167E+005430 3402
 4.3099E+02 9.2692E+00 4.3102E+02 8.4228E+00 4.3104E+02 8.0238E+005430 3402
 4.3105E+02 7.6411E+00 4.3107E+02 7.2766E+00 4.3108E+02 6.9253E+005430 3402
 4.3110E+02 6.5893E+00 4.3111E+02 6.2684E+00 4.3113E+02 5.9620E+005430 3402
 4.3115E+02 5.6700E+00 4.3116E+02 5.3918E+00 4.3118E+02 5.1270E+005430 3402
 4.3119E+02 4.8754E+00 4.3121E+02 4.6362E+00 4.3122E+02 4.4092E+005430 3402
 4.3124E+02 4.1939E+00 4.3125E+02 3.9898E+00 4.3127E+02 3.7966E+005430 3402
 4.3129E+02 3.6136E+00 4.3130E+02 3.4406E+00 4.3132E+02 3.2780E+005430 3402
 4.3133E+02 3.1232E+00 4.3135E+02 2.9772E+00 4.3136E+02 2.8393E+005430 3402
 4.3138E+02 2.7091E+00 4.3140E+02 2.5863E+00 4.3141E+02 2.4705E+005430 3402
 4.3143E+02 2.3612E+00 4.3144E+02 2.2582E+00 4.3146E+02 2.1612E+005430 3402
 4.3147E+02 2.0696E+00 4.3149E+02 1.9833E+00 4.3150E+02 1.9020E+005430 3402
 4.3152E+02 1.8253E+00 4.3154E+02 1.7529E+00 4.3155E+02 1.6847E+005430 3402
 4.3157E+02 1.6208E+00 4.3158E+02 1.5601E+00 4.3160E+02 1.5027E+005430 3402
 4.3161E+02 1.4486E+00 4.3163E+02 1.3974E+00 4.3166E+02 1.3033E+005430 3402
 4.3169E+02 1.2190E+00 4.3172E+02 1.1434E+00 4.3175E+02 1.0753E+005430 3402
 4.3179E+02 1.0139E+00 4.3182E+02 9.5829E-01 4.3185E+02 9.0768E-015430 3402
 4.3188E+02 8.6161E-01 4.3191E+02 8.1940E-01 4.3194E+02 7.8068E-015430 3402
 4.3197E+02 7.4505E-01 4.3200E+02 7.1216E-01 4.3203E+02 6.8169E-015430 3402
 4.3207E+02 6.5348E-01 4.3210E+02 6.2714E-01 4.3213E+02 6.0255E-015430 3402
 4.3216E+02 5.7954E-01 4.3219E+02 5.5797E-01 4.3222E+02 5.3770E-015430 3402
 4.3225E+02 5.1861E-01 4.3232E+02 4.8367E-01 4.3238E+02 4.5235E-015430 3402
 4.3244E+02 4.2417E-01 4.3250E+02 3.9869E-01 4.3256E+02 3.7559E-015430 3402
 4.3263E+02 3.5449E-01 4.3269E+02 3.3520E-01 4.3275E+02 3.1749E-015430 3402
 4.3281E+02 3.0124E-01 4.3288E+02 2.8621E-01 4.3294E+02 2.7230E-015430 3402
 4.3300E+02 2.5942E-01 4.3306E+02 2.4748E-01 4.3313E+02 2.3634E-015430 3402
 4.3319E+02 2.2596E-01 4.3325E+02 2.1626E-01 4.3331E+02 2.0721E-015430 3402
 4.3338E+02 1.9870E-01 4.3344E+02 1.9072E-01 4.3350E+02 1.8322E-015430 3402
 4.3356E+02 1.7617E-01 4.3362E+02 1.6951E-01 4.3369E+02 1.6324E-015430 3402
 4.3375E+02 1.5731E-01 4.3381E+02 1.5171E-01 4.3394E+02 1.4137E-015430 3402
 4.3406E+02 1.3206E-01 4.3419E+02 1.2366E-01 4.3431E+02 1.1603E-015430 3402
 4.3444E+02 1.0909E-01 4.3456E+02 1.0277E-01 4.3469E+02 9.6977E-025430 3402
 4.3481E+02 9.1668E-02 4.3493E+02 8.6788E-02 4.3506E+02 8.2290E-025430 3402
 4.3518E+02 7.8131E-02 4.3531E+02 7.4285E-02 4.3543E+02 7.0714E-025430 3402
 4.3556E+02 6.7398E-02 4.3568E+02 6.4310E-02 4.3581E+02 6.1431E-025430 3402
 4.3593E+02 5.8741E-02 4.3606E+02 5.6226E-02 4.3618E+02 5.3868E-025430 3402
 4.3631E+02 5.1658E-02 4.3643E+02 4.9579E-02 4.3656E+02 4.7626E-025430 3402
 4.3668E+02 4.5785E-02 4.3681E+02 4.4051E-02 4.3693E+02 4.2414E-025430 3402
 4.3706E+02 4.0867E-02 4.3731E+02 3.8017E-02 4.3755E+02 3.5454E-025430 3402
 4.3780E+02 3.3141E-02 4.3805E+02 3.1047E-02 4.3830E+02 2.9144E-025430 3402
 4.3855E+02 2.7411E-02 4.3880E+02 2.5828E-02 4.3905E+02 2.4379E-025430 3402
 4.3930E+02 2.3049E-02 4.3955E+02 2.1825E-02 4.3980E+02 2.0695E-025430 3402
 4.4005E+02 1.9651E-02 4.4030E+02 1.8684E-02 4.4055E+02 1.7786E-025430 3402
 4.4080E+02 1.6951E-02 4.4105E+02 1.6174E-02 4.4130E+02 1.5450E-025430 3402
 4.4155E+02 1.4772E-02 4.4180E+02 1.4139E-02 4.4205E+02 1.3545E-025430 3402
 4.4230E+02 1.2988E-02 4.4254E+02 1.2465E-02 4.4304E+02 1.1508E-025430 3402
 4.4329E+02 1.1071E-02 4.4379E+02 1.0269E-02 4.4429E+02 9.5516E-035430 3402
 4.4479E+02 8.9050E-03 4.4529E+02 8.3221E-03 4.4579E+02 7.7941E-035430 3402
 4.4629E+02 7.3148E-03 4.4679E+02 6.8782E-03 4.4729E+02 6.4797E-035430 3402
 4.4778E+02 6.1146E-03 4.4828E+02 5.7797E-03 4.4878E+02 5.4714E-035430 3402
 4.4928E+02 5.1871E-03 4.4978E+02 4.9245E-03 4.5028E+02 4.6812E-035430 3402
 4.5078E+02 4.4556E-03 4.5178E+02 4.0506E-03 4.5228E+02 3.8684E-035430 3402
 4.5327E+02 3.5392E-03 4.5377E+02 3.3901E-03 4.5477E+02 3.1189E-035430 3402
 4.5527E+02 2.9953E-03 4.5627E+02 2.7693E-03 4.5727E+02 2.5685E-035430 3402
 4.5826E+02 2.3888E-03 4.5926E+02 2.2269E-03 4.6026E+02 2.0809E-035430 3402
 4.6126E+02 1.9488E-03 4.6226E+02 1.8290E-03 4.6325E+02 1.7199E-035430 3402
 4.6425E+02 1.6203E-03 4.6625E+02 1.4457E-03 4.6824E+02 1.2980E-035430 3402
 4.6924E+02 1.2325E-03 4.7124E+02 1.1158E-03 4.7224E+02 1.0636E-035430 3402
 4.7423E+02 9.6969E-04 4.7523E+02 9.2741E-04 4.7723E+02 8.5087E-045430 3402
 4.7922E+02 7.8359E-04 4.8222E+02 6.9694E-04 4.8321E+02 6.7129E-045430 3402
 4.8621E+02 6.0270E-04 4.8820E+02 5.6268E-04 4.9220E+02 4.9405E-045430 3402
 4.9619E+02 4.3764E-04 4.9818E+02 4.1314E-04 5.0218E+02 3.7020E-045430 3402
 5.0417E+02 3.5132E-04 5.0816E+02 3.1790E-04 5.1415E+02 2.7656E-045430 3402
 5.1814E+02 2.5364E-04 5.2413E+02 2.2469E-04 5.3012E+02 2.0091E-045430 3402
 5.3810E+02 1.7531E-04 5.4609E+02 1.5492E-04 5.5008E+02 1.4627E-045430 3402
 5.5806E+02 1.3142E-04 5.7004E+02 1.1390E-04 5.8202E+02 1.0057E-045430 3402
 5.9000E+02 9.3394E-05 6.0198E+02 8.4592E-05 6.1395E+02 7.7616E-055430 3402
 6.2194E+02 7.3764E-05 6.3791E+02 6.7545E-05 6.5387E+02 6.2883E-055430 3402
 6.7783E+02 5.8024E-05 7.0178E+02 5.5072E-05 7.3371E+02 5.3424E-055430 3402
 7.4968E+02 5.3478E-05 7.7363E+02 5.4732E-05 7.9759E+02 5.7744E-055430 3402
 8.2154E+02 6.3476E-05 8.4150E+02 7.2000E-05 8.5348E+02 8.0121E-055430 3402
 8.6545E+02 9.2279E-05 8.6944E+02 9.7687E-05 8.7942E+02 1.1601E-045430 3402
 8.8541E+02 1.3190E-04 8.9140E+02 1.5372E-04 8.9539E+02 1.7316E-045430 3402
 9.0138E+02 2.1383E-04 9.0537E+02 2.5260E-04 9.0837E+02 2.9144E-045430 3402
 9.1036E+02 3.2378E-04 9.1336E+02 3.8580E-04 9.1635E+02 4.7134E-045430 3402
 9.1934E+02 5.9406E-04 9.2134E+02 7.0823E-04 9.2234E+02 7.7922E-045430 3402
 9.2383E+02 9.0867E-04 9.2533E+02 1.0766E-03 9.2683E+02 1.2997E-035430 3402
 9.2783E+02 1.4915E-03 9.2833E+02 1.6046E-03 9.2932E+02 1.8745E-035430 3402
 9.2982E+02 2.0367E-03 9.3082E+02 2.4340E-03 9.3132E+02 2.6789E-035430 3402
 9.3182E+02 2.9636E-03 9.3232E+02 3.2968E-03 9.3282E+02 3.6912E-035430 3402
 9.3307E+02 3.9165E-03 9.3357E+02 4.4355E-03 9.3382E+02 4.7357E-035430 3402
 9.3431E+02 5.4374E-03 9.3456E+02 5.8496E-03 9.3506E+02 6.8317E-035430 3402
 9.3531E+02 7.4203E-03 9.3556E+02 8.0901E-03 9.3581E+02 8.8572E-035430 3402
 9.3606E+02 9.7406E-03 9.3631E+02 1.0767E-02 9.3656E+02 1.1968E-025430 3402
 9.3681E+02 1.3389E-02 9.3706E+02 1.5087E-02 9.3718E+02 1.6065E-025430 3402
 9.3743E+02 1.8341E-02 9.3756E+02 1.9673E-02 9.3768E+02 2.1164E-025430 3402
 9.3781E+02 2.2840E-02 9.3793E+02 2.4739E-02 9.3806E+02 2.6902E-025430 3402
 9.3818E+02 2.9390E-02 9.3831E+02 3.2282E-02 9.3843E+02 3.5699E-025430 3402
 9.3856E+02 3.9811E-02 9.3862E+02 4.2213E-02 9.3868E+02 4.4906E-025430 3402
 9.3874E+02 4.7953E-02 9.3880E+02 5.1433E-02 9.3887E+02 5.5461E-025430 3402
 9.3893E+02 6.0169E-02 9.3899E+02 6.5735E-02 9.3905E+02 7.2374E-025430 3402
 9.3912E+02 8.0399E-02 9.3918E+02 9.0165E-02 9.3921E+02 9.5846E-025430 3402
 9.3924E+02 1.0215E-01 9.3927E+02 1.0913E-01 9.3930E+02 1.1688E-015430 3402
 9.3934E+02 1.2550E-01 9.3937E+02 1.3512E-01 9.3940E+02 1.4581E-015430 3402
 9.3943E+02 1.5771E-01 9.3946E+02 1.7095E-01 9.3949E+02 1.8568E-015430 3402
 9.3952E+02 2.0206E-01 9.3955E+02 2.2020E-01 9.3958E+02 2.4040E-015430 3402
 9.3962E+02 2.6280E-01 9.3965E+02 2.8761E-01 9.3968E+02 3.1506E-015430 3402
 9.3971E+02 3.4538E-01 9.3974E+02 3.7881E-01 9.3977E+02 4.1563E-015430 3402
 9.3980E+02 4.5594E-01 9.3982E+02 4.7762E-01 9.3983E+02 5.0031E-015430 3402
 9.3985E+02 5.2405E-01 9.3987E+02 5.4888E-01 9.3988E+02 5.7483E-015430 3402
 9.3990E+02 6.0193E-01 9.3993E+02 6.5977E-01 9.3996E+02 7.2268E-015430 3402
 9.3999E+02 7.9094E-01 9.4002E+02 8.6483E-01 9.4005E+02 9.4434E-015430 3402
 9.4008E+02 1.0303E+00 9.4011E+02 1.1226E+00 9.4015E+02 1.2216E+005430 3402
 9.4018E+02 1.3273E+00 9.4021E+02 1.4399E+00 9.4024E+02 1.5596E+005430 3402
 9.4027E+02 1.6865E+00 9.4030E+02 1.8201E+00 9.4033E+02 1.9611E+005430 3402
 9.4036E+02 2.1092E+00 9.4040E+02 2.2643E+00 9.4043E+02 2.4260E+005430 3402
 9.4046E+02 2.5941E+00 9.4049E+02 2.7684E+00 9.4052E+02 2.9483E+005430 3402
 9.4055E+02 3.1327E+00 9.4060E+02 3.4188E+00 9.4063E+02 3.6142E+005430 3402
 9.4067E+02 3.8624E+00 9.4071E+02 4.1137E+00 9.4079E+02 4.6179E+005430 3402
 9.4086E+02 5.1110E+00 9.4093E+02 5.5327E+00 9.4097E+02 5.7529E+005430 3402
 9.4102E+02 5.9999E+00 9.4106E+02 6.1887E+00 9.4111E+02 6.3929E+005430 3402
 9.4115E+02 6.5558E+00 9.4119E+02 6.6931E+00 9.4123E+02 6.8031E+005430 3402
 9.4128E+02 6.8841E+00 9.4132E+02 6.9373E+00 9.4137E+02 6.9563E+005430 3402
 9.4138E+02 6.9556E+00 9.4144E+02 6.9196E+00 9.4148E+02 6.8520E+005430 3402
 9.4153E+02 6.7514E+00 9.4158E+02 6.5924E+00 9.4162E+02 6.4420E+005430 3402
 9.4167E+02 6.2322E+00 9.4171E+02 6.0355E+00 9.4176E+02 5.7764E+005430 3402
 9.4180E+02 5.5444E+00 9.4185E+02 5.2501E+00 9.4190E+02 4.9434E+005430 3402
 9.4199E+02 4.4141E+00 9.4208E+02 3.7754E+00 9.4217E+02 3.2590E+005430 3402
 9.4223E+02 2.8663E+00 9.4227E+02 2.6784E+00 9.4230E+02 2.4978E+005430 3402
 9.4233E+02 2.3236E+00 9.4237E+02 2.1573E+00 9.4240E+02 1.9982E+005430 3402
 9.4243E+02 1.8474E+00 9.4246E+02 1.7041E+00 9.4250E+02 1.5693E+005430 3402
 9.4253E+02 1.4421E+00 9.4256E+02 1.3231E+00 9.4260E+02 1.2115E+005430 3402
 9.4263E+02 1.1079E+00 9.4266E+02 1.0114E+00 9.4270E+02 9.2213E-015430 3402
 9.4273E+02 8.3948E-01 9.4276E+02 7.6363E-01 9.4278E+02 7.2780E-015430 3402
 9.4280E+02 6.9370E-01 9.4281E+02 6.6106E-01 9.4283E+02 6.2983E-015430 3402
 9.4284E+02 5.9980E-01 9.4286E+02 5.7129E-01 9.4288E+02 5.4407E-015430 3402
 9.4289E+02 5.1809E-01 9.4291E+02 4.9317E-01 9.4293E+02 4.6956E-015430 3402
 9.4294E+02 4.4707E-01 9.4296E+02 4.2566E-01 9.4298E+02 4.0516E-015430 3402
 9.4299E+02 3.8579E-01 9.4303E+02 3.4986E-01 9.4306E+02 3.1737E-015430 3402
 9.4309E+02 2.8821E-01 9.4313E+02 2.6192E-01 9.4316E+02 2.3840E-015430 3402
 9.4319E+02 2.1726E-01 9.4322E+02 1.9838E-01 9.4326E+02 1.8145E-015430 3402
 9.4329E+02 1.6636E-01 9.4332E+02 1.5284E-01 9.4336E+02 1.4081E-015430 3402
 9.4339E+02 1.3004E-01 9.4342E+02 1.2043E-01 9.4346E+02 1.1184E-015430 3402
 9.4349E+02 1.0417E-01 9.4352E+02 9.7307E-02 9.4356E+02 9.1156E-025430 3402
 9.4359E+02 8.5616E-02 9.4362E+02 8.0655E-02 9.4369E+02 7.2129E-025430 3402
 9.4375E+02 6.5141E-02 9.4382E+02 5.9350E-02 9.4389E+02 5.4494E-025430 3402
 9.4395E+02 5.0369E-02 9.4402E+02 4.6820E-02 9.4408E+02 4.3732E-025430 3402
 9.4415E+02 4.1013E-02 9.4422E+02 3.8596E-02 9.4435E+02 3.4471E-025430 3402
 9.4448E+02 3.1061E-02 9.4461E+02 2.8183E-02 9.4474E+02 2.5718E-025430 3402
 9.4488E+02 2.3582E-02 9.4501E+02 2.1715E-02 9.4514E+02 2.0070E-025430 3402
 9.4527E+02 1.8612E-02 9.4541E+02 1.7313E-02 9.4567E+02 1.5103E-025430 3402
 9.4580E+02 1.4158E-02 9.4607E+02 1.2522E-02 9.4620E+02 1.1810E-025430 3402
 9.4646E+02 1.0561E-02 9.4660E+02 1.0012E-02 9.4699E+02 8.6020E-035430 3402
 9.4726E+02 7.8237E-03 9.4752E+02 7.1479E-03 9.4779E+02 6.5574E-035430 3402
 9.4805E+02 6.0378E-03 9.4831E+02 5.5783E-03 9.4858E+02 5.1701E-035430 3402
 9.4911E+02 4.4794E-03 9.4937E+02 4.1854E-03 9.4990E+02 3.6795E-035430 3402
 9.5043E+02 3.2614E-03 9.5122E+02 2.7586E-03 9.5149E+02 2.6173E-035430 3402
 9.5202E+02 2.3662E-03 9.5254E+02 2.1498E-03 9.5307E+02 1.9623E-035430 3402
 9.5413E+02 1.6554E-03 9.5519E+02 1.4170E-03 9.5572E+02 1.3172E-035430 3402
 9.5677E+02 1.1479E-03 9.5836E+02 9.5119E-04 9.5995E+02 8.0307E-045430 3402
 9.6100E+02 7.2386E-04 9.6365E+02 5.7329E-04 9.6471E+02 5.2681E-045430 3402
 9.6682E+02 4.5075E-04 9.6999E+02 3.6694E-04 9.7211E+02 3.2502E-045430 3402
 9.7528E+02 2.7638E-04 9.7845E+02 2.3983E-04 9.8163E+02 2.1176E-045430 3402
 9.8586E+02 1.8342E-04 9.9220E+02 1.5366E-04 9.9855E+02 1.3358E-045430 3402
 1.0049E+03 1.1953E-04 1.0155E+03 1.0423E-04 1.0260E+03 9.5020E-055430 3402
 1.0387E+03 8.8555E-05 1.0472E+03 8.6020E-05 1.0768E+03 8.3634E-055430 3402
 1.0937E+03 8.5104E-05 1.1191E+03 8.9975E-05 1.1445E+03 9.7662E-055430 3402
 1.1699E+03 1.0833E-04 1.1868E+03 1.1739E-04 1.2122E+03 1.3466E-045430 3402
 1.2375E+03 1.5785E-04 1.2460E+03 1.6732E-04 1.2629E+03 1.8964E-045430 3402
 1.2756E+03 2.1006E-04 1.2883E+03 2.3459E-04 1.3010E+03 2.6437E-045430 3402
 1.3137E+03 3.0100E-04 1.3221E+03 3.3030E-04 1.3348E+03 3.8387E-045430 3402
 1.3391E+03 4.0490E-04 1.3475E+03 4.5292E-04 1.3518E+03 4.8044E-045430 3402
 1.3602E+03 5.4410E-04 1.3687E+03 6.2215E-04 1.3729E+03 6.6787E-045430 3402
 1.3771E+03 7.1909E-04 1.3835E+03 8.0844E-04 1.3898E+03 9.1635E-045430 3402
 1.3941E+03 1.0012E-03 1.4004E+03 1.1532E-03 1.4025E+03 1.2119E-035430 3402
 1.4067E+03 1.3441E-03 1.4089E+03 1.4186E-03 1.4131E+03 1.5880E-035430 3402
 1.4173E+03 1.7907E-03 1.4194E+03 1.9071E-03 1.4216E+03 2.0356E-035430 3402
 1.4237E+03 2.1777E-03 1.4258E+03 2.3349E-03 1.4279E+03 2.5102E-035430 3402
 1.4311E+03 2.8141E-03 1.4332E+03 3.0490E-03 1.4342E+03 3.1777E-035430 3402
 1.4364E+03 3.4614E-03 1.4374E+03 3.6178E-03 1.4395E+03 3.9648E-035430 3402
 1.4406E+03 4.1573E-03 1.4427E+03 4.5879E-03 1.4448E+03 5.0896E-035430 3402
 1.4459E+03 5.3724E-03 1.4469E+03 5.6793E-03 1.4480E+03 6.0139E-035430 3402
 1.4490E+03 6.3789E-03 1.4501E+03 6.7785E-03 1.4512E+03 7.2157E-035430 3402
 1.4517E+03 7.4506E-03 1.4522E+03 7.6976E-03 1.4528E+03 7.9575E-035430 3402
 1.4533E+03 8.2303E-03 1.4538E+03 8.5178E-03 1.4543E+03 8.8217E-035430 3402
 1.4549E+03 9.1412E-03 1.4554E+03 9.4789E-03 1.4559E+03 9.8356E-035430 3402
 1.4565E+03 1.0213E-02 1.4570E+03 1.0613E-02 1.4572E+03 1.0821E-025430 3402
 1.4575E+03 1.1034E-02 1.4578E+03 1.1257E-02 1.4580E+03 1.1484E-025430 3402
 1.4582E+03 1.1602E-02 1.4583E+03 1.1720E-02 1.4585E+03 1.1870E-025430 3402
 1.4586E+03 1.1962E-02 1.4586E+03 1.2024E-02 1.4588E+03 1.2181E-025430 3402
 1.4590E+03 1.2341E-02 1.4592E+03 1.2603E-02 1.4595E+03 1.2873E-025430 3402
 1.4596E+03 1.3012E-02 1.4599E+03 1.3297E-02 1.4602E+03 1.3590E-025430 3402
 1.4604E+03 1.3895E-02 1.4607E+03 1.4208E-02 1.4609E+03 1.4534E-025430 3402
 1.4612E+03 1.4870E-02 1.4615E+03 1.5217E-02 1.4617E+03 1.5577E-025430 3402
 1.4620E+03 1.5951E-02 1.4623E+03 1.6338E-02 1.4625E+03 1.6740E-025430 3402
 1.4628E+03 1.7155E-02 1.4631E+03 1.7589E-02 1.4633E+03 1.8037E-025430 3402
 1.4636E+03 1.8503E-02 1.4639E+03 1.8987E-02 1.4641E+03 1.9491E-025430 3402
 1.4644E+03 2.0016E-02 1.4646E+03 2.0562E-02 1.4649E+03 2.1130E-025430 3402
 1.4652E+03 2.1725E-02 1.4654E+03 2.2341E-02 1.4657E+03 2.2986E-025430 3402
 1.4660E+03 2.3658E-02 1.4662E+03 2.4363E-02 1.4665E+03 2.5097E-025430 3402
 1.4668E+03 2.5868E-02 1.4670E+03 2.6672E-02 1.4673E+03 2.7518E-025430 3402
 1.4676E+03 2.8401E-02 1.4678E+03 2.9328E-02 1.4681E+03 3.0300E-025430 3402
 1.4683E+03 3.1327E-02 1.4686E+03 3.2402E-02 1.4689E+03 3.3538E-025430 3402
 1.4691E+03 3.4730E-02 1.4694E+03 3.5993E-02 1.4697E+03 3.7320E-025430 3402
 1.4699E+03 3.8722E-02 1.4702E+03 4.0205E-02 1.4705E+03 4.1781E-025430 3402
 1.4707E+03 4.3446E-02 1.4710E+03 4.5220E-02 1.4713E+03 4.7097E-025430 3402
 1.4715E+03 4.9102E-02 1.4718E+03 5.1229E-02 1.4721E+03 5.3498E-025430 3402
 1.4723E+03 5.5921E-02 1.4726E+03 5.8524E-02 1.4728E+03 6.1302E-025430 3402
 1.4731E+03 6.4294E-02 1.4734E+03 6.7498E-02 1.4736E+03 7.0960E-025430 3402
 1.4738E+03 7.2786E-02 1.4739E+03 7.4683E-02 1.4740E+03 7.6656E-025430 3402
 1.4742E+03 7.8709E-02 1.4743E+03 8.0843E-02 1.4744E+03 8.3064E-025430 3402
 1.4746E+03 8.5401E-02 1.4747E+03 8.7820E-02 1.4748E+03 9.0339E-025430 3402
 1.4750E+03 9.2972E-02 1.4751E+03 9.5747E-02 1.4752E+03 9.8620E-025430 3402
 1.4754E+03 1.0163E-01 1.4755E+03 1.0477E-01 1.4756E+03 1.0809E-015430 3402
 1.4758E+03 1.1154E-01 1.4759E+03 1.1517E-01 1.4760E+03 1.1897E-015430 3402
 1.4761E+03 1.2297E-01 1.4763E+03 1.2716E-01 1.4764E+03 1.3159E-015430 3402
 1.4765E+03 1.3624E-01 1.4767E+03 1.4118E-01 1.4768E+03 1.4636E-015430 3402
 1.4769E+03 1.5184E-01 1.4771E+03 1.5762E-01 1.4772E+03 1.6378E-015430 3402
 1.4773E+03 1.7027E-01 1.4775E+03 1.7715E-01 1.4776E+03 1.8446E-015430 3402
 1.4777E+03 1.9229E-01 1.4779E+03 2.0056E-01 1.4780E+03 2.0938E-015430 3402
 1.4781E+03 2.1880E-01 1.4783E+03 2.2886E-01 1.4784E+03 2.3964E-015430 3402
 1.4785E+03 2.5120E-01 1.4787E+03 2.6362E-01 1.4788E+03 2.7708E-015430 3402
 1.4789E+03 2.9148E-01 1.4791E+03 3.0703E-01 1.4792E+03 3.2386E-015430 3402
 1.4793E+03 3.4224E-01 1.4795E+03 3.6207E-01 1.4796E+03 3.8366E-015430 3402
 1.4797E+03 4.0722E-01 1.4799E+03 4.3320E-01 1.4800E+03 4.6148E-015430 3402
 1.4800E+03 4.7664E-01 1.4801E+03 4.9256E-01 1.4802E+03 5.0927E-015430 3402
 1.4802E+03 5.2681E-01 1.4803E+03 5.4526E-01 1.4804E+03 5.6466E-015430 3402
 1.4804E+03 5.8507E-01 1.4805E+03 6.0657E-01 1.4806E+03 6.2922E-015430 3402
 1.4806E+03 6.5309E-01 1.4807E+03 6.7827E-01 1.4808E+03 7.0485E-015430 3402
 1.4808E+03 7.3334E-01 1.4809E+03 7.6299E-01 1.4810E+03 7.9433E-015430 3402
 1.4810E+03 8.2742E-01 1.4811E+03 8.6243E-01 1.4812E+03 8.9950E-015430 3402
 1.4812E+03 9.3864E-01 1.4813E+03 9.8001E-01 1.4814E+03 1.0244E+005430 3402
 1.4814E+03 1.0708E+00 1.4815E+03 1.1196E+00 1.4816E+03 1.1713E+005430 3402
 1.4816E+03 1.2258E+00 1.4817E+03 1.2834E+00 1.4818E+03 1.3440E+005430 3402
 1.4818E+03 1.4077E+00 1.4819E+03 1.4758E+00 1.4820E+03 1.5463E+005430 3402
 1.4820E+03 1.6201E+00 1.4821E+03 1.6974E+00 1.4822E+03 1.7780E+005430 3402
 1.4822E+03 1.8621E+00 1.4823E+03 1.9494E+00 1.4824E+03 2.0399E+005430 3402
 1.4825E+03 2.2300E+00 1.4826E+03 2.3291E+00 1.4827E+03 2.5339E+005430 3402
 1.4829E+03 2.8515E+00 1.4831E+03 3.2166E+00 1.4833E+03 3.4457E+005430 3402
 1.4833E+03 3.5526E+00 1.4835E+03 3.7032E+00 1.4836E+03 3.8352E+005430 3402
 1.4836E+03 3.9124E+00 1.4837E+03 3.9795E+00 1.4838E+03 4.0346E+005430 3402
 1.4839E+03 4.0789E+00 1.4839E+03 4.1104E+00 1.4840E+03 4.1295E+005430 3402
 1.4841E+03 4.1357E+00 1.4842E+03 4.1289E+00 1.4843E+03 4.1091E+005430 3402
 1.4843E+03 4.0765E+00 1.4844E+03 4.0322E+00 1.4845E+03 3.9756E+005430 3402
 1.4846E+03 3.9090E+00 1.4846E+03 3.8312E+00 1.4847E+03 3.7453E+005430 3402
 1.4848E+03 3.6500E+00 1.4849E+03 3.5475E+00 1.4850E+03 3.3267E+005430 3402
 1.4852E+03 3.0905E+00 1.4855E+03 2.5438E+00 1.4857E+03 2.2527E+005430 3402
 1.4858E+03 2.1600E+00 1.4859E+03 1.9836E+00 1.4860E+03 1.8173E+005430 3402
 1.4861E+03 1.7387E+00 1.4862E+03 1.5908E+00 1.4863E+03 1.5214E+005430 3402
 1.4863E+03 1.4562E+00 1.4864E+03 1.3929E+00 1.4864E+03 1.3327E+005430 3402
 1.4865E+03 1.2753E+00 1.4866E+03 1.2206E+00 1.4866E+03 1.1688E+005430 3402
 1.4867E+03 1.1195E+00 1.4868E+03 1.0727E+00 1.4868E+03 1.0290E+005430 3402
 1.4869E+03 9.8686E-01 1.4869E+03 9.4690E-01 1.4870E+03 9.0900E-015430 3402
 1.4871E+03 8.7366E-01 1.4871E+03 8.3956E-01 1.4872E+03 8.0726E-015430 3402
 1.4873E+03 7.4797E-01 1.4874E+03 6.9413E-01 1.4876E+03 6.4556E-015430 3402
 1.4877E+03 6.0169E-01 1.4878E+03 5.6227E-01 1.4880E+03 5.2620E-015430 3402
 1.4881E+03 4.9341E-01 1.4882E+03 4.6352E-01 1.4883E+03 4.3643E-015430 3402
 1.4885E+03 4.1142E-01 1.4886E+03 3.8848E-01 1.4887E+03 3.6738E-015430 3402
 1.4888E+03 3.4809E-01 1.4890E+03 3.3014E-01 1.4891E+03 3.1366E-015430 3402
 1.4892E+03 2.9826E-01 1.4893E+03 2.8408E-01 1.4895E+03 2.7077E-015430 3402
 1.4896E+03 2.5838E-01 1.4897E+03 2.4682E-01 1.4898E+03 2.3610E-015430 3402
 1.4900E+03 2.2598E-01 1.4901E+03 2.1650E-01 1.4902E+03 2.0761E-015430 3402
 1.4903E+03 1.9932E-01 1.4905E+03 1.9145E-01 1.4906E+03 1.8405E-015430 3402
 1.4907E+03 1.7706E-01 1.4908E+03 1.7052E-01 1.4910E+03 1.6428E-015430 3402
 1.4911E+03 1.5842E-01 1.4913E+03 1.4758E-01 1.4916E+03 1.3777E-015430 3402
 1.4918E+03 1.2894E-01 1.4921E+03 1.2093E-01 1.4923E+03 1.1364E-015430 3402
 1.4926E+03 1.0697E-01 1.4929E+03 1.0089E-01 1.4931E+03 9.5309E-025430 3402
 1.4934E+03 9.0182E-02 1.4936E+03 8.5442E-02 1.4939E+03 8.1083E-025430 3402
 1.4941E+03 7.7033E-02 1.4944E+03 7.3293E-02 1.4946E+03 6.9805E-025430 3402
 1.4949E+03 6.6574E-02 1.4951E+03 6.3561E-02 1.4954E+03 6.0749E-025430 3402
 1.4956E+03 5.8108E-02 1.4959E+03 5.5646E-02 1.4961E+03 5.3338E-025430 3402
 1.4964E+03 5.1170E-02 1.4966E+03 4.9123E-02 1.4969E+03 4.7205E-025430 3402
 1.4971E+03 4.5398E-02 1.4974E+03 4.3693E-02 1.4976E+03 4.2076E-025430 3402
 1.4979E+03 4.0554E-02 1.4984E+03 3.7741E-02 1.4989E+03 3.5211E-025430 3402
 1.4994E+03 3.2929E-02 1.4999E+03 3.0858E-02 1.5004E+03 2.8978E-025430 3402
 1.5009E+03 2.7263E-02 1.5014E+03 2.5697E-02 1.5019E+03 2.4260E-025430 3402
 1.5024E+03 2.2941E-02 1.5029E+03 2.1726E-02 1.5034E+03 2.0607E-025430 3402
 1.5039E+03 1.9570E-02 1.5044E+03 1.8612E-02 1.5049E+03 1.7720E-025430 3402
 1.5054E+03 1.6893E-02 1.5059E+03 1.6121E-02 1.5064E+03 1.5400E-025430 3402
 1.5069E+03 1.4727E-02 1.5079E+03 1.3507E-02 1.5084E+03 1.2953E-025430 3402
 1.5094E+03 1.1944E-02 1.5104E+03 1.1046E-02 1.5109E+03 1.0636E-025430 3402
 1.5114E+03 1.0249E-02 1.5125E+03 9.5350E-03 1.5135E+03 8.8918E-035430 3402
 1.5145E+03 8.3106E-03 1.5155E+03 7.7850E-03 1.5165E+03 7.3077E-035430 3402
 1.5175E+03 6.8729E-03 1.5185E+03 6.4755E-03 1.5195E+03 6.1119E-035430 3402
 1.5205E+03 5.7781E-03 1.5215E+03 5.4709E-03 1.5235E+03 4.9255E-035430 3402
 1.5245E+03 4.6830E-03 1.5265E+03 4.2486E-03 1.5275E+03 4.0539E-035430 3402
 1.5295E+03 3.7026E-03 1.5316E+03 3.3949E-03 1.5346E+03 3.0008E-035430 3402
 1.5376E+03 2.6718E-03 1.5386E+03 2.5740E-03 1.5416E+03 2.3122E-035430 3402
 1.5436E+03 2.1585E-03 1.5456E+03 2.0199E-03 1.5476E+03 1.8942E-035430 3402
 1.5517E+03 1.6758E-03 1.5537E+03 1.5806E-03 1.5577E+03 1.4132E-035430 3402
 1.5597E+03 1.3393E-03 1.5637E+03 1.2082E-03 1.5677E+03 1.0957E-035430 3402
 1.5738E+03 9.5450E-04 1.5798E+03 8.3931E-04 1.5858E+03 7.4419E-045430 3402
 1.5899E+03 6.8966E-04 1.5979E+03 5.9775E-04 1.6019E+03 5.5865E-045430 3402
 1.6100E+03 4.9152E-04 1.6140E+03 4.6259E-04 1.6220E+03 4.1221E-045430 3402
 1.6301E+03 3.7004E-04 1.6421E+03 3.1863E-04 1.6542E+03 2.7796E-045430 3402
 1.6663E+03 2.4528E-04 1.6743E+03 2.2695E-04 1.6864E+03 2.0358E-045430 3402
 1.7024E+03 1.7849E-04 1.7266E+03 1.5019E-04 1.7427E+03 1.3585E-045430 3402
 1.7668E+03 1.1916E-04 1.7909E+03 1.0675E-04 1.8150E+03 9.7456E-055430 3402
 1.8552E+03 8.6945E-05 1.9035E+03 8.0099E-05 1.9517E+03 7.7829E-055430 3402
 1.9839E+03 7.8461E-05 2.0269E+03 8.1923E-05 2.0672E+03 8.8225E-055430 3402
 2.1076E+03 9.8265E-05 2.1345E+03 1.0777E-04 2.1614E+03 1.2036E-045430 3402
 2.1816E+03 1.3256E-04 2.2018E+03 1.4796E-04 2.2152E+03 1.6056E-045430 3402
 2.2354E+03 1.8419E-04 2.2556E+03 2.1578E-04 2.2757E+03 2.5940E-045430 3402
 2.2925E+03 3.1008E-04 2.3026E+03 3.4984E-04 2.3127E+03 3.9958E-045430 3402
 2.3194E+03 4.4008E-04 2.3295E+03 5.1576E-04 2.3329E+03 5.4608E-045430 3402
 2.3396E+03 6.1661E-04 2.3430E+03 6.5783E-04 2.3480E+03 7.2867E-045430 3402
 2.3514E+03 7.8347E-04 2.3564E+03 8.7952E-04 2.3615E+03 9.9644E-045430 3402
 2.3665E+03 1.1412E-03 2.3699E+03 1.2575E-03 2.3716E+03 1.3232E-035430 3402
 2.3749E+03 1.4720E-03 2.3766E+03 1.5567E-03 2.3800E+03 1.7514E-035430 3402
 2.3816E+03 1.8637E-03 2.3833E+03 1.9878E-03 2.3850E+03 2.1255E-035430 3402
 2.3875E+03 2.3612E-03 2.3901E+03 2.6415E-03 2.3926E+03 2.9782E-035430 3402
 2.3951E+03 3.3879E-03 2.3968E+03 3.7123E-03 2.3985E+03 4.0865E-035430 3402
 2.4001E+03 4.5221E-03 2.4018E+03 5.0335E-03 2.4035E+03 5.6362E-035430 3402
 2.4043E+03 5.9800E-03 2.4052E+03 6.3585E-03 2.4060E+03 6.7760E-035430 3402
 2.4069E+03 7.2365E-03 2.4077E+03 7.7469E-03 2.4085E+03 8.3130E-035430 3402
 2.4090E+03 8.6210E-03 2.4094E+03 8.9455E-03 2.4098E+03 9.2898E-035430 3402
 2.4102E+03 9.6548E-03 2.4104E+03 9.8463E-03 2.4106E+03 1.0043E-025430 3402
 2.4109E+03 1.0245E-02 2.4111E+03 1.0455E-02 2.4114E+03 1.0782E-025430 3402
 2.4116E+03 1.1007E-02 2.4118E+03 1.1241E-02 2.4121E+03 1.1607E-025430 3402
 2.4122E+03 1.1732E-02 2.4125E+03 1.2122E-02 2.4127E+03 1.2393E-025430 3402
 2.4132E+03 1.2962E-02 2.4136E+03 1.3573E-02 2.4140E+03 1.4230E-025430 3402
 2.4144E+03 1.4934E-02 2.4148E+03 1.5693E-02 2.4153E+03 1.6511E-025430 3402
 2.4155E+03 1.6946E-02 2.4157E+03 1.7398E-02 2.4159E+03 1.7868E-025430 3402
 2.4161E+03 1.8357E-02 2.4163E+03 1.8867E-02 2.4165E+03 1.9399E-025430 3402
 2.4167E+03 1.9954E-02 2.4169E+03 2.0532E-02 2.4172E+03 2.1141E-025430 3402
 2.4174E+03 2.1774E-02 2.4176E+03 2.2436E-02 2.4178E+03 2.3129E-025430 3402
 2.4180E+03 2.3859E-02 2.4182E+03 2.4620E-02 2.4184E+03 2.5420E-025430 3402
 2.4186E+03 2.6259E-02 2.4188E+03 2.7144E-02 2.4191E+03 2.8072E-025430 3402
 2.4193E+03 2.9049E-02 2.4195E+03 3.0077E-02 2.4197E+03 3.1162E-025430 3402
 2.4199E+03 3.2308E-02 2.4201E+03 3.3518E-02 2.4203E+03 3.4799E-025430 3402
 2.4205E+03 3.6162E-02 2.4207E+03 3.7600E-02 2.4209E+03 3.9127E-025430 3402
 2.4212E+03 4.0749E-02 2.4214E+03 4.2476E-02 2.4216E+03 4.4316E-025430 3402
 2.4218E+03 4.6279E-02 2.4220E+03 4.8377E-02 2.4222E+03 5.0634E-025430 3402
 2.4224E+03 5.3042E-02 2.4226E+03 5.5629E-02 2.4227E+03 5.6993E-025430 3402
 2.4228E+03 5.8411E-02 2.4229E+03 5.9883E-02 2.4230E+03 6.1410E-025430 3402
 2.4232E+03 6.2998E-02 2.4233E+03 6.4649E-02 2.4234E+03 6.6366E-025430 3402
 2.4235E+03 6.8155E-02 2.4236E+03 7.0017E-02 2.4237E+03 7.1957E-025430 3402
 2.4238E+03 7.4001E-02 2.4239E+03 7.6113E-02 2.4240E+03 7.8318E-025430 3402
 2.4241E+03 8.0622E-02 2.4242E+03 8.3031E-02 2.4243E+03 8.5550E-025430 3402
 2.4244E+03 8.8183E-02 2.4245E+03 9.0950E-02 2.4246E+03 9.3881E-025430 3402
 2.4247E+03 9.6919E-02 2.4248E+03 1.0011E-01 2.4249E+03 1.0348E-015430 3402
 2.4250E+03 1.0700E-01 2.4251E+03 1.1072E-01 2.4253E+03 1.1465E-015430 3402
 2.4254E+03 1.1878E-01 2.4255E+03 1.2319E-01 2.4256E+03 1.2782E-015430 3402
 2.4257E+03 1.3270E-01 2.4258E+03 1.3789E-01 2.4259E+03 1.4339E-015430 3402
 2.4260E+03 1.4923E-01 2.4261E+03 1.5544E-01 2.4262E+03 1.6205E-015430 3402
 2.4263E+03 1.6911E-01 2.4264E+03 1.7664E-01 2.4265E+03 1.8470E-015430 3402
 2.4266E+03 1.9333E-01 2.4267E+03 2.0259E-01 2.4268E+03 2.1254E-015430 3402
 2.4269E+03 2.2326E-01 2.4270E+03 2.3480E-01 2.4271E+03 2.4740E-015430 3402
 2.4272E+03 2.6090E-01 2.4274E+03 2.7552E-01 2.4275E+03 2.9139E-015430 3402
 2.4276E+03 3.0864E-01 2.4277E+03 3.2742E-01 2.4278E+03 3.4787E-015430 3402
 2.4279E+03 3.7017E-01 2.4280E+03 3.9452E-01 2.4281E+03 4.2113E-015430 3402
 2.4282E+03 4.5018E-01 2.4283E+03 4.8194E-01 2.4284E+03 5.1661E-015430 3402
 2.4285E+03 5.5446E-01 2.4286E+03 5.9572E-01 2.4287E+03 6.4062E-015430 3402
 2.4288E+03 6.8988E-01 2.4289E+03 7.1604E-01 2.4290E+03 7.7104E-015430 3402
 2.4291E+03 8.3031E-01 2.4291E+03 8.6136E-01 2.4292E+03 9.2725E-015430 3402
 2.4293E+03 9.6217E-01 2.4294E+03 1.0346E+00 2.4295E+03 1.0721E+005430 3402
 2.4296E+03 1.1508E+00 2.4297E+03 1.2334E+00 2.4298E+03 1.3639E+005430 3402
 2.4299E+03 1.4540E+00 2.4301E+03 1.5918E+00 2.4303E+03 1.8234E+005430 3402
 2.4305E+03 1.9829E+00 2.4306E+03 2.0376E+00 2.4307E+03 2.1390E+005430 3402
 2.4308E+03 2.1858E+00 2.4309E+03 2.2494E+00 2.4310E+03 2.3045E+005430 3402
 2.4312E+03 2.3634E+00 2.4312E+03 2.3857E+00 2.4313E+03 2.4034E+005430 3402
 2.4314E+03 2.4162E+00 2.4314E+03 2.4238E+00 2.4315E+03 2.4263E+005430 3402
 2.4316E+03 2.4236E+00 2.4316E+03 2.4158E+00 2.4317E+03 2.4028E+005430 3402
 2.4318E+03 2.3852E+00 2.4318E+03 2.3624E+00 2.4319E+03 2.3350E+005430 3402
 2.4320E+03 2.3031E+00 2.4321E+03 2.2676E+00 2.4322E+03 2.1840E+005430 3402
 2.4323E+03 2.0879E+00 2.4325E+03 1.9807E+00 2.4326E+03 1.8666E+005430 3402
 2.4328E+03 1.6806E+00 2.4330E+03 1.4943E+00 2.4332E+03 1.3130E+005430 3402
 2.4334E+03 1.1978E+00 2.4334E+03 1.1434E+00 2.4336E+03 1.0391E+005430 3402
 2.4337E+03 9.8950E-01 2.4337E+03 9.4244E-01 2.4338E+03 8.9678E-015430 3402
 2.4339E+03 8.5310E-01 2.4339E+03 8.1142E-01 2.4340E+03 7.7230E-015430 3402
 2.4341E+03 7.3457E-01 2.4342E+03 6.9927E-01 2.4342E+03 6.6532E-015430 3402
 2.4343E+03 6.3363E-01 2.4344E+03 6.0323E-01 2.4344E+03 5.7451E-015430 3402
 2.4345E+03 5.4741E-01 2.4346E+03 5.2220E-01 2.4346E+03 4.9809E-015430 3402
 2.4347E+03 4.7566E-01 2.4348E+03 4.5424E-01 2.4349E+03 4.3434E-015430 3402
 2.4349E+03 4.1531E-01 2.4350E+03 3.9740E-01 2.4351E+03 3.8051E-015430 3402
 2.4351E+03 3.6483E-01 2.4352E+03 3.4982E-01 2.4353E+03 3.3587E-015430 3402
 2.4354E+03 3.2251E-01 2.4354E+03 3.1008E-01 2.4355E+03 2.9816E-015430 3402
 2.4356E+03 2.8691E-01 2.4357E+03 2.6633E-01 2.4358E+03 2.4787E-015430 3402
 2.4360E+03 2.3126E-01 2.4361E+03 2.1617E-01 2.4363E+03 2.0261E-015430 3402
 2.4364E+03 1.9030E-01 2.4366E+03 1.7909E-01 2.4367E+03 1.6886E-015430 3402
 2.4368E+03 1.5950E-01 2.4370E+03 1.5090E-01 2.4371E+03 1.4299E-015430 3402
 2.4373E+03 1.3565E-01 2.4374E+03 1.2891E-01 2.4375E+03 1.2267E-015430 3402
 2.4377E+03 1.1688E-01 2.4378E+03 1.1147E-01 2.4380E+03 1.0646E-015430 3402
 2.4381E+03 1.0177E-01 2.4384E+03 9.3286E-02 2.4385E+03 8.9455E-025430 3402
 2.4388E+03 8.2475E-02 2.4390E+03 7.9291E-02 2.4391E+03 7.6290E-025430 3402
 2.4394E+03 7.0783E-02 2.4397E+03 6.5843E-02 2.4399E+03 6.1421E-025430 3402
 2.4402E+03 5.7421E-02 2.4405E+03 5.3814E-02 2.4408E+03 5.0530E-025430 3402
 2.4411E+03 4.7549E-02 2.4414E+03 4.4827E-02 2.4416E+03 4.2334E-025430 3402
 2.4419E+03 4.0038E-02 2.4422E+03 3.7932E-02 2.4425E+03 3.5983E-025430 3402
 2.4428E+03 3.4188E-02 2.4431E+03 3.2520E-02 2.4433E+03 3.0977E-025430 3402
 2.4439E+03 2.8202E-02 2.4442E+03 2.6952E-02 2.4447E+03 2.4695E-025430 3402
 2.4450E+03 2.3674E-02 2.4456E+03 2.1813E-02 2.4462E+03 2.0169E-025430 3402
 2.4464E+03 1.9415E-02 2.4467E+03 1.8705E-02 2.4473E+03 1.7396E-025430 3402
 2.4479E+03 1.6223E-02 2.4484E+03 1.5166E-02 2.4490E+03 1.4210E-025430 3402
 2.4495E+03 1.3342E-02 2.4501E+03 1.2554E-02 2.4507E+03 1.1835E-025430 3402
 2.4512E+03 1.1177E-02 2.4518E+03 1.0573E-02 2.4524E+03 1.0018E-025430 3402
 2.4535E+03 9.0355E-03 2.4541E+03 8.5987E-03 2.4552E+03 7.8186E-035430 3402
 2.4558E+03 7.4690E-03 2.4569E+03 6.8390E-03 2.4580E+03 6.2891E-035430 3402
 2.4597E+03 5.5859E-03 2.4614E+03 5.0003E-03 2.4620E+03 4.8271E-035430 3402
 2.4631E+03 4.5083E-03 2.4642E+03 4.2222E-03 2.4654E+03 3.9643E-035430 3402
 2.4665E+03 3.7316E-03 2.4676E+03 3.5207E-03 2.4699E+03 3.1551E-035430 3402
 2.4710E+03 2.9959E-03 2.4733E+03 2.7170E-03 2.4744E+03 2.5945E-035430 3402
 2.4767E+03 2.3777E-03 2.4789E+03 2.1931E-03 2.4823E+03 1.9643E-035430 3402
 2.4857E+03 1.7813E-03 2.4891E+03 1.6344E-03 2.4936E+03 1.4818E-035430 3402
 2.4959E+03 1.4205E-03 2.5004E+03 1.3230E-03 2.5026E+03 1.2852E-035430 3402
 2.5072E+03 1.2285E-03 2.5139E+03 1.1859E-03 2.5162E+03 1.1825E-035430 3402
 2.5207E+03 1.1916E-03 2.5230E+03 1.2047E-03 2.5275E+03 1.2498E-035430 3402
 2.5297E+03 1.2833E-03 2.5343E+03 1.3762E-03 2.5377E+03 1.4748E-035430 3402
 2.5399E+03 1.5588E-03 2.5433E+03 1.7202E-03 2.5467E+03 1.9398E-035430 3402
 2.5501E+03 2.2454E-03 2.5523E+03 2.5198E-03 2.5546E+03 2.8758E-035430 3402
 2.5563E+03 3.2195E-03 2.5580E+03 3.6542E-03 2.5591E+03 4.0115E-035430 3402
 2.5597E+03 4.2160E-03 2.5608E+03 4.6879E-03 2.5614E+03 4.9616E-035430 3402
 2.5625E+03 5.6039E-03 2.5631E+03 5.9829E-03 2.5636E+03 6.4085E-035430 3402
 2.5642E+03 6.8905E-03 2.5648E+03 7.4387E-03 2.5653E+03 8.0659E-035430 3402
 2.5659E+03 8.7870E-03 2.5665E+03 9.6259E-03 2.5670E+03 1.0608E-025430 3402
 2.5676E+03 1.1768E-02 2.5682E+03 1.3149E-02 2.5687E+03 1.4821E-025430 3402
 2.5693E+03 1.6867E-02 2.5698E+03 1.9414E-02 2.5701E+03 2.0933E-025430 3402
 2.5704E+03 2.2648E-02 2.5707E+03 2.4610E-02 2.5710E+03 2.6855E-025430 3402
 2.5713E+03 2.9461E-02 2.5715E+03 3.2494E-02 2.5717E+03 3.4220E-025430 3402
 2.5719E+03 3.7089E-02 2.5721E+03 3.9786E-02 2.5722E+03 4.2512E-025430 3402
 2.5723E+03 4.4158E-02 2.5724E+03 4.6287E-02 2.5726E+03 5.0227E-025430 3402
 2.5727E+03 5.3818E-02 2.5728E+03 5.5797E-02 2.5730E+03 6.0126E-025430 3402
 2.5730E+03 6.2534E-02 2.5731E+03 6.5082E-02 2.5732E+03 6.7858E-025430 3402
 2.5732E+03 7.0809E-02 2.5733E+03 7.4044E-02 2.5734E+03 7.7552E-025430 3402
 2.5735E+03 8.1367E-02 2.5735E+03 8.5467E-02 2.5736E+03 8.9950E-025430 3402
 2.5737E+03 9.4929E-02 2.5737E+03 1.0040E-01 2.5738E+03 1.0636E-015430 3402
 2.5739E+03 1.1303E-01 2.5739E+03 1.2043E-01 2.5740E+03 1.2863E-015430 3402
 2.5741E+03 1.3763E-01 2.5741E+03 1.4264E-01 2.5742E+03 1.4778E-015430 3402
 2.5742E+03 1.5321E-01 2.5742E+03 1.5894E-01 2.5743E+03 1.6517E-015430 3402
 2.5743E+03 1.7157E-01 2.5743E+03 1.7833E-01 2.5744E+03 1.8547E-015430 3402
 2.5744E+03 1.9323E-01 2.5744E+03 2.0120E-01 2.5745E+03 2.0962E-015430 3402
 2.5745E+03 2.1851E-01 2.5745E+03 2.2817E-01 2.5746E+03 2.3810E-015430 3402
 2.5746E+03 2.4857E-01 2.5747E+03 2.5962E-01 2.5747E+03 2.7162E-015430 3402
 2.5747E+03 2.8393E-01 2.5748E+03 2.9690E-01 2.5748E+03 3.1057E-015430 3402
 2.5748E+03 3.2538E-01 2.5749E+03 3.4056E-01 2.5749E+03 3.5652E-015430 3402
 2.5749E+03 3.7329E-01 2.5750E+03 3.9145E-01 2.5750E+03 4.0999E-015430 3402
 2.5750E+03 4.3002E-01 2.5751E+03 4.5045E-01 2.5751E+03 4.7251E-015430 3402
 2.5751E+03 4.9495E-01 2.5752E+03 5.1845E-01 2.5752E+03 5.4301E-015430 3402
 2.5753E+03 5.6943E-01 2.5753E+03 5.9624E-01 2.5753E+03 6.2420E-015430 3402
 2.5754E+03 6.5333E-01 2.5754E+03 6.8454E-01 2.5754E+03 7.1611E-015430 3402
 2.5755E+03 7.4890E-01 2.5755E+03 7.8293E-01 2.5755E+03 8.1924E-015430 3402
 2.5756E+03 8.5583E-01 2.5756E+03 9.3385E-01 2.5757E+03 9.7539E-015430 3402
 2.5757E+03 1.0599E+00 2.5758E+03 1.1507E+00 2.5759E+03 1.1972E+005430 3402
 2.5759E+03 1.2935E+00 2.5760E+03 1.3448E+00 2.5760E+03 1.4474E+005430 3402
 2.5761E+03 1.6094E+00 2.5762E+03 1.7216E+00 2.5763E+03 1.8929E+005430 3402
 2.5765E+03 2.2096E+00 2.5766E+03 2.3505E+00 2.5767E+03 2.5141E+005430 3402
 2.5768E+03 2.6424E+00 2.5769E+03 2.7848E+00 2.5770E+03 2.8907E+005430 3402
 2.5771E+03 3.0007E+00 2.5772E+03 3.0754E+00 2.5772E+03 3.1145E+005430 3402
 2.5773E+03 3.1475E+00 2.5774E+03 3.1794E+00 2.5774E+03 3.1900E+005430 3402
 2.5775E+03 3.2011E+00 2.5775E+03 3.2005E+00 2.5776E+03 3.1843E+005430 3402
 2.5777E+03 3.1554E+00 2.5778E+03 3.1126E+00 2.5779E+03 3.0443E+005430 3402
 2.5780E+03 2.9422E+00 2.5781E+03 2.8407E+00 2.5782E+03 2.7021E+005430 3402
 2.5783E+03 2.5751E+00 2.5784E+03 2.3838E+00 2.5786E+03 2.0944E+005430 3402
 2.5788E+03 1.7430E+00 2.5789E+03 1.6288E+00 2.5790E+03 1.4645E+005430 3402
 2.5791E+03 1.3070E+00 2.5792E+03 1.1593E+00 2.5792E+03 1.0670E+005430 3402
 2.5793E+03 1.0227E+00 2.5794E+03 9.3806E-01 2.5794E+03 8.9769E-015430 3402
 2.5795E+03 8.2104E-01 2.5795E+03 7.4968E-01 2.5796E+03 6.8355E-015430 3402
 2.5797E+03 6.2252E-01 2.5797E+03 5.9388E-01 2.5798E+03 5.6643E-015430 3402
 2.5798E+03 5.1507E-01 2.5799E+03 4.6821E-01 2.5800E+03 4.2560E-015430 3402
 2.5800E+03 3.8697E-01 2.5801E+03 3.5250E-01 2.5802E+03 3.2097E-015430 3402
 2.5803E+03 2.9259E-01 2.5803E+03 2.6710E-01 2.5804E+03 2.4426E-015430 3402
 2.5805E+03 2.2379E-01 2.5805E+03 2.0549E-01 2.5806E+03 1.8912E-015430 3402
 2.5807E+03 1.7450E-01 2.5808E+03 1.6143E-01 2.5808E+03 1.4974E-015430 3402
 2.5809E+03 1.3928E-01 2.5810E+03 1.2990E-01 2.5810E+03 1.2148E-015430 3402
 2.5811E+03 1.1392E-01 2.5812E+03 1.0711E-01 2.5813E+03 1.0104E-015430 3402
 2.5813E+03 9.5458E-02 2.5814E+03 9.0396E-02 2.5815E+03 8.5789E-025430 3402
 2.5816E+03 8.1582E-02 2.5817E+03 7.4194E-02 2.5818E+03 6.7928E-025430 3402
 2.5820E+03 6.2552E-02 2.5821E+03 5.7893E-02 2.5823E+03 5.3814E-025430 3402
 2.5824E+03 5.0237E-02 2.5826E+03 4.7033E-02 2.5827E+03 4.4164E-025430 3402
 2.5828E+03 4.1583E-02 2.5830E+03 3.9247E-02 2.5831E+03 3.7126E-025430 3402
 2.5833E+03 3.5192E-02 2.5836E+03 3.1807E-02 2.5837E+03 3.0310E-025430 3402
 2.5840E+03 2.7651E-02 2.5841E+03 2.6467E-02 2.5844E+03 2.4343E-025430 3402
 2.5847E+03 2.2502E-02 2.5849E+03 2.1668E-02 2.5853E+03 1.9463E-025430 3402
 2.5856E+03 1.8205E-02 2.5859E+03 1.7089E-02 2.5862E+03 1.6090E-025430 3402
 2.5864E+03 1.5195E-02 2.5867E+03 1.4391E-02 2.5870E+03 1.3668E-025430 3402
 2.5876E+03 1.2416E-02 2.5879E+03 1.1875E-02 2.5885E+03 1.0935E-025430 3402
 2.5887E+03 1.0525E-02 2.5893E+03 9.8075E-03 2.5902E+03 8.9406E-035430 3402
 2.5908E+03 8.4765E-03 2.5910E+03 8.2734E-03 2.5916E+03 7.9164E-035430 3402
 2.5922E+03 7.6183E-03 2.5928E+03 7.3722E-03 2.5939E+03 7.0130E-035430 3402
 2.5945E+03 6.8920E-03 2.5957E+03 6.7545E-03 2.5962E+03 6.7351E-035430 3402
 2.5974E+03 6.7923E-03 2.5985E+03 6.9786E-03 2.5997E+03 7.3031E-035430 3402
 2.6008E+03 7.7902E-03 2.6014E+03 8.1083E-03 2.6026E+03 8.9339E-035430 3402
 2.6031E+03 9.4640E-03 2.6037E+03 1.0093E-02 2.6043E+03 1.0840E-025430 3402
 2.6049E+03 1.1735E-02 2.6054E+03 1.2811E-02 2.6060E+03 1.4125E-025430 3402
 2.6066E+03 1.5738E-02 2.6072E+03 1.7758E-02 2.6074E+03 1.8963E-025430 3402
 2.6077E+03 2.0325E-02 2.6080E+03 2.1885E-02 2.6083E+03 2.3678E-025430 3402
 2.6086E+03 2.5757E-02 2.6089E+03 2.8177E-02 2.6092E+03 3.1045E-025430 3402
 2.6095E+03 3.4478E-02 2.6096E+03 3.6459E-02 2.6098E+03 3.8654E-025430 3402
 2.6099E+03 4.1099E-02 2.6100E+03 4.3820E-02 2.6101E+03 4.5319E-025430 3402
 2.6103E+03 4.9513E-02 2.6104E+03 5.2396E-02 2.6105E+03 5.5329E-025430 3402
 2.6105E+03 5.6767E-02 2.6106E+03 5.8590E-02 2.6107E+03 6.1887E-025430 3402
 2.6108E+03 6.4789E-02 2.6108E+03 6.7960E-02 2.6109E+03 7.1436E-025430 3402
 2.6110E+03 7.5261E-02 2.6110E+03 7.9481E-02 2.6111E+03 8.4154E-025430 3402
 2.6112E+03 8.9265E-02 2.6113E+03 9.5037E-02 2.6113E+03 1.0148E-015430 3402
 2.6114E+03 1.0868E-01 2.6115E+03 1.1676E-01 2.6115E+03 1.2583E-015430 3402
 2.6116E+03 1.3078E-01 2.6116E+03 1.3603E-01 2.6117E+03 1.4161E-015430 3402
 2.6117E+03 1.4751E-01 2.6117E+03 1.5378E-01 2.6118E+03 1.6043E-015430 3402
 2.6118E+03 1.6749E-01 2.6118E+03 1.7497E-01 2.6119E+03 1.8291E-015430 3402
 2.6119E+03 1.9134E-01 2.6119E+03 2.0028E-01 2.6120E+03 2.0975E-015430 3402
 2.6120E+03 2.1979E-01 2.6121E+03 2.3042E-01 2.6121E+03 2.4170E-015430 3402
 2.6121E+03 2.5362E-01 2.6122E+03 2.6624E-01 2.6122E+03 2.7959E-015430 3402
 2.6122E+03 2.9370E-01 2.6123E+03 3.0859E-01 2.6123E+03 3.2434E-015430 3402
 2.6123E+03 3.4047E-01 2.6124E+03 3.5795E-01 2.6124E+03 3.7637E-015430 3402
 2.6124E+03 3.9576E-01 2.6125E+03 4.1616E-01 2.6125E+03 4.3760E-015430 3402
 2.6126E+03 4.6011E-01 2.6126E+03 4.8375E-01 2.6126E+03 5.0851E-015430 3402
 2.6127E+03 5.3445E-01 2.6127E+03 5.6159E-01 2.6127E+03 5.8996E-015430 3402
 2.6128E+03 6.1959E-01 2.6128E+03 6.5049E-01 2.6128E+03 6.8269E-015430 3402
 2.6129E+03 7.1620E-01 2.6129E+03 7.5105E-01 2.6130E+03 7.8723E-015430 3402
 2.6130E+03 8.2476E-01 2.6130E+03 8.6367E-01 2.6131E+03 9.4541E-015430 3402
 2.6131E+03 9.8835E-01 2.6132E+03 1.0781E+00 2.6132E+03 1.1249E+005430 3402
 2.6133E+03 1.2222E+00 2.6133E+03 1.2726E+00 2.6134E+03 1.3767E+005430 3402
 2.6135E+03 1.4833E+00 2.6136E+03 1.6515E+00 2.6137E+03 1.8251E+005430 3402
 2.6138E+03 1.9719E+00 2.6140E+03 2.2919E+00 2.6141E+03 2.4299E+005430 3402
 2.6142E+03 2.5883E+00 2.6143E+03 2.7101E+00 2.6144E+03 2.8408E+005430 3402
 2.6145E+03 2.9345E+00 2.6145E+03 2.9833E+00 2.6146E+03 3.0261E+005430 3402
 2.6147E+03 3.0811E+00 2.6147E+03 3.1050E+00 2.6148E+03 3.1320E+005430 3402
 2.6149E+03 3.1434E+00 2.6149E+03 3.1430E+00 2.6150E+03 3.1315E+005430 3402
 2.6151E+03 3.1109E+00 2.6151E+03 3.0801E+00 2.6152E+03 3.0320E+005430 3402
 2.6153E+03 2.9616E+00 2.6154E+03 2.8918E+00 2.6154E+03 2.7959E+005430 3402
 2.6155E+03 2.7052E+00 2.6157E+03 2.5271E+00 2.6158E+03 2.3066E+005430 3402
 2.6160E+03 2.0281E+00 2.6161E+03 1.7936E+00 2.6162E+03 1.6540E+005430 3402
 2.6163E+03 1.5179E+00 2.6163E+03 1.4313E+00 2.6164E+03 1.3036E+005430 3402
 2.6165E+03 1.2219E+00 2.6165E+03 1.1447E+00 2.6166E+03 1.0691E+005430 3402
 2.6167E+03 9.9685E-01 2.6167E+03 9.2807E-01 2.6168E+03 8.6383E-015430 3402
 2.6168E+03 8.0192E-01 2.6169E+03 7.4352E-01 2.6170E+03 6.8859E-015430 3402
 2.6170E+03 6.3793E-01 2.6171E+03 5.8970E-01 2.6171E+03 5.4471E-015430 3402
 2.6172E+03 5.0286E-01 2.6172E+03 4.6468E-01 2.6173E+03 4.2869E-015430 3402
 2.6174E+03 3.9545E-01 2.6174E+03 3.6481E-01 2.6175E+03 3.3711E-015430 3402
 2.6175E+03 3.1121E-01 2.6176E+03 2.8748E-01 2.6176E+03 2.6576E-015430 3402
 2.6177E+03 2.4625E-01 2.6178E+03 2.2812E-01 2.6178E+03 2.1160E-015430 3402
 2.6179E+03 1.9656E-01 2.6179E+03 1.8309E-01 2.6180E+03 1.7063E-015430 3402
 2.6180E+03 1.5929E-01 2.6181E+03 1.4899E-01 2.6182E+03 1.3978E-015430 3402
 2.6182E+03 1.3126E-01 2.6183E+03 1.2351E-01 2.6183E+03 1.1645E-015430 3402
 2.6184E+03 1.1013E-01 2.6185E+03 1.0426E-01 2.6185E+03 9.8909E-025430 3402
 2.6186E+03 9.4013E-02 2.6186E+03 8.9604E-02 2.6187E+03 8.5492E-025430 3402
 2.6187E+03 8.1770E-02 2.6189E+03 7.5126E-02 2.6190E+03 6.9400E-025430 3402
 2.6191E+03 6.4508E-02 2.6192E+03 6.0222E-02 2.6193E+03 5.6497E-025430 3402
 2.6194E+03 5.3181E-02 2.6195E+03 5.0256E-02 2.6197E+03 4.7615E-025430 3402
 2.6198E+03 4.5257E-02 2.6199E+03 4.3103E-02 2.6200E+03 4.1160E-025430 3402
 2.6201E+03 3.9370E-02 2.6204E+03 3.6233E-02 2.6205E+03 3.4853E-025430 3402
 2.6207E+03 3.2383E-02 2.6209E+03 3.0252E-02 2.6212E+03 2.8403E-025430 3402
 2.6214E+03 2.6787E-02 2.6216E+03 2.5368E-02 2.6219E+03 2.4118E-025430 3402
 2.6221E+03 2.3012E-02 2.6223E+03 2.2031E-02 2.6226E+03 2.1162E-025430 3402
 2.6228E+03 2.0386E-02 2.6230E+03 1.9694E-02 2.6232E+03 1.9078E-025430 3402
 2.6237E+03 1.8038E-02 2.6239E+03 1.7602E-02 2.6244E+03 1.6875E-025430 3402
 2.6246E+03 1.6575E-02 2.6249E+03 1.6312E-02 2.6253E+03 1.5890E-025430 3402
 2.6258E+03 1.5589E-02 2.6262E+03 1.5396E-02 2.6267E+03 1.5299E-025430 3402
 2.6272E+03 1.5292E-02 2.6276E+03 1.5369E-02 2.6281E+03 1.5528E-025430 3402
 2.6286E+03 1.5767E-02 2.6290E+03 1.6087E-02 2.6295E+03 1.6488E-025430 3402
 2.6299E+03 1.6974E-02 2.6304E+03 1.7551E-02 2.6309E+03 1.8224E-025430 3402
 2.6313E+03 1.9001E-02 2.6318E+03 1.9892E-02 2.6322E+03 2.0910E-025430 3402
 2.6325E+03 2.1473E-02 2.6327E+03 2.2072E-02 2.6329E+03 2.2713E-025430 3402
 2.6332E+03 2.3397E-02 2.6334E+03 2.4127E-02 2.6336E+03 2.4903E-025430 3402
 2.6339E+03 2.5736E-02 2.6341E+03 2.6628E-02 2.6343E+03 2.7581E-025430 3402
 2.6346E+03 2.8603E-02 2.6348E+03 2.9986E-02 2.6350E+03 3.0873E-025430 3402
 2.6353E+03 3.2468E-02 2.6356E+03 3.4215E-02 2.6357E+03 3.4956E-025430 3402
 2.6359E+03 3.6534E-02 2.6362E+03 3.8238E-02 2.6364E+03 4.0082E-025430 3402
 2.6365E+03 4.1066E-02 2.6366E+03 4.2082E-02 2.6368E+03 4.3150E-025430 3402
 2.6369E+03 4.4254E-02 2.6370E+03 4.5415E-02 2.6371E+03 4.6618E-025430 3402
 2.6372E+03 4.7873E-02 2.6373E+03 4.9186E-02 2.6374E+03 5.0571E-025430 3402
 2.6376E+03 5.2007E-02 2.6377E+03 5.3524E-02 2.6378E+03 5.5101E-025430 3402
 2.6379E+03 5.6769E-02 2.6380E+03 5.8506E-02 2.6381E+03 6.0345E-025430 3402
 2.6383E+03 6.2262E-02 2.6384E+03 6.4296E-02 2.6385E+03 6.6421E-025430 3402
 2.6386E+03 6.8680E-02 2.6387E+03 7.1044E-02 2.6388E+03 7.3561E-025430 3402
 2.6389E+03 7.6201E-02 2.6391E+03 7.9020E-02 2.6392E+03 8.1982E-025430 3402
 2.6393E+03 8.5153E-02 2.6394E+03 8.8489E-02 2.6395E+03 9.2072E-025430 3402
 2.6396E+03 9.5862E-02 2.6398E+03 9.9933E-02 2.6399E+03 1.0425E-015430 3402
 2.6399E+03 1.0654E-01 2.6400E+03 1.0891E-01 2.6400E+03 1.1137E-015430 3402
 2.6401E+03 1.1387E-01 2.6402E+03 1.1650E-01 2.6402E+03 1.1924E-015430 3402
 2.6403E+03 1.2208E-01 2.6403E+03 1.2497E-01 2.6404E+03 1.2803E-015430 3402
 2.6404E+03 1.3121E-01 2.6405E+03 1.3451E-01 2.6406E+03 1.3789E-015430 3402
 2.6406E+03 1.4147E-01 2.6407E+03 1.4520E-01 2.6407E+03 1.4909E-015430 3402
 2.6408E+03 1.5307E-01 2.6409E+03 1.5729E-01 2.6409E+03 1.6162E-015430 3402
 2.6410E+03 1.6624E-01 2.6410E+03 1.7097E-01 2.6411E+03 1.7600E-015430 3402
 2.6411E+03 1.8128E-01 2.6412E+03 1.8680E-01 2.6413E+03 1.9249E-015430 3402
 2.6413E+03 1.9857E-01 2.6414E+03 2.0494E-01 2.6414E+03 2.1164E-015430 3402
 2.6415E+03 2.1856E-01 2.6415E+03 2.2595E-01 2.6416E+03 2.3374E-015430 3402
 2.6417E+03 2.4193E-01 2.6417E+03 2.5042E-01 2.6418E+03 2.5952E-015430 3402
 2.6418E+03 2.6912E-01 2.6419E+03 2.7924E-01 2.6419E+03 2.8973E-015430 3402
 2.6420E+03 3.0101E-01 2.6421E+03 3.1292E-01 2.6421E+03 3.2550E-015430 3402
 2.6422E+03 3.3857E-01 2.6422E+03 3.5261E-01 2.6423E+03 3.6745E-015430 3402
 2.6424E+03 3.8314E-01 2.6424E+03 3.9943E-01 2.6425E+03 4.1693E-015430 3402
 2.6425E+03 4.3543E-01 2.6426E+03 4.5495E-01 2.6426E+03 4.7521E-015430 3402
 2.6427E+03 4.9695E-01 2.6428E+03 5.1988E-01 2.6428E+03 5.4405E-015430 3402
 2.6429E+03 5.6904E-01 2.6429E+03 5.9579E-01 2.6430E+03 6.2392E-015430 3402
 2.6430E+03 6.5347E-01 2.6431E+03 6.8390E-01 2.6432E+03 7.1635E-015430 3402
 2.6432E+03 7.5029E-01 2.6433E+03 7.8577E-01 2.6433E+03 8.2214E-015430 3402
 2.6434E+03 8.6070E-01 2.6435E+03 9.0074E-01 2.6435E+03 9.4236E-015430 3402
 2.6436E+03 9.8472E-01 2.6436E+03 1.0293E+00 2.6437E+03 1.1227E+005430 3402
 2.6438E+03 1.1705E+00 2.6439E+03 1.2714E+00 2.6440E+03 1.3753E+005430 3402
 2.6442E+03 1.5379E+00 2.6445E+03 1.8625E+00 2.6447E+03 1.9646E+005430 3402
 2.6448E+03 2.1020E+00 2.6449E+03 2.1434E+00 2.6450E+03 2.2198E+005430 3402
 2.6451E+03 2.2542E+00 2.6451E+03 2.3009E+00 2.6452E+03 2.3406E+005430 3402
 2.6453E+03 2.3632E+00 2.6453E+03 2.3826E+00 2.6454E+03 2.4111E+005430 3402
 2.6455E+03 2.4201E+00 2.6456E+03 2.4272E+00 2.6457E+03 2.4253E+005430 3402
 2.6458E+03 2.4108E+00 2.6458E+03 2.3981E+00 2.6459E+03 2.3626E+005430 3402
 2.6460E+03 2.3398E+00 2.6460E+03 2.3139E+00 2.6462E+03 2.2532E+005430 3402
 2.6463E+03 2.1816E+00 2.6464E+03 2.1006E+00 2.6465E+03 2.0118E+005430 3402
 2.6466E+03 1.9051E+00 2.6467E+03 1.7948E+00 2.6468E+03 1.6804E+005430 3402
 2.6470E+03 1.4882E+00 2.6472E+03 1.3749E+00 2.6474E+03 1.1939E+005430 3402
 2.6475E+03 1.1255E+00 2.6475E+03 1.0588E+00 2.6476E+03 9.9561E-015430 3402
 2.6477E+03 9.3534E-01 2.6478E+03 8.7804E-01 2.6479E+03 8.2300E-015430 3402
 2.6479E+03 7.7170E-01 2.6480E+03 7.2339E-01 2.6481E+03 6.7803E-015430 3402
 2.6482E+03 6.3504E-01 2.6483E+03 5.9536E-01 2.6483E+03 5.5837E-015430 3402
 2.6484E+03 5.2392E-01 2.6485E+03 4.9152E-01 2.6486E+03 4.6182E-015430 3402
 2.6487E+03 4.3429E-01 2.6488E+03 4.0877E-01 2.6488E+03 3.8486E-015430 3402
 2.6489E+03 3.6301E-01 2.6490E+03 3.4278E-01 2.6491E+03 3.2407E-015430 3402
 2.6492E+03 3.0652E-01 2.6492E+03 2.9049E-01 2.6493E+03 2.7561E-015430 3402
 2.6494E+03 2.6183E-01 2.6495E+03 2.4888E-01 2.6496E+03 2.3701E-015430 3402
 2.6496E+03 2.2595E-01 2.6497E+03 2.1566E-01 2.6498E+03 2.0596E-015430 3402
 2.6499E+03 1.9702E-01 2.6501E+03 1.8083E-01 2.6502E+03 1.6654E-015430 3402
 2.6504E+03 1.5402E-01 2.6505E+03 1.4284E-01 2.6507E+03 1.3294E-015430 3402
 2.6509E+03 1.2402E-01 2.6510E+03 1.1605E-01 2.6512E+03 1.0881E-015430 3402
 2.6514E+03 1.0229E-01 2.6515E+03 9.6358E-02 2.6517E+03 9.0941E-025430 3402
 2.6518E+03 8.5962E-02 2.6520E+03 8.1416E-02 2.6522E+03 7.7208E-025430 3402
 2.6523E+03 7.3349E-02 2.6525E+03 6.9761E-02 2.6528E+03 6.3369E-025430 3402
 2.6530E+03 6.0515E-02 2.6533E+03 5.5356E-02 2.6535E+03 5.3020E-025430 3402
 2.6538E+03 4.8793E-02 2.6541E+03 4.5076E-02 2.6543E+03 4.3378E-025430 3402
 2.6546E+03 4.0256E-02 2.6549E+03 3.7467E-02 2.6553E+03 3.4965E-025430 3402
 2.6556E+03 3.2710E-02 2.6559E+03 3.0671E-02 2.6562E+03 2.8821E-025430 3402
 2.6566E+03 2.7138E-02 2.6569E+03 2.5605E-02 2.6572E+03 2.4198E-025430 3402
 2.6575E+03 2.2907E-02 2.6579E+03 2.1719E-02 2.6585E+03 1.9610E-025430 3402
 2.6588E+03 1.8673E-02 2.6595E+03 1.6993E-02 2.6598E+03 1.6240E-025430 3402
 2.6605E+03 1.4880E-02 2.6611E+03 1.3688E-02 2.6621E+03 1.2162E-025430 3402
 2.6624E+03 1.1712E-02 2.6634E+03 1.0506E-02 2.6640E+03 9.8059E-035430 3402
 2.6647E+03 9.1767E-03 2.6653E+03 8.6070E-03 2.6666E+03 7.6213E-035430 3402
 2.6673E+03 7.1942E-03 2.6686E+03 6.4442E-03 2.6692E+03 6.1145E-035430 3402
 2.6705E+03 5.5300E-03 2.6712E+03 5.2704E-03 2.6725E+03 4.8061E-035430 3402
 2.6738E+03 4.4036E-03 2.6757E+03 3.8935E-03 2.6777E+03 3.4725E-035430 3402
 2.6803E+03 3.0167E-03 2.6829E+03 2.6504E-03 2.6842E+03 2.4937E-035430 3402
 2.6868E+03 2.2228E-03 2.6881E+03 2.1053E-03 2.6907E+03 1.8992E-035430 3402
 2.6946E+03 1.6482E-03 2.6972E+03 1.5108E-03 2.7011E+03 1.3391E-035430 3402
 2.7050E+03 1.1994E-03 2.7089E+03 1.0845E-03 2.7141E+03 9.6028E-045430 3402
 2.7167E+03 9.0793E-04 2.7219E+03 8.1883E-04 2.7297E+03 7.1525E-045430 3402
 2.7375E+03 6.3777E-04 2.7427E+03 5.9687E-04 2.7504E+03 5.4789E-045430 3402
 2.7608E+03 5.0043E-04 2.7660E+03 4.8258E-04 2.7764E+03 4.5644E-045430 3402
 2.7868E+03 4.4095E-04 2.7972E+03 4.3454E-04 2.8076E+03 4.3643E-045430 3402
 2.8232E+03 4.5465E-04 2.8388E+03 4.9333E-04 2.8440E+03 5.1160E-045430 3402
 2.8544E+03 5.5807E-04 2.8622E+03 6.0319E-04 2.8700E+03 6.5983E-045430 3402
 2.8778E+03 7.3091E-04 2.8856E+03 8.2077E-04 2.8908E+03 8.9414E-045430 3402
 2.8986E+03 1.0309E-03 2.9012E+03 1.0854E-03 2.9064E+03 1.2112E-035430 3402
 2.9090E+03 1.2842E-03 2.9142E+03 1.4551E-03 2.9181E+03 1.6098E-035430 3402
 2.9220E+03 1.7951E-03 2.9259E+03 2.0187E-03 2.9298E+03 2.2920E-035430 3402
 2.9324E+03 2.5097E-03 2.9337E+03 2.6314E-03 2.9363E+03 2.9055E-035430 3402
 2.9376E+03 3.0602E-03 2.9402E+03 3.4152E-03 2.9428E+03 3.8379E-035430 3402
 2.9454E+03 4.3487E-03 2.9467E+03 4.6480E-03 2.9480E+03 4.9810E-035430 3402
 2.9493E+03 5.3533E-03 2.9499E+03 5.5564E-03 2.9506E+03 5.7722E-035430 3402
 2.9512E+03 6.0020E-03 2.9519E+03 6.2469E-03 2.9525E+03 6.5082E-035430 3402
 2.9532E+03 6.7867E-03 2.9538E+03 7.0851E-03 2.9545E+03 7.4049E-035430 3402
 2.9551E+03 7.7483E-03 2.9555E+03 7.9297E-03 2.9558E+03 8.1173E-035430 3402
 2.9561E+03 8.3130E-03 2.9564E+03 8.5161E-03 2.9568E+03 8.7267E-035430 3402
 2.9569E+03 8.8365E-03 2.9573E+03 9.0603E-03 2.9574E+03 9.1750E-035430 3402
 2.9577E+03 9.4137E-03 2.9581E+03 9.6614E-03 2.9584E+03 9.9190E-035430 3402
 2.9587E+03 1.0189E-02 2.9590E+03 1.0471E-02 2.9594E+03 1.0764E-025430 3402
 2.9597E+03 1.1072E-02 2.9600E+03 1.1394E-02 2.9603E+03 1.1731E-025430 3402
 2.9607E+03 1.2084E-02 2.9610E+03 1.2454E-02 2.9613E+03 1.2843E-025430 3402
 2.9616E+03 1.3251E-02 2.9620E+03 1.3680E-02 2.9623E+03 1.4132E-025430 3402
 2.9626E+03 1.4607E-02 2.9629E+03 1.5109E-02 2.9633E+03 1.5639E-025430 3402
 2.9636E+03 1.6197E-02 2.9639E+03 1.6789E-02 2.9642E+03 1.7416E-025430 3402
 2.9646E+03 1.8081E-02 2.9649E+03 1.8787E-02 2.9652E+03 1.9538E-025430 3402
 2.9655E+03 2.0338E-02 2.9659E+03 2.1190E-02 2.9662E+03 2.2098E-025430 3402
 2.9663E+03 2.2578E-02 2.9665E+03 2.3072E-02 2.9667E+03 2.3587E-025430 3402
 2.9668E+03 2.4116E-02 2.9670E+03 2.4668E-02 2.9672E+03 2.5236E-025430 3402
 2.9673E+03 2.5830E-02 2.9675E+03 2.6442E-02 2.9676E+03 2.7081E-025430 3402
 2.9678E+03 2.7741E-02 2.9680E+03 2.8431E-02 2.9681E+03 2.9144E-025430 3402
 2.9683E+03 2.9891E-02 2.9685E+03 3.0663E-02 2.9686E+03 3.1467E-025430 3402
 2.9688E+03 3.2305E-02 2.9689E+03 3.3184E-02 2.9691E+03 3.4096E-025430 3402
 2.9693E+03 3.5054E-02 2.9694E+03 3.6049E-02 2.9696E+03 3.7096E-025430 3402
 2.9698E+03 3.8184E-02 2.9699E+03 3.9331E-02 2.9701E+03 4.0526E-025430 3402
 2.9702E+03 4.1786E-02 2.9704E+03 4.3101E-02 2.9706E+03 4.4491E-025430 3402
 2.9707E+03 4.5945E-02 2.9709E+03 4.7484E-02 2.9711E+03 4.9095E-025430 3402
 2.9712E+03 5.0793E-02 2.9714E+03 5.2586E-02 2.9715E+03 5.4493E-025430 3402
 2.9717E+03 5.6497E-02 2.9719E+03 5.8635E-02 2.9720E+03 6.0886E-025430 3402
 2.9722E+03 6.3292E-02 2.9724E+03 6.5835E-02 2.9725E+03 6.8559E-025430 3402
 2.9727E+03 7.1444E-02 2.9728E+03 7.4546E-02 2.9730E+03 7.7841E-025430 3402
 2.9732E+03 8.1396E-02 2.9733E+03 8.5186E-02 2.9735E+03 8.9282E-025430 3402
 2.9737E+03 9.3674E-02 2.9738E+03 9.8414E-02 2.9740E+03 1.0353E-015430 3402
 2.9741E+03 1.0912E-01 2.9743E+03 1.1516E-01 2.9745E+03 1.2177E-015430 3402
 2.9746E+03 1.2896E-01 2.9748E+03 1.3688E-01 2.9750E+03 1.4553E-015430 3402
 2.9750E+03 1.5023E-01 2.9751E+03 1.5511E-01 2.9752E+03 1.6024E-015430 3402
 2.9753E+03 1.6564E-01 2.9754E+03 1.7140E-01 2.9754E+03 1.7740E-015430 3402
 2.9755E+03 1.8372E-01 2.9756E+03 1.9040E-01 2.9757E+03 1.9754E-015430 3402
 2.9758E+03 2.0499E-01 2.9759E+03 2.1289E-01 2.9759E+03 2.2124E-015430 3402
 2.9760E+03 2.3020E-01 2.9761E+03 2.3960E-01 2.9762E+03 2.4956E-015430 3402
 2.9763E+03 2.6013E-01 2.9763E+03 2.7137E-01 2.9764E+03 2.8330E-015430 3402
 2.9765E+03 2.9599E-01 2.9766E+03 3.0948E-01 2.9767E+03 3.2401E-015430 3402
 2.9767E+03 3.3928E-01 2.9768E+03 3.5552E-01 2.9769E+03 3.7278E-015430 3402
 2.9770E+03 3.9137E-01 2.9771E+03 4.1088E-01 2.9772E+03 4.3160E-015430 3402
 2.9772E+03 4.5360E-01 2.9773E+03 4.7721E-01 2.9774E+03 5.0194E-015430 3402
 2.9775E+03 5.2809E-01 2.9776E+03 5.5573E-01 2.9776E+03 5.8525E-015430 3402
 2.9777E+03 6.1597E-01 2.9778E+03 6.4826E-01 2.9779E+03 6.8215E-015430 3402
 2.9780E+03 7.1806E-01 2.9780E+03 7.5512E-01 2.9781E+03 7.9369E-015430 3402
 2.9782E+03 8.3378E-01 2.9783E+03 8.7581E-01 2.9784E+03 9.1866E-015430 3402
 2.9785E+03 1.0079E+00 2.9788E+03 1.1489E+00 2.9790E+03 1.2924E+005430 3402
 2.9792E+03 1.3863E+00 2.9794E+03 1.5117E+00 2.9795E+03 1.5501E+005430 3402
 2.9796E+03 1.6218E+00 2.9798E+03 1.6693E+00 2.9799E+03 1.7100E+005430 3402
 2.9799E+03 1.7334E+00 2.9801E+03 1.7702E+00 2.9802E+03 1.7834E+005430 3402
 2.9802E+03 1.7928E+00 2.9803E+03 1.7985E+00 2.9804E+03 1.8004E+005430 3402
 2.9805E+03 1.7984E+00 2.9806E+03 1.7927E+00 2.9806E+03 1.7832E+005430 3402
 2.9807E+03 1.7701E+00 2.9808E+03 1.7533E+00 2.9809E+03 1.7331E+005430 3402
 2.9809E+03 1.7097E+00 2.9810E+03 1.6832E+00 2.9812E+03 1.6215E+005430 3402
 2.9813E+03 1.5504E+00 2.9815E+03 1.4711E+00 2.9816E+03 1.3867E+005430 3402
 2.9819E+03 1.2470E+00 2.9821E+03 1.1059E+00 2.9823E+03 9.6961E-015430 3402
 2.9825E+03 8.8365E-01 2.9826E+03 8.4261E-01 2.9827E+03 7.6463E-015430 3402
 2.9828E+03 7.2786E-01 2.9829E+03 6.9261E-01 2.9830E+03 6.5891E-015430 3402
 2.9831E+03 6.2676E-01 2.9831E+03 5.9613E-01 2.9832E+03 5.6703E-015430 3402
 2.9833E+03 5.3943E-01 2.9834E+03 5.1327E-01 2.9835E+03 4.8853E-015430 3402
 2.9835E+03 4.6516E-01 2.9836E+03 4.4310E-01 2.9837E+03 4.2229E-015430 3402
 2.9838E+03 4.0269E-01 2.9839E+03 3.8423E-01 2.9839E+03 3.6686E-015430 3402
 2.9840E+03 3.5051E-01 2.9841E+03 3.3514E-01 2.9842E+03 3.2085E-015430 3402
 2.9843E+03 3.0724E-01 2.9843E+03 2.9443E-01 2.9844E+03 2.8239E-015430 3402
 2.9845E+03 2.7106E-01 2.9846E+03 2.6038E-01 2.9847E+03 2.5033E-015430 3402
 2.9847E+03 2.4087E-01 2.9848E+03 2.3194E-01 2.9849E+03 2.2352E-015430 3402
 2.9850E+03 2.1557E-01 2.9851E+03 2.0097E-01 2.9853E+03 1.8791E-015430 3402
 2.9855E+03 1.7627E-01 2.9856E+03 1.6572E-01 2.9858E+03 1.5621E-015430 3402
 2.9859E+03 1.4761E-01 2.9861E+03 1.3980E-01 2.9863E+03 1.3270E-015430 3402
 2.9864E+03 1.2624E-01 2.9866E+03 1.2033E-01 2.9867E+03 1.1496E-015430 3402
 2.9869E+03 1.1000E-01 2.9871E+03 1.0544E-01 2.9872E+03 1.0125E-015430 3402
 2.9874E+03 9.7398E-02 2.9875E+03 9.3839E-02 2.9877E+03 9.0553E-025430 3402
 2.9879E+03 8.7523E-02 2.9880E+03 8.4740E-02 2.9882E+03 8.2142E-025430 3402
 2.9883E+03 7.9743E-02 2.9885E+03 7.7524E-02 2.9887E+03 7.5470E-025430 3402
 2.9888E+03 7.3573E-02 2.9890E+03 7.1820E-02 2.9891E+03 7.0202E-025430 3402
 2.9893E+03 6.8718E-02 2.9895E+03 6.7346E-02 2.9896E+03 6.6086E-025430 3402
 2.9898E+03 6.4931E-02 2.9899E+03 6.3878E-02 2.9901E+03 6.2921E-025430 3402
 2.9903E+03 6.2055E-02 2.9904E+03 6.1278E-02 2.9906E+03 6.0589E-025430 3402
 2.9907E+03 5.9978E-02 2.9909E+03 5.9446E-02 2.9911E+03 5.8991E-025430 3402
 2.9912E+03 5.8611E-02 2.9914E+03 5.8306E-02 2.9915E+03 5.8073E-025430 3402
 2.9917E+03 5.7912E-02 2.9919E+03 5.7823E-02 2.9920E+03 5.7804E-025430 3402
 2.9922E+03 5.7856E-02 2.9923E+03 5.7979E-02 2.9925E+03 5.8176E-025430 3402
 2.9927E+03 5.8445E-02 2.9928E+03 5.8788E-02 2.9930E+03 5.9208E-025430 3402
 2.9931E+03 5.9702E-02 2.9933E+03 6.0280E-02 2.9935E+03 6.0941E-025430 3402
 2.9936E+03 6.1689E-02 2.9938E+03 6.2526E-02 2.9939E+03 6.3457E-025430 3402
 2.9941E+03 6.4488E-02 2.9943E+03 6.5622E-02 2.9944E+03 6.6858E-025430 3402
 2.9946E+03 6.8218E-02 2.9947E+03 6.9701E-02 2.9949E+03 7.1316E-025430 3402
 2.9951E+03 7.3073E-02 2.9952E+03 7.4982E-02 2.9954E+03 7.7054E-025430 3402
 2.9955E+03 7.9302E-02 2.9956E+03 8.0497E-02 2.9957E+03 8.1726E-025430 3402
 2.9958E+03 8.3023E-02 2.9958E+03 8.4369E-02 2.9959E+03 8.5781E-025430 3402
 2.9960E+03 8.7242E-02 2.9961E+03 8.8770E-02 2.9962E+03 9.0363E-025430 3402
 2.9962E+03 9.2023E-02 2.9963E+03 9.3757E-02 2.9964E+03 9.5565E-025430 3402
 2.9965E+03 9.7448E-02 2.9966E+03 9.9413E-02 2.9967E+03 1.0147E-015430 3402
 2.9967E+03 1.0361E-01 2.9968E+03 1.0585E-01 2.9969E+03 1.0820E-015430 3402
 2.9970E+03 1.1062E-01 2.9970E+03 1.1318E-01 2.9971E+03 1.1586E-015430 3402
 2.9972E+03 1.1867E-01 2.9973E+03 1.2161E-01 2.9974E+03 1.2470E-015430 3402
 2.9974E+03 1.2793E-01 2.9975E+03 1.3133E-01 2.9976E+03 1.3490E-015430 3402
 2.9977E+03 1.3865E-01 2.9978E+03 1.4260E-01 2.9978E+03 1.4675E-015430 3402
 2.9979E+03 1.5112E-01 2.9980E+03 1.5573E-01 2.9981E+03 1.6060E-015430 3402
 2.9982E+03 1.6573E-01 2.9982E+03 1.7109E-01 2.9983E+03 1.7682E-015430 3402
 2.9984E+03 1.8289E-01 2.9985E+03 1.8932E-01 2.9986E+03 1.9613E-015430 3402
 2.9986E+03 2.0336E-01 2.9987E+03 2.1104E-01 2.9988E+03 2.1919E-015430 3402
 2.9989E+03 2.2786E-01 2.9990E+03 2.3709E-01 2.9990E+03 2.4691E-015430 3402
 2.9991E+03 2.5737E-01 2.9992E+03 2.6851E-01 2.9993E+03 2.8040E-015430 3402
 2.9994E+03 2.9309E-01 2.9994E+03 3.0662E-01 2.9995E+03 3.2087E-015430 3402
 2.9996E+03 3.3625E-01 2.9997E+03 3.5269E-01 2.9998E+03 3.7021E-015430 3402
 2.9998E+03 3.8890E-01 2.9999E+03 4.0882E-01 3.0000E+03 4.3004E-015430 3402
 3.0001E+03 4.5263E-01 3.0002E+03 4.7664E-01 3.0002E+03 5.0216E-015430 3402
 3.0003E+03 5.2922E-01 3.0004E+03 5.5789E-01 3.0005E+03 5.8820E-015430 3402
 3.0006E+03 6.2022E-01 3.0006E+03 6.5393E-01 3.0007E+03 6.8938E-015430 3402
 3.0008E+03 7.2608E-01 3.0009E+03 7.6494E-01 3.0010E+03 8.0549E-015430 3402
 3.0010E+03 8.4765E-01 3.0011E+03 8.9141E-01 3.0012E+03 9.3658E-015430 3402
 3.0013E+03 1.0069E+00 3.0014E+03 1.0798E+00 3.0016E+03 1.1545E+005430 3402
 3.0018E+03 1.2812E+00 3.0020E+03 1.4317E+00 3.0021E+03 1.4796E+005430 3402
 3.0023E+03 1.5992E+00 3.0024E+03 1.6353E+00 3.0025E+03 1.7024E+005430 3402
 3.0026E+03 1.7465E+00 3.0027E+03 1.7841E+00 3.0029E+03 1.8245E+005430 3402
 3.0030E+03 1.8517E+00 3.0031E+03 1.8602E+00 3.0032E+03 1.8670E+005430 3402
 3.0033E+03 1.8598E+00 3.0035E+03 1.8387E+00 3.0035E+03 1.8231E+005430 3402
 3.0037E+03 1.7823E+00 3.0038E+03 1.7577E+00 3.0039E+03 1.6998E+005430 3402
 3.0040E+03 1.6327E+00 3.0041E+03 1.5960E+00 3.0042E+03 1.5179E+005430 3402
 3.0044E+03 1.4396E+00 3.0046E+03 1.3241E+00 3.0047E+03 1.2064E+005430 3402
 3.0049E+03 1.0901E+00 3.0051E+03 1.0149E+00 3.0052E+03 9.0685E-015430 3402
 3.0053E+03 8.7283E-01 3.0054E+03 8.0640E-01 3.0055E+03 7.7463E-015430 3402
 3.0056E+03 7.1458E-01 3.0057E+03 6.5857E-01 3.0058E+03 6.3231E-015430 3402
 3.0059E+03 5.8201E-01 3.0060E+03 5.5838E-01 3.0060E+03 5.3611E-015430 3402
 3.0062E+03 4.9403E-01 3.0063E+03 4.5561E-01 3.0064E+03 4.2033E-015430 3402
 3.0065E+03 3.8854E-01 3.0067E+03 3.5970E-01 3.0068E+03 3.3357E-015430 3402
 3.0069E+03 3.0970E-01 3.0070E+03 2.8827E-01 3.0072E+03 2.6884E-015430 3402
 3.0073E+03 2.5123E-01 3.0074E+03 2.3512E-01 3.0075E+03 2.2060E-015430 3402
 3.0076E+03 2.0737E-01 3.0078E+03 1.9531E-01 3.0079E+03 1.8428E-015430 3402
 3.0080E+03 1.7418E-01 3.0081E+03 1.6491E-01 3.0083E+03 1.5639E-015430 3402
 3.0084E+03 1.4848E-01 3.0085E+03 1.4123E-01 3.0086E+03 1.3451E-015430 3402
 3.0088E+03 1.2830E-01 3.0089E+03 1.2247E-01 3.0090E+03 1.1709E-015430 3402
 3.0092E+03 1.0740E-01 3.0095E+03 9.8884E-02 3.0097E+03 9.1420E-025430 3402
 3.0100E+03 8.4806E-02 3.0102E+03 7.8914E-02 3.0105E+03 7.3627E-025430 3402
 3.0107E+03 6.8896E-02 3.0110E+03 6.4612E-02 3.0112E+03 6.0749E-025430 3402
 3.0115E+03 5.7224E-02 3.0117E+03 5.4025E-02 3.0120E+03 5.1099E-025430 3402
 3.0122E+03 4.8418E-02 3.0124E+03 4.5941E-02 3.0129E+03 4.1562E-025430 3402
 3.0132E+03 3.9619E-02 3.0137E+03 3.6134E-02 3.0139E+03 3.4567E-025430 3402
 3.0144E+03 3.1747E-02 3.0149E+03 2.9275E-02 3.0152E+03 2.8154E-025430 3402
 3.0157E+03 2.6105E-02 3.0161E+03 2.4287E-02 3.0166E+03 2.2659E-025430 3402
 3.0171E+03 2.1198E-02 3.0176E+03 1.9881E-02 3.0181E+03 1.8692E-025430 3402
 3.0186E+03 1.7610E-02 3.0191E+03 1.6625E-02 3.0196E+03 1.5726E-025430 3402
 3.0201E+03 1.4903E-02 3.0211E+03 1.3447E-02 3.0216E+03 1.2803E-025430 3402
 3.0226E+03 1.1653E-02 3.0230E+03 1.1139E-02 3.0240E+03 1.0215E-025430 3402
 3.0250E+03 9.4062E-03 3.0265E+03 8.3725E-03 3.0280E+03 7.5109E-035430 3402
 3.0290E+03 7.0123E-03 3.0299E+03 6.5641E-03 3.0309E+03 6.1597E-035430 3402
 3.0329E+03 5.4617E-03 3.0339E+03 5.1591E-03 3.0359E+03 4.6286E-035430 3402
 3.0368E+03 4.3952E-03 3.0388E+03 3.9816E-03 3.0398E+03 3.7978E-035430 3402
 3.0418E+03 3.4687E-03 3.0437E+03 3.1832E-03 3.0467E+03 2.8205E-035430 3402
 3.0497E+03 2.5205E-03 3.0536E+03 2.1950E-03 3.0575E+03 1.9325E-035430 3402
 3.0595E+03 1.8201E-03 3.0635E+03 1.6254E-03 3.0654E+03 1.5409E-035430 3402
 3.0694E+03 1.3925E-03 3.0753E+03 1.2119E-03 3.0792E+03 1.1132E-035430 3402
 3.0851E+03 9.9025E-04 3.0910E+03 8.9100E-04 3.0989E+03 7.8691E-045430 3402
 3.1068E+03 7.0665E-04 3.1108E+03 6.7374E-04 3.1186E+03 6.1980E-045430 3402
 3.1305E+03 5.6328E-04 3.1423E+03 5.3099E-04 3.1541E+03 5.2103E-045430 3402
 3.1660E+03 5.3465E-04 3.1758E+03 5.6890E-04 3.1817E+03 6.0301E-045430 3402
 3.1876E+03 6.5073E-04 3.1916E+03 6.9232E-04 3.1975E+03 7.7432E-045430 3402
 3.2034E+03 8.8902E-04 3.2093E+03 1.0525E-03 3.2143E+03 1.2464E-035430 3402
 3.2172E+03 1.4000E-03 3.2202E+03 1.5930E-03 3.2221E+03 1.7500E-035430 3402
 3.2251E+03 2.0429E-03 3.2261E+03 2.1599E-03 3.2280E+03 2.4307E-035430 3402
 3.2290E+03 2.5881E-03 3.2310E+03 2.9579E-03 3.2325E+03 3.2953E-035430 3402
 3.2340E+03 3.6997E-03 3.2354E+03 4.1907E-03 3.2369E+03 4.7934E-035430 3402
 3.2379E+03 5.2756E-03 3.2384E+03 5.5459E-03 3.2394E+03 6.1553E-035430 3402
 3.2399E+03 6.5005E-03 3.2409E+03 7.2873E-03 3.2414E+03 7.7381E-035430 3402
 3.2423E+03 8.7804E-03 3.2433E+03 1.0056E-02 3.2438E+03 1.0804E-025430 3402
 3.2448E+03 1.2583E-02 3.2453E+03 1.3647E-02 3.2458E+03 1.4856E-025430 3402
 3.2463E+03 1.6237E-02 3.2468E+03 1.7821E-02 3.2473E+03 1.9659E-025430 3402
 3.2475E+03 2.0691E-02 3.2478E+03 2.1804E-02 3.2480E+03 2.3017E-025430 3402
 3.2483E+03 2.4331E-02 3.2485E+03 2.5766E-02 3.2487E+03 2.7335E-025430 3402
 3.2489E+03 2.8182E-02 3.2492E+03 3.0473E-02 3.2494E+03 3.1990E-025430 3402
 3.2495E+03 3.2797E-02 3.2496E+03 3.4196E-02 3.2498E+03 3.6014E-025430 3402
 3.2500E+03 3.7987E-02 3.2501E+03 3.9394E-02 3.2502E+03 4.0883E-025430 3402
 3.2503E+03 4.2462E-02 3.2505E+03 4.4138E-02 3.2506E+03 4.5920E-025430 3402
 3.2507E+03 4.7817E-02 3.2508E+03 4.9857E-02 3.2510E+03 5.2019E-025430 3402
 3.2511E+03 5.4333E-02 3.2512E+03 5.6813E-02 3.2513E+03 5.9500E-025430 3402
 3.2515E+03 6.2371E-02 3.2516E+03 6.5470E-02 3.2517E+03 6.8821E-025430 3402
 3.2518E+03 7.2489E-02 3.2519E+03 7.6448E-02 3.2520E+03 7.8577E-025430 3402
 3.2521E+03 8.0768E-02 3.2521E+03 8.3097E-02 3.2522E+03 8.5500E-025430 3402
 3.2523E+03 8.8060E-02 3.2523E+03 9.0694E-02 3.2524E+03 9.3517E-025430 3402
 3.2524E+03 9.6424E-02 3.2525E+03 9.9537E-02 3.2526E+03 1.0277E-015430 3402
 3.2526E+03 1.0622E-01 3.2527E+03 1.0981E-01 3.2528E+03 1.1366E-015430 3402
 3.2528E+03 1.1773E-01 3.2529E+03 1.2204E-01 3.2529E+03 1.2653E-015430 3402
 3.2530E+03 1.3137E-01 3.2531E+03 1.3641E-01 3.2531E+03 1.4185E-015430 3402
 3.2532E+03 1.4755E-01 3.2532E+03 1.5370E-01 3.2533E+03 1.6025E-015430 3402
 3.2534E+03 1.6723E-01 3.2534E+03 1.7453E-01 3.2535E+03 1.8245E-015430 3402
 3.2536E+03 1.9076E-01 3.2536E+03 1.9976E-01 3.2537E+03 2.0920E-015430 3402
 3.2537E+03 2.1945E-01 3.2538E+03 2.3039E-01 3.2539E+03 2.4207E-015430 3402
 3.2539E+03 2.5432E-01 3.2540E+03 2.6761E-01 3.2540E+03 2.8154E-015430 3402
 3.2541E+03 2.9662E-01 3.2542E+03 3.1245E-01 3.2542E+03 3.2956E-015430 3402
 3.2543E+03 3.4747E-01 3.2544E+03 3.6680E-01 3.2544E+03 3.8700E-015430 3402
 3.2545E+03 4.0877E-01 3.2545E+03 4.3147E-01 3.2546E+03 4.5588E-015430 3402
 3.2547E+03 4.8124E-01 3.2547E+03 5.0845E-01 3.2548E+03 5.3712E-015430 3402
 3.2548E+03 5.6727E-01 3.2549E+03 5.9842E-01 3.2550E+03 6.3160E-015430 3402
 3.2550E+03 6.6574E-01 3.2551E+03 7.0195E-01 3.2552E+03 7.3907E-015430 3402
 3.2552E+03 7.7826E-01 3.2553E+03 8.1891E-01 3.2553E+03 8.6094E-015430 3402
 3.2554E+03 9.0363E-01 3.2555E+03 9.4830E-01 3.2556E+03 1.0167E+005430 3402
 3.2556E+03 1.0873E+00 3.2557E+03 1.1606E+00 3.2558E+03 1.2351E+005430 3402
 3.2560E+03 1.3601E+00 3.2562E+03 1.5078E+00 3.2563E+03 1.6263E+005430 3402
 3.2564E+03 1.6932E+00 3.2565E+03 1.7563E+00 3.2566E+03 1.7963E+005430 3402
 3.2567E+03 1.8575E+00 3.2568E+03 1.9221E+00 3.2569E+03 1.9584E+005430 3402
 3.2570E+03 2.0010E+00 3.2571E+03 2.0293E+00 3.2572E+03 2.0396E+005430 3402
 3.2573E+03 2.0430E+00 3.2573E+03 2.0421E+00 3.2574E+03 2.0351E+005430 3402
 3.2576E+03 2.0115E+00 3.2576E+03 2.0003E+00 3.2577E+03 1.9575E+005430 3402
 3.2578E+03 1.9211E+00 3.2579E+03 1.8792E+00 3.2580E+03 1.8326E+005430 3402
 3.2581E+03 1.7628E+00 3.2582E+03 1.6867E+00 3.2583E+03 1.6052E+005430 3402
 3.2585E+03 1.4609E+00 3.2587E+03 1.2805E+00 3.2589E+03 1.1320E+005430 3402
 3.2590E+03 1.0457E+00 3.2591E+03 9.8975E-01 3.2592E+03 8.8192E-015430 3402
 3.2593E+03 8.3106E-01 3.2594E+03 7.8224E-01 3.2595E+03 7.3547E-015430 3402
 3.2595E+03 6.9082E-01 3.2596E+03 6.4833E-01 3.2597E+03 6.0803E-015430 3402
 3.2597E+03 5.6991E-01 3.2598E+03 5.3346E-01 3.2599E+03 4.9965E-015430 3402
 3.2600E+03 4.6789E-01 3.2600E+03 4.3815E-01 3.2601E+03 4.1034E-015430 3402
 3.2602E+03 3.8440E-01 3.2603E+03 3.6022E-01 3.2603E+03 3.3774E-015430 3402
 3.2604E+03 3.1659E-01 3.2605E+03 2.9722E-01 3.2606E+03 2.7927E-015430 3402
 3.2606E+03 2.6264E-01 3.2607E+03 2.4725E-01 3.2608E+03 2.3301E-015430 3402
 3.2609E+03 2.1983E-01 3.2609E+03 2.0765E-01 3.2610E+03 1.9623E-015430 3402
 3.2611E+03 1.8581E-01 3.2612E+03 1.7616E-01 3.2612E+03 1.6723E-015430 3402
 3.2613E+03 1.5894E-01 3.2614E+03 1.5127E-01 3.2615E+03 1.3751E-015430 3402
 3.2617E+03 1.2552E-01 3.2618E+03 1.1518E-01 3.2620E+03 1.0612E-015430 3402
 3.2621E+03 9.8166E-02 3.2623E+03 9.1090E-02 3.2624E+03 8.4839E-025430 3402
 3.2626E+03 7.9259E-02 3.2627E+03 7.4250E-02 3.2629E+03 6.9702E-025430 3402
 3.2630E+03 6.5612E-02 3.2632E+03 6.1893E-02 3.2633E+03 5.8499E-025430 3402
 3.2635E+03 5.5371E-02 3.2636E+03 5.2517E-02 3.2638E+03 4.9889E-025430 3402
 3.2640E+03 4.5200E-02 3.2642E+03 4.3116E-02 3.2645E+03 3.9372E-025430 3402
 3.2646E+03 3.7676E-02 3.2649E+03 3.4625E-02 3.2651E+03 3.3241E-025430 3402
 3.2654E+03 3.0709E-02 3.2657E+03 2.8471E-02 3.2660E+03 2.6467E-025430 3402
 3.2663E+03 2.4679E-02 3.2666E+03 2.3064E-02 3.2669E+03 2.1611E-025430 3402
 3.2672E+03 2.0293E-02 3.2678E+03 1.7998E-02 3.2681E+03 1.6998E-025430 3402
 3.2686E+03 1.5235E-02 3.2692E+03 1.3737E-02 3.2695E+03 1.3070E-025430 3402
 3.2701E+03 1.1879E-02 3.2710E+03 1.0382E-02 3.2719E+03 9.1552E-035430 3402
 3.2725E+03 8.4575E-03 3.2734E+03 7.5558E-03 3.2740E+03 7.0342E-035430 3402
 3.2752E+03 6.1444E-03 3.2758E+03 5.7631E-03 3.2769E+03 5.1032E-035430 3402
 3.2781E+03 4.5534E-03 3.2799E+03 3.8870E-03 3.2817E+03 3.3623E-035430 3402
 3.2835E+03 2.9418E-03 3.2847E+03 2.7062E-03 3.2864E+03 2.4059E-035430 3402
 3.2882E+03 2.1563E-03 3.2912E+03 1.8251E-03 3.2935E+03 1.6164E-035430 3402
 3.2959E+03 1.4453E-03 3.2983E+03 1.3032E-03 3.3018E+03 1.1314E-035430 3402
 3.3042E+03 1.0383E-03 3.3078E+03 9.2279E-04 3.3113E+03 8.2965E-045430 3402
 3.3149E+03 7.5389E-04 3.3196E+03 6.7287E-04 3.3267E+03 5.8227E-045430 3402
 3.3339E+03 5.1755E-04 3.3410E+03 4.7059E-04 3.3528E+03 4.1914E-045430 3402
 3.3671E+03 3.8660E-04 3.3813E+03 3.7592E-04 3.3908E+03 3.7857E-045430 3402
 3.4050E+03 3.9622E-04 3.4192E+03 4.3150E-04 3.4335E+03 4.8856E-045430 3402
 3.4430E+03 5.4249E-04 3.4501E+03 5.9396E-04 3.4572E+03 6.5769E-045430 3402
 3.4643E+03 7.3697E-04 3.4690E+03 8.0074E-04 3.4762E+03 9.1759E-045430 3402
 3.4785E+03 9.6341E-04 3.4833E+03 1.0679E-03 3.4856E+03 1.1276E-035430 3402
 3.4904E+03 1.2652E-03 3.4951E+03 1.4327E-03 3.4975E+03 1.5305E-035430 3402
 3.5011E+03 1.6978E-03 3.5046E+03 1.8970E-03 3.5082E+03 2.1360E-035430 3402
 3.5106E+03 2.3227E-03 3.5141E+03 2.6543E-03 3.5153E+03 2.7815E-035430 3402
 3.5177E+03 3.0658E-03 3.5212E+03 3.5867E-03 3.5236E+03 4.0140E-035430 3402
 3.5260E+03 4.5189E-03 3.5272E+03 4.8080E-03 3.5283E+03 5.1279E-035430 3402
 3.5295E+03 5.4819E-03 3.5307E+03 5.8739E-03 3.5313E+03 6.0861E-035430 3402
 3.5319E+03 6.3103E-03 3.5325E+03 6.5473E-03 3.5331E+03 6.7979E-035430 3402
 3.5337E+03 7.0638E-03 3.5343E+03 7.3458E-03 3.5349E+03 7.6451E-035430 3402
 3.5355E+03 7.9633E-03 3.5360E+03 8.3015E-03 3.5363E+03 8.4798E-035430 3402
 3.5366E+03 8.6631E-03 3.5368E+03 8.7572E-03 3.5371E+03 8.9496E-035430 3402
 3.5372E+03 9.0479E-03 3.5375E+03 9.2502E-03 3.5377E+03 9.3542E-035430 3402
 3.5380E+03 9.5672E-03 3.5381E+03 9.6762E-03 3.5384E+03 9.9000E-035430 3402
 3.5387E+03 1.0133E-02 3.5390E+03 1.0373E-02 3.5396E+03 1.0881E-025430 3402
 3.5399E+03 1.1149E-02 3.5402E+03 1.1427E-02 3.5405E+03 1.1716E-025430 3402
 3.5408E+03 1.2015E-02 3.5411E+03 1.2328E-02 3.5414E+03 1.2651E-025430 3402
 3.5417E+03 1.2988E-02 3.5420E+03 1.3338E-02 3.5423E+03 1.3702E-025430 3402
 3.5426E+03 1.4082E-02 3.5429E+03 1.4479E-02 3.5432E+03 1.4892E-025430 3402
 3.5435E+03 1.5324E-02 3.5438E+03 1.5774E-02 3.5441E+03 1.6245E-025430 3402
 3.5443E+03 1.6738E-02 3.5446E+03 1.7253E-02 3.5449E+03 1.7792E-025430 3402
 3.5452E+03 1.8358E-02 3.5455E+03 1.8949E-02 3.5458E+03 1.9572E-025430 3402
 3.5461E+03 2.0224E-02 3.5464E+03 2.0910E-02 3.5467E+03 2.1631E-025430 3402
 3.5470E+03 2.2393E-02 3.5473E+03 2.3192E-02 3.5476E+03 2.4037E-025430 3402
 3.5479E+03 2.4928E-02 3.5482E+03 2.5871E-02 3.5485E+03 2.6866E-025430 3402
 3.5488E+03 2.7923E-02 3.5491E+03 2.9039E-02 3.5494E+03 3.0229E-025430 3402
 3.5497E+03 3.1488E-02 3.5500E+03 3.2833E-02 3.5503E+03 3.4259E-025430 3402
 3.5506E+03 3.5786E-02 3.5509E+03 3.7412E-02 3.5512E+03 3.9157E-025430 3402
 3.5513E+03 4.0071E-02 3.5515E+03 4.1019E-02 3.5516E+03 4.2000E-025430 3402
 3.5518E+03 4.3017E-02 3.5519E+03 4.4071E-02 3.5521E+03 4.5164E-025430 3402
 3.5522E+03 4.6306E-02 3.5524E+03 4.7484E-02 3.5525E+03 4.8707E-025430 3402
 3.5526E+03 4.9978E-02 3.5528E+03 5.1308E-02 3.5529E+03 5.2682E-025430 3402
 3.5531E+03 5.4111E-02 3.5532E+03 5.5600E-02 3.5534E+03 5.7162E-025430 3402
 3.5535E+03 5.8777E-02 3.5537E+03 6.0463E-02 3.5538E+03 6.2221E-025430 3402
 3.5540E+03 6.4069E-02 3.5541E+03 6.5987E-02 3.5543E+03 6.7992E-025430 3402
 3.5544E+03 7.0089E-02 3.5546E+03 7.2297E-02 3.5547E+03 7.4595E-025430 3402
 3.5549E+03 7.7004E-02 3.5550E+03 7.9529E-02 3.5552E+03 8.2196E-025430 3402
 3.5553E+03 8.4980E-02 3.5555E+03 8.7903E-02 3.5556E+03 9.0983E-025430 3402
 3.5558E+03 9.4244E-02 3.5559E+03 9.7654E-02 3.5561E+03 1.0125E-015430 3402
 3.5562E+03 1.0504E-01 3.5564E+03 1.0905E-01 3.5565E+03 1.1328E-015430 3402
 3.5566E+03 1.1776E-01 3.5568E+03 1.2250E-01 3.5569E+03 1.2755E-015430 3402
 3.5571E+03 1.3288E-01 3.5572E+03 1.3853E-01 3.5574E+03 1.4454E-015430 3402
 3.5575E+03 1.5098E-01 3.5577E+03 1.5777E-01 3.5578E+03 1.6501E-015430 3402
 3.5580E+03 1.7273E-01 3.5581E+03 1.8102E-01 3.5583E+03 1.8981E-015430 3402
 3.5584E+03 1.9920E-01 3.5586E+03 2.0923E-01 3.5587E+03 2.2003E-015430 3402
 3.5589E+03 2.3150E-01 3.5590E+03 2.4377E-01 3.5592E+03 2.5689E-015430 3402
 3.5593E+03 2.7102E-01 3.5595E+03 2.8602E-01 3.5596E+03 3.0204E-015430 3402
 3.5598E+03 3.1914E-01 3.5599E+03 3.3749E-01 3.5601E+03 3.5690E-015430 3402
 3.5602E+03 3.7750E-01 3.5604E+03 3.9934E-01 3.5605E+03 4.2258E-015430 3402
 3.5607E+03 4.4690E-01 3.5608E+03 4.7246E-01 3.5609E+03 4.9917E-015430 3402
 3.5611E+03 5.2697E-01 3.5612E+03 5.5577E-01 3.5614E+03 5.8543E-015430 3402
 3.5617E+03 6.4663E-01 3.5621E+03 7.3921E-01 3.5624E+03 7.9836E-015430 3402
 3.5626E+03 8.3956E-01 3.5629E+03 8.7639E-01 3.5630E+03 8.9802E-015430 3402
 3.5632E+03 9.1701E-01 3.5633E+03 9.3286E-01 3.5635E+03 9.4558E-015430 3402
 3.5636E+03 9.5474E-01 3.5638E+03 9.6036E-01 3.5639E+03 9.6217E-015430 3402
 3.5640E+03 9.6019E-01 3.5642E+03 9.5458E-01 3.5643E+03 9.4525E-015430 3402
 3.5645E+03 9.3253E-01 3.5646E+03 9.1643E-01 3.5648E+03 8.9752E-015430 3402
 3.5649E+03 8.7572E-01 3.5651E+03 8.5161E-01 3.5652E+03 8.2542E-015430 3402
 3.5654E+03 7.9768E-01 3.5657E+03 7.3845E-01 3.5661E+03 6.4565E-015430 3402
 3.5664E+03 5.9322E-01 3.5667E+03 5.3007E-01 3.5668E+03 5.0995E-015430 3402
 3.5670E+03 4.7139E-01 3.5671E+03 4.5301E-01 3.5673E+03 4.1810E-015430 3402
 3.5675E+03 3.8573E-01 3.5676E+03 3.7050E-01 3.5678E+03 3.4193E-015430 3402
 3.5680E+03 3.2867E-01 3.5682E+03 3.0366E-01 3.5684E+03 2.8087E-015430 3402
 3.5686E+03 2.6014E-01 3.5688E+03 2.4139E-01 3.5690E+03 2.2427E-015430 3402
 3.5692E+03 2.0872E-01 3.5694E+03 1.9459E-01 3.5696E+03 1.8178E-015430 3402
 3.5699E+03 1.7007E-01 3.5701E+03 1.5938E-01 3.5703E+03 1.4962E-015430 3402
 3.5705E+03 1.4069E-01 3.5707E+03 1.3250E-01 3.5709E+03 1.2498E-015430 3402
 3.5711E+03 1.1807E-01 3.5713E+03 1.1172E-01 3.5716E+03 1.0584E-015430 3402
 3.5718E+03 1.0040E-01 3.5720E+03 9.5350E-02 3.5722E+03 9.0694E-025430 3402
 3.5724E+03 8.6342E-02 3.5726E+03 8.2298E-02 3.5728E+03 7.8525E-025430 3402
 3.5730E+03 7.5018E-02 3.5732E+03 7.1723E-02 3.5737E+03 6.5748E-025430 3402
 3.5741E+03 6.0484E-02 3.5743E+03 5.8084E-02 3.5747E+03 5.3702E-025430 3402
 3.5752E+03 4.9787E-02 3.5756E+03 4.6289E-02 3.5760E+03 4.3139E-025430 3402
 3.5764E+03 4.0304E-02 3.5769E+03 3.7732E-02 3.5773E+03 3.5404E-025430 3402
 3.5777E+03 3.3278E-02 3.5781E+03 3.1342E-02 3.5785E+03 2.9566E-025430 3402
 3.5790E+03 2.7940E-02 3.5794E+03 2.6441E-02 3.5798E+03 2.5062E-025430 3402
 3.5802E+03 2.3786E-02 3.5807E+03 2.2604E-02 3.5811E+03 2.1508E-025430 3402
 3.5819E+03 1.9546E-02 3.5828E+03 1.7839E-02 3.5832E+03 1.7069E-025430 3402
 3.5841E+03 1.5671E-02 3.5845E+03 1.5034E-02 3.5853E+03 1.3875E-025430 3402
 3.5857E+03 1.3346E-02 3.5866E+03 1.2373E-02 3.5874E+03 1.1503E-025430 3402
 3.5883E+03 1.0722E-02 3.5891E+03 1.0017E-02 3.5900E+03 9.3790E-035430 3402
 3.5908E+03 8.8010E-03 3.5917E+03 8.2742E-03 3.5925E+03 7.7940E-035430 3402
 3.5934E+03 7.3543E-03 3.5942E+03 6.9505E-03 3.5959E+03 6.2377E-035430 3402
 3.5976E+03 5.6291E-03 3.5985E+03 5.3581E-03 3.6001E+03 4.8716E-035430 3402
 3.6010E+03 4.6528E-03 3.6027E+03 4.2578E-03 3.6052E+03 3.7538E-035430 3402
 3.6069E+03 3.4662E-03 3.6095E+03 3.0937E-03 3.6103E+03 2.9832E-035430 3402
 3.6120E+03 2.7793E-03 3.6137E+03 2.5953E-03 3.6154E+03 2.4290E-035430 3402
 3.6188E+03 2.1416E-03 3.6222E+03 1.9027E-03 3.6239E+03 1.7982E-035430 3402
 3.6273E+03 1.6136E-03 3.6323E+03 1.3866E-03 3.6374E+03 1.2048E-035430 3402
 3.6408E+03 1.1032E-03 3.6459E+03 9.7365E-04 3.6510E+03 8.6606E-045430 3402
 3.6578E+03 7.4911E-04 3.6645E+03 6.5457E-04 3.6747E+03 5.4383E-045430 3402
 3.6849E+03 4.5967E-04 3.6950E+03 3.9420E-04 3.7018E+03 3.5829E-045430 3402
 3.7120E+03 3.1330E-04 3.7221E+03 2.7661E-04 3.7323E+03 2.4626E-045430 3402
 3.7391E+03 2.2886E-04 3.7560E+03 1.9304E-04 3.7764E+03 1.6058E-045430 3402
 3.7967E+03 1.3606E-04 3.8102E+03 1.2288E-04 3.8306E+03 1.0664E-045430 3402
 3.8509E+03 9.3608E-05 3.8712E+03 8.2973E-05 3.9051E+03 6.9123E-055430 3402
 3.9458E+03 5.6892E-05 3.9864E+03 4.7828E-05 3.9932E+03 4.6566E-055430 3402
 3.9949E+03 4.7622E-05 3.9953E+03 5.0979E-05 3.9956E+03 5.5066E-055430 3402
 3.9958E+03 6.2380E-05 3.9960E+03 7.5219E-05 3.9962E+03 9.7051E-055430 3402
 3.9964E+03 1.3315E-04 3.9965E+03 1.5881E-04 3.9966E+03 1.9081E-045430 3402
 3.9967E+03 2.3116E-04 3.9968E+03 2.8127E-04 3.9969E+03 3.4308E-045430 3402
 3.9970E+03 4.1877E-04 3.9972E+03 6.2200E-04 3.9975E+03 9.1247E-045430 3402
 3.9977E+03 1.3201E-03 3.9979E+03 1.8742E-03 3.9981E+03 2.6066E-035430 3402
 3.9982E+03 3.0494E-03 3.9983E+03 3.5431E-03 3.9984E+03 4.1002E-035430 3402
 3.9985E+03 4.7187E-03 3.9986E+03 5.4009E-03 3.9987E+03 6.1480E-035430 3402
 3.9988E+03 6.9603E-03 3.9989E+03 7.8375E-03 3.9992E+03 9.7704E-035430 3402
 3.9994E+03 1.1940E-02 3.9996E+03 1.4300E-02 4.0000E+03 4.5310E-055430 3402
 4.0000E+03 3.8672E-02 4.2328E+03 3.7609E-02 4.4768E+03 3.6585E-025430 3402
 4.7324E+03 3.5598E-02 5.0000E+03 3.4647E-02 5.4811E+03 3.3110E-025430 3402
 6.0000E+03 3.1663E-02 6.4839E+03 3.0455E-02 7.0000E+03 2.9307E-025430 3402
 7.4860E+03 2.8316E-02 8.0000E+03 2.7369E-02 8.4876E+03 2.6532E-025430 3402
 9.0000E+03 2.5729E-02 9.4889E+03 2.5010E-02 1.0000E+04 2.4316E-025430 3402
 1.0581E+04 2.3525E-02 1.1190E+04 2.2767E-02 1.1829E+04 2.2039E-025430 3402
 1.2500E+04 2.1339E-02 1.3701E+04 2.0224E-02 1.5000E+04 1.9181E-025430 3402
 1.6208E+04 1.8332E-02 1.7500E+04 1.7530E-02 1.8714E+04 1.6858E-025430 3402
 2.0000E+04 1.6217E-02 2.1159E+04 1.5642E-02 2.2377E+04 1.5093E-025430 3402
 2.3656E+04 1.4565E-02 2.5000E+04 1.4060E-02 2.6176E+04 1.3653E-025430 3402
 2.7400E+04 1.3261E-02 2.8674E+04 1.2882E-02 3.0000E+04 1.2516E-025430 3402
 3.2415E+04 1.1898E-02 3.5000E+04 1.1317E-02 3.7426E+04 1.0832E-025430 3402
 4.0000E+04 1.0373E-02 4.2318E+04 1.0002E-02 4.4753E+04 9.6486E-035430 3402
 4.7312E+04 9.3096E-03 5.0000E+04 8.9847E-03 5.2351E+04 8.7296E-035430 3402
 5.4799E+04 8.4836E-03 5.7348E+04 8.2462E-03 6.0000E+04 8.0169E-035430 3402
 6.4832E+04 7.6504E-03 7.0000E+04 7.3049E-03 7.4855E+04 7.0254E-035430 3402
 8.0000E+04 6.7596E-03 9.0000E+04 7.9628E-03 1.0000E+05 7.7347E-035430 3402
 1.1198E+05 7.5483E-03 1.2500E+05 7.3741E-03 1.3707E+05 7.2336E-035430 3402
 1.5000E+05 7.1011E-03 1.7500E+05 6.8854E-03 2.0000E+05 6.7099E-035430 3402
 2.2399E+05 6.6300E-03 2.5000E+05 6.5582E-03 3.0000E+05 6.4522E-035430 3402
 3.5000E+05 6.8340E-03 4.0000E+05 7.1947E-03 5.0000E+05 7.6818E-035430 3402
 5.4000E+05 7.9071E-03 5.4016E+05 7.8894E-03 5.4330E+05 7.5543E-035430 3402
 5.4663E+05 7.2173E-03 5.4997E+05 6.8952E-03 5.5334E+05 6.5878E-035430 3402
 5.5670E+05 6.2958E-03 5.6013E+05 6.0132E-03 5.6353E+05 5.7467E-035430 3402
 5.6700E+05 5.4888E-03 5.8317E+05 5.1806E-03 6.0000E+05 4.8869E-035430 3402
 6.2359E+05 4.7494E-03 6.4807E+05 4.6168E-03 6.7355E+05 4.4887E-035430 3402
 7.0000E+05 4.3653E-03 7.2200E+05 4.3364E-03 8.0000E+05 4.6462E-035430 3402
 8.7800E+05 4.7847E-03 9.0000E+05 4.8194E-03 1.0000E+06 5.0914E-035430 3402
 1.0330E+06 5.1970E-03 1.1310E+06 5.5026E-03 1.1591E+06 5.3283E-035430 3402
 1.1880E+06 5.1592E-03 1.2100E+06 5.1315E-03 1.2130E+06 5.1297E-035430 3402
 1.2133E+06 5.1208E-03 1.2221E+06 4.9043E-03 1.2310E+06 4.6943E-035430 3402
 1.2520E+06 4.5669E-03 1.2740E+06 4.4851E-03 1.3880E+06 4.3688E-035430 3402
 1.5000E+06 4.4780E-03 1.6140E+06 4.6508E-03 1.6460E+06 4.6908E-035430 3402
 1.7280E+06 4.6624E-03 1.7740E+06 4.7071E-03 1.8210E+06 4.7707E-035430 3402
 1.8220E+06 4.7701E-03 1.8670E+06 4.7485E-03 1.9130E+06 4.7828E-035430 3402
 1.9490E+06 4.8206E-03 1.9590E+06 4.8329E-03 1.9591E+06 4.8323E-035430 3402
 1.9850E+06 4.6874E-03 2.0000E+06 4.7076E-03 2.0210E+06 4.7372E-035430 3402
 2.0570E+06 4.7938E-03 2.1000E+06 4.8666E-03 2.2269E+06 4.9402E-035430 3402
 2.5000E+06 5.1007E-03 2.6155E+06 4.8823E-03 2.7371E+06 4.6742E-035430 3402
 2.8651E+06 4.4763E-03 3.0000E+06 4.3029E-03 3.0563E+06 4.1381E-035430 3402
 3.1142E+06 3.9784E-03 3.1739E+06 3.8241E-03 3.2353E+06 3.6743E-035430 3402
 3.2985E+06 3.5294E-03 3.3637E+06 3.3894E-03 3.4308E+06 3.2541E-035430 3402
 3.5000E+06 3.1231E-03 3.5560E+06 2.9737E-03 3.6136E+06 2.8299E-035430 3402
 3.6731E+06 2.6914E-03 3.7344E+06 2.5582E-03 3.7976E+06 2.4301E-035430 3402
 3.8629E+06 2.3070E-03 3.9303E+06 2.1886E-03 4.0000E+06 2.0752E-035430 3402
 4.0558E+06 1.9642E-03 4.1133E+06 1.8577E-03 4.1726E+06 1.7555E-035430 3402
 4.2339E+06 1.6577E-03 4.2971E+06 1.5640E-03 4.3625E+06 1.4744E-035430 3402
 4.4301E+06 1.3888E-03 4.5000E+06 1.3071E-03 4.5556E+06 1.2326E-035430 3402
 4.6130E+06 1.1615E-03 4.6723E+06 1.0935E-03 4.7335E+06 1.0286E-035430 3402
 4.7968E+06 9.6679E-04 4.8622E+06 9.0794E-04 4.9299E+06 8.5196E-045430 3402
 5.0000E+06 7.9883E-04 5.0556E+06 7.5272E-04 5.1129E+06 7.0881E-045430 3402
 5.1721E+06 6.6704E-04 5.2333E+06 6.2736E-04 5.2965E+06 5.8971E-045430 3402
 5.3620E+06 5.5409E-04 5.4298E+06 5.2044E-04 5.5000E+06 4.8871E-045430 3402
 5.5555E+06 4.6215E-04 5.6128E+06 4.3701E-04 5.6720E+06 4.1324E-045430 3402
 5.7332E+06 3.9086E-04 5.7964E+06 3.6976E-04 5.8619E+06 3.4998E-045430 3402
 5.8955E+06 3.4057E-04 5.9297E+06 3.3152E-04 5.9645E+06 3.2275E-045430 3402
 6.0000E+06 3.1433E-04 6.0583E+06 3.0041E-04 6.1185E+06 2.8740E-045430 3402
 6.1807E+06 2.7531E-04 6.2450E+06 2.6410E-04 6.3037E+06 2.5496E-045430 3402
 6.3643E+06 2.4651E-04 6.4268E+06 2.3877E-04 6.4914E+06 2.3175E-045430 3402
 6.4914E+06 2.3175E-04 6.5000E+06 2.3088E-04 6.5584E+06 2.2467E-045430 3402
 6.6187E+06 2.1909E-04 6.6810E+06 2.1414E-04 6.7454E+06 2.0984E-045430 3402
 6.8060E+06 2.0649E-04 6.8686E+06 2.0371E-04 6.9332E+06 2.0148E-045430 3402
 7.0000E+06 1.9985E-04 7.0585E+06 1.9852E-04 7.1189E+06 1.9769E-045430 3402
 7.1813E+06 1.9736E-04 7.2457E+06 1.9755E-04 7.3063E+06 1.9819E-045430 3402
 7.3688E+06 1.9929E-04 7.4333E+06 2.0086E-04 7.5000E+06 2.0293E-045430 3402
 7.5586E+06 2.0491E-04 7.6191E+06 2.0731E-04 7.6815E+06 2.1012E-045430 3402
 7.7460E+06 2.1337E-04 7.8052E+06 2.1665E-04 7.8062E+06 2.1670E-045430 3402
 7.8521E+06 2.1942E-04 7.9002E+06 2.2242E-04 7.9495E+06 2.2565E-045430 3402
 8.0000E+06 2.2912E-04 8.0588E+06 2.3325E-04 8.1193E+06 2.3770E-045430 3402
 8.1818E+06 2.4249E-04 8.2462E+06 2.4761E-04 8.3068E+06 2.5258E-045430 3402
 8.3692E+06 2.5783E-04 8.4336E+06 2.6337E-04 8.5000E+06 2.6919E-045430 3402
 8.5563E+06 2.7416E-04 8.6142E+06 2.7933E-04 8.6737E+06 2.8469E-045430 3402
 8.7351E+06 2.9025E-04 8.7982E+06 2.9597E-04 8.8634E+06 3.0189E-045430 3402
 8.9306E+06 3.0797E-04 9.0000E+06 3.1422E-04 9.0464E+06 3.1833E-045430 3402
 9.0938E+06 3.2252E-04 9.1504E+06 3.2747E-04 9.2086E+06 3.3246E-045430 3402
 9.2684E+06 3.3756E-04 9.3299E+06 3.4268E-04 9.3885E+06 3.4750E-045430 3402
 9.4488E+06 3.5233E-04 9.4501E+06 3.5243E-04 9.5000E+06 3.5633E-045430 3402
 9.5546E+06 3.6058E-04 1.0000E+07 3.9071E-04 1.1000E+07 4.3286E-045430 3402
 1.2000E+07 4.4892E-04 1.3000E+07 4.4831E-04 1.3500E+07 4.4425E-045430 3402
 1.4000E+07 4.3862E-04 1.4500E+07 4.3188E-04 1.5000E+07 4.2432E-045430 3402
 1.5249E+07 4.2035E-04 1.5500E+07 4.1624E-04 1.5749E+07 4.1207E-045430 3402
 1.6000E+07 4.0781E-04 1.6289E+07 4.0284E-04 1.6500E+07 3.9919E-045430 3402
 1.6749E+07 3.9486E-04 1.7000E+07 3.9049E-04 1.7249E+07 3.8615E-045430 3402
 1.7500E+07 3.8178E-04 1.7749E+07 3.7747E-04 1.8000E+07 3.7315E-045430 3402
 1.8249E+07 3.6888E-04 1.8500E+07 3.6461E-04 1.8749E+07 3.6042E-045430 3402
 1.9000E+07 3.5623E-04 1.9249E+07 3.5211E-04 1.9500E+07 3.4801E-045430 3402
 1.9749E+07 3.4398E-04 2.0000E+07 3.3998E-04                      5430 3402
                                                                  5430 3  0
