Y - 89N,G*   2.8182-01* JEF-2.2; RN - ---/SYS                     3989 3402
                                                                  3989 3402
 3.90890+04 8.8142E+01          0          1          0          03989 3402
 3.0000E+02 6.1746E+06          0          0          1       17163989 3402
       1716          2                                            3989 3402
 1.0000E-05 5.0299E-02 1.3122E-05 4.3911E-02 1.7058E-05 3.8513E-023989 3402
 2.1973E-05 3.3934E-02 3.0382E-05 2.8859E-02 4.2475E-05 2.4406E-023989 3402
 5.7041E-05 2.1061E-02 7.5568E-05 1.8298E-02 1.0185E-04 1.5770E-023989 3402
 1.3863E-04 1.3509E-02 1.9051E-04 1.1523E-02 2.3873E-04 1.0295E-023989 3402
 3.2839E-04 8.7773E-03 4.5090E-04 7.4945E-03 5.9786E-04 6.5088E-033989 3402
 8.1914E-04 5.5575E-03 1.1456E-03 4.6995E-03 1.5175E-03 4.0831E-033989 3402
 1.9596E-03 3.5933E-03 2.4722E-03 3.1991E-03 3.3686E-03 2.7405E-033989 3402
 4.4068E-03 2.3962E-03 5.8886E-03 2.0742E-03 8.0056E-03 1.7778E-033989 3402
 1.0704E-02 1.5375E-03 1.4740E-02 1.3101E-03 1.9286E-02 1.1454E-033989 3402
 2.5300E-02 1.0000E-03 3.4548E-02 8.5578E-04 4.7039E-02 7.3348E-043989 3402
 6.3094E-02 6.3326E-04 8.4379E-02 5.4758E-04 1.1288E-01 4.7352E-043989 3402
 1.5050E-01 4.1019E-04 1.9392E-01 3.6121E-04 2.5265E-01 3.1646E-043989 3402
 3.2715E-01 2.7809E-04 4.5149E-01 2.3680E-04 6.0198E-01 2.0513E-043989 3402
 8.0240E-01 1.7757E-04 1.0913E+00 1.5227E-04 1.5049E+00 1.2970E-043989 3402
 1.9625E+00 1.1355E-04 2.6870E+00 9.7039E-05 3.6396E+00 8.3383E-053989 3402
 4.8777E+00 7.2020E-05 6.4718E+00 6.2527E-05 8.5019E+00 5.4556E-053989 3402
 1.1065E+01 4.7822E-05 1.4447E+01 4.1863E-05 1.9755E+01 3.5791E-053989 3402
 2.4970E+01 3.1836E-05 3.3734E+01 2.7391E-05 4.4946E+01 2.3730E-053989 3402
 5.9096E+01 2.0697E-05 7.7052E+01 1.8130E-05 1.0667E+02 1.5410E-053989 3402
 1.4534E+02 1.3205E-05 1.9263E+02 1.1480E-05 2.5525E+02 9.9695E-063989 3402
 3.4013E+02 8.6406E-06 4.6231E+02 7.4223E-06 6.1693E+02 6.4292E-063989 3402
 8.1337E+02 5.6110E-06 1.0787E+03 4.8925E-06 1.3869E+03 4.3493E-063989 3402
 1.7722E+03 3.9434E-06 2.0419E+03 3.8688E-06 2.1960E+03 4.0413E-063989 3402
 2.2923E+03 4.4180E-06 2.3501E+03 4.9220E-06 2.3886E+03 5.5318E-063989 3402
 2.4079E+03 5.9863E-06 2.4368E+03 6.9970E-06 2.4560E+03 8.0344E-063989 3402
 2.4657E+03 8.7266E-06 2.4789E+03 9.9570E-06 2.4921E+03 1.1661E-053989 3402
 2.5054E+03 1.4114E-05 2.5120E+03 1.5767E-05 2.5186E+03 1.7831E-053989 3402
 2.5252E+03 2.0452E-05 2.5318E+03 2.3851E-05 2.5385E+03 2.8377E-053989 3402
 2.5451E+03 3.4584E-05 2.5484E+03 3.8597E-05 2.5517E+03 4.3438E-053989 3402
 2.5550E+03 4.9355E-05 2.5583E+03 5.6700E-05 2.5616E+03 6.5977E-053989 3402
 2.5649E+03 7.7936E-05 2.5682E+03 9.3750E-05 2.5715E+03 1.1530E-043989 3402
 2.5732E+03 1.2915E-04 2.5748E+03 1.4581E-04 2.5765E+03 1.6613E-043989 3402
 2.5782E+03 1.9127E-04 2.5798E+03 2.2294E-04 2.5815E+03 2.6370E-043989 3402
 2.5831E+03 3.1755E-04 2.5848E+03 3.9097E-04 2.5861E+03 4.7113E-043989 3402
 2.5874E+03 5.8063E-04 2.5881E+03 6.5130E-04 2.5887E+03 7.3655E-043989 3402
 2.5894E+03 8.4094E-04 2.5901E+03 9.7070E-04 2.5907E+03 1.1353E-033989 3402
 2.5914E+03 1.3486E-03 2.5920E+03 1.6327E-03 2.5927E+03 2.0234E-033989 3402
 2.5930E+03 2.2770E-03 2.5934E+03 2.5836E-03 2.5937E+03 2.9598E-033989 3402
 2.5940E+03 3.4285E-03 2.5944E+03 4.0228E-03 2.5947E+03 4.7922E-033989 3402
 2.5950E+03 5.8123E-03 2.5954E+03 7.2038E-03 2.5955E+03 8.0977E-033989 3402
 2.5957E+03 9.1672E-03 2.5959E+03 1.0465E-02 2.5960E+03 1.2053E-023989 3402
 2.5962E+03 1.4027E-02 2.5963E+03 1.6508E-02 2.5965E+03 1.9680E-023989 3402
 2.5967E+03 2.3786E-02 2.5968E+03 2.9197E-02 2.5970E+03 3.6397E-023989 3402
 2.5972E+03 4.6066E-02 2.5973E+03 5.8898E-02 2.5975E+03 7.5285E-023989 3402
 2.5977E+03 9.3984E-02 2.5978E+03 1.1049E-01 2.5979E+03 1.1558E-013989 3402
 2.5980E+03 1.1737E-01 2.5981E+03 1.1558E-01 2.5982E+03 1.1049E-013989 3402
 2.5983E+03 9.4023E-02 2.5985E+03 7.5333E-02 2.5987E+03 5.9009E-023989 3402
 2.5988E+03 4.6198E-02 2.5990E+03 3.6582E-02 2.5992E+03 2.9412E-023989 3402
 2.5993E+03 2.4051E-02 2.5995E+03 1.9977E-02 2.5997E+03 1.6852E-023989 3402
 2.5998E+03 1.4409E-02 2.6000E+03 1.2481E-02 2.6002E+03 1.0935E-023989 3402
 2.6003E+03 9.6844E-03 2.6005E+03 8.6609E-03 2.6006E+03 7.8180E-033989 3402
 2.6009E+03 6.8823E-03 2.6011E+03 6.1526E-03 2.6013E+03 5.5784E-033989 3402
 2.6016E+03 5.1278E-03 2.6020E+03 4.5031E-03 2.6025E+03 4.1555E-033989 3402
 2.6029E+03 4.0227E-03 2.6034E+03 4.0830E-03 2.6038E+03 4.3443E-033989 3402
 2.6043E+03 4.8468E-03 2.6048E+03 5.6916E-03 2.6050E+03 6.2902E-033989 3402
 2.6052E+03 7.0463E-03 2.6055E+03 8.0086E-03 2.6057E+03 9.2391E-033989 3402
 2.6059E+03 1.0836E-02 2.6062E+03 1.2924E-02 2.6064E+03 1.5695E-023989 3402
 2.6066E+03 1.9414E-02 2.6068E+03 2.4420E-02 2.6071E+03 3.1094E-023989 3402
 2.6073E+03 3.9661E-02 2.6075E+03 4.9439E-02 2.6078E+03 5.8112E-023989 3402
 2.6079E+03 6.0775E-02 2.6080E+03 6.1705E-02 2.6081E+03 6.0740E-023989 3402
 2.6082E+03 5.8045E-02 2.6085E+03 4.9320E-02 2.6087E+03 3.9487E-023989 3402
 2.6089E+03 3.0896E-02 2.6092E+03 2.4160E-02 2.6094E+03 1.9113E-023989 3402
 2.6096E+03 1.5348E-02 2.6099E+03 1.2523E-02 2.6101E+03 1.0375E-023989 3402
 2.6103E+03 8.7195E-03 2.6105E+03 7.4230E-03 2.6108E+03 6.3900E-033989 3402
 2.6110E+03 5.5588E-03 2.6112E+03 4.8791E-03 2.6115E+03 4.3173E-033989 3402
 2.6117E+03 3.8482E-03 2.6122E+03 3.1158E-03 2.6126E+03 2.5781E-033989 3402
 2.6131E+03 2.1711E-03 2.6136E+03 1.8558E-03 2.6140E+03 1.6066E-033989 3402
 2.6145E+03 1.4061E-03 2.6149E+03 1.2423E-03 2.6154E+03 1.1063E-033989 3402
 2.6163E+03 8.9609E-04 2.6173E+03 7.4253E-04 2.6182E+03 6.2665E-043989 3402
 2.6191E+03 5.3694E-04 2.6200E+03 4.6590E-04 2.6210E+03 4.0862E-043989 3402
 2.6219E+03 3.6167E-04 2.6228E+03 3.2270E-04 2.6247E+03 2.6211E-043989 3402
 2.6265E+03 2.1763E-04 2.6288E+03 1.7681E-04 2.6311E+03 1.4683E-043989 3402
 2.6334E+03 1.2413E-04 2.6358E+03 1.0648E-04 2.6381E+03 9.2492E-053989 3402
 2.6404E+03 8.1195E-05 2.6427E+03 7.1942E-05 2.6450E+03 6.4258E-053989 3402
 2.6496E+03 5.2330E-05 2.6543E+03 4.3605E-05 2.6589E+03 3.7023E-053989 3402
 2.6635E+03 3.1934E-05 2.6681E+03 2.7914E-05 2.6728E+03 2.4682E-053989 3402
 2.6774E+03 2.2048E-05 2.6820E+03 1.9866E-05 2.6913E+03 1.6503E-053989 3402
 2.7005E+03 1.4058E-05 2.7098E+03 1.2227E-05 2.7190E+03 1.0818E-053989 3402
 2.7283E+03 9.7102E-06 2.7468E+03 8.1039E-06 2.7560E+03 7.5095E-063989 3402
 2.7745E+03 6.5960E-06 2.7930E+03 5.9348E-06 2.8240E+03 5.1748E-063989 3402
 2.8550E+03 4.6760E-06 2.8860E+03 4.3303E-06 2.9480E+03 3.8962E-063989 3402
 3.0410E+03 3.5701E-06 3.1340E+03 3.4729E-06 3.1960E+03 3.5666E-063989 3402
 3.2425E+03 3.8529E-06 3.2658E+03 4.1792E-06 3.2813E+03 4.5494E-063989 3402
 3.2981E+03 5.2272E-06 3.3072E+03 5.8109E-06 3.3163E+03 6.6670E-063989 3402
 3.3209E+03 7.2528E-06 3.3254E+03 7.9922E-06 3.3300E+03 8.9438E-063989 3402
 3.3345E+03 1.0197E-05 3.3391E+03 1.1892E-05 3.3436E+03 1.4266E-053989 3402
 3.3459E+03 1.5825E-05 3.3482E+03 1.7729E-05 3.3504E+03 2.0092E-053989 3402
 3.3527E+03 2.3070E-05 3.3550E+03 2.6898E-05 3.3573E+03 3.1930E-053989 3402
 3.3595E+03 3.8734E-05 3.3618E+03 4.8242E-05 3.3629E+03 5.4488E-053989 3402
 3.3641E+03 6.2116E-05 3.3652E+03 7.1567E-05 3.3664E+03 8.3477E-053989 3402
 3.3675E+03 9.8781E-05 3.3686E+03 1.1889E-04 3.3698E+03 1.4606E-043989 3402
 3.3703E+03 1.6338E-04 3.3709E+03 1.8402E-04 3.3718E+03 2.2637E-043989 3402
 3.3723E+03 2.5338E-04 3.3727E+03 2.8552E-04 3.3732E+03 3.2433E-043989 3402
 3.3736E+03 3.7167E-04 3.3741E+03 4.3028E-04 3.3745E+03 5.0397E-043989 3402
 3.3750E+03 5.9848E-04 3.3755E+03 7.2241E-04 3.3759E+03 8.8922E-043989 3402
 3.3761E+03 9.9516E-04 3.3764E+03 1.1209E-03 3.3766E+03 1.2725E-033989 3402
 3.3768E+03 1.4567E-03 3.3770E+03 1.6838E-03 3.3773E+03 1.9675E-033989 3402
 3.3775E+03 2.3288E-03 3.3777E+03 2.7992E-03 3.3780E+03 3.4239E-033989 3402
 3.3782E+03 4.2786E-03 3.3783E+03 4.8295E-03 3.3784E+03 5.4908E-033989 3402
 3.3785E+03 6.2913E-03 3.3786E+03 7.2734E-03 3.3787E+03 8.4961E-033989 3402
 3.3789E+03 1.0033E-02 3.3790E+03 1.2001E-02 3.3791E+03 1.4550E-023989 3402
 3.3792E+03 1.7916E-02 3.3793E+03 2.2392E-02 3.3794E+03 2.8414E-023989 3402
 3.3795E+03 3.6406E-02 3.3797E+03 4.6627E-02 3.3798E+03 5.8287E-023989 3402
 3.3799E+03 6.8588E-02 3.3799E+03 7.1745E-02 3.3800E+03 7.2857E-023989 3402
 3.3801E+03 7.1732E-02 3.3801E+03 6.8548E-02 3.3802E+03 5.8253E-023989 3402
 3.3803E+03 4.6572E-02 3.3805E+03 3.6383E-02 3.3806E+03 2.8396E-023989 3402
 3.3807E+03 2.2381E-02 3.3808E+03 1.7898E-02 3.3809E+03 1.4552E-023989 3402
 3.3810E+03 1.2003E-02 3.3811E+03 1.0034E-02 3.3813E+03 8.4977E-033989 3402
 3.3814E+03 7.2751E-03 3.3815E+03 6.2913E-03 3.3816E+03 5.4911E-033989 3402
 3.3817E+03 4.8312E-03 3.3818E+03 4.2804E-03 3.3820E+03 3.4248E-033989 3402
 3.3823E+03 2.7997E-03 3.3825E+03 2.3298E-03 3.3827E+03 1.9685E-033989 3402
 3.3830E+03 1.6845E-03 3.3832E+03 1.4575E-03 3.3834E+03 1.2732E-033989 3402
 3.3836E+03 1.1220E-03 3.3839E+03 9.9602E-04 3.3841E+03 8.9000E-043989 3402
 3.3846E+03 7.2316E-04 3.3850E+03 5.9927E-04 3.3855E+03 5.0474E-043989 3402
 3.3859E+03 4.3095E-04 3.3864E+03 3.7231E-04 3.3868E+03 3.2491E-043989 3402
 3.3873E+03 2.8610E-04 3.3877E+03 2.5391E-04 3.3882E+03 2.2689E-043989 3402
 3.3891E+03 1.8447E-04 3.3897E+03 1.6380E-04 3.3902E+03 1.4645E-043989 3402
 3.3914E+03 1.1925E-04 3.3925E+03 9.9109E-05 3.3937E+03 8.3773E-053989 3402
 3.3948E+03 7.1838E-05 3.3959E+03 6.2361E-05 3.3971E+03 5.4715E-053989 3402
 3.3982E+03 4.8455E-05 3.4005E+03 3.8913E-05 3.4028E+03 3.2084E-053989 3402
 3.4050E+03 2.7031E-05 3.4073E+03 2.3186E-05 3.4096E+03 2.0192E-053989 3402
 3.4119E+03 1.7816E-05 3.4141E+03 1.5896E-05 3.4187E+03 1.3024E-053989 3402
 3.4210E+03 1.1933E-05 3.4255E+03 1.0219E-05 3.4301E+03 8.9500E-063989 3402
 3.4346E+03 7.9836E-06 3.4392E+03 7.2307E-06 3.4483E+03 6.1487E-063989 3402
 3.4528E+03 5.7520E-06 3.4619E+03 5.1465E-06 3.4710E+03 4.7111E-063989 3402
 3.4907E+03 4.1038E-06 3.5203E+03 3.6174E-06 3.5499E+03 3.3531E-063989 3402
 3.6090E+03 3.0804E-06 3.7076E+03 2.8800E-06 3.9442E+03 2.6841E-063989 3402
 4.4962E+03 2.4927E-06 4.6342E+03 2.5145E-06 4.6835E+03 2.6066E-063989 3402
 4.7082E+03 2.7569E-06 4.7229E+03 2.9682E-06 4.7328E+03 3.2475E-063989 3402
 4.7371E+03 3.4425E-06 4.7436E+03 3.8951E-06 4.7479E+03 4.3866E-063989 3402
 4.7501E+03 4.7295E-06 4.7522E+03 5.1707E-06 4.7544E+03 5.7506E-063989 3402
 4.7566E+03 6.5347E-06 4.7587E+03 7.6312E-06 4.7609E+03 9.2313E-063989 3402
 4.7620E+03 1.0322E-05 4.7630E+03 1.1696E-05 4.7641E+03 1.3462E-053989 3402
 4.7652E+03 1.5784E-05 4.7663E+03 1.8922E-05 4.7674E+03 2.3306E-053989 3402
 4.7679E+03 2.6188E-05 4.7684E+03 2.9704E-05 4.7690E+03 3.4065E-053989 3402
 4.7695E+03 3.9557E-05 4.7701E+03 4.6611E-05 4.7706E+03 5.5881E-053989 3402
 4.7711E+03 6.8405E-05 4.7714E+03 7.6381E-05 4.7717E+03 8.5898E-053989 3402
 4.7721E+03 1.0543E-04 4.7723E+03 1.1788E-04 4.7725E+03 1.3270E-043989 3402
 4.7728E+03 1.5061E-04 4.7730E+03 1.7241E-04 4.7732E+03 1.9938E-043989 3402
 4.7734E+03 2.3342E-04 4.7736E+03 2.7704E-04 4.7738E+03 3.3410E-043989 3402
 4.7741E+03 4.1091E-04 4.7742E+03 4.5969E-04 4.7743E+03 5.1767E-043989 3402
 4.7744E+03 5.8772E-04 4.7745E+03 6.7255E-04 4.7746E+03 7.7707E-043989 3402
 4.7747E+03 9.0781E-04 4.7748E+03 1.0752E-03 4.7749E+03 1.2916E-033989 3402
 4.7750E+03 1.5797E-03 4.7751E+03 1.9738E-03 4.7752E+03 2.2285E-033989 3402
 4.7752E+03 2.5315E-03 4.7753E+03 2.9020E-03 4.7754E+03 3.3527E-033989 3402
 4.7754E+03 3.9174E-03 4.7755E+03 4.6223E-03 4.7755E+03 5.5310E-033989 3402
 4.7756E+03 6.6990E-03 4.7756E+03 8.2508E-03 4.7757E+03 1.0322E-023989 3402
 4.7757E+03 1.3102E-02 4.7758E+03 1.6766E-02 4.7758E+03 2.1478E-023989 3402
 4.7759E+03 2.6810E-02 4.7759E+03 3.1552E-02 4.7760E+03 3.2992E-023989 3402
 4.7760E+03 3.3502E-02 4.7760E+03 3.2974E-02 4.7761E+03 3.1518E-023989 3402
 4.7761E+03 2.6763E-02 4.7762E+03 2.1386E-02 4.7762E+03 1.6727E-023989 3402
 4.7763E+03 1.3045E-02 4.7763E+03 1.0301E-02 4.7764E+03 8.2352E-033989 3402
 4.7764E+03 6.6995E-03 4.7765E+03 5.5223E-03 4.7765E+03 4.6227E-033989 3402
 4.7766E+03 3.9122E-03 4.7766E+03 3.3531E-03 4.7767E+03 2.8988E-033989 3402
 4.7768E+03 2.5317E-03 4.7768E+03 2.2264E-03 4.7769E+03 1.9742E-033989 3402
 4.7770E+03 1.5786E-03 4.7771E+03 1.2908E-03 4.7772E+03 1.0745E-033989 3402
 4.7773E+03 9.0805E-04 4.7774E+03 7.7676E-04 4.7775E+03 6.7232E-043989 3402
 4.7776E+03 5.8756E-04 4.7777E+03 5.1786E-04 4.7778E+03 4.5960E-043989 3402
 4.7779E+03 4.1088E-04 4.7782E+03 3.3410E-04 4.7784E+03 2.7706E-043989 3402
 4.7786E+03 2.3353E-04 4.7788E+03 1.9944E-04 4.7790E+03 1.7247E-043989 3402
 4.7792E+03 1.5062E-04 4.7795E+03 1.3277E-04 4.7797E+03 1.1791E-043989 3402
 4.7799E+03 1.0549E-04 4.7803E+03 8.5969E-05 4.7806E+03 7.6450E-053989 3402
 4.7809E+03 6.8469E-05 4.7814E+03 5.5939E-05 4.7819E+03 4.6663E-053989 3402
 4.7825E+03 3.9604E-05 4.7830E+03 3.4106E-05 4.7836E+03 2.9743E-053989 3402
 4.7841E+03 2.6223E-05 4.7846E+03 2.3339E-05 4.7857E+03 1.8950E-053989 3402
 4.7868E+03 1.5808E-05 4.7879E+03 1.3483E-05 4.7890E+03 1.1715E-053989 3402
 4.7904E+03 9.9844E-06 4.7922E+03 8.3633E-06 4.7944E+03 7.0438E-063989 3402
 4.7954E+03 6.5423E-06 4.7976E+03 5.7556E-06 4.7998E+03 5.1733E-063989 3402
 4.8019E+03 4.7302E-06 4.8062E+03 4.1116E-06 4.8106E+03 3.7098E-063989 3402
 4.8149E+03 3.4336E-06 4.8224E+03 3.1228E-06 4.8321E+03 2.8919E-063989 3402
 4.8515E+03 2.6652E-06 4.8837E+03 2.5190E-06 4.9740E+03 2.4075E-063989 3402
 5.3353E+03 2.3390E-06 5.5160E+03 2.4088E-06 5.5805E+03 2.5595E-063989 3402
 5.6127E+03 2.7761E-06 5.6321E+03 3.0558E-06 5.6450E+03 3.3976E-063989 3402
 5.6515E+03 3.6617E-06 5.6613E+03 4.2742E-06 5.6678E+03 4.9389E-063989 3402
 5.6710E+03 5.4027E-06 5.6743E+03 5.9988E-06 5.6775E+03 6.7828E-063989 3402
 5.6808E+03 7.8430E-06 5.6840E+03 9.3242E-06 5.6856E+03 1.0297E-053989 3402
 5.6873E+03 1.1487E-05 5.6889E+03 1.2959E-05 5.6905E+03 1.4816E-053989 3402
 5.6921E+03 1.7204E-05 5.6938E+03 2.0341E-05 5.6954E+03 2.4579E-053989 3402
 5.6970E+03 3.0505E-05 5.6978E+03 3.4397E-05 5.6986E+03 3.9148E-053989 3402
 5.6994E+03 4.5039E-05 5.7003E+03 5.2458E-05 5.7011E+03 6.1987E-053989 3402
 5.7019E+03 7.4517E-05 5.7027E+03 9.1430E-05 5.7031E+03 1.0221E-043989 3402
 5.7035E+03 1.1508E-04 5.7042E+03 1.4147E-04 5.7045E+03 1.5829E-043989 3402
 5.7048E+03 1.7831E-04 5.7051E+03 2.0252E-04 5.7055E+03 2.3195E-043989 3402
 5.7058E+03 2.6847E-04 5.7061E+03 3.1431E-04 5.7064E+03 3.7316E-043989 3402
 5.7068E+03 4.5020E-04 5.7071E+03 5.5405E-04 5.7074E+03 6.9844E-043989 3402
 5.7076E+03 7.9273E-04 5.7077E+03 9.0742E-04 5.7079E+03 1.0488E-033989 3402
 5.7081E+03 1.2257E-03 5.7082E+03 1.4509E-03 5.7084E+03 1.7436E-033989 3402
 5.7085E+03 2.1334E-03 5.7087E+03 2.6645E-03 5.7088E+03 3.0084E-033989 3402
 5.7089E+03 3.4184E-03 5.7089E+03 3.9188E-03 5.7090E+03 4.5334E-033989 3402
 5.7091E+03 5.2974E-03 5.7092E+03 6.2542E-03 5.7093E+03 7.4761E-033989 3402
 5.7094E+03 9.0602E-03 5.7094E+03 1.1159E-02 5.7095E+03 1.3942E-023989 3402
 5.7096E+03 1.7700E-02 5.7097E+03 2.2664E-02 5.7098E+03 2.9033E-023989 3402
 5.7098E+03 3.6262E-02 5.7099E+03 4.2634E-02 5.7100E+03 4.4591E-023989 3402
 5.7100E+03 4.5282E-02 5.7100E+03 4.4573E-02 5.7101E+03 4.2602E-023989 3402
 5.7102E+03 3.6219E-02 5.7102E+03 2.8948E-02 5.7103E+03 2.2629E-023989 3402
 5.7104E+03 1.7647E-02 5.7105E+03 1.3923E-02 5.7106E+03 1.1145E-023989 3402
 5.7107E+03 9.0609E-03 5.7107E+03 7.4682E-03 5.7108E+03 6.2483E-033989 3402
 5.7109E+03 5.2878E-03 5.7110E+03 4.5257E-03 5.7111E+03 3.9129E-033989 3402
 5.7111E+03 3.4163E-03 5.7112E+03 3.0066E-03 5.7113E+03 2.6649E-033989 3402
 5.7115E+03 2.1323E-03 5.7116E+03 1.7431E-03 5.7118E+03 1.4505E-033989 3402
 5.7120E+03 1.2255E-03 5.7121E+03 1.0487E-03 5.7123E+03 9.0734E-043989 3402
 5.7124E+03 7.9273E-04 5.7126E+03 6.9874E-04 5.7129E+03 5.5414E-043989 3402
 5.7133E+03 4.5045E-04 5.7136E+03 3.7330E-04 5.7139E+03 3.1451E-043989 3402
 5.7142E+03 2.6859E-04 5.7146E+03 2.3209E-04 5.7149E+03 2.0255E-043989 3402
 5.7152E+03 1.7842E-04 5.7155E+03 1.5838E-04 5.7159E+03 1.4159E-043989 3402
 5.7165E+03 1.1520E-04 5.7169E+03 1.0232E-04 5.7173E+03 9.1547E-053989 3402
 5.7181E+03 7.4617E-05 5.7189E+03 6.2079E-05 5.7198E+03 5.2541E-053989 3402
 5.7206E+03 4.5115E-05 5.7214E+03 3.9219E-05 5.7222E+03 3.4462E-053989 3402
 5.7230E+03 3.0566E-05 5.7240E+03 2.6741E-05 5.7250E+03 2.3641E-053989 3402
 5.7259E+03 2.1097E-05 5.7269E+03 1.8979E-05 5.7289E+03 1.5692E-053989 3402
 5.7308E+03 1.3287E-05 5.7328E+03 1.1476E-05 5.7348E+03 1.0076E-053989 3402
 5.7367E+03 8.9734E-06 5.7387E+03 8.0883E-06 5.7426E+03 6.7739E-063989 3402
 5.7465E+03 5.8591E-06 5.7505E+03 5.1970E-06 5.7544E+03 4.7025E-063989 3402
 5.7622E+03 4.0263E-06 5.7701E+03 3.5969E-06 5.7786E+03 3.2902E-063989 3402
 5.7936E+03 2.9534E-06 5.8171E+03 2.6848E-06 5.8485E+03 2.5169E-063989 3402
 5.9113E+03 2.3861E-06 6.0995E+03 2.3134E-06 6.3843E+03 2.3638E-063989 3402
 6.6222E+03 2.5241E-06 6.7811E+03 2.7548E-06 6.8605E+03 2.9469E-063989 3402
 6.9241E+03 3.1642E-06 7.0194E+03 3.6735E-06 7.0829E+03 4.2285E-063989 3402
 7.1147E+03 4.6155E-06 7.1465E+03 5.1124E-06 7.1783E+03 5.7642E-063989 3402
 7.2100E+03 6.6418E-06 7.2418E+03 7.8625E-06 7.2736E+03 9.6281E-063989 3402
 7.2895E+03 1.0822E-05 7.3054E+03 1.2317E-05 7.3212E+03 1.4218E-053989 3402
 7.3371E+03 1.6688E-05 7.3530E+03 1.9973E-05 7.3689E+03 2.4469E-053989 3402
 7.3768E+03 2.7359E-05 7.3848E+03 3.0829E-05 7.3927E+03 3.5034E-053989 3402
 7.4007E+03 4.0195E-05 7.4086E+03 4.6605E-05 7.4166E+03 5.4676E-053989 3402
 7.4245E+03 6.4987E-05 7.4325E+03 7.8359E-05 7.4404E+03 9.5969E-053989 3402
 7.4483E+03 1.1944E-04 7.4563E+03 1.5091E-04 7.4642E+03 1.9274E-043989 3402
 7.4722E+03 2.4603E-04 7.4801E+03 3.0680E-04 7.4881E+03 3.6018E-043989 3402
 7.4920E+03 3.7643E-04 7.4960E+03 3.8197E-04 7.5000E+03 3.7583E-043989 3402
 7.5039E+03 3.5908E-04 7.5119E+03 3.0513E-04 7.5198E+03 2.4426E-043989 3402
 7.5278E+03 1.9113E-04 7.5357E+03 1.4951E-04 7.5437E+03 1.1824E-043989 3402
 7.5516E+03 9.4922E-05 7.5596E+03 7.7448E-05 7.5675E+03 6.4177E-053989 3402
 7.5754E+03 5.3950E-05 7.5834E+03 4.5948E-05 7.5913E+03 3.9598E-053989 3402
 7.5993E+03 3.4483E-05 7.6072E+03 3.0317E-05 7.6152E+03 2.6884E-053989 3402
 7.6231E+03 2.4021E-05 7.6390E+03 1.9573E-05 7.6549E+03 1.6323E-053989 3402
 7.6708E+03 1.3883E-05 7.6867E+03 1.2004E-05 7.7025E+03 1.0530E-053989 3402
 7.7184E+03 9.3516E-06 7.7343E+03 8.3961E-06 7.7661E+03 6.9565E-063989 3402
 7.7820E+03 6.4072E-06 7.8138E+03 5.5424E-06 7.8455E+03 4.9000E-063989 3402
 7.8773E+03 4.4099E-06 7.9409E+03 3.7241E-06 8.0044E+03 3.2776E-063989 3402
 8.0680E+03 2.9706E-06 8.1315E+03 2.7509E-06 8.2109E+03 2.5547E-063989 3402
 8.3808E+03 2.3027E-06 8.6081E+03 2.1464E-06 8.8206E+03 2.1172E-063989 3402
 8.9815E+03 2.2002E-06 9.0619E+03 2.3234E-06 9.1156E+03 2.4763E-063989 3402
 9.1692E+03 2.7495E-06 9.2094E+03 3.1169E-06 9.2361E+03 3.5153E-063989 3402
 9.2495E+03 3.7932E-06 9.2629E+03 4.1501E-06 9.2762E+03 4.6191E-063989 3402
 9.2896E+03 5.2522E-06 9.3030E+03 6.1366E-06 9.3164E+03 7.4250E-063989 3402
 9.3231E+03 8.3031E-06 9.3298E+03 9.4078E-06 9.3364E+03 1.0827E-053989 3402
 9.3431E+03 1.2691E-05 9.3498E+03 1.5211E-05 9.3565E+03 1.8727E-053989 3402
 9.3619E+03 2.2651E-05 9.3672E+03 2.8131E-05 9.3699E+03 3.1724E-053989 3402
 9.3726E+03 3.6110E-05 9.3752E+03 4.1535E-05 9.3779E+03 4.8359E-053989 3402
 9.3806E+03 5.7112E-05 9.3833E+03 6.8581E-05 9.3859E+03 8.4023E-053989 3402
 9.3886E+03 1.0549E-04 9.3899E+03 1.1952E-04 9.3913E+03 1.3657E-043989 3402
 9.3926E+03 1.5759E-04 9.3940E+03 1.8390E-04 9.3953E+03 2.1738E-043989 3402
 9.3966E+03 2.6089E-04 9.3980E+03 3.1884E-04 9.3993E+03 3.9807E-043989 3402
 9.4000E+03 4.4903E-04 9.4006E+03 5.1020E-04 9.4013E+03 5.8454E-043989 3402
 9.4020E+03 6.7559E-04 9.4026E+03 7.8875E-04 9.4033E+03 9.3148E-043989 3402
 9.4040E+03 1.1138E-03 9.4047E+03 1.3498E-03 9.4053E+03 1.6617E-033989 3402
 9.4060E+03 2.0773E-03 9.4067E+03 2.6350E-03 9.4073E+03 3.3770E-033989 3402
 9.4080E+03 4.3240E-03 9.4087E+03 5.4073E-03 9.4093E+03 6.3648E-033989 3402
 9.4097E+03 6.6580E-03 9.4100E+03 6.7617E-03 9.4103E+03 6.6563E-033989 3402
 9.4107E+03 6.3619E-03 9.4113E+03 5.4031E-03 9.4120E+03 4.3201E-033989 3402
 9.4127E+03 3.3752E-03 9.4133E+03 2.6328E-03 9.4140E+03 2.0759E-033989 3402
 9.4147E+03 1.6609E-03 9.4153E+03 1.3498E-03 9.4160E+03 1.1134E-033989 3402
 9.4167E+03 9.3117E-04 9.4174E+03 7.8875E-04 9.4180E+03 6.7570E-043989 3402
 9.4187E+03 5.8458E-04 9.4194E+03 5.1041E-04 9.4200E+03 4.4925E-043989 3402
 9.4207E+03 3.9832E-04 9.4220E+03 3.1909E-04 9.4234E+03 2.6116E-043989 3402
 9.4247E+03 2.1763E-04 9.4261E+03 1.8416E-04 9.4274E+03 1.5784E-043989 3402
 9.4287E+03 1.3683E-04 9.4301E+03 1.1977E-04 9.4314E+03 1.0575E-043989 3402
 9.4341E+03 8.4266E-05 9.4368E+03 6.8814E-05 9.4394E+03 5.7338E-053989 3402
 9.4421E+03 4.8580E-05 9.4448E+03 4.1749E-05 9.4475E+03 3.6319E-053989 3402
 9.4501E+03 3.1934E-05 9.4528E+03 2.8342E-05 9.4582E+03 2.2863E-053989 3402
 9.4635E+03 1.8942E-05 9.4702E+03 1.5434E-05 9.4769E+03 1.2927E-053989 3402
 9.4836E+03 1.1076E-05 9.4902E+03 9.6719E-06 9.4969E+03 8.5852E-063989 3402
 9.5036E+03 7.7277E-06 9.5170E+03 6.4869E-06 9.5304E+03 5.6616E-063989 3402
 9.5438E+03 5.1013E-06 9.5571E+03 4.7238E-06 9.5705E+03 4.4827E-063989 3402
 9.5839E+03 4.3543E-06 9.5973E+03 4.3315E-06 9.6106E+03 4.4227E-063989 3402
 9.6254E+03 4.6919E-06 9.6340E+03 4.9590E-06 9.6425E+03 5.3432E-063989 3402
 9.6511E+03 5.8940E-06 9.6596E+03 6.6953E-06 9.6682E+03 7.8953E-063989 3402
 9.6724E+03 8.7242E-06 9.6767E+03 9.7750E-06 9.6810E+03 1.1134E-053989 3402
 9.6853E+03 1.2927E-05 9.6895E+03 1.5358E-05 9.6938E+03 1.8764E-053989 3402
 9.6959E+03 2.1004E-05 9.6981E+03 2.3741E-05 9.7002E+03 2.7134E-053989 3402
 9.7024E+03 3.1413E-05 9.7045E+03 3.6911E-05 9.7066E+03 4.4138E-053989 3402
 9.7088E+03 5.3904E-05 9.7109E+03 6.7541E-05 9.7126E+03 8.2773E-053989 3402
 9.7135E+03 9.2477E-05 9.7143E+03 1.0403E-04 9.7152E+03 1.1798E-043989 3402
 9.7160E+03 1.3498E-04 9.7169E+03 1.5605E-04 9.7177E+03 1.8253E-043989 3402
 9.7186E+03 2.1652E-04 9.7195E+03 2.6102E-04 9.7203E+03 3.2098E-043989 3402
 9.7212E+03 4.0423E-04 9.7216E+03 4.5867E-04 9.7220E+03 5.2488E-043989 3402
 9.7224E+03 6.0647E-04 9.7231E+03 7.6923E-04 9.7235E+03 9.1703E-043989 3402
 9.7239E+03 1.1113E-03 9.7244E+03 1.3732E-03 9.7246E+03 1.5388E-033989 3402
 9.7248E+03 1.7366E-03 9.7250E+03 1.9738E-03 9.7252E+03 2.2619E-033989 3402
 9.7254E+03 2.6152E-03 9.7256E+03 3.0541E-03 9.7259E+03 3.6071E-033989 3402
 9.7261E+03 4.3137E-03 9.7263E+03 5.2260E-03 9.7265E+03 6.4320E-033989 3402
 9.7267E+03 8.0406E-03 9.7269E+03 1.0198E-02 9.7271E+03 1.3068E-023989 3402
 9.7274E+03 1.6727E-02 9.7276E+03 2.0909E-02 9.7278E+03 2.4592E-023989 3402
 9.7279E+03 2.5719E-02 9.7280E+03 2.6117E-02 9.7281E+03 2.5711E-023989 3402
 9.7282E+03 2.4578E-02 9.7284E+03 2.0888E-02 9.7286E+03 1.6708E-023989 3402
 9.7289E+03 1.3051E-02 9.7291E+03 1.0185E-02 9.7293E+03 8.0305E-033989 3402
 9.7295E+03 6.4244E-03 9.7297E+03 5.2247E-03 9.7299E+03 4.3089E-033989 3402
 9.7301E+03 3.6032E-03 9.7304E+03 3.0509E-03 9.7306E+03 2.6125E-033989 3402
 9.7308E+03 2.2597E-03 9.7310E+03 1.9720E-03 9.7312E+03 1.7350E-033989 3402
 9.7314E+03 1.5382E-03 9.7318E+03 1.2309E-03 9.7323E+03 1.0062E-033989 3402
 9.7327E+03 8.3750E-04 9.7331E+03 7.0790E-04 9.7336E+03 6.0588E-043989 3402
 9.7340E+03 5.2434E-04 9.7344E+03 4.5819E-04 9.7348E+03 4.0391E-043989 3402
 9.7353E+03 3.5865E-04 9.7357E+03 3.2059E-04 9.7366E+03 2.6074E-043989 3402
 9.7374E+03 2.1620E-04 9.7383E+03 1.8228E-04 9.7391E+03 1.5579E-043989 3402
 9.7400E+03 1.3475E-04 9.7408E+03 1.1773E-04 9.7417E+03 1.0381E-043989 3402
 9.7425E+03 9.2242E-05 9.7434E+03 8.2547E-05 9.7451E+03 6.7322E-053989 3402
 9.7462E+03 5.9898E-05 9.7472E+03 5.3680E-05 9.7494E+03 4.3913E-053989 3402
 9.7515E+03 3.6682E-05 9.7537E+03 3.1177E-05 9.7558E+03 2.6891E-053989 3402
 9.7579E+03 2.3488E-05 9.7601E+03 2.0742E-05 9.7622E+03 1.8495E-053989 3402
 9.7665E+03 1.5066E-05 9.7708E+03 1.2613E-05 9.7750E+03 1.0793E-053989 3402
 9.7793E+03 9.4102E-06 9.7836E+03 8.3305E-06 9.7879E+03 7.4733E-063989 3402
 9.7964E+03 6.2120E-06 9.8050E+03 5.3438E-06 9.8135E+03 4.7196E-063989 3402
 9.8220E+03 4.2556E-06 9.8392E+03 3.6225E-06 9.8477E+03 3.4004E-063989 3402
 9.8648E+03 3.0711E-06 9.8821E+03 2.8398E-06 9.9218E+03 2.5155E-063989 3402
 9.9674E+03 2.3161E-06 1.0036E+04 2.1610E-06 1.0173E+04 2.0422E-063989 3402
 1.0355E+04 2.0325E-06 1.0492E+04 2.1186E-06 1.0561E+04 2.2449E-063989 3402
 1.0606E+04 2.4520E-06 1.0629E+04 2.6745E-06 1.0647E+04 3.0109E-063989 3402
 1.0656E+04 3.2925E-06 1.0665E+04 3.7227E-06 1.0670E+04 4.0293E-063989 3402
 1.0675E+04 4.4313E-06 1.0679E+04 4.9734E-06 1.0684E+04 5.7299E-063989 3402
 1.0688E+04 6.8314E-06 1.0690E+04 7.5818E-06 1.0693E+04 8.5258E-063989 3402
 1.0695E+04 9.7391E-06 1.0697E+04 1.1334E-05 1.0700E+04 1.3488E-053989 3402
 1.0702E+04 1.6496E-05 1.0703E+04 1.8472E-05 1.0704E+04 2.0884E-053989 3402
 1.0705E+04 2.3875E-05 1.0706E+04 2.7640E-05 1.0707E+04 3.2484E-053989 3402
 1.0709E+04 3.8842E-05 1.0710E+04 4.7431E-05 1.0711E+04 5.9416E-053989 3402
 1.0712E+04 7.2805E-05 1.0713E+04 9.1523E-05 1.0713E+04 1.0379E-043989 3402
 1.0714E+04 1.1874E-04 1.0714E+04 1.3727E-04 1.0715E+04 1.6052E-043989 3402
 1.0715E+04 1.9035E-04 1.0715E+04 2.2948E-04 1.0716E+04 2.8217E-043989 3402
 1.0716E+04 3.1560E-04 1.0716E+04 3.5541E-04 1.0717E+04 4.0321E-043989 3402
 1.0717E+04 4.6138E-04 1.0717E+04 5.3305E-04 1.0717E+04 6.2273E-043989 3402
 1.0718E+04 7.3748E-04 1.0718E+04 8.8602E-04 1.0718E+04 1.0836E-033989 3402
 1.0718E+04 1.3529E-03 1.0718E+04 1.5275E-03 1.0718E+04 1.7352E-033989 3402
 1.0719E+04 1.9894E-03 1.0719E+04 2.2985E-03 1.0719E+04 2.6859E-033989 3402
 1.0719E+04 3.1695E-03 1.0719E+04 3.7930E-03 1.0719E+04 4.5949E-033989 3402
 1.0719E+04 5.6602E-03 1.0719E+04 7.0684E-03 1.0719E+04 8.9742E-033989 3402
 1.0720E+04 1.1487E-02 1.0720E+04 1.4717E-02 1.0720E+04 1.8379E-023989 3402
 1.0720E+04 2.1633E-02 1.0720E+04 2.2622E-02 1.0720E+04 2.2974E-023989 3402
 1.0720E+04 2.2611E-02 1.0720E+04 2.1609E-02 1.0720E+04 1.8377E-023989 3402
 1.0720E+04 1.4685E-02 1.0720E+04 1.1486E-02 1.0721E+04 8.9547E-033989 3402
 1.0721E+04 7.0683E-03 1.0721E+04 5.6498E-03 1.0721E+04 4.5949E-033989 3402
 1.0721E+04 3.7872E-03 1.0721E+04 3.1696E-03 1.0721E+04 2.6823E-033989 3402
 1.0721E+04 2.2986E-03 1.0721E+04 1.9872E-03 1.0722E+04 1.7353E-033989 3402
 1.0722E+04 1.5259E-03 1.0722E+04 1.3530E-03 1.0722E+04 1.0829E-033989 3402
 1.0722E+04 8.8547E-04 1.0723E+04 7.3708E-04 1.0723E+04 6.2244E-043989 3402
 1.0723E+04 5.3284E-04 1.0723E+04 4.6123E-04 1.0723E+04 4.0313E-043989 3402
 1.0724E+04 3.5552E-04 1.0724E+04 3.1573E-04 1.0724E+04 2.8228E-043989 3402
 1.0725E+04 2.2960E-04 1.0725E+04 1.9046E-04 1.0725E+04 1.6059E-043989 3402
 1.0726E+04 1.3730E-04 1.0726E+04 1.1879E-04 1.0727E+04 1.0383E-043989 3402
 1.0727E+04 9.1570E-05 1.0728E+04 7.2858E-05 1.0729E+04 5.9481E-053989 3402
 1.0730E+04 4.7486E-05 1.0731E+04 3.8898E-05 1.0733E+04 3.2541E-053989 3402
 1.0734E+04 2.7698E-05 1.0735E+04 2.3934E-05 1.0736E+04 2.0943E-053989 3402
 1.0737E+04 1.8533E-05 1.0738E+04 1.6560E-05 1.0740E+04 1.3552E-053989 3402
 1.0743E+04 1.1402E-05 1.0745E+04 9.8102E-06 1.0747E+04 8.6008E-063989 3402
 1.0750E+04 7.6602E-06 1.0752E+04 6.9143E-06 1.0756E+04 5.8213E-063989 3402
 1.0761E+04 5.0738E-06 1.0766E+04 4.5407E-06 1.0770E+04 4.1479E-063989 3402
 1.0779E+04 3.6209E-06 1.0793E+04 3.1784E-06 1.0811E+04 2.8830E-063989 3402
 1.0829E+04 2.7386E-06 1.0865E+04 2.6320E-06 1.0919E+04 2.6507E-063989 3402
 1.0955E+04 2.7200E-06 1.1017E+04 2.9141E-06 1.1078E+04 3.2133E-063989 3402
 1.1140E+04 3.6624E-06 1.1201E+04 4.3560E-06 1.1232E+04 4.8493E-063989 3402
 1.1263E+04 5.4919E-06 1.1293E+04 6.3488E-06 1.1324E+04 7.5255E-063989 3402
 1.1355E+04 9.2000E-06 1.1370E+04 1.0315E-05 1.1386E+04 1.1691E-053989 3402
 1.1401E+04 1.3419E-05 1.1416E+04 1.5621E-05 1.1432E+04 1.8488E-053989 3402
 1.1447E+04 2.2310E-05 1.1462E+04 2.7541E-05 1.1470E+04 3.0907E-053989 3402
 1.1478E+04 3.4945E-05 1.1485E+04 3.9844E-05 1.1493E+04 4.5852E-053989 3402
 1.1501E+04 5.3320E-05 1.1509E+04 6.2752E-05 1.1515E+04 7.2197E-053989 3402
 1.1521E+04 8.3938E-05 1.1527E+04 9.8836E-05 1.1533E+04 1.1836E-043989 3402
 1.1539E+04 1.4527E-04 1.1542E+04 1.6316E-04 1.1545E+04 1.8575E-043989 3402
 1.1548E+04 2.1553E-04 1.1552E+04 2.5717E-04 1.1553E+04 2.8510E-043989 3402
 1.1555E+04 3.2020E-04 1.1556E+04 3.6553E-04 1.1558E+04 4.2612E-043989 3402
 1.1559E+04 5.1020E-04 1.1560E+04 5.6513E-04 1.1561E+04 6.3205E-043989 3402
 1.1562E+04 7.1481E-04 1.1562E+04 8.1844E-04 1.1563E+04 9.5023E-043989 3402
 1.1564E+04 1.1209E-03 1.1565E+04 1.3452E-03 1.1565E+04 1.6434E-033989 3402
 1.1566E+04 2.0430E-03 1.1567E+04 2.5745E-03 1.1568E+04 3.2527E-033989 3402
 1.1568E+04 4.0270E-03 1.1569E+04 4.7115E-03 1.1570E+04 4.9219E-033989 3402
 1.1570E+04 4.9966E-03 1.1571E+04 4.8050E-03 1.1571E+04 4.3114E-033989 3402
 1.1573E+04 3.0753E-03 1.1573E+04 2.5447E-03 1.1574E+04 2.1119E-033989 3402
 1.1574E+04 1.7679E-03 1.1575E+04 1.4980E-03 1.1576E+04 1.2846E-033989 3402
 1.1576E+04 1.1155E-03 1.1577E+04 9.8031E-04 1.1578E+04 8.7086E-043989 3402
 1.1579E+04 7.0773E-04 1.1580E+04 5.9459E-04 1.1581E+04 5.0608E-043989 3402
 1.1583E+04 4.4216E-04 1.1584E+04 3.9445E-04 1.1586E+04 3.5776E-043989 3402
 1.1588E+04 3.0505E-04 1.1591E+04 2.6881E-04 1.1594E+04 2.4180E-043989 3402
 1.1597E+04 2.2034E-04 1.1602E+04 1.8686E-04 1.1608E+04 1.6066E-043989 3402
 1.1613E+04 1.3901E-04 1.1619E+04 1.2079E-04 1.1624E+04 1.0535E-043989 3402
 1.1630E+04 9.2258E-05 1.1635E+04 8.1156E-05 1.1646E+04 6.3698E-053989 3402
 1.1657E+04 5.0973E-05 1.1668E+04 4.1558E-05 1.1679E+04 3.4464E-053989 3402
 1.1690E+04 2.9029E-05 1.1701E+04 2.4791E-05 1.1713E+04 2.1434E-053989 3402
 1.1724E+04 1.8738E-05 1.1735E+04 1.6544E-05 1.1746E+04 1.4735E-053989 3402
 1.1757E+04 1.3231E-05 1.1779E+04 1.0895E-05 1.1804E+04 9.0281E-063989 3402
 1.1823E+04 7.9078E-06 1.1845E+04 6.9227E-06 1.1867E+04 6.1496E-063989 3402
 1.1889E+04 5.5325E-06 1.1933E+04 4.6214E-06 1.1978E+04 3.9941E-063989 3402
 1.2022E+04 3.5452E-06 1.2066E+04 3.2144E-06 1.2154E+04 2.7743E-063989 3402
 1.2243E+04 2.5127E-06 1.2375E+04 2.3134E-06 1.2508E+04 2.2878E-063989 3402
 1.2598E+04 2.3957E-06 1.2643E+04 2.5148E-06 1.2688E+04 2.7098E-063989 3402
 1.2733E+04 3.0345E-06 1.2756E+04 3.2779E-06 1.2778E+04 3.6069E-063989 3402
 1.2801E+04 4.0642E-06 1.2823E+04 4.7229E-06 1.2844E+04 5.6313E-063989 3402
 1.2854E+04 6.2519E-06 1.2865E+04 7.0349E-06 1.2875E+04 8.0422E-063989 3402
 1.2886E+04 9.3672E-06 1.2896E+04 1.1159E-05 1.2907E+04 1.3662E-053989 3402
 1.2915E+04 1.6459E-05 1.2923E+04 2.0366E-05 1.2927E+04 2.2927E-053989 3402
 1.2932E+04 2.6053E-05 1.2936E+04 2.9924E-05 1.2940E+04 3.4793E-053989 3402
 1.2944E+04 4.1036E-05 1.2948E+04 4.9221E-05 1.2952E+04 6.0240E-053989 3402
 1.2957E+04 7.5559E-05 1.2959E+04 8.5570E-05 1.2961E+04 9.7734E-053989 3402
 1.2963E+04 1.1274E-04 1.2965E+04 1.3151E-04 1.2967E+04 1.5542E-043989 3402
 1.2969E+04 1.8647E-04 1.2971E+04 2.2781E-04 1.2973E+04 2.8434E-043989 3402
 1.2974E+04 3.2073E-04 1.2975E+04 3.6442E-04 1.2976E+04 4.1741E-043989 3402
 1.2977E+04 4.8242E-04 1.2979E+04 5.6320E-04 1.2980E+04 6.6496E-043989 3402
 1.2981E+04 7.9508E-04 1.2982E+04 9.6367E-04 1.2983E+04 1.1863E-033989 3402
 1.2984E+04 1.4829E-03 1.2985E+04 1.8811E-03 1.2986E+04 2.4104E-033989 3402
 1.2987E+04 3.0866E-03 1.2988E+04 3.8600E-03 1.2989E+04 4.5427E-033989 3402
 1.2989E+04 4.7523E-03 1.2990E+04 4.8262E-03 1.2991E+04 4.7511E-033989 3402
 1.2991E+04 4.5406E-03 1.2992E+04 3.8570E-03 1.2993E+04 3.0840E-033989 3402
 1.2994E+04 2.4090E-03 1.2995E+04 1.8797E-03 1.2996E+04 1.4820E-033989 3402
 1.2997E+04 1.1855E-03 1.2998E+04 9.6359E-04 1.2999E+04 7.9492E-043989 3402
 1.3000E+04 6.6495E-04 1.3001E+04 5.6327E-04 1.3003E+04 4.8253E-043989 3402
 1.3004E+04 4.1755E-04 1.3005E+04 3.6457E-04 1.3006E+04 3.2092E-043989 3402
 1.3007E+04 2.8458E-04 1.3009E+04 2.2800E-04 1.3011E+04 1.8666E-043989 3402
 1.3013E+04 1.5558E-04 1.3015E+04 1.3168E-04 1.3017E+04 1.1291E-043989 3402
 1.3019E+04 9.7906E-05 1.3021E+04 8.5727E-05 1.3023E+04 7.5713E-053989 3402
 1.3028E+04 6.0377E-05 1.3032E+04 4.9342E-05 1.3036E+04 4.1145E-053989 3402
 1.3040E+04 3.4892E-05 1.3044E+04 3.0013E-05 1.3048E+04 2.6133E-053989 3402
 1.3053E+04 2.2999E-05 1.3057E+04 2.0432E-05 1.3065E+04 1.6513E-053989 3402
 1.3074E+04 1.3705E-05 1.3084E+04 1.1188E-05 1.3094E+04 9.3875E-063989 3402
 1.3105E+04 8.0539E-06 1.3115E+04 7.0384E-06 1.3126E+04 6.2480E-063989 3402
 1.3136E+04 5.6203E-06 1.3157E+04 4.6992E-06 1.3178E+04 4.0678E-063989 3402
 1.3199E+04 3.6166E-06 1.3220E+04 3.2833E-06 1.3261E+04 2.8355E-063989 3402
 1.3303E+04 2.5595E-06 1.3366E+04 2.3184E-06 1.3449E+04 2.1759E-063989 3402
 1.3536E+04 2.1870E-06 1.3582E+04 2.2827E-06 1.3623E+04 2.4852E-063989 3402
 1.3655E+04 2.7947E-06 1.3675E+04 3.1630E-06 1.3686E+04 3.4369E-063989 3402
 1.3696E+04 3.8080E-06 1.3707E+04 4.3272E-06 1.3717E+04 5.0852E-063989 3402
 1.3722E+04 5.6017E-06 1.3728E+04 6.2528E-06 1.3733E+04 7.0893E-063989 3402
 1.3738E+04 8.1883E-06 1.3743E+04 9.6734E-06 1.3748E+04 1.1748E-053989 3402
 1.3751E+04 1.3111E-05 1.3754E+04 1.4774E-05 1.3756E+04 1.6838E-053989 3402
 1.3759E+04 1.9434E-05 1.3761E+04 2.2770E-05 1.3764E+04 2.7152E-053989 3402
 1.3767E+04 3.3072E-05 1.3769E+04 4.1337E-05 1.3771E+04 5.0569E-053989 3402
 1.3772E+04 5.6448E-05 1.3773E+04 6.3452E-05 1.3774E+04 7.1900E-053989 3402
 1.3775E+04 8.2203E-05 1.3776E+04 9.4961E-05 1.3778E+04 1.1099E-043989 3402
 1.3779E+04 1.3158E-04 1.3780E+04 1.5856E-04 1.3781E+04 1.9488E-043989 3402
 1.3781E+04 2.1791E-04 1.3782E+04 2.4531E-04 1.3782E+04 2.7831E-043989 3402
 1.3783E+04 3.1836E-04 1.3783E+04 3.6772E-04 1.3784E+04 4.2947E-043989 3402
 1.3784E+04 5.0825E-04 1.3785E+04 6.1044E-04 1.3785E+04 7.4636E-043989 3402
 1.3786E+04 9.3234E-04 1.3786E+04 1.0522E-03 1.3786E+04 1.1960E-033989 3402
 1.3787E+04 1.3706E-03 1.3787E+04 1.5839E-03 1.3787E+04 1.8498E-033989 3402
 1.3787E+04 2.1848E-03 1.3788E+04 2.6131E-03 1.3788E+04 3.1666E-033989 3402
 1.3788E+04 3.8980E-03 1.3788E+04 4.8736E-03 1.3789E+04 6.1827E-033989 3402
 1.3789E+04 7.9164E-03 1.3789E+04 1.0135E-02 1.3789E+04 1.2660E-023989 3402
 1.3790E+04 1.4895E-02 1.3790E+04 1.5578E-02 1.3790E+04 1.5820E-023989 3402
 1.3790E+04 1.5574E-02 1.3790E+04 1.4887E-02 1.3791E+04 1.2649E-023989 3402
 1.3791E+04 1.0115E-02 1.3791E+04 7.9078E-03 1.3791E+04 6.1705E-033989 3402
 1.3792E+04 4.8684E-03 1.3792E+04 3.8941E-03 1.3792E+04 3.1659E-033989 3402
 1.3792E+04 2.6108E-03 1.3793E+04 2.1830E-03 1.3793E+04 1.8483E-033989 3402
 1.3793E+04 1.5834E-03 1.3793E+04 1.3695E-03 1.3794E+04 1.1951E-033989 3402
 1.3794E+04 1.0513E-03 1.3794E+04 9.3203E-04 1.3795E+04 7.4579E-043989 3402
 1.3795E+04 6.0998E-04 1.3796E+04 5.0788E-04 1.3796E+04 4.2927E-043989 3402
 1.3797E+04 3.6744E-04 1.3797E+04 3.1811E-04 1.3798E+04 2.7809E-043989 3402
 1.3798E+04 2.4517E-04 1.3799E+04 2.1773E-04 1.3799E+04 1.9470E-043989 3402
 1.3800E+04 1.5842E-04 1.3801E+04 1.3145E-04 1.3803E+04 1.1091E-043989 3402
 1.3804E+04 9.4875E-05 1.3805E+04 8.2117E-05 1.3806E+04 7.1820E-053989 3402
 1.3807E+04 6.3387E-05 1.3808E+04 5.6384E-05 1.3809E+04 5.0517E-053989 3402
 1.3811E+04 4.1298E-05 1.3813E+04 3.3041E-05 1.3816E+04 2.7130E-053989 3402
 1.3819E+04 2.2753E-05 1.3821E+04 1.9425E-05 1.3824E+04 1.6834E-053989 3402
 1.3826E+04 1.4777E-05 1.3829E+04 1.3120E-05 1.3832E+04 1.1763E-053989 3402
 1.3837E+04 9.6969E-06 1.3842E+04 8.2203E-06 1.3847E+04 7.1292E-063989 3402
 1.3853E+04 6.3010E-06 1.3858E+04 5.6579E-06 1.3868E+04 4.7405E-063989 3402
 1.3873E+04 4.4074E-06 1.3884E+04 3.9047E-06 1.3894E+04 3.5513E-063989 3402
 1.3905E+04 3.2963E-06 1.3925E+04 2.9754E-06 1.3949E+04 2.7809E-063989 3402
 1.3973E+04 2.7030E-06 1.3996E+04 2.7098E-06 1.4020E+04 2.7969E-063989 3402
 1.4044E+04 2.9810E-06 1.4068E+04 3.3089E-06 1.4079E+04 3.5566E-063989 3402
 1.4091E+04 3.8895E-06 1.4103E+04 4.3456E-06 1.4115E+04 4.9895E-063989 3402
 1.4127E+04 5.9341E-06 1.4133E+04 6.5798E-06 1.4139E+04 7.3944E-063989 3402
 1.4145E+04 8.4422E-06 1.4151E+04 9.8195E-06 1.4157E+04 1.1682E-053989 3402
 1.4163E+04 1.4285E-05 1.4167E+04 1.7191E-05 1.4172E+04 2.1248E-053989 3402
 1.4174E+04 2.3909E-05 1.4177E+04 2.7155E-05 1.4179E+04 3.1177E-053989 3402
 1.4182E+04 3.6233E-05 1.4184E+04 4.2715E-05 1.4186E+04 5.1211E-053989 3402
 1.4189E+04 6.2654E-05 1.4191E+04 7.8563E-05 1.4192E+04 8.8945E-053989 3402
 1.4193E+04 1.0158E-04 1.4195E+04 1.1714E-04 1.4196E+04 1.3663E-043989 3402
 1.4197E+04 1.6145E-04 1.4198E+04 1.9367E-04 1.4199E+04 2.3655E-043989 3402
 1.4201E+04 2.9525E-04 1.4201E+04 3.3303E-04 1.4202E+04 3.7830E-043989 3402
 1.4202E+04 4.3331E-04 1.4203E+04 5.0067E-04 1.4203E+04 5.8452E-043989 3402
 1.4204E+04 6.8994E-04 1.4205E+04 8.2492E-04 1.4205E+04 9.9969E-043989 3402
 1.4206E+04 1.2303E-03 1.4206E+04 1.5379E-03 1.4207E+04 1.9500E-033989 3402
 1.4208E+04 2.4989E-03 1.4208E+04 3.1981E-03 1.4209E+04 3.9989E-033989 3402
 1.4209E+04 4.7047E-03 1.4210E+04 4.9224E-03 1.4210E+04 4.9991E-033989 3402
 1.4210E+04 4.9220E-03 1.4211E+04 4.7039E-03 1.4211E+04 3.9978E-033989 3402
 1.4212E+04 3.1970E-03 1.4212E+04 2.4981E-03 1.4213E+04 1.9495E-033989 3402
 1.4214E+04 1.5376E-03 1.4214E+04 1.2302E-03 1.4215E+04 1.0000E-033989 3402
 1.4215E+04 8.2492E-04 1.4216E+04 6.9001E-04 1.4217E+04 5.8461E-043989 3402
 1.4217E+04 5.0078E-04 1.4218E+04 4.3342E-04 1.4218E+04 3.7843E-043989 3402
 1.4219E+04 3.3315E-04 1.4220E+04 2.9537E-04 1.4221E+04 2.3669E-043989 3402
 1.4222E+04 1.9380E-04 1.4223E+04 1.6156E-04 1.4224E+04 1.3675E-043989 3402
 1.4225E+04 1.1725E-04 1.4227E+04 9.5258E-05 1.4229E+04 7.8656E-053989 3402
 1.4231E+04 6.2745E-05 1.4234E+04 5.1295E-05 1.4236E+04 4.2794E-053989 3402
 1.4239E+04 3.6308E-05 1.4241E+04 3.1248E-05 1.4243E+04 2.7227E-053989 3402
 1.4246E+04 2.3977E-05 1.4248E+04 2.1314E-05 1.4253E+04 1.7254E-053989 3402
 1.4258E+04 1.4345E-05 1.4263E+04 1.1741E-05 1.4269E+04 9.8789E-063989 3402
 1.4275E+04 8.5016E-06 1.4281E+04 7.4545E-06 1.4287E+04 6.6413E-063989 3402
 1.4293E+04 5.9973E-06 1.4305E+04 5.0572E-06 1.4317E+04 4.4194E-063989 3402
 1.4329E+04 3.9705E-06 1.4341E+04 3.6470E-06 1.4364E+04 3.2394E-063989 3402
 1.4388E+04 3.0373E-06 1.4413E+04 2.9945E-06 1.4427E+04 3.0525E-063989 3402
 1.4447E+04 3.3136E-06 1.4459E+04 3.6686E-06 1.4465E+04 3.9230E-063989 3402
 1.4470E+04 4.2733E-06 1.4476E+04 4.7691E-06 1.4481E+04 5.4986E-063989 3402
 1.4484E+04 5.9977E-06 1.4487E+04 6.6286E-06 1.4489E+04 7.4405E-063989 3402
 1.4492E+04 8.5094E-06 1.4495E+04 9.9555E-06 1.4498E+04 1.1976E-053989 3402
 1.4499E+04 1.3305E-05 1.4501E+04 1.4927E-05 1.4502E+04 1.6941E-053989 3402
 1.4503E+04 1.9475E-05 1.4505E+04 2.2734E-05 1.4506E+04 2.7015E-053989 3402
 1.4508E+04 3.2797E-05 1.4509E+04 4.0867E-05 1.4510E+04 4.9884E-053989 3402
 1.4511E+04 5.5622E-05 1.4511E+04 6.2477E-05 1.4512E+04 7.0739E-053989 3402
 1.4512E+04 8.0805E-05 1.4513E+04 9.3266E-05 1.4513E+04 1.0893E-043989 3402
 1.4514E+04 1.2906E-04 1.4514E+04 1.5540E-04 1.4515E+04 1.9085E-043989 3402
 1.4516E+04 2.4013E-04 1.4516E+04 2.7241E-04 1.4516E+04 3.1155E-043989 3402
 1.4516E+04 3.5977E-04 1.4517E+04 4.2009E-04 1.4517E+04 4.9752E-043989 3402
 1.4517E+04 5.9746E-04 1.4518E+04 7.3045E-04 1.4518E+04 9.1242E-043989 3402
 1.4518E+04 1.0295E-03 1.4518E+04 1.1698E-03 1.4518E+04 1.3402E-033989 3402
 1.4518E+04 1.5491E-03 1.4518E+04 1.8086E-03 1.4519E+04 2.1355E-033989 3402
 1.4519E+04 2.5530E-03 1.4519E+04 3.0946E-03 1.4519E+04 3.8133E-033989 3402
 1.4519E+04 4.7659E-03 1.4519E+04 6.0433E-03 1.4519E+04 7.7413E-033989 3402
 1.4520E+04 9.9070E-03 1.4520E+04 1.2381E-02 1.4520E+04 1.4563E-023989 3402
 1.4520E+04 1.5234E-02 1.4520E+04 1.5471E-02 1.4520E+04 1.5227E-023989 3402
 1.4520E+04 1.4550E-02 1.4520E+04 1.2363E-02 1.4520E+04 9.8898E-033989 3402
 1.4521E+04 7.7273E-03 1.4521E+04 6.0327E-03 1.4521E+04 4.7580E-033989 3402
 1.4521E+04 3.8075E-03 1.4521E+04 3.0946E-03 1.4521E+04 2.5530E-033989 3402
 1.4521E+04 2.1355E-03 1.4522E+04 1.8088E-03 1.4522E+04 1.5492E-033989 3402
 1.4522E+04 1.3402E-03 1.4522E+04 1.1700E-03 1.4522E+04 1.0296E-033989 3402
 1.4522E+04 9.1250E-04 1.4523E+04 7.3000E-04 1.4523E+04 5.9716E-043989 3402
 1.4523E+04 4.9729E-04 1.4523E+04 4.2017E-04 1.4524E+04 3.5966E-043989 3402
 1.4524E+04 3.1145E-04 1.4524E+04 2.7234E-04 1.4524E+04 2.4018E-043989 3402
 1.4525E+04 2.1334E-04 1.4525E+04 1.9083E-04 1.4526E+04 1.5540E-043989 3402
 1.4526E+04 1.2906E-04 1.4527E+04 1.0898E-04 1.4527E+04 9.3273E-053989 3402
 1.4528E+04 8.0820E-05 1.4528E+04 7.0753E-05 1.4529E+04 6.2503E-053989 3402
 1.4530E+04 4.9898E-05 1.4531E+04 4.0887E-05 1.4532E+04 3.2807E-053989 3402
 1.4534E+04 2.7023E-05 1.4535E+04 2.2739E-05 1.4537E+04 1.9478E-053989 3402
 1.4538E+04 1.6941E-05 1.4539E+04 1.4927E-05 1.4541E+04 1.3304E-053989 3402
 1.4542E+04 1.1972E-05 1.4544E+04 1.0316E-05 1.4547E+04 9.0516E-063989 3402
 1.4549E+04 8.0641E-06 1.4551E+04 7.2801E-06 1.4555E+04 6.1263E-063989 3402
 1.4560E+04 5.3340E-06 1.4564E+04 4.7666E-06 1.4569E+04 4.3471E-063989 3402
 1.4577E+04 3.7815E-06 1.4586E+04 3.4300E-06 1.4595E+04 3.1992E-063989 3402
 1.4612E+04 2.9319E-06 1.4630E+04 2.7967E-06 1.4667E+04 2.7151E-063989 3402
 1.4721E+04 2.8055E-06 1.4757E+04 2.9562E-06 1.4793E+04 3.1797E-063989 3402
 1.4829E+04 3.4941E-06 1.4865E+04 3.9341E-06 1.4901E+04 4.5617E-063989 3402
 1.4930E+04 5.2698E-06 1.4959E+04 6.2640E-06 1.4973E+04 6.9180E-063989 3402
 1.4988E+04 7.7170E-06 1.5002E+04 8.7070E-06 1.5017E+04 9.9539E-063989 3402
 1.5031E+04 1.1554E-05 1.5046E+04 1.3651E-05 1.5060E+04 1.6477E-053989 3402
 1.5074E+04 2.0402E-05 1.5082E+04 2.2969E-05 1.5089E+04 2.6088E-053989 3402
 1.5096E+04 2.9931E-05 1.5103E+04 3.4741E-05 1.5111E+04 4.0866E-053989 3402
 1.5118E+04 4.8822E-05 1.5125E+04 5.9408E-05 1.5132E+04 7.3895E-053989 3402
 1.5136E+04 8.3219E-05 1.5139E+04 9.4391E-05 1.5143E+04 1.0795E-043989 3402
 1.5147E+04 1.2459E-04 1.5150E+04 1.4527E-04 1.5154E+04 1.7129E-043989 3402
 1.5158E+04 2.0455E-04 1.5161E+04 2.4768E-04 1.5165E+04 3.0449E-043989 3402
 1.5168E+04 3.8025E-04 1.5172E+04 4.8184E-04 1.5176E+04 6.1691E-043989 3402
 1.5179E+04 7.8914E-04 1.5183E+04 9.8586E-04 1.5186E+04 1.1593E-033989 3402
 1.5188E+04 1.2125E-03 1.5190E+04 1.2313E-03 1.5192E+04 1.2121E-033989 3402
 1.5194E+04 1.1586E-03 1.5197E+04 9.8469E-04 1.5201E+04 7.8789E-043989 3402
 1.5204E+04 6.1573E-04 1.5208E+04 4.8083E-04 1.5212E+04 3.7938E-043989 3402
 1.5215E+04 3.0374E-04 1.5219E+04 2.4703E-04 1.5222E+04 2.0396E-043989 3402
 1.5226E+04 1.7076E-04 1.5230E+04 1.4478E-04 1.5233E+04 1.2416E-043989 3402
 1.5237E+04 1.0754E-04 1.5241E+04 9.4016E-05 1.5244E+04 8.2859E-053989 3402
 1.5248E+04 7.3566E-05 1.5255E+04 5.9113E-05 1.5262E+04 4.8552E-053989 3402
 1.5269E+04 4.0616E-05 1.5277E+04 3.4509E-05 1.5284E+04 2.9713E-053989 3402
 1.5291E+04 2.5880E-05 1.5298E+04 2.2768E-05 1.5306E+04 2.0213E-053989 3402
 1.5320E+04 1.6295E-05 1.5334E+04 1.3479E-05 1.5349E+04 1.1387E-053989 3402
 1.5363E+04 9.7891E-06 1.5378E+04 8.5438E-06 1.5392E+04 7.5538E-063989 3402
 1.5407E+04 6.7537E-06 1.5436E+04 5.5539E-06 1.5450E+04 5.0973E-063989 3402
 1.5479E+04 4.3800E-06 1.5519E+04 3.6794E-06 1.5551E+04 3.2758E-063989 3402
 1.5587E+04 2.9338E-06 1.5623E+04 2.6730E-06 1.5695E+04 2.3074E-063989 3402
 1.5768E+04 2.0683E-06 1.5840E+04 1.9029E-06 1.5984E+04 1.6939E-063989 3402
 1.6201E+04 1.5261E-06 1.6490E+04 1.4113E-06 1.6929E+04 4.1098E-053989 3402
 2.1179E+04 3.4442E-05 2.6290E+04 2.9192E-05 3.1992E+04 2.5123E-053989 3402
 3.9952E+04 2.1195E-05 5.0000E+04 1.7852E-05 6.4705E+04 1.5438E-053989 3402
 8.3947E+04 1.3330E-05 1.0000E+05 1.2078E-05 1.4838E+05 1.0905E-053989 3402
 2.0000E+05 1.9964E-05 3.7000E+05 5.0326E-05 7.0000E+05 1.0763E-043989 3402
 8.8558E+05 1.2300E-04 1.0000E+06 1.3134E-04 1.6000E+06 2.0901E-043989 3402
 1.8169E+06 2.0030E-04 2.0000E+06 1.9383E-04 2.4022E+06 2.0476E-043989 3402
 3.0000E+06 2.1841E-04 3.3257E+06 2.0159E-04 3.6863E+06 1.8603E-043989 3402
 4.0765E+06 1.7192E-04 4.5124E+06 1.5872E-04 5.0000E+06 1.4638E-043989 3402
 5.7470E+06 1.4332E-04 6.6223E+06 1.4023E-04 7.0000E+06 1.3901E-043989 3402
 1.0000E+07 1.9923E-04 1.5000E+07 4.2002E-04 2.0000E+07 7.4716E-043989 3402
                                                                  3989 3  0
