Y - 89N,G    9.9918-01* JEF-2.2; RN - ---/SYS                     3989 3102
                                                                  3989 3102
 3.90890+04 8.8142E+01          0          0          0          03989 3102
 3.0000E+02 6.8566E+06          0          0          1       17163989 3102
       1716          2                                            3989 3102
 1.0000E-05 6.4333E+01 1.3122E-05 5.6162E+01 1.7058E-05 4.9258E+013989 3102
 2.1973E-05 4.3402E+01 3.0382E-05 3.6910E+01 4.2475E-05 3.1216E+013989 3102
 5.7041E-05 2.6937E+01 7.5568E-05 2.3404E+01 1.0185E-04 2.0170E+013989 3102
 1.3863E-04 1.7278E+01 1.9051E-04 1.4738E+01 2.3873E-04 1.3167E+013989 3102
 3.2839E-04 1.1226E+01 4.5090E-04 9.5855E+00 5.9786E-04 8.3247E+003989 3102
 8.1914E-04 7.1080E+00 1.1456E-03 6.0107E+00 1.5175E-03 5.2223E+003989 3102
 1.9596E-03 4.5958E+00 2.4722E-03 4.0916E+00 3.3686E-03 3.5052E+003989 3102
 4.4068E-03 3.0647E+00 5.8886E-03 2.6529E+00 8.0056E-03 2.2738E+003989 3102
 1.0704E-02 1.9665E+00 1.4740E-02 1.6756E+00 1.9286E-02 1.4650E+003989 3102
 2.5300E-02 1.2790E+00 3.4548E-02 1.0945E+00 4.7039E-02 9.3812E-013989 3102
 6.3094E-02 8.0994E-01 8.4379E-02 7.0035E-01 1.1288E-01 6.0563E-013989 3102
 1.5050E-01 5.2463E-01 1.9392E-01 4.6199E-01 2.5265E-01 4.0475E-013989 3102
 3.2715E-01 3.5568E-01 4.5149E-01 3.0286E-01 6.0198E-01 2.6235E-013989 3102
 8.0240E-01 2.2711E-01 1.0913E+00 1.9475E-01 1.5049E+00 1.6589E-013989 3102
 1.9625E+00 1.4524E-01 2.6870E+00 1.2411E-01 3.6396E+00 1.0665E-013989 3102
 4.8777E+00 9.2114E-02 6.4718E+00 7.9972E-02 8.5019E+00 6.9777E-023989 3102
 1.1065E+01 6.1164E-02 1.4447E+01 5.3543E-02 1.9755E+01 4.5776E-023989 3102
 2.4970E+01 4.0718E-02 3.3734E+01 3.5034E-02 4.4946E+01 3.0351E-023989 3102
 5.9096E+01 2.6471E-02 7.7052E+01 2.3189E-02 1.0667E+02 1.9710E-023989 3102
 1.4534E+02 1.6889E-02 1.9263E+02 1.4683E-02 2.5525E+02 1.2751E-023989 3102
 3.4013E+02 1.1051E-02 4.6231E+02 9.4932E-03 6.1693E+02 8.2230E-033989 3102
 8.1337E+02 7.1765E-03 1.0787E+03 6.2575E-03 1.3869E+03 5.5628E-033989 3102
 1.7722E+03 5.0436E-03 2.0419E+03 4.9482E-03 2.1960E+03 5.1688E-033989 3102
 2.2923E+03 5.6506E-03 2.3501E+03 6.2953E-03 2.3886E+03 7.0752E-033989 3102
 2.4079E+03 7.6565E-03 2.4368E+03 8.9492E-03 2.4560E+03 1.0276E-023989 3102
 2.4657E+03 1.1161E-02 2.4789E+03 1.2735E-02 2.4921E+03 1.4914E-023989 3102
 2.5054E+03 1.8052E-02 2.5120E+03 2.0166E-02 2.5186E+03 2.2806E-023989 3102
 2.5252E+03 2.6158E-02 2.5318E+03 3.0505E-02 2.5385E+03 3.6294E-023989 3102
 2.5451E+03 4.4233E-02 2.5484E+03 4.9365E-02 2.5517E+03 5.5557E-023989 3102
 2.5550E+03 6.3126E-02 2.5583E+03 7.2519E-02 2.5616E+03 8.4384E-023989 3102
 2.5649E+03 9.9680E-02 2.5682E+03 1.1991E-01 2.5715E+03 1.4746E-013989 3102
 2.5732E+03 1.6518E-01 2.5748E+03 1.8649E-01 2.5765E+03 2.1247E-013989 3102
 2.5782E+03 2.4463E-01 2.5798E+03 2.8514E-01 2.5815E+03 3.3728E-013989 3102
 2.5831E+03 4.0615E-01 2.5848E+03 5.0005E-01 2.5861E+03 6.0257E-013989 3102
 2.5874E+03 7.4263E-01 2.5881E+03 8.3301E-01 2.5887E+03 9.4205E-013989 3102
 2.5894E+03 1.0756E+00 2.5901E+03 1.2415E+00 2.5907E+03 1.4521E+003989 3102
 2.5914E+03 1.7249E+00 2.5920E+03 2.0882E+00 2.5927E+03 2.5880E+003989 3102
 2.5930E+03 2.9123E+00 2.5934E+03 3.3044E+00 2.5937E+03 3.7856E+003989 3102
 2.5940E+03 4.3851E+00 2.5944E+03 5.1452E+00 2.5947E+03 6.1292E+003989 3102
 2.5950E+03 7.4339E+00 2.5954E+03 9.2136E+00 2.5955E+03 1.0357E+013989 3102
 2.5957E+03 1.1725E+01 2.5959E+03 1.3385E+01 2.5960E+03 1.5416E+013989 3102
 2.5962E+03 1.7941E+01 2.5963E+03 2.1113E+01 2.5965E+03 2.5170E+013989 3102
 2.5967E+03 3.0422E+01 2.5968E+03 3.7343E+01 2.5970E+03 4.6552E+013989 3102
 2.5972E+03 5.8918E+01 2.5973E+03 7.5330E+01 2.5975E+03 9.6290E+013989 3102
 2.5977E+03 1.2021E+02 2.5978E+03 1.4132E+02 2.5979E+03 1.4782E+023989 3102
 2.5980E+03 1.5011E+02 2.5981E+03 1.4782E+02 2.5982E+03 1.4132E+023989 3102
 2.5983E+03 1.2026E+02 2.5985E+03 9.6351E+01 2.5987E+03 7.5473E+013989 3102
 2.5988E+03 5.9088E+01 2.5990E+03 4.6788E+01 2.5992E+03 3.7618E+013989 3102
 2.5993E+03 3.0761E+01 2.5995E+03 2.5551E+01 2.5997E+03 2.1553E+013989 3102
 2.5998E+03 1.8430E+01 2.6000E+03 1.5964E+01 2.6002E+03 1.3986E+013989 3102
 2.6003E+03 1.2386E+01 2.6005E+03 1.1077E+01 2.6006E+03 9.9992E+003989 3102
 2.6009E+03 8.8024E+00 2.6011E+03 7.8691E+00 2.6013E+03 7.1348E+003989 3102
 2.6016E+03 6.5585E+00 2.6020E+03 5.7595E+00 2.6025E+03 5.3148E+003989 3102
 2.6029E+03 5.1450E+00 2.6034E+03 5.2221E+00 2.6038E+03 5.5564E+003989 3102
 2.6043E+03 6.1991E+00 2.6048E+03 7.2795E+00 2.6050E+03 8.0452E+003989 3102
 2.6052E+03 9.0123E+00 2.6055E+03 1.0243E+01 2.6057E+03 1.1817E+013989 3102
 2.6059E+03 1.3859E+01 2.6062E+03 1.6530E+01 2.6064E+03 2.0074E+013989 3102
 2.6066E+03 2.4831E+01 2.6068E+03 3.1234E+01 2.6071E+03 3.9769E+013989 3102
 2.6073E+03 5.0726E+01 2.6075E+03 6.3233E+01 2.6078E+03 7.4325E+013989 3102
 2.6079E+03 7.7731E+01 2.6080E+03 7.8920E+01 2.6081E+03 7.7686E+013989 3102
 2.6082E+03 7.4239E+01 2.6085E+03 6.3081E+01 2.6087E+03 5.0504E+013989 3102
 2.6089E+03 3.9516E+01 2.6092E+03 3.0901E+01 2.6094E+03 2.4446E+013989 3102
 2.6096E+03 1.9630E+01 2.6099E+03 1.6017E+01 2.6101E+03 1.3270E+013989 3102
 2.6103E+03 1.1152E+01 2.6105E+03 9.4941E+00 2.6108E+03 8.1728E+003989 3102
 2.6110E+03 7.1097E+00 2.6112E+03 6.2404E+00 2.6115E+03 5.5218E+003989 3102
 2.6117E+03 4.9219E+00 2.6122E+03 3.9851E+00 2.6126E+03 3.2974E+003989 3102
 2.6131E+03 2.7768E+00 2.6136E+03 2.3735E+00 2.6140E+03 2.0549E+003989 3102
 2.6145E+03 1.7984E+00 2.6149E+03 1.5890E+00 2.6154E+03 1.4150E+003989 3102
 2.6163E+03 1.1461E+00 2.6173E+03 9.4970E-01 2.6182E+03 8.0148E-013989 3102
 2.6191E+03 6.8674E-01 2.6200E+03 5.9588E-01 2.6210E+03 5.2262E-013989 3102
 2.6219E+03 4.6258E-01 2.6228E+03 4.1274E-01 2.6247E+03 3.3524E-013989 3102
 2.6265E+03 2.7835E-01 2.6288E+03 2.2614E-01 2.6311E+03 1.8779E-013989 3102
 2.6334E+03 1.5877E-01 2.6358E+03 1.3619E-01 2.6381E+03 1.1830E-013989 3102
 2.6404E+03 1.0385E-01 2.6427E+03 9.2014E-02 2.6450E+03 8.2186E-023989 3102
 2.6496E+03 6.6930E-02 2.6543E+03 5.5770E-02 2.6589E+03 4.7353E-023989 3102
 2.6635E+03 4.0843E-02 2.6681E+03 3.5702E-02 2.6728E+03 3.1568E-023989 3102
 2.6774E+03 2.8199E-02 2.6820E+03 2.5409E-02 2.6913E+03 2.1107E-023989 3102
 2.7005E+03 1.7980E-02 2.7098E+03 1.5638E-02 2.7190E+03 1.3836E-023989 3102
 2.7283E+03 1.2419E-02 2.7468E+03 1.0365E-02 2.7560E+03 9.6047E-033989 3102
 2.7745E+03 8.4363E-03 2.7930E+03 7.5907E-03 2.8240E+03 6.6186E-033989 3102
 2.8550E+03 5.9806E-03 2.8860E+03 5.5385E-03 2.9480E+03 4.9832E-033989 3102
 3.0410E+03 4.5661E-03 3.1340E+03 4.4418E-03 3.1960E+03 4.5617E-033989 3102
 3.2425E+03 4.9278E-03 3.2658E+03 5.3452E-03 3.2813E+03 5.8187E-033989 3102
 3.2981E+03 6.6856E-03 3.3072E+03 7.4321E-03 3.3163E+03 8.5271E-033989 3102
 3.3209E+03 9.2763E-03 3.3254E+03 1.0222E-02 3.3300E+03 1.1439E-023989 3102
 3.3345E+03 1.3042E-02 3.3391E+03 1.5210E-02 3.3436E+03 1.8247E-023989 3102
 3.3459E+03 2.0240E-02 3.3482E+03 2.2675E-02 3.3504E+03 2.5698E-023989 3102
 3.3527E+03 2.9506E-02 3.3550E+03 3.4402E-02 3.3573E+03 4.0839E-023989 3102
 3.3595E+03 4.9540E-02 3.3618E+03 6.1702E-02 3.3629E+03 6.9690E-023989 3102
 3.3641E+03 7.9446E-02 3.3652E+03 9.1534E-02 3.3664E+03 1.0677E-013989 3102
 3.3675E+03 1.2634E-01 3.3686E+03 1.5206E-01 3.3698E+03 1.8681E-013989 3102
 3.3703E+03 2.0896E-01 3.3709E+03 2.3536E-01 3.3718E+03 2.8952E-013989 3102
 3.3723E+03 3.2407E-01 3.3727E+03 3.6518E-01 3.3732E+03 4.1482E-013989 3102
 3.3736E+03 4.7537E-01 3.3741E+03 5.5033E-01 3.3745E+03 6.4458E-013989 3102
 3.3750E+03 7.6546E-01 3.3755E+03 9.2396E-01 3.3759E+03 1.1373E+003989 3102
 3.3761E+03 1.2728E+00 3.3764E+03 1.4337E+00 3.3766E+03 1.6275E+003989 3102
 3.3768E+03 1.8631E+00 3.3770E+03 2.1535E+00 3.3773E+03 2.5164E+003989 3102
 3.3775E+03 2.9785E+00 3.3777E+03 3.5802E+00 3.3780E+03 4.3792E+003989 3102
 3.3782E+03 5.4723E+00 3.3783E+03 6.1769E+00 3.3784E+03 7.0227E+003989 3102
 3.3785E+03 8.0466E+00 3.3786E+03 9.3027E+00 3.3787E+03 1.0867E+013989 3102
 3.3789E+03 1.2832E+01 3.3790E+03 1.5349E+01 3.3791E+03 1.8609E+013989 3102
 3.3792E+03 2.2914E+01 3.3793E+03 2.8640E+01 3.3794E+03 3.6342E+013989 3102
 3.3795E+03 4.6564E+01 3.3797E+03 5.9635E+01 3.3798E+03 7.4549E+013989 3102
 3.3799E+03 8.7724E+01 3.3799E+03 9.1762E+01 3.3800E+03 9.3184E+013989 3102
 3.3801E+03 9.1745E+01 3.3801E+03 8.7673E+01 3.3802E+03 7.4506E+013989 3102
 3.3803E+03 5.9565E+01 3.3805E+03 4.6534E+01 3.3806E+03 3.6319E+013989 3102
 3.3807E+03 2.8626E+01 3.3808E+03 2.2892E+01 3.3809E+03 1.8611E+013989 3102
 3.3810E+03 1.5352E+01 3.3811E+03 1.2833E+01 3.3813E+03 1.0869E+013989 3102
 3.3814E+03 9.3048E+00 3.3815E+03 8.0465E+00 3.3816E+03 7.0231E+003989 3102
 3.3817E+03 6.1791E+00 3.3818E+03 5.4746E+00 3.3820E+03 4.3804E+003989 3102
 3.3823E+03 3.5808E+00 3.3825E+03 2.9799E+00 3.3827E+03 2.5177E+003989 3102
 3.3830E+03 2.1544E+00 3.3832E+03 1.8641E+00 3.3834E+03 1.6284E+003989 3102
 3.3836E+03 1.4350E+00 3.3839E+03 1.2739E+00 3.3841E+03 1.1383E+003989 3102
 3.3846E+03 9.2493E-01 3.3850E+03 7.6646E-01 3.3855E+03 6.4557E-013989 3102
 3.3859E+03 5.5118E-01 3.3864E+03 4.7619E-01 3.3868E+03 4.1557E-013989 3102
 3.3873E+03 3.6592E-01 3.3877E+03 3.2475E-01 3.3882E+03 2.9019E-013989 3102
 3.3891E+03 2.3594E-01 3.3897E+03 2.0950E-01 3.3902E+03 1.8731E-013989 3102
 3.3914E+03 1.5252E-01 3.3925E+03 1.2676E-01 3.3937E+03 1.0715E-013989 3102
 3.3948E+03 9.1881E-02 3.3959E+03 7.9760E-02 3.3971E+03 6.9980E-023989 3102
 3.3982E+03 6.1974E-02 3.4005E+03 4.9769E-02 3.4028E+03 4.1036E-023989 3102
 3.4050E+03 3.4573E-02 3.4073E+03 2.9655E-02 3.4096E+03 2.5826E-023989 3102
 3.4119E+03 2.2786E-02 3.4141E+03 2.0331E-02 3.4187E+03 1.6658E-023989 3102
 3.4210E+03 1.5262E-02 3.4255E+03 1.3070E-02 3.4301E+03 1.1447E-023989 3102
 3.4346E+03 1.0211E-02 3.4392E+03 9.2481E-03 3.4483E+03 7.8642E-033989 3102
 3.4528E+03 7.3568E-03 3.4619E+03 6.5824E-03 3.4710E+03 6.0255E-033989 3102
 3.4907E+03 5.2488E-03 3.5203E+03 4.6267E-03 3.5499E+03 4.2886E-033989 3102
 3.6090E+03 3.9398E-03 3.7076E+03 3.6835E-03 3.9442E+03 3.4330E-033989 3102
 4.4962E+03 3.1882E-03 4.6342E+03 3.2160E-03 4.6835E+03 3.3338E-033989 3102
 4.7082E+03 3.5260E-03 4.7229E+03 3.7963E-03 4.7328E+03 4.1536E-033989 3102
 4.7371E+03 4.4030E-03 4.7436E+03 4.9818E-03 4.7479E+03 5.6104E-033989 3102
 4.7501E+03 6.0491E-03 4.7522E+03 6.6133E-03 4.7544E+03 7.3550E-033989 3102
 4.7566E+03 8.3579E-03 4.7587E+03 9.7603E-03 4.7609E+03 1.1807E-023989 3102
 4.7620E+03 1.3202E-02 4.7630E+03 1.4959E-02 4.7641E+03 1.7218E-023989 3102
 4.7652E+03 2.0188E-02 4.7663E+03 2.4201E-02 4.7674E+03 2.9809E-023989 3102
 4.7679E+03 3.3495E-02 4.7684E+03 3.7991E-02 4.7690E+03 4.3569E-023989 3102
 4.7695E+03 5.0593E-02 4.7701E+03 5.9615E-02 4.7706E+03 7.1472E-023989 3102
 4.7711E+03 8.7490E-02 4.7714E+03 9.7692E-02 4.7717E+03 1.0986E-013989 3102
 4.7721E+03 1.3484E-01 4.7723E+03 1.5076E-01 4.7725E+03 1.6973E-013989 3102
 4.7728E+03 1.9263E-01 4.7730E+03 2.2051E-01 4.7732E+03 2.5501E-013989 3102
 4.7734E+03 2.9855E-01 4.7736E+03 3.5433E-01 4.7738E+03 4.2732E-013989 3102
 4.7741E+03 5.2556E-01 4.7742E+03 5.8794E-01 4.7743E+03 6.6210E-013989 3102
 4.7744E+03 7.5169E-01 4.7745E+03 8.6019E-01 4.7746E+03 9.9387E-013989 3102
 4.7747E+03 1.1611E+00 4.7748E+03 1.3751E+00 4.7749E+03 1.6520E+003989 3102
 4.7750E+03 2.0204E+00 4.7751E+03 2.5245E+00 4.7752E+03 2.8503E+003989 3102
 4.7752E+03 3.2378E+00 4.7753E+03 3.7117E+00 4.7754E+03 4.2880E+003989 3102
 4.7754E+03 5.0104E+00 4.7755E+03 5.9119E+00 4.7755E+03 7.0742E+003989 3102
 4.7756E+03 8.5680E+00 4.7756E+03 1.0553E+01 4.7757E+03 1.3202E+013989 3102
 4.7757E+03 1.6758E+01 4.7758E+03 2.1443E+01 4.7758E+03 2.7471E+013989 3102
 4.7759E+03 3.4290E+01 4.7759E+03 4.0354E+01 4.7760E+03 4.2197E+013989 3102
 4.7760E+03 4.2848E+01 4.7760E+03 4.2174E+01 4.7761E+03 4.0311E+013989 3102
 4.7761E+03 3.4229E+01 4.7762E+03 2.7353E+01 4.7762E+03 2.1394E+013989 3102
 4.7763E+03 1.6684E+01 4.7763E+03 1.3175E+01 4.7764E+03 1.0533E+013989 3102
 4.7764E+03 8.5686E+00 4.7765E+03 7.0630E+00 4.7765E+03 5.9124E+003989 3102
 4.7766E+03 5.0037E+00 4.7766E+03 4.2886E+00 4.7767E+03 3.7075E+003989 3102
 4.7768E+03 3.2381E+00 4.7768E+03 2.8476E+00 4.7769E+03 2.5250E+003989 3102
 4.7770E+03 2.0190E+00 4.7771E+03 1.6509E+00 4.7772E+03 1.3743E+003989 3102
 4.7773E+03 1.1614E+00 4.7774E+03 9.9347E-01 4.7775E+03 8.5990E-013989 3102
 4.7776E+03 7.5149E-01 4.7777E+03 6.6234E-01 4.7778E+03 5.8783E-013989 3102
 4.7779E+03 5.2551E-01 4.7782E+03 4.2732E-01 4.7784E+03 3.5436E-013989 3102
 4.7786E+03 2.9869E-01 4.7788E+03 2.5508E-01 4.7790E+03 2.2059E-013989 3102
 4.7792E+03 1.9264E-01 4.7795E+03 1.6981E-01 4.7797E+03 1.5080E-013989 3102
 4.7799E+03 1.3492E-01 4.7803E+03 1.0995E-01 4.7806E+03 9.7780E-023989 3102
 4.7809E+03 8.7572E-02 4.7814E+03 7.1546E-02 4.7819E+03 5.9681E-023989 3102
 4.7825E+03 5.0653E-02 4.7830E+03 4.3622E-02 4.7836E+03 3.8041E-023989 3102
 4.7841E+03 3.3540E-02 4.7846E+03 2.9851E-02 4.7857E+03 2.4237E-023989 3102
 4.7868E+03 2.0218E-02 4.7879E+03 1.7245E-02 4.7890E+03 1.4983E-023989 3102
 4.7904E+03 1.2770E-02 4.7922E+03 1.0697E-02 4.7944E+03 9.0091E-033989 3102
 4.7954E+03 8.3677E-03 4.7976E+03 7.3614E-03 4.7998E+03 6.6166E-033989 3102
 4.8019E+03 6.0500E-03 4.8062E+03 5.2587E-03 4.8106E+03 4.7448E-033989 3102
 4.8149E+03 4.3916E-03 4.8224E+03 3.9941E-03 4.8321E+03 3.6987E-033989 3102
 4.8515E+03 3.4088E-03 4.8837E+03 3.2218E-03 4.9740E+03 3.0792E-033989 3102
 5.3353E+03 2.9916E-03 5.5160E+03 3.0808E-03 5.5805E+03 3.2735E-033989 3102
 5.6127E+03 3.5506E-03 5.6321E+03 3.9083E-03 5.6450E+03 4.3455E-033989 3102
 5.6515E+03 4.6833E-03 5.6613E+03 5.4667E-03 5.6678E+03 6.3169E-033989 3102
 5.6710E+03 6.9100E-03 5.6743E+03 7.6725E-03 5.6775E+03 8.6752E-033989 3102
 5.6808E+03 1.0031E-02 5.6840E+03 1.1926E-02 5.6856E+03 1.3170E-023989 3102
 5.6873E+03 1.4692E-02 5.6889E+03 1.6575E-02 5.6905E+03 1.8950E-023989 3102
 5.6921E+03 2.2004E-02 5.6938E+03 2.6016E-02 5.6954E+03 3.1436E-023989 3102
 5.6970E+03 3.9016E-02 5.6978E+03 4.3994E-02 5.6986E+03 5.0071E-023989 3102
 5.6994E+03 5.7605E-02 5.7003E+03 6.7094E-02 5.7011E+03 7.9281E-023989 3102
 5.7019E+03 9.5307E-02 5.7027E+03 1.1694E-01 5.7031E+03 1.3073E-013989 3102
 5.7035E+03 1.4718E-01 5.7042E+03 1.8094E-01 5.7045E+03 2.0245E-013989 3102
 5.7048E+03 2.2806E-01 5.7051E+03 2.5902E-01 5.7055E+03 2.9667E-013989 3102
 5.7058E+03 3.4337E-01 5.7061E+03 4.0201E-01 5.7064E+03 4.7728E-013989 3102
 5.7068E+03 5.7581E-01 5.7071E+03 7.0863E-01 5.7074E+03 8.9330E-013989 3102
 5.7076E+03 1.0139E+00 5.7077E+03 1.1606E+00 5.7079E+03 1.3415E+003989 3102
 5.7081E+03 1.5677E+00 5.7082E+03 1.8557E+00 5.7084E+03 2.2301E+003989 3102
 5.7085E+03 2.7286E+00 5.7087E+03 3.4079E+00 5.7088E+03 3.8477E+003989 3102
 5.7089E+03 4.3722E+00 5.7089E+03 5.0122E+00 5.7090E+03 5.7983E+003989 3102
 5.7091E+03 6.7754E+00 5.7092E+03 7.9991E+00 5.7093E+03 9.5619E+003989 3102
 5.7094E+03 1.1588E+01 5.7094E+03 1.4273E+01 5.7095E+03 1.7832E+013989 3102
 5.7096E+03 2.2638E+01 5.7097E+03 2.8987E+01 5.7098E+03 3.7133E+013989 3102
 5.7098E+03 4.6379E+01 5.7099E+03 5.4528E+01 5.7100E+03 5.7031E+013989 3102
 5.7100E+03 5.7916E+01 5.7100E+03 5.7009E+01 5.7101E+03 5.4487E+013989 3102
 5.7102E+03 4.6324E+01 5.7102E+03 3.7025E+01 5.7103E+03 2.8942E+013989 3102
 5.7104E+03 2.2570E+01 5.7105E+03 1.7808E+01 5.7106E+03 1.4254E+013989 3102
 5.7107E+03 1.1589E+01 5.7107E+03 9.5518E+00 5.7108E+03 7.9916E+003989 3102
 5.7109E+03 6.7631E+00 5.7110E+03 5.7884E+00 5.7111E+03 5.0046E+003989 3102
 5.7111E+03 4.3694E+00 5.7112E+03 3.8455E+00 5.7113E+03 3.4084E+003989 3102
 5.7115E+03 2.7273E+00 5.7116E+03 2.2295E+00 5.7118E+03 1.8552E+003989 3102
 5.7120E+03 1.5674E+00 5.7121E+03 1.3413E+00 5.7123E+03 1.1605E+003989 3102
 5.7124E+03 1.0139E+00 5.7126E+03 8.9369E-01 5.7129E+03 7.0875E-013989 3102
 5.7133E+03 5.7613E-01 5.7136E+03 4.7745E-01 5.7139E+03 4.0226E-013989 3102
 5.7142E+03 3.4353E-01 5.7146E+03 2.9684E-01 5.7149E+03 2.5906E-013989 3102
 5.7152E+03 2.2820E-01 5.7155E+03 2.0256E-01 5.7159E+03 1.8109E-013989 3102
 5.7165E+03 1.4734E-01 5.7169E+03 1.3087E-01 5.7173E+03 1.1709E-013989 3102
 5.7181E+03 9.5435E-02 5.7189E+03 7.9399E-02 5.7198E+03 6.7200E-023989 3102
 5.7206E+03 5.7702E-02 5.7214E+03 5.0161E-02 5.7222E+03 4.4077E-023989 3102
 5.7230E+03 3.9094E-02 5.7240E+03 3.4202E-02 5.7250E+03 3.0237E-023989 3102
 5.7259E+03 2.6983E-02 5.7269E+03 2.4274E-02 5.7289E+03 2.0070E-023989 3102
 5.7308E+03 1.6994E-02 5.7328E+03 1.4678E-02 5.7348E+03 1.2887E-023989 3102
 5.7367E+03 1.1477E-02 5.7387E+03 1.0345E-02 5.7426E+03 8.6638E-033989 3102
 5.7465E+03 7.4937E-03 5.7505E+03 6.6470E-03 5.7544E+03 6.0145E-033989 3102
 5.7622E+03 5.1496E-03 5.7701E+03 4.6004E-03 5.7786E+03 4.2081E-033989 3102
 5.7936E+03 3.7774E-03 5.8171E+03 3.4338E-03 5.8485E+03 3.2191E-033989 3102
 5.9113E+03 3.0518E-03 6.0995E+03 2.9588E-03 6.3843E+03 3.0232E-033989 3102
 6.6222E+03 3.2283E-03 6.7811E+03 3.5233E-03 6.8605E+03 3.7691E-033989 3102
 6.9241E+03 4.0470E-03 7.0194E+03 4.6984E-03 7.0829E+03 5.4083E-033989 3102
 7.1147E+03 5.9033E-03 7.1465E+03 6.5388E-03 7.1783E+03 7.3724E-033989 3102
 7.2100E+03 8.4949E-03 7.2418E+03 1.0056E-02 7.2736E+03 1.2314E-023989 3102
 7.2895E+03 1.3841E-02 7.3054E+03 1.5754E-02 7.3212E+03 1.8185E-023989 3102
 7.3371E+03 2.1344E-02 7.3530E+03 2.5545E-02 7.3689E+03 3.1296E-023989 3102
 7.3768E+03 3.4993E-02 7.3848E+03 3.9430E-02 7.3927E+03 4.4809E-023989 3102
 7.4007E+03 5.1410E-02 7.4086E+03 5.9607E-02 7.4166E+03 6.9930E-023989 3102
 7.4245E+03 8.3118E-02 7.4325E+03 1.0022E-01 7.4404E+03 1.2274E-013989 3102
 7.4483E+03 1.5276E-01 7.4563E+03 1.9301E-01 7.4642E+03 2.4652E-013989 3102
 7.4722E+03 3.1467E-01 7.4801E+03 3.9239E-01 7.4881E+03 4.6067E-013989 3102
 7.4920E+03 4.8145E-01 7.4960E+03 4.8854E-01 7.5000E+03 4.8068E-013989 3102
 7.5039E+03 4.5926E-01 7.5119E+03 3.9025E-01 7.5198E+03 3.1241E-013989 3102
 7.5278E+03 2.4446E-01 7.5357E+03 1.9122E-01 7.5437E+03 1.5123E-013989 3102
 7.5516E+03 1.2141E-01 7.5596E+03 9.9057E-02 7.5675E+03 8.2082E-023989 3102
 7.5754E+03 6.9002E-02 7.5834E+03 5.8768E-02 7.5913E+03 5.0645E-023989 3102
 7.5993E+03 4.4104E-02 7.6072E+03 3.8776E-02 7.6152E+03 3.4384E-023989 3102
 7.6231E+03 3.0723E-02 7.6390E+03 2.5034E-02 7.6549E+03 2.0878E-023989 3102
 7.6708E+03 1.7756E-02 7.6867E+03 1.5353E-02 7.7025E+03 1.3467E-023989 3102
 7.7184E+03 1.1961E-02 7.7343E+03 1.0739E-02 7.7661E+03 8.8973E-033989 3102
 7.7820E+03 8.1948E-03 7.8138E+03 7.0888E-03 7.8455E+03 6.2671E-033989 3102
 7.8773E+03 5.6403E-03 7.9409E+03 4.7631E-03 8.0044E+03 4.1920E-033989 3102
 8.0680E+03 3.7994E-03 8.1315E+03 3.5183E-03 8.2109E+03 3.2674E-033989 3102
 8.3808E+03 2.9452E-03 8.6081E+03 2.7453E-03 8.8206E+03 2.7079E-033989 3102
 8.9815E+03 2.8140E-03 9.0619E+03 2.9716E-03 9.1156E+03 3.1671E-033989 3102
 9.1692E+03 3.5166E-03 9.2094E+03 3.9865E-03 9.2361E+03 4.4961E-033989 3102
 9.2495E+03 4.8515E-03 9.2629E+03 5.3079E-03 9.2762E+03 5.9078E-033989 3102
 9.2896E+03 6.7175E-03 9.3030E+03 7.8487E-03 9.3164E+03 9.4966E-033989 3102
 9.3231E+03 1.0620E-02 9.3298E+03 1.2033E-02 9.3364E+03 1.3848E-023989 3102
 9.3431E+03 1.6232E-02 9.3498E+03 1.9455E-02 9.3565E+03 2.3951E-023989 3102
 9.3619E+03 2.8970E-02 9.3672E+03 3.5980E-02 9.3699E+03 4.0575E-023989 3102
 9.3726E+03 4.6185E-02 9.3752E+03 5.3123E-02 9.3779E+03 6.1852E-023989 3102
 9.3806E+03 7.3046E-02 9.3833E+03 8.7715E-02 9.3859E+03 1.0747E-013989 3102
 9.3886E+03 1.3492E-01 9.3899E+03 1.5286E-01 9.3913E+03 1.7467E-013989 3102
 9.3926E+03 2.0156E-01 9.3940E+03 2.3521E-01 9.3953E+03 2.7802E-013989 3102
 9.3966E+03 3.3368E-01 9.3980E+03 4.0779E-01 9.3993E+03 5.0913E-013989 3102
 9.4000E+03 5.7431E-01 9.4006E+03 6.5255E-01 9.4013E+03 7.4763E-013989 3102
 9.4020E+03 8.6407E-01 9.4026E+03 1.0088E+00 9.4033E+03 1.1914E+003989 3102
 9.4040E+03 1.4245E+00 9.4047E+03 1.7265E+00 9.4053E+03 2.1253E+003989 3102
 9.4060E+03 2.6568E+00 9.4067E+03 3.3702E+00 9.4073E+03 4.3191E+003989 3102
 9.4080E+03 5.5304E+00 9.4087E+03 6.9160E+00 9.4093E+03 8.1406E+003989 3102
 9.4097E+03 8.5155E+00 9.4100E+03 8.6482E+00 9.4103E+03 8.5133E+003989 3102
 9.4107E+03 8.1368E+00 9.4113E+03 6.9106E+00 9.4120E+03 5.5254E+003989 3102
 9.4127E+03 4.3169E+00 9.4133E+03 3.3674E+00 9.4140E+03 2.6551E+003989 3102
 9.4147E+03 2.1243E+00 9.4153E+03 1.7264E+00 9.4160E+03 1.4241E+003989 3102
 9.4167E+03 1.1910E+00 9.4174E+03 1.0088E+00 9.4180E+03 8.6422E-013989 3102
 9.4187E+03 7.4768E-01 9.4194E+03 6.5281E-01 9.4200E+03 5.7459E-013989 3102
 9.4207E+03 5.0945E-01 9.4220E+03 4.0811E-01 9.4234E+03 3.3402E-013989 3102
 9.4247E+03 2.7834E-01 9.4261E+03 2.3554E-01 9.4274E+03 2.0188E-013989 3102
 9.4287E+03 1.7500E-01 9.4301E+03 1.5319E-01 9.4314E+03 1.3525E-013989 3102
 9.4341E+03 1.0778E-01 9.4368E+03 8.8013E-02 9.4394E+03 7.3336E-023989 3102
 9.4421E+03 6.2133E-02 9.4448E+03 5.3397E-02 9.4475E+03 4.6452E-023989 3102
 9.4501E+03 4.0844E-02 9.4528E+03 3.6250E-02 9.4582E+03 2.9242E-023989 3102
 9.4635E+03 2.4227E-02 9.4702E+03 1.9740E-02 9.4769E+03 1.6533E-023989 3102
 9.4836E+03 1.4166E-02 9.4902E+03 1.2370E-02 9.4969E+03 1.0980E-023989 3102
 9.5036E+03 9.8837E-03 9.5170E+03 8.2967E-03 9.5304E+03 7.2411E-033989 3102
 9.5438E+03 6.5246E-03 9.5571E+03 6.0417E-03 9.5705E+03 5.7333E-033989 3102
 9.5839E+03 5.5691E-03 9.5973E+03 5.5400E-03 9.6106E+03 5.6567E-033989 3102
 9.6254E+03 6.0009E-03 9.6340E+03 6.3425E-03 9.6425E+03 6.8340E-033989 3102
 9.6511E+03 7.5384E-03 9.6596E+03 8.5633E-03 9.6682E+03 1.0098E-023989 3102
 9.6724E+03 1.1158E-02 9.6767E+03 1.2502E-02 9.6810E+03 1.4240E-023989 3102
 9.6853E+03 1.6533E-02 9.6895E+03 1.9643E-02 9.6938E+03 2.3999E-023989 3102
 9.6959E+03 2.6864E-02 9.6981E+03 3.0364E-02 9.7002E+03 3.4705E-023989 3102
 9.7024E+03 4.0177E-02 9.7045E+03 4.7209E-02 9.7066E+03 5.6453E-023989 3102
 9.7088E+03 6.8943E-02 9.7109E+03 8.6384E-02 9.7126E+03 1.0587E-013989 3102
 9.7135E+03 1.1828E-01 9.7143E+03 1.3306E-01 9.7152E+03 1.5090E-013989 3102
 9.7160E+03 1.7265E-01 9.7169E+03 1.9958E-01 9.7177E+03 2.3346E-013989 3102
 9.7186E+03 2.7692E-01 9.7195E+03 3.3385E-01 9.7203E+03 4.1053E-013989 3102
 9.7212E+03 5.1702E-01 9.7216E+03 5.8664E-01 9.7220E+03 6.7133E-013989 3102
 9.7224E+03 7.7567E-01 9.7231E+03 9.8385E-01 9.7235E+03 1.1729E+003989 3102
 9.7239E+03 1.4213E+00 9.7244E+03 1.7563E+00 9.7246E+03 1.9681E+003989 3102
 9.7248E+03 2.2211E+00 9.7250E+03 2.5245E+00 9.7252E+03 2.8929E+003989 3102
 9.7254E+03 3.3449E+00 9.7256E+03 3.9061E+00 9.7259E+03 4.6135E+003989 3102
 9.7261E+03 5.5172E+00 9.7263E+03 6.6841E+00 9.7265E+03 8.2266E+003989 3102
 9.7267E+03 1.0284E+01 9.7269E+03 1.3043E+01 9.7271E+03 1.6714E+013989 3102
 9.7274E+03 2.1394E+01 9.7276E+03 2.6743E+01 9.7278E+03 3.1453E+013989 3102
 9.7279E+03 3.2894E+01 9.7280E+03 3.3404E+01 9.7281E+03 3.2884E+013989 3102
 9.7282E+03 3.1435E+01 9.7284E+03 2.6715E+01 9.7286E+03 2.1369E+013989 3102
 9.7289E+03 1.6692E+01 9.7291E+03 1.3027E+01 9.7293E+03 1.0271E+013989 3102
 9.7295E+03 8.2168E+00 9.7297E+03 6.6824E+00 9.7299E+03 5.5111E+003989 3102
 9.7301E+03 4.6085E+00 9.7304E+03 3.9021E+00 9.7306E+03 3.3414E+003989 3102
 9.7308E+03 2.8901E+00 9.7310E+03 2.5222E+00 9.7312E+03 2.2191E+003989 3102
 9.7314E+03 1.9674E+00 9.7318E+03 1.5744E+00 9.7323E+03 1.2869E+003989 3102
 9.7327E+03 1.0712E+00 9.7331E+03 9.0540E-01 9.7336E+03 7.7492E-013989 3102
 9.7340E+03 6.7064E-01 9.7344E+03 5.8602E-01 9.7348E+03 5.1660E-013989 3102
 9.7353E+03 4.5871E-01 9.7357E+03 4.1004E-01 9.7366E+03 3.3349E-013989 3102
 9.7374E+03 2.7652E-01 9.7383E+03 2.3314E-01 9.7391E+03 1.9925E-013989 3102
 9.7400E+03 1.7235E-01 9.7408E+03 1.5058E-01 9.7417E+03 1.3278E-013989 3102
 9.7425E+03 1.1798E-01 9.7434E+03 1.0558E-01 9.7451E+03 8.6105E-023989 3102
 9.7462E+03 7.6610E-02 9.7472E+03 6.8656E-02 9.7494E+03 5.6164E-023989 3102
 9.7515E+03 4.6916E-02 9.7537E+03 3.9875E-02 9.7558E+03 3.4394E-023989 3102
 9.7579E+03 3.0042E-02 9.7601E+03 2.6529E-02 9.7622E+03 2.3656E-023989 3102
 9.7665E+03 1.9269E-02 9.7708E+03 1.6131E-02 9.7750E+03 1.3804E-023989 3102
 9.7793E+03 1.2036E-02 9.7836E+03 1.0655E-02 9.7879E+03 9.5583E-033989 3102
 9.7964E+03 7.9452E-03 9.8050E+03 6.8347E-03 9.8135E+03 6.0364E-033989 3102
 9.8220E+03 5.4429E-03 9.8392E+03 4.6332E-03 9.8477E+03 4.3491E-033989 3102
 9.8648E+03 3.9279E-03 9.8821E+03 3.6322E-03 9.9218E+03 3.2173E-033989 3102
 9.9674E+03 2.9623E-03 1.0036E+04 2.7639E-03 1.0173E+04 2.6120E-033989 3102
 1.0355E+04 2.5996E-03 1.0492E+04 2.7097E-03 1.0561E+04 2.8713E-033989 3102
 1.0606E+04 3.1360E-03 1.0629E+04 3.4207E-03 1.0647E+04 3.8510E-033989 3102
 1.0656E+04 4.2111E-03 1.0665E+04 4.7613E-03 1.0670E+04 5.1535E-033989 3102
 1.0675E+04 5.6677E-03 1.0679E+04 6.3610E-03 1.0684E+04 7.3286E-033989 3102
 1.0688E+04 8.7374E-03 1.0690E+04 9.6971E-03 1.0693E+04 1.0904E-023989 3102
 1.0695E+04 1.2456E-02 1.0697E+04 1.4496E-02 1.0700E+04 1.7251E-023989 3102
 1.0702E+04 2.1099E-02 1.0703E+04 2.3626E-02 1.0704E+04 2.6711E-023989 3102
 1.0705E+04 3.0536E-02 1.0706E+04 3.5351E-02 1.0707E+04 4.1547E-023989 3102
 1.0709E+04 4.9679E-02 1.0710E+04 6.0665E-02 1.0711E+04 7.5994E-023989 3102
 1.0712E+04 9.3117E-02 1.0713E+04 1.1706E-01 1.0713E+04 1.3275E-013989 3102
 1.0714E+04 1.5187E-01 1.0714E+04 1.7556E-01 1.0715E+04 2.0530E-013989 3102
 1.0715E+04 2.4346E-01 1.0715E+04 2.9351E-01 1.0716E+04 3.6090E-013989 3102
 1.0716E+04 4.0365E-01 1.0716E+04 4.5456E-01 1.0717E+04 5.1571E-013989 3102
 1.0717E+04 5.9010E-01 1.0717E+04 6.8177E-01 1.0717E+04 7.9648E-013989 3102
 1.0718E+04 9.4323E-01 1.0718E+04 1.1332E+00 1.0718E+04 1.3859E+003989 3102
 1.0718E+04 1.7303E+00 1.0718E+04 1.9537E+00 1.0718E+04 2.2193E+003989 3102
 1.0719E+04 2.5444E+00 1.0719E+04 2.9398E+00 1.0719E+04 3.4352E+003989 3102
 1.0719E+04 4.0538E+00 1.0719E+04 4.8512E+00 1.0719E+04 5.8769E+003989 3102
 1.0719E+04 7.2393E+00 1.0719E+04 9.0404E+00 1.0719E+04 1.1478E+013989 3102
 1.0720E+04 1.4692E+01 1.0720E+04 1.8823E+01 1.0720E+04 2.3507E+013989 3102
 1.0720E+04 2.7668E+01 1.0720E+04 2.8933E+01 1.0720E+04 2.9384E+013989 3102
 1.0720E+04 2.8919E+01 1.0720E+04 2.7638E+01 1.0720E+04 2.3504E+013989 3102
 1.0720E+04 1.8782E+01 1.0720E+04 1.4691E+01 1.0721E+04 1.1453E+013989 3102
 1.0721E+04 9.0403E+00 1.0721E+04 7.2262E+00 1.0721E+04 5.8769E+003989 3102
 1.0721E+04 4.8438E+00 1.0721E+04 4.0539E+00 1.0721E+04 3.4307E+003989 3102
 1.0721E+04 2.9399E+00 1.0721E+04 2.5416E+00 1.0722E+04 2.2195E+003989 3102
 1.0722E+04 1.9517E+00 1.0722E+04 1.7305E+00 1.0722E+04 1.3850E+003989 3102
 1.0722E+04 1.1325E+00 1.0723E+04 9.4272E-01 1.0723E+04 7.9610E-013989 3102
 1.0723E+04 6.8151E-01 1.0723E+04 5.8992E-01 1.0723E+04 5.1560E-013989 3102
 1.0724E+04 4.5470E-01 1.0724E+04 4.0382E-01 1.0724E+04 3.6104E-013989 3102
 1.0725E+04 2.9366E-01 1.0725E+04 2.4360E-01 1.0725E+04 2.0540E-013989 3102
 1.0726E+04 1.7560E-01 1.0726E+04 1.5193E-01 1.0727E+04 1.3280E-013989 3102
 1.0727E+04 1.1712E-01 1.0728E+04 9.3185E-02 1.0729E+04 7.6077E-023989 3102
 1.0730E+04 6.0735E-02 1.0731E+04 4.9751E-02 1.0733E+04 4.1619E-023989 3102
 1.0734E+04 3.5425E-02 1.0735E+04 3.0611E-02 1.0736E+04 2.6786E-023989 3102
 1.0737E+04 2.3703E-02 1.0738E+04 2.1180E-02 1.0740E+04 1.7332E-023989 3102
 1.0743E+04 1.4583E-02 1.0745E+04 1.2547E-02 1.0747E+04 1.1000E-023989 3102
 1.0750E+04 9.7973E-03 1.0752E+04 8.8434E-03 1.0756E+04 7.4454E-033989 3102
 1.0761E+04 6.4893E-03 1.0766E+04 5.8076E-03 1.0770E+04 5.3052E-033989 3102
 1.0779E+04 4.6311E-03 1.0793E+04 4.0651E-03 1.0811E+04 3.6874E-033989 3102
 1.0829E+04 3.5027E-03 1.0865E+04 3.3664E-03 1.0919E+04 3.3902E-033989 3102
 1.0955E+04 3.4789E-03 1.1017E+04 3.7271E-03 1.1078E+04 4.1098E-033989 3102
 1.1140E+04 4.6842E-03 1.1201E+04 5.5713E-03 1.1232E+04 6.2023E-033989 3102
 1.1263E+04 7.0241E-03 1.1293E+04 8.1201E-03 1.1324E+04 9.6251E-033989 3102
 1.1355E+04 1.1767E-02 1.1370E+04 1.3193E-02 1.1386E+04 1.4953E-023989 3102
 1.1401E+04 1.7163E-02 1.1416E+04 1.9979E-02 1.1432E+04 2.3647E-023989 3102
 1.1447E+04 2.8535E-02 1.1462E+04 3.5224E-02 1.1470E+04 3.9530E-023989 3102
 1.1478E+04 4.4695E-02 1.1485E+04 5.0960E-02 1.1493E+04 5.8644E-023989 3102
 1.1501E+04 6.8197E-02 1.1509E+04 8.0259E-02 1.1515E+04 9.2340E-023989 3102
 1.1521E+04 1.0736E-01 1.1527E+04 1.2641E-01 1.1533E+04 1.5138E-013989 3102
 1.1539E+04 1.8579E-01 1.1542E+04 2.0869E-01 1.1545E+04 2.3757E-013989 3102
 1.1548E+04 2.7566E-01 1.1552E+04 3.2892E-01 1.1553E+04 3.6464E-013989 3102
 1.1555E+04 4.0953E-01 1.1556E+04 4.6751E-01 1.1558E+04 5.4500E-013989 3102
 1.1559E+04 6.5255E-01 1.1560E+04 7.2279E-01 1.1561E+04 8.0840E-013989 3102
 1.1562E+04 9.1425E-01 1.1562E+04 1.0468E+00 1.1563E+04 1.2153E+003989 3102
 1.1564E+04 1.4336E+00 1.1565E+04 1.7206E+00 1.1565E+04 2.1020E+003989 3102
 1.1566E+04 2.6130E+00 1.1567E+04 3.2927E+00 1.1568E+04 4.1601E+003989 3102
 1.1568E+04 5.1506E+00 1.1569E+04 6.0260E+00 1.1570E+04 6.2951E+003989 3102
 1.1570E+04 6.3906E+00 1.1571E+04 6.1456E+00 1.1571E+04 5.5143E+003989 3102
 1.1573E+04 3.9333E+00 1.1573E+04 3.2547E+00 1.1574E+04 2.7011E+003989 3102
 1.1574E+04 2.2611E+00 1.1575E+04 1.9159E+00 1.1576E+04 1.6430E+003989 3102
 1.1576E+04 1.4268E+00 1.1577E+04 1.2538E+00 1.1578E+04 1.1138E+003989 3102
 1.1579E+04 9.0518E-01 1.1580E+04 7.6048E-01 1.1581E+04 6.4727E-013989 3102
 1.1583E+04 5.6552E-01 1.1584E+04 5.0450E-01 1.1586E+04 4.5757E-013989 3102
 1.1588E+04 3.9015E-01 1.1591E+04 3.4381E-01 1.1594E+04 3.0926E-013989 3102
 1.1597E+04 2.8181E-01 1.1602E+04 2.3899E-01 1.1608E+04 2.0548E-013989 3102
 1.1613E+04 1.7779E-01 1.1619E+04 1.5449E-01 1.1624E+04 1.3474E-013989 3102
 1.1630E+04 1.1800E-01 1.1635E+04 1.0380E-01 1.1646E+04 8.1470E-023989 3102
 1.1657E+04 6.5195E-02 1.1668E+04 5.3152E-02 1.1679E+04 4.4080E-023989 3102
 1.1690E+04 3.7128E-02 1.1701E+04 3.1707E-02 1.1713E+04 2.7415E-023989 3102
 1.1724E+04 2.3965E-02 1.1735E+04 2.1159E-02 1.1746E+04 1.8846E-023989 3102
 1.1757E+04 1.6923E-02 1.1779E+04 1.3934E-02 1.1804E+04 1.1547E-023989 3102
 1.1823E+04 1.0114E-02 1.1845E+04 8.8541E-03 1.1867E+04 7.8654E-033989 3102
 1.1889E+04 7.0761E-03 1.1933E+04 5.9108E-03 1.1978E+04 5.1084E-033989 3102
 1.2022E+04 4.5343E-03 1.2066E+04 4.1112E-03 1.2154E+04 3.5483E-033989 3102
 1.2243E+04 3.2137E-03 1.2375E+04 2.9588E-03 1.2508E+04 2.9261E-033989 3102
 1.2598E+04 3.0641E-03 1.2643E+04 3.2164E-03 1.2688E+04 3.4658E-033989 3102
 1.2733E+04 3.8812E-03 1.2756E+04 4.1924E-03 1.2778E+04 4.6132E-033989 3102
 1.2801E+04 5.1981E-03 1.2823E+04 6.0406E-03 1.2844E+04 7.2024E-033989 3102
 1.2854E+04 7.9961E-03 1.2865E+04 8.9977E-03 1.2875E+04 1.0286E-023989 3102
 1.2886E+04 1.1981E-02 1.2896E+04 1.4272E-02 1.2907E+04 1.7473E-023989 3102
 1.2915E+04 2.1052E-02 1.2923E+04 2.6048E-02 1.2927E+04 2.9323E-023989 3102
 1.2932E+04 3.3322E-02 1.2936E+04 3.8273E-02 1.2940E+04 4.4500E-023989 3102
 1.2944E+04 5.2485E-02 1.2948E+04 6.2954E-02 1.2952E+04 7.7047E-023989 3102
 1.2957E+04 9.6639E-02 1.2959E+04 1.0944E-01 1.2961E+04 1.2500E-013989 3102
 1.2963E+04 1.4420E-01 1.2965E+04 1.6820E-01 1.2967E+04 1.9878E-013989 3102
 1.2969E+04 2.3849E-01 1.2971E+04 2.9137E-01 1.2973E+04 3.6368E-013989 3102
 1.2974E+04 4.1022E-01 1.2975E+04 4.6610E-01 1.2976E+04 5.3386E-013989 3102
 1.2977E+04 6.1702E-01 1.2979E+04 7.2034E-01 1.2980E+04 8.5049E-013989 3102
 1.2981E+04 1.0169E+00 1.2982E+04 1.2325E+00 1.2983E+04 1.5172E+003989 3102
 1.2984E+04 1.8966E+00 1.2985E+04 2.4059E+00 1.2986E+04 3.0829E+003989 3102
 1.2987E+04 3.9477E+00 1.2988E+04 4.9369E+00 1.2989E+04 5.8102E+003989 3102
 1.2989E+04 6.0782E+00 1.2990E+04 6.1727E+00 1.2991E+04 6.0766E+003989 3102
 1.2991E+04 5.8075E+00 1.2992E+04 4.9331E+00 1.2993E+04 3.9444E+003989 3102
 1.2994E+04 3.0811E+00 1.2995E+04 2.4041E+00 1.2996E+04 1.8954E+003989 3102
 1.2997E+04 1.5162E+00 1.2998E+04 1.2324E+00 1.2999E+04 1.0167E+003989 3102
 1.3000E+04 8.5048E-01 1.3001E+04 7.2042E-01 1.3003E+04 6.1716E-013989 3102
 1.3004E+04 5.3404E-01 1.3005E+04 4.6629E-01 1.3006E+04 4.1046E-013989 3102
 1.3007E+04 3.6398E-01 1.3009E+04 2.9161E-01 1.3011E+04 2.3874E-013989 3102
 1.3013E+04 1.9898E-01 1.3015E+04 1.6842E-01 1.3017E+04 1.4442E-013989 3102
 1.3019E+04 1.2522E-01 1.3021E+04 1.0964E-01 1.3023E+04 9.6836E-023989 3102
 1.3028E+04 7.7222E-02 1.3032E+04 6.3109E-02 1.3036E+04 5.2624E-023989 3102
 1.3040E+04 4.4627E-02 1.3044E+04 3.8386E-02 1.3048E+04 3.3424E-023989 3102
 1.3053E+04 2.9416E-02 1.3057E+04 2.6133E-02 1.3065E+04 2.1119E-023989 3102
 1.3074E+04 1.7528E-02 1.3084E+04 1.4310E-02 1.3094E+04 1.2007E-023989 3102
 1.3105E+04 1.0301E-02 1.3115E+04 9.0022E-03 1.3126E+04 7.9912E-033989 3102
 1.3136E+04 7.1884E-03 1.3157E+04 6.0103E-03 1.3178E+04 5.2027E-033989 3102
 1.3199E+04 4.6256E-03 1.3220E+04 4.1993E-03 1.3261E+04 3.6266E-033989 3102
 1.3303E+04 3.2735E-03 1.3366E+04 2.9653E-03 1.3449E+04 2.7830E-033989 3102
 1.3536E+04 2.7971E-03 1.3582E+04 2.9195E-03 1.3623E+04 3.1786E-033989 3102
 1.3655E+04 3.5744E-03 1.3675E+04 4.0454E-03 1.3686E+04 4.3958E-033989 3102
 1.3696E+04 4.8704E-03 1.3707E+04 5.5345E-03 1.3717E+04 6.5039E-033989 3102
 1.3722E+04 7.1646E-03 1.3728E+04 7.9973E-03 1.3733E+04 9.0672E-033989 3102
 1.3738E+04 1.0473E-02 1.3743E+04 1.2372E-02 1.3748E+04 1.5026E-023989 3102
 1.3751E+04 1.6769E-02 1.3754E+04 1.8896E-02 1.3756E+04 2.1535E-023989 3102
 1.3759E+04 2.4857E-02 1.3761E+04 2.9123E-02 1.3764E+04 3.4727E-023989 3102
 1.3767E+04 4.2299E-02 1.3769E+04 5.2870E-02 1.3771E+04 6.4677E-023989 3102
 1.3772E+04 7.2198E-02 1.3773E+04 8.1155E-02 1.3774E+04 9.1960E-023989 3102
 1.3775E+04 1.0514E-01 1.3776E+04 1.2146E-01 1.3778E+04 1.4196E-013989 3102
 1.3779E+04 1.6829E-01 1.3780E+04 2.0280E-01 1.3781E+04 2.4925E-013989 3102
 1.3781E+04 2.7870E-01 1.3782E+04 3.1375E-01 1.3782E+04 3.5596E-013989 3102
 1.3783E+04 4.0718E-01 1.3783E+04 4.7031E-01 1.3784E+04 5.4929E-013989 3102
 1.3784E+04 6.5005E-01 1.3785E+04 7.8075E-01 1.3785E+04 9.5459E-013989 3102
 1.3786E+04 1.1925E+00 1.3786E+04 1.3457E+00 1.3786E+04 1.5297E+003989 3102
 1.3787E+04 1.7530E+00 1.3787E+04 2.0258E+00 1.3787E+04 2.3660E+003989 3102
 1.3787E+04 2.7943E+00 1.3788E+04 3.3422E+00 1.3788E+04 4.0500E+003989 3102
 1.3788E+04 4.9855E+00 1.3788E+04 6.2333E+00 1.3789E+04 7.9076E+003989 3102
 1.3789E+04 1.0125E+01 1.3789E+04 1.2963E+01 1.3789E+04 1.6192E+013989 3102
 1.3790E+04 1.9050E+01 1.3790E+04 1.9924E+01 1.3790E+04 2.0234E+013989 3102
 1.3790E+04 1.9919E+01 1.3790E+04 1.9040E+01 1.3791E+04 1.6178E+013989 3102
 1.3791E+04 1.2937E+01 1.3791E+04 1.0114E+01 1.3791E+04 7.8920E+003989 3102
 1.3792E+04 6.2267E+00 1.3792E+04 4.9805E+00 1.3792E+04 4.0492E+003989 3102
 1.3792E+04 3.3392E+00 1.3793E+04 2.7920E+00 1.3793E+04 2.3640E+003989 3102
 1.3793E+04 2.0252E+00 1.3793E+04 1.7515E+00 1.3794E+04 1.5285E+003989 3102
 1.3794E+04 1.3446E+00 1.3794E+04 1.1921E+00 1.3795E+04 9.5386E-013989 3102
 1.3795E+04 7.8017E-01 1.3796E+04 6.4957E-01 1.3796E+04 5.4904E-013989 3102
 1.3797E+04 4.6995E-01 1.3797E+04 4.0686E-01 1.3798E+04 3.5568E-013989 3102
 1.3798E+04 3.1357E-01 1.3799E+04 2.7848E-01 1.3799E+04 2.4903E-013989 3102
 1.3800E+04 2.0262E-01 1.3801E+04 1.6813E-01 1.3803E+04 1.4186E-013989 3102
 1.3804E+04 1.2135E-01 1.3805E+04 1.0503E-01 1.3806E+04 9.1857E-023989 3102
 1.3807E+04 8.1072E-02 1.3808E+04 7.2116E-02 1.3809E+04 6.4611E-023989 3102
 1.3811E+04 5.2820E-02 1.3813E+04 4.2259E-02 1.3816E+04 3.4699E-023989 3102
 1.3819E+04 2.9101E-02 1.3821E+04 2.4845E-02 1.3824E+04 2.1530E-023989 3102
 1.3826E+04 1.8900E-02 1.3829E+04 1.6780E-02 1.3832E+04 1.5044E-023989 3102
 1.3837E+04 1.2402E-02 1.3842E+04 1.0514E-02 1.3847E+04 9.1183E-033989 3102
 1.3853E+04 8.0590E-03 1.3858E+04 7.2364E-03 1.3868E+04 6.0632E-033989 3102
 1.3873E+04 5.6371E-03 1.3884E+04 4.9941E-03 1.3894E+04 4.5420E-033989 3102
 1.3905E+04 4.2160E-03 1.3925E+04 3.8055E-03 1.3949E+04 3.5568E-033989 3102
 1.3973E+04 3.4571E-03 1.3996E+04 3.4659E-03 1.4020E+04 3.5772E-033989 3102
 1.4044E+04 3.8127E-03 1.4068E+04 4.2321E-03 1.4079E+04 4.5488E-033989 3102
 1.4091E+04 4.9746E-03 1.4103E+04 5.5581E-03 1.4115E+04 6.3815E-033989 3102
 1.4127E+04 7.5898E-03 1.4133E+04 8.4155E-03 1.4139E+04 9.4574E-033989 3102
 1.4145E+04 1.0798E-02 1.4151E+04 1.2559E-02 1.4157E+04 1.4941E-023989 3102
 1.4163E+04 1.8271E-02 1.4167E+04 2.1987E-02 1.4172E+04 2.7177E-023989 3102
 1.4174E+04 3.0579E-02 1.4177E+04 3.4731E-02 1.4179E+04 3.9875E-023989 3102
 1.4182E+04 4.6342E-02 1.4184E+04 5.4632E-02 1.4186E+04 6.5499E-023989 3102
 1.4189E+04 8.0134E-02 1.4191E+04 1.0048E-01 1.4192E+04 1.1376E-013989 3102
 1.4193E+04 1.2992E-01 1.4195E+04 1.4982E-01 1.4196E+04 1.7474E-013989 3102
 1.4197E+04 2.0649E-01 1.4198E+04 2.4771E-01 1.4199E+04 3.0255E-013989 3102
 1.4201E+04 3.7762E-01 1.4201E+04 4.2595E-01 1.4202E+04 4.8384E-013989 3102
 1.4202E+04 5.5421E-01 1.4203E+04 6.4036E-01 1.4203E+04 7.4760E-013989 3102
 1.4204E+04 8.8243E-01 1.4205E+04 1.0551E+00 1.4205E+04 1.2786E+003989 3102
 1.4206E+04 1.5736E+00 1.4206E+04 1.9670E+00 1.4207E+04 2.4941E+003989 3102
 1.4208E+04 3.1961E+00 1.4208E+04 4.0904E+00 1.4209E+04 5.1146E+003989 3102
 1.4209E+04 6.0173E+00 1.4210E+04 6.2958E+00 1.4210E+04 6.3938E+003989 3102
 1.4210E+04 6.2953E+00 1.4211E+04 6.0163E+00 1.4211E+04 5.1132E+003989 3102
 1.4212E+04 4.0890E+00 1.4212E+04 3.1951E+00 1.4213E+04 2.4935E+003989 3102
 1.4214E+04 1.9666E+00 1.4214E+04 1.5735E+00 1.4215E+04 1.2790E+003989 3102
 1.4215E+04 1.0551E+00 1.4216E+04 8.8252E-01 1.4217E+04 7.4772E-013989 3102
 1.4217E+04 6.4050E-01 1.4218E+04 5.5435E-01 1.4218E+04 4.8401E-013989 3102
 1.4219E+04 4.2610E-01 1.4220E+04 3.7777E-01 1.4221E+04 3.0272E-013989 3102
 1.4222E+04 2.4788E-01 1.4223E+04 2.0664E-01 1.4224E+04 1.7490E-013989 3102
 1.4225E+04 1.4996E-01 1.4227E+04 1.2183E-01 1.4229E+04 1.0060E-013989 3102
 1.4231E+04 8.0251E-02 1.4234E+04 6.5607E-02 1.4236E+04 5.4733E-023989 3102
 1.4239E+04 4.6438E-02 1.4241E+04 3.9966E-02 1.4243E+04 3.4823E-023989 3102
 1.4246E+04 3.0666E-02 1.4248E+04 2.7261E-02 1.4253E+04 2.2068E-023989 3102
 1.4258E+04 1.8348E-02 1.4263E+04 1.5017E-02 1.4269E+04 1.2635E-023989 3102
 1.4275E+04 1.0873E-02 1.4281E+04 9.5343E-03 1.4287E+04 8.4942E-033989 3102
 1.4293E+04 7.6705E-03 1.4305E+04 6.4681E-03 1.4317E+04 5.6524E-033989 3102
 1.4329E+04 5.0782E-03 1.4341E+04 4.6646E-03 1.4364E+04 4.1432E-033989 3102
 1.4388E+04 3.8848E-03 1.4413E+04 3.8299E-03 1.4427E+04 3.9041E-033989 3102
 1.4447E+04 4.2381E-03 1.4459E+04 4.6921E-03 1.4465E+04 5.0176E-033989 3102
 1.4470E+04 5.4655E-03 1.4476E+04 6.0996E-03 1.4481E+04 7.0327E-033989 3102
 1.4484E+04 7.6711E-03 1.4487E+04 8.4780E-03 1.4489E+04 9.5164E-033989 3102
 1.4492E+04 1.0883E-02 1.4495E+04 1.2733E-02 1.4498E+04 1.5317E-023989 3102
 1.4499E+04 1.7018E-02 1.4501E+04 1.9092E-02 1.4502E+04 2.1667E-023989 3102
 1.4503E+04 2.4909E-02 1.4505E+04 2.9077E-02 1.4506E+04 3.4552E-023989 3102
 1.4508E+04 4.1947E-02 1.4509E+04 5.2269E-02 1.4510E+04 6.3802E-023989 3102
 1.4511E+04 7.1140E-02 1.4511E+04 7.9909E-02 1.4512E+04 9.0475E-023989 3102
 1.4512E+04 1.0335E-01 1.4513E+04 1.1929E-01 1.4513E+04 1.3932E-013989 3102
 1.4514E+04 1.6507E-01 1.4514E+04 1.9875E-01 1.4515E+04 2.4410E-013989 3102
 1.4516E+04 3.0712E-01 1.4516E+04 3.4841E-01 1.4516E+04 3.9847E-013989 3102
 1.4516E+04 4.6014E-01 1.4517E+04 5.3730E-01 1.4517E+04 6.3632E-013989 3102
 1.4517E+04 7.6415E-01 1.4518E+04 9.3425E-01 1.4518E+04 1.1670E+003989 3102
 1.4518E+04 1.3167E+00 1.4518E+04 1.4962E+00 1.4518E+04 1.7141E+003989 3102
 1.4518E+04 1.9813E+00 1.4518E+04 2.3132E+00 1.4519E+04 2.7314E+003989 3102
 1.4519E+04 3.2652E+00 1.4519E+04 3.9580E+00 1.4519E+04 4.8772E+003989 3102
 1.4519E+04 6.0955E+00 1.4519E+04 7.7294E+00 1.4519E+04 9.9011E+003989 3102
 1.4520E+04 1.2671E+01 1.4520E+04 1.5836E+01 1.4520E+04 1.8625E+013989 3102
 1.4520E+04 1.9484E+01 1.4520E+04 1.9788E+01 1.4520E+04 1.9475E+013989 3102
 1.4520E+04 1.8609E+01 1.4520E+04 1.5813E+01 1.4520E+04 1.2649E+013989 3102
 1.4521E+04 9.8833E+00 1.4521E+04 7.7158E+00 1.4521E+04 6.0855E+003989 3102
 1.4521E+04 4.8698E+00 1.4521E+04 3.9580E+00 1.4521E+04 3.2652E+003989 3102
 1.4521E+04 2.7314E+00 1.4522E+04 2.3135E+00 1.4522E+04 1.9815E+003989 3102
 1.4522E+04 1.7142E+00 1.4522E+04 1.4964E+00 1.4522E+04 1.3169E+003989 3102
 1.4522E+04 1.1671E+00 1.4523E+04 9.3367E-01 1.4523E+04 7.6376E-013989 3102
 1.4523E+04 6.3603E-01 1.4523E+04 5.3740E-01 1.4524E+04 4.6000E-013989 3102
 1.4524E+04 3.9834E-01 1.4524E+04 3.4833E-01 1.4524E+04 3.0719E-013989 3102
 1.4525E+04 2.7286E-01 1.4525E+04 2.4407E-01 1.4526E+04 1.9875E-013989 3102
 1.4526E+04 1.6507E-01 1.4527E+04 1.3938E-01 1.4527E+04 1.1930E-013989 3102
 1.4528E+04 1.0337E-01 1.4528E+04 9.0493E-02 1.4529E+04 7.9941E-023989 3102
 1.4530E+04 6.3820E-02 1.4531E+04 5.2294E-02 1.4532E+04 4.1960E-023989 3102
 1.4534E+04 3.4562E-02 1.4535E+04 2.9083E-02 1.4537E+04 2.4913E-023989 3102
 1.4538E+04 2.1667E-02 1.4539E+04 1.9091E-02 1.4541E+04 1.7016E-023989 3102
 1.4542E+04 1.5312E-02 1.4544E+04 1.3194E-02 1.4547E+04 1.1577E-023989 3102
 1.4549E+04 1.0314E-02 1.4551E+04 9.3112E-03 1.4555E+04 7.8355E-033989 3102
 1.4560E+04 6.8222E-03 1.4564E+04 6.0964E-03 1.4569E+04 5.5600E-033989 3102
 1.4577E+04 4.8365E-03 1.4586E+04 4.3870E-03 1.4595E+04 4.0918E-033989 3102
 1.4612E+04 3.7499E-03 1.4630E+04 3.5770E-03 1.4667E+04 3.4726E-033989 3102
 1.4721E+04 3.5883E-03 1.4757E+04 3.7809E-03 1.4793E+04 4.0668E-033989 3102
 1.4829E+04 4.4690E-03 1.4865E+04 5.0318E-03 1.4901E+04 5.8344E-033989 3102
 1.4930E+04 6.7400E-03 1.4959E+04 8.0116E-03 1.4973E+04 8.8481E-033989 3102
 1.4988E+04 9.8701E-03 1.5002E+04 1.1136E-02 1.5017E+04 1.2731E-023989 3102
 1.5031E+04 1.4777E-02 1.5046E+04 1.7459E-02 1.5060E+04 2.1074E-023989 3102
 1.5074E+04 2.6095E-02 1.5082E+04 2.9377E-02 1.5089E+04 3.3367E-023989 3102
 1.5096E+04 3.8282E-02 1.5103E+04 4.4433E-02 1.5111E+04 5.2267E-023989 3102
 1.5118E+04 6.2443E-02 1.5125E+04 7.5983E-02 1.5132E+04 9.4511E-023989 3102
 1.5136E+04 1.0644E-01 1.5139E+04 1.2073E-01 1.5143E+04 1.3807E-013989 3102
 1.5147E+04 1.5936E-01 1.5150E+04 1.8579E-01 1.5154E+04 2.1908E-013989 3102
 1.5158E+04 2.6162E-01 1.5161E+04 3.1678E-01 1.5165E+04 3.8945E-013989 3102
 1.5168E+04 4.8634E-01 1.5172E+04 6.1627E-01 1.5176E+04 7.8902E-013989 3102
 1.5179E+04 1.0093E+00 1.5183E+04 1.2609E+00 1.5186E+04 1.4827E+003989 3102
 1.5188E+04 1.5508E+00 1.5190E+04 1.5749E+00 1.5192E+04 1.5503E+003989 3102
 1.5194E+04 1.4818E+00 1.5197E+04 1.2594E+00 1.5201E+04 1.0077E+003989 3102
 1.5204E+04 7.8752E-01 1.5208E+04 6.1498E-01 1.5212E+04 4.8522E-013989 3102
 1.5215E+04 3.8849E-01 1.5219E+04 3.1595E-01 1.5222E+04 2.6087E-013989 3102
 1.5226E+04 2.1840E-01 1.5230E+04 1.8518E-01 1.5233E+04 1.5881E-013989 3102
 1.5237E+04 1.3754E-01 1.5241E+04 1.2025E-01 1.5244E+04 1.0598E-013989 3102
 1.5248E+04 9.4090E-02 1.5255E+04 7.5606E-02 1.5262E+04 6.2097E-023989 3102
 1.5269E+04 5.1948E-02 1.5277E+04 4.4136E-02 1.5284E+04 3.8002E-023989 3102
 1.5291E+04 3.3100E-02 1.5298E+04 2.9120E-02 1.5306E+04 2.5852E-023989 3102
 1.5320E+04 2.0842E-02 1.5334E+04 1.7240E-02 1.5349E+04 1.4564E-023989 3102
 1.5363E+04 1.2520E-02 1.5378E+04 1.0927E-02 1.5392E+04 9.6613E-033989 3102
 1.5407E+04 8.6379E-03 1.5436E+04 7.1034E-03 1.5450E+04 6.5195E-033989 3102
 1.5479E+04 5.6020E-03 1.5519E+04 4.7059E-03 1.5551E+04 4.1897E-033989 3102
 1.5587E+04 3.7524E-03 1.5623E+04 3.4187E-03 1.5695E+04 2.9512E-033989 3102
 1.5768E+04 2.6453E-03 1.5840E+04 2.4338E-03 1.5984E+04 2.1665E-033989 3102
 1.6201E+04 1.9519E-03 1.6490E+04 1.8050E-03 1.6929E+04 5.2565E-023989 3102
 2.1179E+04 4.4052E-02 2.6290E+04 3.7337E-02 3.1992E+04 3.2132E-023989 3102
 3.9952E+04 2.7109E-02 5.0000E+04 2.2832E-02 6.4705E+04 1.9745E-023989 3102
 8.3947E+04 1.7050E-02 1.0000E+05 1.5448E-02 1.4838E+05 1.3947E-023989 3102
 2.0000E+05 1.2901E-02 3.7000E+05 1.2100E-02 7.0000E+05 1.1612E-023989 3102
 8.8558E+05 1.0111E-02 1.0000E+06 9.4097E-03 1.6000E+06 8.9051E-033989 3102
 1.8169E+06 7.4314E-03 2.0000E+06 6.4802E-03 2.4022E+06 5.6144E-033989 3102
 3.0000E+06 4.7096E-03 3.3257E+06 3.8878E-03 3.6863E+06 3.2084E-033989 3102
 4.0765E+06 2.6573E-03 4.5124E+06 2.1953E-03 5.0000E+06 1.8086E-033989 3102
 5.7470E+06 1.5177E-03 6.6223E+06 1.2669E-03 7.0000E+06 1.1796E-033989 3102
 1.0000E+07 1.1180E-03 1.5000E+07 1.4251E-03 2.0000E+07 1.7104E-033989 3102
                                                                  3989 3  0
