  43CA    42CA(N,G) E=THERMAL           69GR08                                   
  
         EL                IN             OUT          NET       (+NORM. UNC.)
 *****************************************************************************
             0.0         0.74 4         0.0            0.0            0.0       
        372.64 7         0.26 5       0.270 16         0.0            0.0       
        593.21 7         0.26 5       0.257 16         0.0            0.0       
       990.23 13       0.082 14       0.067 10      -0.015 18      -0.015 18    
      1394.11 23        0.008 9       0.050 13       0.042 16       0.042 16    
        1957.3 5        0.005 6        0.013 3        0.009 7        0.009 7    
       2046.42 9         0.58 7         0.52 7       -0.05 10       -0.05 10    
        2102.8 3        0.010 7       0.028 14       0.018 15       0.018 15    
        2610.9 3       0.033 14       0.034 11         0.0            0.0       
        2878.2 3        0.019 9        0.014 7      -0.005 12      -0.005 12    
      2943.48 24       0.028 12        0.022 7      -0.005 14      -0.005 14    
        3286.1 4       0.019 11        0.008 4      -0.011 11      -0.011 11    
      3314.92 16        0.005 6         0.16 3         0.15 3         0.15 3    
        3572.7 3        0.023 9        0.006 5      -0.017 10      -0.017 10    
      4207.21 22         0.09 3         0.05 3        -0.04 4        -0.04 4    
        4901.3 7        0.009 6         0.0          -0.009 6       -0.009 6    
        5037.8 3        0.016 8        0.005 6      -0.011 10      -0.011 10    
      7932.73 16         0.0            0.67 8         0.67 8         0.67 8    
 *****************************************************************************
                       TOTAL BETA INTENSITY =         0.74 11        0.74 12    
             TOTAL UNPLACED GAMMA INTENSITY =           2.3 4                   
              NORMALIZATION UNCERTAINTY (%) =   3.2258                          
