  45CA    44CA(N,G) E=THERMAL           68GR11                                   
  
         EL                IN             OUT          NET       (+NORM. UNC.)
 *****************************************************************************
             0.0       1.055 25         0.0            0.0            0.0       
        174.12 7         0.84 3       0.807 19        -0.03 3        -0.03 3    
       1434.76 7       0.287 22       0.286 14         0.0            0.0       
        1878.2 3         0.0          0.052 11       0.052 11       0.052 12    
       1884.4 20         0.0           0.011 3        0.011 3        0.011 3    
       1899.87 9         0.63 4       0.634 25         0.0            0.0       
      2249.06 10       0.162 15        0.181 9       0.019 18       0.019 18    
      2392.56 25        0.016 4      0.0116 24       -0.004 5       -0.004 5    
      2842.13 19        0.050 7        0.045 8      -0.005 10      -0.005 10    
        3241.8 4        0.025 6      0.0115 24       -0.014 6       -0.014 6    
      3418.58 19       0.106 11        0.090 9      -0.015 14      -0.015 14    
        3783.0 3      0.0105 24      0.0072 19       -0.003 3       -0.003 3    
        3837.1 7        0.014 3       0.043 14       0.029 15       0.029 15    
        4467.7 7       0.0032 8         0.0         -0.0032 8      -0.0032 8    
      4615.70 19        0.036 5        0.025 7       -0.011 8       -0.011 8    
        4999.3 3        0.027 4       0.077 15       0.050 16       0.050 16    
       5236.6 20       0.0021 6         0.0         -0.0021 6      -0.0021 6    
      7414.79 15         0.0            0.99 5         0.99 5         0.99 7    
 *****************************************************************************
                       TOTAL BETA INTENSITY =          1.06 7         1.06 9    
             TOTAL UNPLACED GAMMA INTENSITY =           220                     
              NORMALIZATION UNCERTAINTY (%) =   5.2192                          
