  47CA    46CA(N,G) E=THERMAL           70CR04                                   
  
         EL                IN             OUT          NET       (+NORM. UNC.)
 *****************************************************************************
             0.0          99 10         0.0            0.0            0.0       
      2013.62 20          100 8          99 10         0.0            0.0       
      2875.27 25        10.5 11        12.2 12         1.7 16         1.7 16    
        4057.9 3         9.6 10        10.1 10         0.5 14         0.5 14    
        4809.2 3        1.72 20        2.12 20          0.4 3          0.4 3    
        5503.4 3          4.4 5        0.81 10         -3.6 5         -3.6 5    
        7276.1 3         0.0             101 8          101 8          101 8    
 *****************************************************************************
                       TOTAL BETA INTENSITY =           99 13          99 13    
             TOTAL UNPLACED GAMMA INTENSITY =          0.0                      
              NORMALIZATION UNCERTAINTY (%) =    .0000                          
