  45CA    44CA(N,G) E=THERMAL                                                    
  
         EL                IN             OUT          NET       (+NORM. UNC.)
 *****************************************************************************
             0.0         1.05 3         0.0            0.0            0.0       
        174.20 7         1.07 4       0.805 19        -0.27 4        -0.27 4    
       1434.78 7       0.247 18       0.286 15       0.040 23       0.040 23    
      1878.25 25       0.541 19       0.052 11      -0.489 22      -0.489 22    
        1889.0 3         0.0          0.326 24       0.326 24       0.326 24    
       1899.97 7         0.61 4       0.639 25         0.03 5         0.03 5    
       2249.11 8       0.167 16       0.181 10       0.014 19       0.014 19    
        2389.1 3         0.0          0.541 19       0.541 19       0.541 19    
      2841.94 14        0.043 9         0.0          -0.043 9       -0.043 9    
      3241.35 24         0.0            0.0            0.0            0.0       
      3418.66 18       0.105 12        0.042 7      -0.063 14      -0.063 14    
      3783.28 22         0.0            0.0            0.0            0.0       
        3836.0 3         0.0           0.041 7        0.041 7        0.041 7    
       4467.7 10         0.0            0.0            0.0            0.0       
      4615.72 13        0.037 6         0.0          -0.037 6       -0.037 6    
        4999.3 3        0.032 7       0.062 14       0.030 16       0.030 16    
          5237 3         0.0            0.0            0.0            0.0       
      7414.84 12         0.0            0.93 5         0.93 5         0.93 5    
 *****************************************************************************
                       TOTAL BETA INTENSITY =          1.05 7         1.05 7    
             TOTAL UNPLACED GAMMA INTENSITY =          0.0                      
              NORMALIZATION UNCERTAINTY (%) =    .6263                          
