
               LEAST-SQUARES LINEAR REGRESSION OF LEVEL AND GAMMA ENERGIES
 
        LEVEL ENERGIES
    1.     0.0
    2.   472.217 11                     
    3.   563.197 14                     
    4.  1341.442 17                     
    5.  1344.564 19                     
    6.  1346.592 18                     
    7.  1845.971 20                     
    8.  1885.50 4                       
    9.  1960.90 4                       
   10.  1977.33 9                       
   11.  2513.41 5                       
   12.  2562.38 24                      
   13.  2904.02 11                      
   14.  2977.74 3                       
   15.  3371.61 3                       
   16.  3413.26 5                       
   17.  3589.24 5                       
   18.  3628.39 16                      
   19.  3655.93 6                       
   20.  3681.99 11                      
   21.  3745.27 5                       
   22.  3865.98 15                      
   23.  3936.2 6                        
   24.  3943.49 12                      
   25.  3977.38 5                       
   26.  4048.38 15                      
   27.  4143.1 3                        
   28.  4186.8 10                       
   29.  4196.09 14                      
   30.  4206.79 3                       
   31.  4441.62 3                       
   32.  4562.00 7                       
   33.  4621.62 10                      
   34.  4690.13 8                       
   35.  4751.14 4                       
   36.  4891.3 3                        
   37.  5030.02 23                      
   38.  5045.02 6                       
   39.  5059.36 24                      
   40.  5117.44 10                      
   41.  5192.31 9                       
   42.  5252.37 14                      
   43.  5339.10 8                       
   44.  5397.09 3                       
   45.  5479.08 6                       
   46.  5809.56 5                       
   47.  5863.08 19                      
   48.  5918.33 9                       
   49.  5953.37 5                       
   50.  5967.37 19                      
   51.  6072.87 4                       
   52.  6222.41 12                      
   53.  6247.64 6                       
   54.  6959.61 3                       
 
   GAMMA ENERGIES
       23NA(N,G) E=THERMA-  ENERGY     DE    L1  L2
 -----------------------------------------------------------------------------------------------------------------------------------
           90.979 16           90.980 12     3  2                                                                                   
          472.222 13          472.212 11     2  1                                                                                   
          499.374 18          499.374 15     7  6                                                                                   
    (1      501.34 4          501.401 22     7  5                                                                                   
            504.55 6          504.523 20     7  4                                                                                   
           552.33 21            552.50 6    11  9                                                                                   
          563.169 24          563.190 14     3  1                                                                                   
            711.95 5            711.96 5    54 53                                                                                   
             773.7 3            773.75 6    35 25                                                                                   
    (1      778.19 4          778.231 16     4  3                                                                                   
          781.369 25          781.353 18     5  3                                                                                   
    (2      793.73 9            793.51 5    30 16                                                                                   
    (4    835.271 23          835.159 20    30 15                                                                                   
          869.221 17          869.208 14     4  2                                                                                   
    (2    874.399 18          874.357 15     6  2                                                                                   
            886.73 4            886.73 4    54 51                                                                                   
    (3     1006.03 6           1005.84 4    35 21                                                                                   
    (2      1027.7 3           1028.34 5    31 16                                                                                   
           1041.25 9           1041.26 9    54 48                                                                                   
    (2    1091.96 11           1092.21 4    14  8                                                                                   
          1095.07 18           1095.18 7    35 19                                                                                   
    (1     1149.97 5           1150.02 5    54 46                                                                                   
    (2    1229.33 12           1229.02 3    30 14                                                                                   
    (1    1247.38 13           1247.52 7    46 32                                                                                   
           1282.77 6         1282.737 19     7  3                                                                                   
           1322.24 5           1322.26 4     8  3                                                                                   
    (1     1337.69 9           1337.84 5    35 16                                                                                   
           1344.52 3         1344.524 19     5  1                                                                                   
           1373.71 5         1373.711 17     7  2                                                                                   
          1480.42 13           1480.49 6    54 45                                                                                   
          1486.18 14           1486.06 4    15  8                                                                                   
    (1     1504.91 9           1505.07 9    10  2                                                                                   
    (1    1559.20 19          1559.40 11    13  5                                                                                   
          1562.41 12           1562.47 4    54 44                                                                                   
           1620.45 9           1620.46 8    54 43                                                                                   
           1633.07 7           1633.11 3    14  5                                                                                   
           1636.23 4           1636.24 3    14  4                                                                                   
           1712.33 7           1712.33 7    34 14                                                                                   
    (1    1773.07 21           1773.33 4    35 14                                                                                   
    (2    1831.63 19           1832.11 6    46 25                                                                                   
          1842.06 10           1842.10 *    54 40                                                                                   
           1885.44 9           1885.42 4     8  1                                                                                   
    (3     1899.44 6           1899.22 4    21  7                                                                                   
    (1     1914.39 7           1914.51 6    54 38                                                                                   
    (1     1928.23 8           1928.13 5    31 11                                                                                   
           1950.18 6           1950.13 5    11  3                                                                                   
           1960.81 4           1960.82 4     9  1                                                                                   
    (1    2019.63 20          2019.91 15    22  7                                                                                   
    (4     2025.15 5         2024.929 25    15  6                                                                                   
    (1     2030.15 5         2030.078 25    15  4                                                                                   
          2071.71 10           2071.72 5    16  4                                                                                   
    (1     2208.27 5           2208.37 4    54 35                                                                                   
    (1    2242.17 22           2242.54 5    17  6                                                                                   
            2286.8 3          2286.83 16    18  4                                                                                   
    (2     2360.86 7           2360.69 3    30  7                                                                                   
    (1    2397.34 10           2397.48 7    54 32                                                                                   
    (2    2403.13 25           2403.70 5    21  4                                                                                   
           2414.44 7           2414.41 3    14  3                                                                                   
           2505.33 6           2505.38 3    14  2                                                                                   
    (5     2517.59 5           2517.85 3    54 31                                                                                   
            2555.7 6           2555.98 5    31  8                                                                                   
          2562.23 24          2562.23 24    12  1                                                                                   
            2589.5 6            2589.5 6    23  6                                                                                   
    (4    2594.80 16           2595.50 4    31  7                                                                                   
          2630.61 13           2630.63 5    25  6                                                                                   
    (1    2715.66 12           2715.87 7    32  7                                                                                   
    (9     2754.13 6           2752.66 3    54 30                                                                                   
    (1    2763.16 17          2763.35 13    54 29                                                                                   
           2808.26 6         2808.239 25    15  3                                                                                   
          2849.98 17           2849.88 5    16  3                                                                                   
    (3     2860.20 6         2860.013 25    30  6                                                                                   
    (2     2865.34 7         2865.162 25    30  4                                                                                   
    (5     2904.48 9           2904.98 4    35  7                                                                                   
          2940.80 12           2940.85 5    16  2                                                                                   
    (1     2981.92 7           2982.04 5    54 25                                                                                   
    (2     3025.64 8           3025.84 5    17  3                                                                                   
    (1    3093.08 22          3093.42 15    54 22                                                                                   
    (3     3096.60 8           3096.84 4    31  5                                                                                   
           3099.92 8           3099.97 3    31  4                                                                                   
          3116.87 10           3116.81 5    17  2                                                                                   
          3181.70 24           3181.85 4    21  3                                                                                   
          3198.77 25           3198.82 6    38  7                                                                                   
    (1    3209.37 14          3209.54 11    20  2                                                                                   
          3214.05 12           3214.11 5    54 21                                                                                   
    (1    3277.17 16          3277.39 11    54 20                                                                                   
    (1      3303.0 3           3303.44 6    54 19                                                                                   
          3330.97 19          3330.98 16    54 18                                                                                   
            3343.7 4          3343.37 11    53 13                                                                                   
    (2     3369.91 8           3370.12 5    54 17                                                                                   
          3409.36 22           3409.44 4    35  4                                                                                   
    (1    3413.75 14           3413.92 5    25  3                                                                                   
    (2     3504.66 9           3504.89 5    25  2                                                                                   
          3546.04 12           3546.07 5    54 16                                                                                   
    (5     3587.31 7           3587.71 3    54 15                                                                                   
    (2    3643.56 10         3643.293 25    30  3                                                                                   
           3655.60 6           3655.63 6    19  1                                                                                   
    (1    3697.82 25           3698.12 6    38  6                                                                                   
    (2    3702.83 15           3703.27 6    38  4                                                                                   
    (1    3723.24 22          3723.56 14    29  2                                                                                   
            3770.9 6          3770.53 10    40  6                                                                                   
    (2     3877.90 9           3878.09 3    31  3                                                                                   
          3943.14 12          3943.14 12    24  1                                                                                   
    (2    3968.59 17           3969.05 3    31  2                                                                                   
    (4     3981.15 8           3981.52 3    54 14                                                                                   
          3997.26 18           3997.30 8    43  4                                                                                   
          4048.01 15          4048.01 15    26  1                                                                                   
          4055.10 13          4055.23 10    54 13                                                                                   
    (1    4089.02 22           4089.41 7    32  2                                                                                   
            4142.7 3            4142.7 3    27  1                                                                                   
           4186.4 10           4186.4 10    28  1                                                                                   
    (1    4187.13 12           4186.98 5    51  8                                                                                   
          4445.60 19           4445.76 5    54 11                                                                                   
          4466.38 23          4466.38 23    37  3                                                                                   
            4481.5 6           4481.37 6    38  3                                                                                   
            4495.7 3          4495.71 24    39  3                                                                                   
    (2      4552.6 5          4553.78 10    40  3                                                                                   
            4586.7 4          4586.68 24    39  2                                                                                   
          4621.14 10          4621.14 10    33  1                                                                                   
    (3      4730.0 3           4730.93 5    51  4                                                                                   
            4775.4 3           4775.39 8    43  3                                                                                   
            4890.8 3            4890.8 3    36  1                                                                                   
    (5      4980.0 3           4981.73 9    54 10                                                                                   
          5073.44 24           5073.54 4    54  8                                                                                   
    (1      5112.7 3           5113.06 3    54  7                                                                                   
           5191.71 9           5191.71 9    41  1                                                                                   
          5251.75 14          5251.75 14    42  1                                                                                   
           5396.44 3           5396.44 3    44  1                                                                                   
            5445.0 5           5445.45 9    48  2                                                                                   
           5478.39 6           5478.40 6    45  1                                                                                   
            5600.2 5           5599.95 4    51  2                                                                                   
    (9    5616.54 14           5614.35 3    54  5                                                                                   
    (2      5773.5 4           5774.68 6    53  2                                                                                   
          5862.31 19          5862.31 19    47  1                                                                                   
           5952.58 5           5952.58 5    49  1                                                                                   
          5966.57 19          5966.57 19    50  1                                                                                   
          6221.54 12          6221.54 12    52  1                                                                                   
    (3    6395.05 13         6395.502 25    54  3                                                                                   
    (1      6486.1 3         6486.456 24    54  2                                                                                   
     DATA SET  1. ENERGIES CORRECTED BY    .0000000+-  .0000000 KEV     CHISQ/F =  15.55         F= 84
     CHISQ/F =  15.55      (FIT OF  138GAMMAS -  53LEVELS)

