
               LEAST-SQUARES LINEAR REGRESSION OF LEVEL AND GAMMA ENERGIES
 
        LEVEL ENERGIES
    1.     0.0
    2.  2127.564 12                     
    3.  3304.212 12                     
    4.  3916.408 21                     
    5.  4074.667 13                     
    6.  4114.814 22                     
    7.  4624.405 16                     
    8.  4688.97 4                       
    9.  4876.842 23                     
   10.  4889.757 21                     
   11.  5228.175 22                     
   12.  5322.51 3                       
   13.  5380.99 3                       
   14.  5679.928 17                     
   15.  5755.88 2                       
   16.  5847.52 3                       
   17.  5998.10 8                       
   18.  6121.54 10                      
   19.  6168.86 3                       
   20.  6251.23 19                      
   21.  6251.68 9                       
   22.  6342.52 10                      
   23.  6421.34 8                       
   24.  6428.12 7                       
   25.  6478.770 22                     
   26.  6685.33 3                       
   27.  6828.83 18                      
   28.  6847.90 6                       
   29.  6954.22 3                       
   30.  7110.45 3                       
   31.  7164.47 16                      
   32.  7219.28 6                       
   33.  7248.05 11                      
   34.  7367.42 10                      
   35.  7467.74 9                       
   36.  7552.70 7                       
   37.  7629.91 2                       
   38.  7730.79 14                      
   39.  7781.22 6                       
   40.  7974.72 16                      
   41.  8036.31 14                      
   42.  8138.08 7                       
   43.  8174.9 4                        
   44.  8185.45 12                      
   45.  8205.40 7                       
   46.  8294.40 9                       
   47.  8385.41 6                       
   48.  8506.77 4                       
   49.  8615.74 4                       
   50.  8702.35 12                      
   51.  8727.64 7                       
   52.  8805.62 24                      
   53.  8874.01 6                       
   54.  9026.30 6                       
   55.  9158.72 3                       
   56.  9208.04 5                       
   57.  9546.09 7                       
   58.  9598.41 8                       
   59.  9665.74 3                       
   60.  9801.89 9                       
   61.  9836.70 6                       
   62.  9933.36 11                      
   63. 10092.21 15                      
   64. 10179.59 5                       
   65. 10212.15 4                       
   66. 10311.53 3                       
   67. 10650.13 19                      
   68. 10840.62 14                      
   69. 11024.34 10                      
   70. 11417.224 16                     
 
   GAMMA ENERGIES
       33S(N,G) E=THERMAL-  ENERGY     DE    L1  L2
 -----------------------------------------------------------------------------------------------------------------------------------
            95.45 18            95.45 18     0  0                                                                                   
           229.71 16           229.71 16     0  0                                                                                   
    (1     281.34 24           281.62 18    30 27                                                                                   
           306.63 16           306.59 10    24 18                                                                                   
    (1     334.21 15            334.02 7    56 53                                                                                   
           392.98 11           392.88 10    70 69                                                                                   
           516.86 12           516.89 11    50 44                                                                                   
             571.7 6            571.75 9    21 14                                                                                   
    (1     576.80 19           576.60 14    70 68                                                                                   
            612.16 5          612.190 19     4  3                                                                                   
    (1      631.13 6            631.24 3    25 16                                                                                   
           672.00 10            672.07 7    57 53                                                                                   
           698.18 13            698.10 3    12  7                                                                                   
           722.95 14          722.887 25    25 15                                                                                   
           725.25 22           725.32 12    62 56                                                                                   
           743.50 20           743.50 20     0  0                                                                                   
           748.43 14           748.40 12    68 63                                                                                   
            752.30 8            752.30 8     0  0                                                                                   
           767.20 21           767.09 19    70 67                                                                                   
          770.428 20          770.445 12     5  3                                                                                   
    (1       789.1 6          790.161 22    14 10                                                                                   
           798.92 10          798.832 21    25 14                                                                                   
    (1      803.10 3          803.076 20    14  9                                                                                   
            846.1 13            846.34 4    19 12                                                                                   
           925.79 14           925.84 14    41 30                                                                                   
          929.436 21          929.443 21    26 15                                                                                   
            941.59 6            941.58 4    30 19                                                                                   
            982.68 9            982.66 7    58 49                                                                                   
             989.1 3           988.90 10    30 18                                                                                   
             989.1 3            988.95 9    35 25                                                                                   
           1029.23 8           1029.23 8     0  0                                                                                   
          1035.82 17          1035.82 17     0  0                                                                                   
         1055.491 20         1055.506 14    14  7                                                                                   
         1105.673 21         1105.673 21    70 66                                                                                   
           1113.27 9           1113.34 3    11  6                                                                                   
           1121.33 9           1121.24 8    17  9                                                                                   
         1153.492 20         1153.487 19    11  5                                                                                   
    (2     1156.39 7           1156.23 3    25 12                                                                                   
          1164.83 25          1164.83 25     0  0                                                                                   
    (1   1176.650 20         1176.627 10     3  2                                                                                   
           1205.05 4           1205.05 4    70 65                                                                                   
          1210.04 13          1210.16 10    36 22                                                                                   
           1237.61 5           1237.61 5    70 64                                                                                   
    (1    1244.32 21           1244.08 6    53 37                                                                                   
    (1     1247.92 6           1247.82 3    12  5                                                                                   
           1266.11 5           1266.15 3    13  6                                                                                   
           1274.30 4           1274.26 3    29 14                                                                                   
          1277.81 18          1277.81 18     0  0                                                                                   
         1320.169 20         1320.165 12     7  3                                                                                   
            1325.2 3          1324.99 15    70 63                                                                                   
    (2    1353.46 16           1353.06 9    39 24                                                                                   
            1364.4 4          1364.55 16    63 51                                                                                   
          1374.34 20          1374.35 19    20  9                                                                                   
          1435.00 11          1435.00 11     0  0                                                                                   
          1443.05 10          1443.05 10     0  0                                                                                   
          1469.67 24          1469.60 11    35 17                                                                                   
          1479.73 15           1479.85 5    19  8                                                                                   
    (1    1484.06 19          1483.83 11    70 62                                                                                   
            1486.7 8            1486.7 8     0  0                                                                                   
           1525.39 6           1525.35 6    28 12                                                                                   
          1544.41 10           1544.42 3    19  7                                                                                   
          1544.41 10           1544.46 8    23  9                                                                                   
            1562.3 5          1562.21 19    20  8                                                                                   
            1564.8 5         1565.075 25    14  6                                                                                   
           1572.57 5         1572.590 21     9  3                                                                                   
           1580.50 6           1580.49 6    70 61                                                                                   
         1585.510 20         1585.505 18    10  3                                                                                   
    (1    1602.06 15           1601.89 3    25  9                                                                                   
          1615.24 10           1615.30 9    70 60                                                                                   
    (1    1617.00 12           1617.14 7    51 30                                                                                   
           1627.2 10           1627.23 9    21  7                                                                                   
         1631.641 25         1631.662 22    29 12                                                                                   
           1640.7 10           1641.02 3    15  6                                                                                   
          1732.39 11           1732.32 8    23  8                                                                                   
    (2     1739.32 9           1739.10 7    24  8                                                                                   
           1751.43 3           1751.43 3    70 59                                                                                   
           1772.82 4           1772.81 3    16  5                                                                                   
         1788.794 20         1788.794 18     4  2                                                                                   
            1795.3 3          1795.23 13    62 42                                                                                   
            1795.3 3          1795.51 11    42 22                                                                                   
    (S        0.0              1796.89 8    23  7                                                                                   
    (1    1818.96 14           1818.76 8    70 58                                                                                   
          1840.52 12           1840.56 9    56 34                                                                                   
           1854.28 4         1854.311 20    25  7                                                                                   
           1871.04 8           1871.08 6    70 57                                                                                   
           1887.66 4           1887.66 4     0  0                                                                                   
    (2    1922.92 22           1923.38 8    17  5                                                                                   
          1925.94 17           1926.07 6    66 47                                                                                   
         1947.060 20         1947.044 12     5  2                                                                                   
          1951.77 19          1951.82 12    46 22                                                                                   
    (1    1959.67 17          1959.93 11    56 33                                                                                   
          1980.15 12          1980.15 12     0  0                                                                                   
            1984.2 4            1984.2 4     0  0                                                                                   
           1987.19 3         1987.187 21     6  2                                                                                   
            1998.3 4          1997.98 11    69 54                                                                                   
           2046.29 5           2046.29 5     0  0                                                                                   
          2053.94 14           2053.98 3    19  6                                                                                   
    (2     2076.89 8           2076.71 3    13  3                                                                                   
         2127.499 20         2127.492 12     2  1                                                                                   
    (1    2152.41 23          2152.07 12    62 39                                                                                   
          2173.55 21           2173.37 7    66 42                                                                                   
           2209.10 6           2209.11 5    70 56                                                                                   
          2230.14 14           2230.11 8    36 12                                                                                   
           2233.49 4           2233.53 3    30  9                                                                                   
         2258.430 23         2258.428 23    70 55                                                                                   
           2282.17 4           2282.17 4     0  0                                                                                   
    (1    2290.26 15           2290.48 7    42 16                                                                                   
           2326.2 10           2326.72 9    57 32                                                                                   
           2326.2 10          2326.77 24    52 25                                                                                   
    (1      2328.8 5           2329.44 6    32 10                                                                                   
    (1    2353.06 21           2353.37 7    24  5                                                                                   
           2363.97 8           2363.97 8    49 21                                                                                   
    (S        0.0             2371.12 11    33  9                                                                                   
    (1   2375.657 20         2375.626 13    14  3                                                                                   
           2390.82 6           2390.84 6    70 54                                                                                   
           2404.04 6         2404.012 21    25  5                                                                                   
           2441.31 4           2441.31 4     0  0                                                                                   
         2451.557 20         2451.568 17    15  3                                                                                   
           2475.15 4           2475.15 4     0  0                                                                                   
           2490.6 13          2490.48 10    34  9                                                                                   
         2496.726 20         2496.742 13     7  2                                                                                   
          2530.25 10           2530.21 7    32  8                                                                                   
          2543.13 10           2543.11 6    70 53                                                                                   
          2543.13 10           2543.21 3    16  3                                                                                   
    (1    2558.82 13          2558.97 11    33  8                                                                                   
    (1     2561.36 5           2561.30 4     8  2                                                                                   
            2611.7 4          2611.49 24    70 52                                                                                   
    (S        0.0             2623.53 11    33  7                                                                                   
          2689.50 10           2689.47 7    70 51                                                                                   
    (1    2714.50 19          2714.76 12    70 50                                                                                   
    (1     2749.24 5         2749.159 21     9  2                                                                                   
           2753.3 13          2754.04 18    27  5                                                                                   
           2762.10 8         2762.073 20    10  2                                                                                   
           2801.33 5           2801.36 4    70 49                                                                                   
            2810.3 3            2810.3 3     0  0                                                                                   
    (2    2817.76 25          2817.20 10    18  3                                                                                   
          2817.76 25           2817.71 7    59 28                                                                                   
            2839.3 4           2839.28 4    29  6                                                                                   
            2843.7 6           2843.66 9    66 35                                                                                   
    (1     2864.56 4         2864.520 25    19  3                                                                                   
           2910.28 5           2910.32 4    70 48                                                                                   
    (1      2919.7 5          2919.20 22    67 38                                                                                   
    (1      2940.4 3           2940.80 4    37  8                                                                                   
           2945.8 10          2946.33 12    50 15                                                                                   
           2945.8 10            2946.6 4    43 11                                                                                   
    (1      2989.9 7           2988.65 9    61 28                                                                                   
            2995.8 6           2995.50 4    30  6                                                                                   
           3005.39 5         3005.360 19    37  7                                                                                   
           3022.0 10          3022.27 12    50 14                                                                                   
           3031.69 8           3031.67 6    70 47                                                                                   
            3038.2 3          3038.16 10    22  3                                                                                   
            3051.8 3            3051.8 3     0  0                                                                                   
            3089.5 3          3089.65 16    31  5                                                                                   
          3122.65 15           3122.67 9    70 46                                                                                   
           3174.37 5         3174.399 19    25  3                                                                                   
            3183.9 7           3184.10 4    48 12                                                                                   
           3194.74 5           3194.79 3    12  2                                                                                   
           3211.69 9           3211.66 7    70 45                                                                                   
    (1    3231.89 20          3231.60 12    70 44                                                                                   
            3241.9 5            3242.1 4    70 43                                                                                   
           3253.21 6           3253.26 3    13  2                                                                                   
    (1    3278.79 11           3278.97 7    70 42                                                                                   
         3304.031 20         3304.040 12     3  1                                                                                   
    (1      3311.6 5           3311.02 4    55 16                                                                                   
          3392.86 24           3392.89 9    35  5                                                                                   
          3442.24 25          3442.32 16    70 40                                                                                   
            3451.5 9          3450.83 10    34  4                                                                                   
    (1    3476.95 18          3476.69 11    58 18                                                                                   
    (2      3500.3 5           3499.27 8    51 11                                                                                   
    (1    3515.07 11           3514.90 3    37  6                                                                                   
    (2     3552.08 4         3552.165 14    14  2                                                                                   
    (1      3581.2 4           3580.79 7    45  7                                                                                   
           3628.10 4         3628.104 19    15  2                                                                                   
           3635.83 8           3635.80 6    70 39                                                                                   
            3644.8 8           3645.10 6    54 13                                                                                   
          3649.88 12           3649.80 3    29  3                                                                                   
    (2      3664.8 4          3663.87 16    63 24                                                                                   
          3719.68 16           3719.74 3    16  2                                                                                   
          3738.69 17           3738.68 4    49  9                                                                                   
         3787.096 20         3787.091 16    70 37                                                                                   
            3812.0 5          3812.36 12    50 10                                                                                   
          3864.25 11           3864.29 7    70 36                                                                                   
            3870.5 3           3870.30 8    17  2                                                                                   
    (S        0.0            3916.166 21     4  1                                                                                   
          3949.27 12           3949.24 9    70 35                                                                                   
            3990.7 7           3991.08 4    49  7                                                                                   
    (1      3994.8 8          3993.72 10    18  2                                                                                   
    (1      4040.6 3           4041.04 3    19  2                                                                                   
          4049.68 15          4049.54 10    70 34                                                                                   
         4074.418 20         4074.405 13     5  1                                                                                   
           4114.52 4         4114.546 22     6  1                                                                                   
           4197.69 9           4197.66 6    70 32                                                                                   
          4248.28 21           4248.20 7    36  3                                                                                   
          4252.38 22          4252.47 16    70 31                                                                                   
           4306.44 6           4306.48 3    70 30                                                                                   
           4325.40 3         4325.400 18    37  3                                                                                   
           4350.85 9         4350.908 20    25  2                                                                                   
            4391.8 3           4391.66 4    48  6                                                                                   
    (S        0.0             4426.27 14    38  3                                                                                   
    (1    4462.44 20           4462.69 3    70 29                                                                                   
           4499.7 10           4499.34 5    64 14                                                                                   
            4532.6 7           4531.90 4    65 14                                                                                   
          4540.68 15           4540.75 4    49  5                                                                                   
            4568.9 4           4568.99 6    70 28                                                                                   
    (1      4588.4 3          4588.07 18    70 27                                                                                   
            4624.2 5         4624.067 16     7  1                                                                                   
            4670.1 6          4670.16 16    40  3                                                                                   
    (1    4731.37 10           4731.54 3    70 26                                                                                   
            4758.8 3           4758.84 6    53  6                                                                                   
            4799.1 3           4798.98 6    53  5                                                                                   
            4826.0 5           4826.29 3    29  2                                                                                   
           4889.30 8         4889.379 21    10  1                                                                                   
    (1      4903.4 5          4902.43 14    69 18                                                                                   
           4938.06 3         4938.069 19    70 25                                                                                   
          4982.44 20           4982.50 3    30  2                                                                                   
            4988.6 4           4988.62 4    66 12                                                                                   
            5036.4 7          5036.50 16    31  2                                                                                   
            5043.3 4           5043.50 3    55  6                                                                                   
    (1    5074.79 25          5074.30 10    70 22                                                                                   
    (1      5084.2 5           5083.64 3    55  5                                                                                   
    (S        0.0             5120.07 11    33  2                                                                                   
    (1     5202.06 6           5202.13 4    48  3                                                                                   
            5239.8 4          5239.43 10    34  2                                                                                   
           5247.94 4         5247.928 25    70 19                                                                                   
    (1      5268.9 6          5268.03 10    69 15                                                                                   
            5268.9 6          5268.70 19    67 13                                                                                   
    (1    5294.94 24          5295.25 10    70 18                                                                                   
          5311.10 15           5311.08 4    49  3                                                                                   
           5380.59 9           5380.53 3    13  1                                                                                   
            5501.4 5          5500.93 24    52  3                                                                                   
    (1     5569.30 5           5569.21 3    70 16                                                                                   
          5602.78 15          5602.73 14    38  2                                                                                   
    (1     5660.78 6         5660.843 20    70 15                                                                                   
           5736.76 4         5736.777 16    70 14                                                                                   
            5755.5 5         5755.352 20    15  1                                                                                   
    (1      5847.4 5          5846.61 16    40  2                                                                                   
            5884.6 6           5884.93 9    60  4                                                                                   
            5997.3 3           5997.54 8    17  1                                                                                   
    (1      6010.3 3           6009.95 7    42  2                                                                                   
           6035.68 7           6035.66 3    70 13                                                                                   
    (S        0.0             6057.31 12    44  2                                                                                   
          6077.27 12           6077.25 7    45  2                                                                                   
            6094.4 4           6094.12 3    70 12                                                                                   
    (2      6152.1 5          6151.05 15    68  8                                                                                   
          6166.24 13           6166.23 9    46  2                                                                                   
           6188.45 6         6188.445 23    70 11                                                                                   
           6236.3 11           6236.25 3    66  5                                                                                   
            6241.0 5           6241.26 7    57  3                                                                                   
            6341.6 3          6341.89 10    22  1                                                                                   
           6487.48 6           6487.51 4    49  2                                                                                   
    (1    6496.62 23           6497.01 9    60  3                                                                                   
           6526.84 6         6526.795 21    70 10                                                                                   
          6539.66 16         6539.707 23    70  9                                                                                   
    (1      6573.6 4          6574.10 12    50  2                                                                                   
    (1      6600.1 7           6599.38 7    51  2                                                                                   
            6727.5 9           6727.54 4    70  8                                                                                   
          6745.64 16           6745.73 6    53  2                                                                                   
           6792.10 3         6792.092 14    70  7                                                                                   
    (S        0.0             6828.09 18    27  1                                                                                   
    (2      6846.4 3           6847.16 6    28  1                                                                                   
          7218.48 13           7218.46 6    32  1                                                                                   
            7302.2 8         7301.569 24    70  6                                                                                   
           7341.67 6         7341.706 15    70  5                                                                                   
           7499.90 5         7499.928 21    70  4                                                                                   
    (1      7536.2 7           7537.28 3    59  2                                                                                   
    (2      7675.0 8           7673.39 9    60  2                                                                                   
            7708.3 3           7708.20 6    61  2                                                                                   
          7780.22 10           7780.26 6    39  1                                                                                   
    (1    7973.45 25          7973.71 16    40  1                                                                                   
    (1      8036.6 7          8035.29 14    41  1                                                                                   
            8051.1 6           8051.00 5    64  2                                                                                   
            8083.5 3           8083.56 4    65  2                                                                                   
           8111.99 9         8111.973 13    70  3                                                                                   
          8136.98 17           8137.04 7    42  1                                                                                   
            8173.8 9            8173.9 4    43  1                                                                                   
    (1    8184.70 24          8184.40 12    44  1                                                                                   
           8384.28 9           8384.30 6    47  1                                                                                   
          8505.68 10           8505.63 4    48  1                                                                                   
    (1    8726.78 24           8726.43 7    51  1                                                                                   
            8804.4 4          8804.40 24    52  1                                                                                   
          9024.95 17           9025.01 6    54  1                                                                                   
            9206.6 3           9206.70 5    56  1                                                                                   
          9288.28 16         9288.299 14    70  2                                                                                   
            9544.8 3           9544.65 7    57  1                                                                                   
            9932.1 6          9931.80 11    62  1                                                                                   
         11415.17 11        11415.167 16    70  1                                                                                   
      DATA SET  1. ENERGIES CORRECTED BY    .0000000+-  .0000000 KEV     CHISQ/F =  1.135         F=192
      CHISQ/F =  1.159      (FIT OF  258GAMMAS -  69LEVELS)
