
               LEAST-SQUARES LINEAR REGRESSION OF LEVEL AND GAMMA ENERGIES
 
        LEVEL ENERGIES
    1.     0.0
    2.  1572.372 6                      
    3.  1991.28 4                       
    4.  2347.780 7                      
    5.  2716.99 2                       
    6.  2938.64 4                       
    7.  3558.075 23                     
    8.  3801.955 13                     
    9.  4105.6 8                        
   10.  4189.255 14                     
   11.  4477.60 7                       
   12.  4903.355 12                     
   13.  4963.075 14                     
   14.  5752.5 8                        
   15.  6018.8 6                        
   16.  6078.472 19                     
   17.  6293.92 5                       
   18.  6354.88 22                      
   19.  6419.9 11                       
   20.  6629.42 9                       
   21.  6761.0 12                       
   22.  6986.092 13                     
 
   GAMMA ENERGIES
       34S(N,G) E=THERMAL-  ENERGY     DE    L1  L2
 -----------------------------------------------------------------------------------------------------------------------------------
    (1      356.66 9            356.50 4     4  3                                                                                   
            356.66 9            356.67 9    22 20                                                                                   
    (1       368.5 4          369.207 20     5  4                                                                                   
    (1     619.23 19            619.43 5     7  6                                                                                   
           631.32 24            631.17 3    10  7                                                                                   
           631.32 24           631.20 22    22 18                                                                                   
            663.41 7            663.41 7     0  0                                                                                   
            692.16 5            692.16 5    22 17                                                                                   
           775.398 6           775.399 5     4  2                                                                                   
            803.81 9            803.81 9     0  0                                                                                   
             863.3 3            863.30 5     8  6                                                                                   
          907.607 14          907.607 14    22 16                                                                                   
    (1    1084.79 15         1084.947 23     8  5                                                                                   
    (1      1101.9 3         1101.381 16    12  8                                                                                   
         1144.591 20         1144.598 19     5  2                                                                                   
          1161.05 20         1161.099 18    13  8                                                                                   
    (S        0.0               1166.9 8     9  6                                                                                   
           1210.28 4         1210.273 22     7  4                                                                                   
           1250.61 5           1250.59 4    10  6                                                                                   
         1404.967 24         1404.969 21    13  7                                                                                   
    (1     1454.09 4         1454.142 13     8  4                                                                                   
            1566.7 3           1566.76 5     7  3                                                                                   
          1572.333 7          1572.334 6     2  1                                                                                   
          1760.55 11           1760.56 7    11  5                                                                                   
         1841.426 15         1841.423 13    10  4                                                                                   
          1964.80 20           1964.66 5    12  6                                                                                   
    (1     1991.27 5           1991.22 4     3  1                                                                                   
          2022.954 9          2022.954 9    22 13                                                                                   
         2082.681 12         2082.670 10    22 12                                                                                   
    (S        0.0              2129.75 7    11  4                                                                                   
         2229.510 16         2229.507 13     8  2                                                                                   
         2347.701 11          2347.696 7     4  1                                                                                   
           2508.39 8           2508.40 6    22 11                                                                                   
    (1   2555.492 14         2555.474 11    12  4                                                                                   
          2615.20 20         2615.189 13    13  4                                                                                   
            2616.8 3         2616.778 14    10  2                                                                                   
          2716.99 16         2716.877 20     5  1                                                                                   
           2796.73 4         2796.716 17    22 10                                                                                   
            2905.1 4           2905.10 7    11  2                                                                                   
          2938.58 11           2938.51 4     6  1                                                                                   
            2972.0 4           2971.66 5    13  3                                                                                   
            3139.9 5           3139.68 5    16  6                                                                                   
    (1     3183.94 4         3183.981 17    22  8                                                                                   
           3330.80 4         3330.813 11    12  2                                                                                   
           3390.55 3         3390.526 14    13  2                                                                                   
            3558.1 5         3557.881 23     7  1                                                                                   
           3801.74 3         3801.734 13     8  1                                                                                   
            4105.3 8            4105.3 8     9  1                                                                                   
           4188.96 4         4188.986 14    10  1                                                                                   
    (1    4268.65 14         4268.822 23    22  5                                                                                   
    (1     4637.91 4         4637.981 12    22  4                                                                                   
           4902.96 4         4902.986 12    12  1                                                                                   
    (1     4962.63 5         4962.697 14    13  1                                                                                   
            5752.0 8            5752.0 8    14  1                                                                                   
            6018.2 6            6018.2 6    15  1                                                                                   
          6077.87 11         6077.905 19    16  1                                                                                   
            6293.2 4           6293.32 5    17  1                                                                                   
    (1      6355.0 6          6354.26 22    18  1                                                                                   
           6419.3 11           6419.3 11    19  1                                                                                   
            6628.5 6           6628.75 9    20  1                                                                                   
           6760.3 12           6760.3 12    21  1                                                                                   
           6985.7 10         6985.343 13    22  1                                                                                   
     DATA SET  1. ENERGIES CORRECTED BY    .0000000+-  .0000000 KEV     CHISQ/F =  .8876         F= 36
     CHISQ/F =  .8876      (FIT OF   58GAMMAS -  21LEVELS)
