  37S     36S(N,G) E=THERMAL            84RA09,97EE42                            
  
         EL                IN             OUT          NET       (+NORM. UNC.)
 *****************************************************************************
             0.0          99 10         0.0            0.0            0.0       
      646.177 14          104 9          97 10          -7 14          -7 14    
      1397.51 18         0.0           0.68 14        0.68 14        0.68 15    
       1991.93 5          4.2 5          4.2 4         0.0            0.0       
      2022.87 10          2.0 3        1.89 14         -0.1 3         -0.1 3    
       2637.86 3           23 3           24 3         0.0            0.0       
       3261.90 5          3.6 5          4.1 5          0.5 7          0.5 7    
       3492.72 8        1.08 14        0.63 14       -0.45 19       -0.45 19    
       4303.61 4         0.0             105 9          105 9         105 15    
 *****************************************************************************
                       TOTAL BETA INTENSITY =           99 14          99 18    
             TOTAL UNPLACED GAMMA INTENSITY =          0.0                      
              NORMALIZATION UNCERTAINTY (%) =  11.1111                          
