  37S     36S(N,G) E=THERMAL            84RA09,97EE42                            
  
         EL                IN             OUT          NET       (+NORM. UNC.)
 *****************************************************************************
             0.0       0.154 15         0.0            0.0            0.0       
      646.177 14       0.163 13       0.150 15      -0.013 20      -0.013 20    
      1397.51 18         0.0        0.00105 20     0.00105 20       0.0010 6    
       1991.93 5       0.0066 9       0.0066 6         0.0            0.0       
      2022.87 10       0.0032 4     0.00295 20       -3E-04 5       -3E-04 5    
       2637.86 3        0.037 5        0.038 5         0.0            0.0       
       3261.90 5       0.0057 7       0.0065 8      0.0007 10      0.0007 11    
       3492.72 8     0.00170 20     0.00100 20      -0.0007 3      -0.0007 3    
       4303.61 4         0.0          0.165 14       0.165 14         0.17 8    
 *****************************************************************************
                       TOTAL BETA INTENSITY =        0.153 21         0.15 8    
             TOTAL UNPLACED GAMMA INTENSITY =          0.0                      
              NORMALIZATION UNCERTAINTY (%) =  50.0000                          
