 
               LEAST-SQUARES LINEAR REGRESSION OF LEVEL AND GAMMA ENERGIES
 
        LEVEL ENERGIES
    1.     0.0
    2.   749.02 12                      
    3.   776.5 3                        
    4.  1352.6 3                        
    5.  1899.0 3                        
    6.  2001.6 5                        
    7.  2828.1 4                        
    8.  2889.8 3                        
    9.  2908.2 5                        
   10.  3055.2 5                        
   11.  3125.6 3                        
   12.  3348.5 5                        
   13.  3766.7 3                        
   14.  3770.6 3                        
   15.  3970.9 6                        
   16.  4039.6 3                        
   17.  4289.1 4                        
   18.  4560.7 6                        
   19.  4636.6 3                        
   20.  4769.7 3                        
   21.  4833.5 4                        
   22.  5204.4 5                        
   23.  5239.6 11                       
   24.  5668.0 3                        
   25.  5955.7 7                        
   26.  7208.4 5                        
   27.  7247.9 5                        
   28.  9261.67 22                      
 
   GAMMA ENERGIES
       50CR(N,G),(POL N,G-  ENERGY     DE    L1  L2
 -----------------------------------------------------------------------------------------------------------------------------------
             28.0 25            27.51 25     3  2                                                                                   
             603.3 4             603.6 3     4  2                                                                                   
           749.00 12           749.02 12     2  1                                                                                   
             826.9 8             826.5 5     7  6                                                                                   
             834.1 8             834.5 5    24 21                                                                                   
             845.2 8             845.3 6    15 11                                                                                   
             857.1 9             857.1 9     0  0                                                                                   
             862.3 6             862.4 5    14  9                                                                                   
             888.2 8             888.2 5     8  6                                                                                   
             913.2 9             914.0 3    16 11                                                                                   
             928.2 9             929.1 4     7  5                                                                                   
             990.4 9             990.8 4     8  5                                                                                   
            1002.1 9            1003.0 3    20 13                                                                                   
            1106.5 9            1107.3 6    24 18                                                                                   
    (1      1124.0 9            1122.5 3     5  3                                                                                   
            1149.4 9            1150.0 3     5  2                                                                                   
    (1      1353.5 9            1352.6 3     4  1                                                                                   
            1537.2 8            1537.2 4     8  4                                                                                   
            1808.8 7            1808.4 4    19  7                                                                                   
            1899.3 5            1899.0 3     5  1                                                                                   
            2001.1 9            2001.6 5     6  1                                                                                   
            2013.3 6            2013.8 5    28 27                                                                                   
            2052.9 5            2053.2 4    28 26                                                                                   
    (1      2080.1 7            2079.0 4     7  2                                                                                   
            2113.4 7            2113.3 3     8  3                                                                                   
    (1      2141.3 7            2140.5 3    16  5                                                                                   
            2141.3 7            2140.8 3     8  2                                                                                   
            2159.0 7            2159.1 5     9  2                                                                                   
            2279.2 7            2278.7 4    10  3                                                                                   
            2348.9 5            2349.0 3    11  3                                                                                   
            2376.7 5            2376.5 3    11  2                                                                                   
            2579.0 8            2579.0 8     0  0                                                                                   
            2598.9 7            2599.4 5    12  2                                                                                   
            2890.8 7            2890.8 7     0  0                                                                                   
            2990.0 5            2990.1 3    13  3                                                                                   
            3017.3 4          3017.62 25    13  2                                                                                   
            3021.3 4            3021.5 3    14  2                                                                                   
            3207.5 7            3208.0 6    18  4                                                                                   
            3262.8 4            3262.9 3    16  3                                                                                   
            3276.8 7            3276.9 6    27 15                                                                                   
            3284.2 8            3283.9 4    19  4                                                                                   
            3290.8 5            3290.4 3    16  2                                                                                   
            3305.8 7            3305.3 5    22  5                                                                                   
            3305.8 7            3305.8 7    28 25                                                                                   
            3512.2 4            3512.4 4    17  3                                                                                   
            3593.4 4            3593.5 3    28 24                                                                                   
           3764.2 11           3764.2 11     0  0                                                                                   
            3859.8 4            3859.9 3    19  3                                                                                   
            3898.9 5            3899.2 4    27 12                                                                                   
            4020.5 4            4020.5 3    20  2                                                                                   
            4057.4 5            4057.1 4    28 22                                                                                   
            4132.9 8            4132.9 8     0  0                                                                                   
            4399.9 8            4399.9 8     0  0                                                                                   
            4491.5 4            4491.7 3    28 20                                                                                   
            4625.0 4            4624.9 3    28 19                                                                                   
            4833.2 4            4833.3 4    21  1                                                                                   
            4891.4 5            4891.2 3    24  3                                                                                   
    (1      4971.6 7            4972.3 4    28 17                                                                                   
            5126.1 4            5126.1 4     0  0                                                                                   
            5151.3 8            5151.3 8     0  0                                                                                   
            5206.1 6            5206.5 5    26  6                                                                                   
            5222.0 4          5221.80 25    28 16                                                                                   
           5239.3 11           5239.3 11    23  1                                                                                   
            5490.3 5            5490.7 3    28 14                                                                                   
            5494.5 3          5494.62 22    28 13                                                                                   
             5950 15            5955.4 7    25  1                                                                                   
            5989.7 4            5989.7 4     0  0                                                                                   
            6135.9 4            6135.7 3    28 11                                                                                   
            6206.3 5            6206.0 4    28 10                                                                                   
            6371.6 5            6371.4 3    28  8                                                                                   
            6433.7 8            6433.1 4    28  7                                                                                   
            6643.2 6            6643.2 6     0  0                                                                                   
            7362.6 6            7362.1 3    28  5                                                                                   
            8484.2 7          8484.38 21    28  3                                                                                   
            8512.2 7          8511.88 20    28  2                                                                                   
      DATA SET  1. ENERGIES CORRECTED BY    .0000000+-  .0000000 KEV     CHISQ/F =  .7088         F= 37
      CHISQ/F =  .7088      (FIT OF   65GAMMAS -  27LEVELS)
