  53CR    52CR(N,G) E=THERMAL           1980KO01,1972KO15         99ND           
  
         EL                IN             OUT          NET       (+NORM. UNC.)
 *****************************************************************************
             0.0          100 3         0.0            0.0            0.0       
        564.04 4       14.21 21           16          2.27 21        2.27 21    
      2320.80 14        14.8 12           15 3         0.0            0.0       
          2700           0.0            0.0            0.0            0.0       
      2670.02 20          5.8 6           6.            1.0 6          1.0 6    
        2708.1 4        0.41 10         0.0          -0.41 10       -0.41 10    
      3616.90 11        3.19 21          3.7 3          0.5 4          0.5 4    
       7939.23 7         0.0           96.1 16        96.1 16        96.1 16    
 *****************************************************************************
                       TOTAL BETA INTENSITY =           100 4          100 4    
             TOTAL UNPLACED GAMMA INTENSITY =          0.0                      
              NORMALIZATION UNCERTAINTY (%) =    .0000                          
