  53CR    52CR(N,G) E=THERMAL           1980KO01,1972KO15                        
  
         EL                IN             OUT          NET       (+NORM. UNC.)
 *****************************************************************************
             0.0       0.871 14         0.0            0.0            0.0       
       564.05 12        0.125 7      0.1349 24        0.010 7        0.010 7    
      1006.33 10         0.0          0.0046 5       0.0046 5       0.0046 5    
        2320.9 3        0.159 6        0.162 4         0.0            0.0       
          2657 9         0.0            0.0            0.0            0.0       
        2669.9 5        0.060 7        0.056 5        -0.0           -0.0       
       2708.1 11      0.0042 11       0.0068 8      0.0026 13      0.0026 13    
        3616.8 4      0.0321 18      0.0310 14        -0.0           -0.0       
      7939.10 23         0.0          0.855 17       0.855 17       0.855 17    
 *****************************************************************************
                       TOTAL BETA INTENSITY =        0.871 18       0.871 18    
             TOTAL UNPLACED GAMMA INTENSITY =          0.0                      
              NORMALIZATION UNCERTAINTY (%) =    .0251                          
