  55CR    54CR(N,G) E=THERMAL           1972WH05                  91ND           
  
         EL                IN             OUT          NET       (+NORM. UNC.)
 *****************************************************************************
             0.0          101 6         0.0            0.0            0.0       
        241.87 4        17.2 13        22.1 22            5 3            5 3    
        517.68 5         0.0            0.70 7         0.70 7         0.70 7    
        565.90 4         11.1 8        13.4 12         2.2 15         2.2 15    
        880.75 9         0.0            0.65 6         0.65 6         0.65 6    
       1474.19 6        13.1 13        15.8 11         2.7 17         2.7 17    
      2083.83 13         0.46 5         0.57 5         0.11 7         0.11 7    
      2269.23 18         0.35 4         0.36 3         0.0            0.0       
      2686.98 14        1.43 14         1.52          0.09 17        0.09 17    
      2894.53 13          2.7 3        2.80 17         0.0            0.0       
      4044.24 21         0.69 7         0.40 3        -0.29 8        -0.29 8    
      6246.29 18         0.0              90 6           90 6           90 6    
 *****************************************************************************
                       TOTAL BETA INTENSITY =           101 7          101 7    
             TOTAL UNPLACED GAMMA INTENSITY =          17.5 5                   
              NORMALIZATION UNCERTAINTY (%) =    .0000                          
