  53CR    52CR(N,G) E=THERMAL                                                    
  
         EL                IN             OUT          NET       (+NORM. UNC.)
 *****************************************************************************
             0.0       0.866 14         0.0            0.0            0.0       
        564.04 4        0.095 5      0.1349 24        0.039 5        0.039 5    
      2320.80 14        0.158 6        0.162 4        0.005 7        0.005 7    
          2700           0.0            0.0            0.0            0.0       
      2670.02 20         0.0         0.0314 14      0.0314 14      0.0314 14    
        2708.1 4         0.0            0.0            0.0            0.0       
      3616.90 11      0.0321 18      0.0310 14     -0.0011 23     -0.0011 23    
       7939.23 7         0.0          0.791 15       0.791 15       0.791 15    
 *****************************************************************************
                       TOTAL BETA INTENSITY =        0.866 16       0.866 16    
             TOTAL UNPLACED GAMMA INTENSITY =          0.0                      
              NORMALIZATION UNCERTAINTY (%) =    .0251                          
