
               LEAST-SQUARES LINEAR REGRESSION OF LEVEL AND GAMMA ENERGIES
 
        LEVEL ENERGIES
    1.     0.0
    2.   834.86 3                       
    3.  1823.80 6                       
    4.  2619.32 4                       
    5.  2829.19 5                       
    6.  3073.69 5                       
    7.  3159.22 6                       
    8.  3392.91 6                       
    9.  3436.63 6                       
   10.  3656.1 5                        
   11.  3719.54 5                       
   12.  3786.7 7                        
   13.  3797.78 18                      
   14.  3860.51 6                       
   15.  3925.18 19                      
   16.  3927.19 11                      
   17.  4012.59 9                       
   18.  4082.50 11                      
   19.  4126.41 12                      
   20.  4126.35 12                      
   21.  4190.8 4                        
   22.  4217.7 4                        
   23.  4238.62 17                      
   24.  4256.3 3                        
   25.  4380.17 18                      
   26.  4453.6 4                        
   27.  4458.4 4                        
   28.  4571.2 6                        
   29.  4632.83 16                      
   30.  4848.7 11                       
   31.  4871.30 7                       
   32.  5113.6 4                        
   33.  5188.80 22                      
   34.  5226.13 22                      
   35.  5268.13 10                      
   36.  5291.3 4                        
   37.  5294.16 19                      
   38.  5345.6 8                        
   39.  5586.89 12                      
   40.  5821.29 10                      
   41.  5856.09 10                      
   42.  6143.50 9                       
   43.  6316.32 6                       
   44.  9718.20 8                       
 
   GAMMA ENERGIES
       53CR(N,G) E=THERMA-  ENERGY     DE    L1  L2
 -----------------------------------------------------------------------------------------------------------------------------------
           744.95 10           744.95 10    31 20                                                                                   
           817.22 13            817.30 6     9  4                                                                                   
    (1      834.80 3            834.86 3     2  1                                                                                   
    (1     846.15 18           845.95 17    34 25                                                                                   
    (1     890.47 10            890.34 6    11  5                                                                                   
            988.94 5            988.93 5     3  2                                                                                   
           1100.19 5           1100.21 4    11  4                                                                                   
           1241.21 5           1241.18 4    14  4                                                                                   
    (1    1340.59 21          1340.92 13    35 16                                                                                   
    (4     1434.25 9           1434.66 7    31  9                                                                                   
    (1     1460.56 9           1460.46 8    39 19                                                                                   
    (1      1462.4 4          1463.15 11    18  4                                                                                   
    (1    1504.60 18          1504.37 13    39 18                                                                                   
            1506.9 5          1507.00 12    20  4                                                                                   
          1619.12 18          1619.27 17    23  4                                                                                   
           1784.41 4           1784.43 3     4  2                                                                                   
    (1    1797.77 17           1797.58 8    31  6                                                                                   
          1803.49 16          1803.60 15    29  5                                                                                   
          1973.94 17          1973.94 17    13  3                                                                                   
           1994.31 5           1994.29 5     5  2                                                                                   
    (1    2100.99 23          2101.33 18    15  3                                                                                   
           2238.78 4           2238.78 4     6  2                                                                                   
    (1    2258.82 12          2258.65 10    18  3                                                                                   
            2393.9 4            2393.8 4    22  3                                                                                   
           2557.97 7           2557.98 6     8  2                                                                                   
    (2     2601.53 6           2601.69 5     9  2                                                                                   
    (1    2619.00 14           2619.25 4     4  1                                                                                   
            2674.6 3          2674.77 19    37  4                                                                                   
    (3      2966.3 3          2967.48 12    39  4                                                                                   
    (2    3025.33 10           3025.56 5    14  2                                                                                   
    (1      3074.3 4           3073.60 5     6  1                                                                                   
    (1      3090.8 3          3090.22 19    15  2                                                                                   
           3159.12 6           3159.12 6     7  1                                                                                   
           3177.63 8           3177.63 8    17  2                                                                                   
          3392.82 11           3392.79 6     8  1                                                                                   
    (5      3403.3 3          3401.77 10    44 43                                                                                   
    (1    3545.43 20          3545.19 18    25  2                                                                                   
    (2      3575.6 4          3574.57 12    44 42                                                                                   
            3656.0 5            3656.0 5    10  1                                                                                   
          3719.32 13           3719.41 5    11  1                                                                                   
            3786.6 7            3786.6 7    12  1                                                                                   
    (5    3863.31 25          3861.96 12    44 41                                                                                   
    (5      3898.3 3          3896.76 12    44 40                                                                                   
          3926.94 13          3927.04 11    16  1                                                                                   
           4013.7 11           4013.7 11    30  2                                                                                   
    (1    4126.51 15          4126.24 12    19  1                                                                                   
    (1      4132.2 8          4131.14 14    44 39                                                                                   
            4190.6 4            4190.6 4    21  1                                                                                   
            4256.2 3            4256.1 3    24  1                                                                                   
    (2      4390.1 4          4391.08 22    34  2                                                                                   
          4423.75 22          4423.84 18    44 37                                                                                   
    (2    4450.34 22          4449.87 11    44 35                                                                                   
            4453.4 4            4453.4 4    26  1                                                                                   
            4458.2 4            4458.2 4    27  1                                                                                   
    (1    4528.91 25          4529.20 21    44 33                                                                                   
            4571.0 6            4571.0 6    28  1                                                                                   
    (2      4750.2 6          4751.80 12    39  2                                                                                   
    (6    4845.80 13           4846.66 9    44 31                                                                                   
    (1    4870.90 16           4871.07 7    31  1                                                                                   
    (1      5084.4 4          5085.11 17    44 29                                                                                   
            5113.3 4            5113.3 4    32  1                                                                                   
    (1      5187.8 4          5188.53 22    33  1                                                                                   
    (2    5268.10 12          5267.85 10    35  1                                                                                   
            5291.0 4            5291.0 4    36  1                                                                                   
            5345.3 8            5345.3 8    38  1                                                                                   
            5461.8 6            5461.6 3    44 24                                                                                   
    (2      5478.1 5          5479.28 18    44 23                                                                                   
           5501.2 13            5500.2 4    44 22                                                                                   
            5790.8 3          5790.67 13    44 16                                                                                   
    (1    5821.12 10          5820.95 10    40  1                                                                                   
    (2    5856.01 11          5855.75 10    41  1                                                                                   
    (1    5857.03 18           5857.34 9    44 14                                                                                   
           6143.18 9           6143.13 9    42  1                                                                                   
    (1     6315.98 6           6315.92 6    43  1                                                                                   
      DATA SET  1. ENERGIES CORRECTED BY    .0000000+-  .0000000 KEV     CHISQ/F =  9.092         F= 30
      CHISQ/F =  9.092      (FIT OF   74GAMMAS -  43LEVELS)
