  55CR    54CR(N,G) E=THERMAL                                                    
  
         EL                IN             OUT          NET       (+NORM. UNC.)
 *****************************************************************************
             0.0         0.31 4         0.0            0.0            0.0       
       241.72 11         0.11 4       0.097 13         0.0            0.0       
        517.68 5         0.0            0.0            0.0            0.0       
        565.90 4       0.072 17         0.0         -0.072 17      -0.072 17    
        880.75 9         0.0            0.0            0.0            0.0       
        1475.4 7         0.0          0.008 13       0.008 13       0.008 13    
      2083.83 13         0.0            0.0            0.0            0.0       
        2267.9 3         0.0          0.072 17       0.072 17       0.072 17    
      2686.98 14         0.0            0.0            0.0            0.0       
      2894.53 13         0.0            0.0            0.0            0.0       
      4044.24 21         0.0            0.0            0.0            0.0       
        6245.0 5         0.0            0.32 6         0.32 6         0.32 6    
 *****************************************************************************
                       TOTAL BETA INTENSITY =          0.31 7         0.31 7    
             TOTAL UNPLACED GAMMA INTENSITY =          0.0                      
              NORMALIZATION UNCERTAINTY (%) =    .3075                          
