
               LEAST-SQUARES LINEAR REGRESSION OF LEVEL AND GAMMA ENERGIES
 
        LEVEL ENERGIES
    1.     0.0
    2.   185.953 14                     
    3.   237.822 10                     
    4.   275.031 16                     
    5.   385.782 9                      
    6.   465.164 9                      
    7.   590.749 19                     
    8.   729.824 17                     
    9.   822.690 9                      
   10.  1008.49 10                      
   11.  1017.139 14                     
   12.  1052.082 17                     
   13.  1158.09 3                       
   14.  1212.514 20                     
   15.  1247.152 24                     
   16.  1344.012 22                     
   17.  1439.408 25                     
   18.  1547.39 3                       
   19.  1560.15 8                       
   20.  1577.34 4                       
   21.  1678.001 25                     
   22.  1694.07 5                       
   23.  1713.20 6                       
   24.  1735.96 6                       
   25.  1745.89 4                       
   26.  1820.352 14                     
   27.  1911.31 8                       
   28.  1927.19 4                       
   29.  1971.18 4                       
   30.  2018.36 3                       
   31.  2023.314 23                     
   32.  2124.09 10                      
   33.  2163.12 8                       
   34.  2166.01 7                       
   35.  2260.66 8                       
   36.  2363.63 5                       
   37.  2394.93 11                      
   38.  2449.19 15                      
   39.  2453.05 5                       
   40.  2503.00 9                       
   41.  2520.77 13                      
   42.  2560.43 16                      
   43.  2586.27 4                       
   44.  2597.49 6                       
   45.  2608.50 11                      
   46.  2629.30 8                       
   47.  2664.44 5                       
   48.  2681.16 4                       
   49.  2688.22 7                       
   50.  2739.16 6                       
   51.  2767.86 12                      
   52.  2799.85 7                       
   53.  2813.84 9                       
   54.  2844.72 9                       
   55.  2867.69 7                       
   56.  2943.33 14                      
   57.  2948.76 7                       
   58.  2953.35 9                       
   59.  2987.96 20                      
   60.  3010.18 10                      
   61.  3026.09 6                       
   62.  3045.94 13                      
   63.  3048.81 11                      
   64.  3077.29 12                      
   65.  3091.37 6                       
   66.  3099.08 8                       
   67.  3110.85 6                       
   68.  3141.74 15                      
   69.  3151.97 9                       
   70.  3165.77 6                       
   71.  3208.95 8                       
   72.  3247.83 8                       
   73.  3287.36 9                       
   74.  3333.77 5                       
   75.  3342.05 10                      
   76.  3371.24 8                       
   77.  3397.63 10                      
   78.  3432.37 13                      
   79.  3479.48 12                      
   80.  3487.05 10                      
   81.  3508.84 10                      
   82.  3535.49 7                       
   83.  3583.53 12                      
   84.  3601.00 6                       
   85.  3636.56 7                       
   86.  3705.08 10                      
   87.  3750.30 7                       
   88.  3780.19 10                      
   89.  3814.66 9                       
   90.  3896.38 8                       
   91.  3934.58 15                      
   92.  4013.69 11                      
   93.  4056.98 7                       
   94.  4116.41 10                      
   95.  4300.2 3                        
   96.  4462.70 10                      
   97.  4527.91 9                       
   98.  4850.76 8                       
   99.  5077.21 7                       
  100.  7066.213 19                     
 
   GAMMA ENERGIES
       65CU(N,G) E=THERMA-  ENERGY     DE    L1  L2
 -----------------------------------------------------------------------------------------------------------------------------------
    (2       89.18 4           89.078 17     4  2                                                                                   
    (2     100.15 23            100.66 5    21 20                                                                                   
           111.93 13            112.00 8    31 27                                                                                   
    (2     114.36 16           113.95 10    84 80                                                                                   
    (1      186.01 5          185.953 14     2  1                                                                                   
    (1      190.10 3          190.133 16     6  4                                                                                   
            194.47 3          194.448 14    11  9                                                                                   
    (1      199.90 7          199.829 15     5  2                                                                                   
    (1       217.0 5            216.14 9    19 16                                                                                   
    (2     234.26 14            233.85 7    44 36                                                                                   
          237.821 11          237.822 10     3  1                                                                                   
    (1      274.92 9          275.031 16     4  1                                                                                   
    (1     279.33 11          279.211 15     6  2                                                                                   
             289.2 3           288.90 10    58 47                                                                                   
          315.711 21          315.717 16     7  4                                                                                   
           334.03 16            333.99 3    21 16                                                                                   
    (3     335.73 11            335.40 3    13  9                                                                                   
           340.19 12           340.25 10    57 45                                                                                   
    (1    357.561 21          357.525 11     9  6                                                                                   
          385.781 12           385.781 9     5  1                                                                                   
            417.03 6            417.03 6    89 77                                                                                   
    (2     422.01 12            422.27 3    17 11                                                                                   
          426.372 21          426.388 17    11  7                                                                                   
          436.912 12          436.906 10     9  5                                                                                   
             454.8 5          454.791 20     8  4                                                                                   
    (1       457.6 5           458.20 13    82 64                                                                                   
          465.152 12           465.163 9     6  1                                                                                   
    (9     482.69 10            481.56 5    22 14                                                                                   
            533.96 7            533.92 6    74 52                                                                                   
            537.55 8            537.58 8    83 62                                                                                   
    (1    543.852 13          543.869 12     8  2                                                                                   
          551.953 22          551.972 14    11  6                                                                                   
           556.46 22           556.52 15    64 41                                                                                   
            567.35 9            567.34 3    13  7                                                                                   
    (3      583.62 8            583.90 3    31 17                                                                                   
    (2      586.79 5          586.915 18    12  6                                                                                   
           622.69 10           622.70 10    10  5                                                                                   
            632.67 6            632.69 5    39 26                                                                                   
    (1      636.68 3          636.734 14     9  2                                                                                   
           651.10 13            651.21 9    87 66                                                                                   
    (1      661.22 9            661.11 6    23 12                                                                                   
            665.60 9            665.63 9    79 53                                                                                   
            679.30 5            679.30 3    31 16                                                                                   
           714.66 19            714.67 5    28 14                                                                                   
            723.99 5            724.03 4    29 15                                                                                   
            741.94 3            741.93 3    76 46                                                                                   
            747.48 3            747.49 3    74 43                                                                                   
    (1      753.91 4            753.97 4    48 28                                                                                   
    (1      758.83 9            758.66 4    29 14                                                                                   
    (1    768.305 23          768.265 17    26 12                                                                                   
    (2     770.64 25           770.00 13    88 60                                                                                   
    (1      788.42 8            788.33 7    69 36                                                                                   
    (1     810.47 19            810.79 3    31 14                                                                                   
            814.27 4          814.254 18    12  3                                                                                   
          822.676 16           822.685 9     9  1                                                                                   
          831.196 16          831.180 13    11  2                                                                                   
    (1      847.42 5            847.51 4    20  8                                                                                   
           860.85 10            860.81 4    48 26                                                                                   
    (1    878.816 24          878.842 20    16  6                                                                                   
            883.03 4            883.05 3    13  4                                                                                   
           909.99 22            910.05 5    28 11                                                                                   
    (1    937.507 17          937.476 15    14  4                                                                                   
    (2      948.09 3          948.169 24    21  8                                                                                   
    (1      956.74 6            956.63 3    18  7                                                                                   
            958.25 9          958.223 22    16  5                                                                                   
          972.108 18          972.113 18    15  4                                                                                   
    (1      983.21 8            983.36 6    23  8                                                                                   
    (3      987.18 3            987.08 3    48 22                                                                                   
           993.48 17            993.48 9    53 26                                                                                   
          997.648 18          997.653 13    26  9                                                                                   
    (1     1006.19 6           1006.13 6    24  8                                                                                   
    (1      1017.1 3          1016.77 20    59 29                                                                                   
          1042.86 11           1042.93 8    71 34                                                                                   
    (3     1052.19 3         1052.073 17    12  1                                                                                   
          1053.88 20           1053.94 8    52 25                                                                                   
          1081.95 12           1081.90 8    46 18                                                                                   
          1088.64 10           1088.61 8    27  9                                                                                   
    (1    1115.48 23          1115.78 14    85 41                                                                                   
            1120.8 4          1120.98 11    87 46                                                                                   
           1139.65 4           1139.66 4    67 29                                                                                   
           1146.79 7           1146.85 4    43 17                                                                                   
          1161.63 16           1161.60 3    18  5                                                                                   
    (2      1180.8 3           1181.47 8    27  8                                                                                   
    (2     1197.21 7           1197.36 4    28  8                                                                                   
            1208.8 9           1208.57 9    35 12                                                                                   
           1212.52 4         1212.502 20    14  1                                                                                   
            1220.4 6          1220.46 12    51 18                                                                                   
    (2     1253.28 8           1253.46 6    44 16                                                                                   
           1272.32 4           1272.34 3    18  4                                                                                   
           1280.20 7           1280.18 6    61 25                                                                                   
          1288.63 21           1288.52 3    30  8                                                                                   
    (3     1293.71 7         1293.477 25    31  8                                                                                   
           1298.87 6           1298.88 6    90 44                                                                                   
    (2    1303.03 22          1302.55 12    94 53                                                                                   
          1313.29 17          1313.26 16    42 15                                                                                   
    (1    1322.16 14           1322.31 8    19  3                                                                                   
            1343.4 8         1343.998 22    16  1                                                                                   
           1355.18 4         1355.172 15    26  6                                                                                   
          1374.41 14           1374.42 9    53 17                                                                                   
    (2     1394.90 9           1395.13 6    50 16                                                                                   
          1401.26 21           1401.35 8    57 18                                                                                   
    (2      1408.4 3          1409.04 13    78 31                                                                                   
    (1    1416.38 11           1416.54 9    88 36                                                                                   
           1428.18 5           1428.17 4    43 13                                                                                   
           1439.37 3         1439.391 25    17  1                                                                                   
    (1      1450.6 3           1450.90 9    40 12                                                                                   
          1468.56 12           1468.63 4    48 14                                                                                   
    (2     1471.05 8           1470.85 4    25  4                                                                                   
    (1    1506.57 15           1506.34 6    47 13                                                                                   
    (1    1509.64 18           1509.33 8    57 17                                                                                   
    (1      1515.3 4          1515.85 10    80 29                                                                                   
            1523.0 4           1523.06 5    48 13                                                                                   
    (1      1553.1 3           1552.67 7    52 15                                                                                   
    (1      1557.4 7         1558.130 23    31  6                                                                                   
    (1     1559.86 6           1559.92 4    25  2                                                                                   
           1582.51 3         1582.509 15    26  3                                                                                   
    (1    1589.79 20          1590.14 11    99 80                                                                                   
    (2    1607.34 18          1607.77 15    93 38                                                                                   
            1629.2 3           1629.06 4    48 12                                                                                   
    (1     1633.89 6           1633.79 5    36  8                                                                                   
           1637.49 4         1637.510 23    31  5                                                                                   
           1647.33 7           1647.28 5    47 11                                                                                   
    (1     1652.01 6           1651.94 5    65 17                                                                                   
          1666.15 13          1666.15 10    60 16                                                                                   
    (1    1670.32 11           1670.47 8    72 20                                                                                   
    (5     1678.19 4         1677.978 25    21  1                                                                                   
    (1    1682.00 17          1681.74 10    86 31                                                                                   
    (1    1723.07 12           1723.20 5    39  8                                                                                   
           1728.01 6           1728.04 6    97 52                                                                                   
    (2    1732.27 17           1731.91 7    87 30                                                                                   
    (1     1743.40 5           1743.31 3    30  4                                                                                   
    (1      1746.2 3           1745.87 4    25  1                                                                                   
            1748.0 3           1748.26 3    31  4                                                                                   
            1761.6 6           1761.73 9    53 12                                                                                   
            1773.5 3          1773.44 13    98 64                                                                                   
    (2    1799.84 14           1799.51 8    82 24                                                                                   
          1806.57 17           1806.58 8    46  9                                                                                   
    (1     1820.21 6         1820.325 14    26  1                                                                                   
           1832.39 3         1832.382 25    30  2                                                                                   
    (2     1837.44 4         1837.334 23    31  2                                                                                   
    (1    1843.71 14          1843.45 10    89 29                                                                                   
    (1      1849.4 3          1849.03 10    32  4                                                                                   
    (1      1854.3 4           1855.08 7    84 25                                                                                   
    (2    1874.41 20           1874.85 8    35  5                                                                                   
          1890.61 18           1890.63 7    85 25                                                                                   
    (1    1901.52 16           1901.24 9    58 12                                                                                   
          1912.13 17           1912.22 9    40  7                                                                                   
          1916.35 22          1916.19 15    91 30                                                                                   
    (1    1929.63 22          1929.99 13    41  7                                                                                   
          1944.97 24          1945.14 12    51  9                                                                                   
          1966.29 11           1966.32 8    99 67                                                                                   
          1975.26 12           1975.31 9    82 19                                                                                   
           1980.01 8           1980.03 7    34  2                                                                                   
          1985.73 14           1985.60 8    35  4                                                                                   
          1988.92 10           1988.97 7   100 99                                                                                   
          2004.42 10           2004.37 7    87 25                                                                                   
    (1     2023.55 6           2023.62 5    84 20                                                                                   
          2039.33 25           2039.25 6    65 12                                                                                   
            2059.9 3          2060.12 12    64 11                                                                                   
    (2      2082.6 3           2081.91 8    66 11                                                                                   
    (2    2095.76 13           2096.05 7    82 17                                                                                   
          2114.78 20           2114.86 9    54  8                                                                                   
    (1    2120.25 25          2119.86 11    37  4                                                                                   
          2123.95 19          2124.05 10    32  1                                                                                   
    (2    2131.25 22           2130.62 9    58  9                                                                                   
          2144.22 24          2144.08 12    83 17                                                                                   
            2160.4 3           2160.38 9    90 24                                                                                   
    (1    2163.22 11           2163.08 8    33  1                                                                                   
          2177.87 15           2177.98 5    39  4                                                                                   
    (2    2215.88 17           2215.41 8   100 98                                                                                   
            2254.5 9          2254.56 12    64  9                                                                                   
    (1      2315.7 3          2316.08 13    62  8                                                                                   
    (1      2371.4 4          2370.97 12    83 14                                                                                   
          2380.34 18          2380.24 13    78 12                                                                                   
            2389.3 4           2389.37 5    47  4                                                                                   
            2400.0 3           2400.27 4    43  2                                                                                   
    (1    2402.83 24           2402.48 7    55  6                                                                                   
          2411.58 12           2411.49 6    44  2                                                                                   
          2423.94 18           2423.99 7    85 14                                                                                   
    (2      2436.7 4           2435.90 6    70  8                                                                                   
    (1      2448.7 4          2449.14 15    38  1                                                                                   
    (2    2450.91 23           2450.35 7    49  3                                                                                   
    (1    2457.66 18          2457.88 10    86 15                                                                                   
            2478.2 5          2478.51 14    80 10                                                                                   
            2488.4 4           2488.13 9    58  6                                                                                   
            2492.0 8          2491.65 10    81 11                                                                                   
            2508.3 7           2508.28 8    66  7                                                                                   
    (1      2539.3 6           2538.25 9   100 97                                                                                   
            2545.2 5          2544.97 10    60  6                                                                                   
            2553.1 3           2553.16 6    50  2                                                                                   
            2557.8 5          2557.49 14    56  5                                                                                   
    (1      2561.3 6          2560.37 16    42  1                                                                                   
    (1    2569.26 21           2569.63 9    54  4                                                                                   
            2584.3 4           2584.42 7    85 12                                                                                   
            2603.3 3          2603.46 10   100 96                                                                                   
            2608.5 3          2608.45 11    45  1                                                                                   
            2612.1 4          2612.07 12    64  6                                                                                   
    (1      2615.2 8           2613.84 7    52  2                                                                                   
          2619.14 24           2619.36 7    85 11                                                                                   
    (1    2629.61 12           2629.81 7    55  3                                                                                   
            2641.3 3           2641.36 9    76  8                                                                                   
    (1    2664.17 16           2664.39 5    47  1                                                                                   
    (1    2673.42 16           2673.67 7    57  4                                                                                   
    (5    2680.38 13           2681.11 4    48  1                                                                                   
    (2    2687.88 12           2688.16 7    49  1                                                                                   
    (2    2700.26 10           2700.54 6    70  6                                                                                   
    (1      2708.2 4           2707.50 9    97 26                                                                                   
            2713.3 5           2713.24 8    66  5                                                                                   
    (2      2758.8 5          2757.31 14    56  2                                                                                   
            2766.2 5            2765.9 3   100 95                                                                                   
            2770.7 8          2770.85 13    62  4                                                                                   
            2806.9 3          2806.81 10    77  7                                                                                   
    (2    2821.76 13           2822.13 9    73  6                                                                                   
    (1      2824.8 6          2824.17 10    60  2                                                                                   
    (1    2862.63 13          2862.80 11    63  2                                                                                   
          2866.61 15          2866.64 15    68  4                                                                                   
            2870.7 5           2871.11 6    84  8                                                                                   
    (3    2876.19 21           2876.87 9    69  4                                                                                   
    (2      2890.6 3          2891.27 12    64  2                                                                                   
    (1      2896.9 4          2896.23 10    80  7                                                                                   
    (1      2901.2 3           2901.50 9    73  5                                                                                   
    (2    2912.57 18           2913.06 8    66  2                                                                                   
            2918.0 4          2918.02 11    81  7                                                                                   
            2949.5 4          2949.74 10   100 94                                                                                   
    (3    2952.64 21           2953.28 9    58  1                                                                                   
    (2      2968.8 4          2967.69 12    97 19                                                                                   
    (1      2986.9 6          2987.89 20    59  1                                                                                   
    (1      2991.1 4           2991.89 9    89  9                                                                                   
    (1    2996.78 16          2996.48 11    92 11                                                                                   
    (1    3009.32 13           3009.16 7   100 93                                                                                   
          3021.72 21          3021.81 10    80  6                                                                                   
    (2    3025.77 12           3026.02 6    61  1                                                                                   
    (1    3045.46 23           3045.73 7    85  7                                                                                   
    (2    3052.91 19          3052.45 11   100 92                                                                                   
            3067.2 3          3066.95 10    75  4                                                                                   
    (1    3090.95 25           3091.29 6    65  1                                                                                   
    (1      3111.4 4           3110.78 6    67  1                                                                                   
    (2      3121.3 5          3122.52 10    77  4                                                                                   
          3131.70 25          3131.55 15   100 91                                                                                   
    (1    3137.18 17           3137.49 9    98 23                                                                                   
            3165.8 3           3165.69 6    70  1                                                                                   
            3169.4 4           3169.75 8   100 90                                                                                   
    (2    3172.95 11           3172.68 8    98 21                                                                                   
    (2      3208.1 3           3208.87 8    71  1                                                                                   
            3241.9 4          3241.57 12    79  3                                                                                   
          3251.26 24           3251.47 9   100 89                                                                                   
    (1    3270.78 14          3270.93 10    81  3                                                                                   
    (2      3275.2 7           3273.33 9    98 20                                                                                   
          3285.85 18          3285.94 10   100 88                                                                                   
    (1    3293.49 11          3293.63 10    94  9                                                                                   
    (1      3307.4 6          3308.41 12    83  4                                                                                   
    (1    3316.04 18           3315.83 7   100 87                                                                                   
            3322.2 6          3322.79 10    81  2                                                                                   
    (3      3348.5 3           3349.40 9    89  6                                                                                   
          3361.11 18          3361.04 10   100 86                                                                                   
    (1      3383.6 3           3383.04 8    99 22                                                                                   
    (1     3429.40 9           3429.56 6   100 85                                                                                   
            3450.3 3           3450.51 7    85  2                                                                                   
    (1    3465.00 10           3465.11 6   100 84                                                                                   
    (1      3476.9 5            3477.4 3    95  9                                                                                   
          3482.51 17          3482.59 12   100 83                                                                                   
    (1      3486.2 6          3486.95 10    80  1                                                                                   
          3530.56 10           3530.62 7   100 82                                                                                   
            3548.6 3          3548.69 15    91  5                                                                                   
    (1    3556.99 18          3557.27 10   100 81                                                                                   
    (1      3563.7 4           3564.24 7    87  2                                                                                   
    (3      3578.0 3          3579.06 10   100 80                                                                                   
            3586.2 5          3586.63 12   100 79                                                                                   
            3627.9 3          3627.80 11    92  5                                                                                   
          3633.54 22          3633.74 13   100 78                                                                                   
          3668.23 25          3668.48 10   100 77                                                                                   
    (1    3695.05 17           3694.86 8   100 76                                                                                   
          3724.08 11          3724.05 10   100 75                                                                                   
    (1    3732.12 19           3732.33 5   100 74                                                                                   
    (3    3778.38 12           3778.74 9   100 73                                                                                   
    (2    3782.18 17           3781.83 7    93  4                                                                                   
            3814.2 4           3814.54 9    89  1                                                                                   
    (1    3818.14 10           3818.26 8   100 72                                                                                   
    (1      3835.8 5            3834.9 3    95  6                                                                                   
    (1    3857.00 10           3857.14 8   100 71                                                                                   
    (1    3871.04 11           3870.91 7    93  2                                                                                   
            3896.3 4           3896.26 8    90  1                                                                                   
    (1     3900.18 8           3900.32 6   100 70                                                                                   
            3914.0 3           3914.12 9   100 69                                                                                   
            3923.8 6          3924.35 15   100 68                                                                                   
            3955.1 4           3955.23 6   100 67                                                                                   
          3966.99 12           3967.00 8   100 66                                                                                   
    (1    3974.97 13           3974.71 6   100 65                                                                                   
    (2    3988.21 25          3988.79 12   100 64                                                                                   
    (1    4016.95 18          4017.27 11   100 63                                                                                   
            4020.3 6          4020.14 13   100 62                                                                                   
            4024.9 7            4025.1 3    95  4                                                                                   
    (1    4039.82 11           4039.99 6   100 61                                                                                   
    (1    4055.62 19          4055.89 10   100 60                                                                                   
            4078.2 3          4078.12 20   100 59                                                                                   
    (2    4113.25 19           4112.73 9   100 58                                                                                   
          4117.22 12           4117.32 7   100 57                                                                                   
    (1    4122.91 15          4122.75 14   100 56                                                                                   
           4198.32 9           4198.38 7   100 55                                                                                   
    (1    4221.20 12           4221.35 9   100 54                                                                                   
    (1    4251.95 20           4252.22 9   100 53                                                                                   
    (1    4266.54 24           4266.22 7   100 52                                                                                   
          4276.58 10          4276.60 10    96  2                                                                                   
          4298.14 14          4298.20 12   100 51                                                                                   
    (2     4326.66 9           4326.90 6   100 50                                                                                   
          4377.75 10           4377.84 7   100 49                                                                                   
    (2     4385.13 9           4384.89 4   100 48                                                                                   
          4401.69 10           4401.61 5   100 47                                                                                   
    (2      4435.2 7           4436.75 8   100 46                                                                                   
          4457.73 19          4457.55 11   100 45                                                                                   
          4468.58 17           4468.56 6   100 44                                                                                   
          4479.82 10           4479.78 4   100 43                                                                                   
    (2      4506.9 6          4505.62 16   100 42                                                                                   
            4545.2 4          4545.28 13   100 41                                                                                   
          4562.96 11           4563.04 9   100 40                                                                                   
    (2    4612.55 15           4612.99 5   100 39                                                                                   
    (3      4617.8 3          4616.85 15   100 38                                                                                   
          4671.20 12          4671.11 11   100 37                                                                                   
    (2      4703.4 4           4702.40 5   100 36                                                                                   
          4805.30 12           4805.36 8   100 35                                                                                   
          4900.15 23           4900.00 7   100 34                                                                                   
    (1    4903.09 13           4902.90 9   100 33                                                                                   
          4941.94 12          4941.92 10   100 32                                                                                   
    (3     5043.00 9           5042.69 3   100 31                                                                                   
    (3    5047.98 10           5047.64 3   100 30                                                                                   
          5138.98 21           5138.81 5   100 28                                                                                   
    (2     5245.88 9         5245.637 22   100 26                                                                                   
    (1     5320.23 9           5320.09 4   100 25                                                                                   
    (1    5388.12 10           5387.98 3   100 21                                                                                   
          5488.65 18           5488.62 4   100 20                                                                                   
    (1    5505.56 18           5505.82 8   100 19                                                                                   
    (1    5518.73 10           5518.58 4   100 18                                                                                   
            5626.9 4           5626.55 3   100 17                                                                                   
          5722.03 10           5721.93 3   100 16                                                                                   
          5853.41 10         5853.420 24   100 14                                                                                   
            5907.9 4           5907.84 4   100 13                                                                                   
    (2    6013.46 18         6013.837 24   100 12                                                                                   
          6048.84 10         6048.776 21   100 11                                                                                   
          6243.19 10         6243.205 20   100  9                                                                                   
          6336.16 15         6336.062 22   100  8                                                                                   
          6600.66 11         6600.694 20   100  6                                                                                   
          6680.01 11         6680.067 20   100  5                                                                                   
    (1    6790.64 11         6790.806 21   100  4                                                                                   
            6828.1 8         6828.011 21   100  3                                                                                   
          6879.82 12         6879.875 20   100  2                                                                                   
          7065.72 11         7065.807 19   100  1                                                                                   
      DATA SET  1. ENERGIES CORRECTED BY    .0000000+-  .0000000 KEV     CHISQ/F =  3.716         F=246
      CHISQ/F =  3.716      (FIT OF  346GAMMAS -  99LEVELS)
