  22NE    21NE(N,G) E=THERMAL           1968JO09,1970SE14                        
  
         EL                IN             OUT          NET       (+NORM. UNC.)
 *****************************************************************************
             0.0        0.67 19         0.0            0.0            0.0       
      1274.582 7        0.85 13        0.67 19       -0.18 23       -0.18 23    
        3357.2 3        0.63 11        0.41 11       -0.22 16       -0.22 16    
        4456.5 9         0.0            0.18 5         0.18 5         0.18 5    
       5147.5 10         0.0            0.0            0.0            0.0       
       5326.2 10         0.0            0.0            0.0            0.0       
       5365.0 10         0.0            0.0            0.0            0.0       
        5523.2 4         0.14 4         0.32 8         0.18 9         0.18 9    
       5641.3 10         0.0            0.0            0.0            0.0       
       5909.9 10         0.0            0.16 4         0.16 4         0.16 4    
       6311.4 10         0.0            0.0            0.0            0.0       
        6345.2 5         0.33 9         0.32 8         0.0            0.0       
       6636.0 10         0.0            0.0            0.0            0.0       
       6853.4 10         0.0            0.0            0.0            0.0       
       7341.1 10         0.0            0.0            0.0            0.0       
       7406.0 10         0.0            0.0            0.0            0.0       
       7423.0 10         0.0            0.0            0.0            0.0       
       8561.4 10         0.0            0.0            0.0            0.0       
       10363.9 4         0.0           0.58 10        0.58 10        0.58 10    
 *****************************************************************************
                       TOTAL BETA INTENSITY =           0.7 3          0.7 3    
             TOTAL UNPLACED GAMMA INTENSITY =          0.0                      
              NORMALIZATION UNCERTAINTY (%) =   3.7838                          
