              
               LEAST-SQUARES LINEAR REGRESSION OF LEVEL AND GAMMA ENERGIES
 
        LEVEL ENERGIES
    1.     0.0
    2.   320.07 3                       
    3.  1609.235 19                     
    4.  1813.243 19                     
    5.  2699.634 24                     
    6.  3377.67 4                       
    7.  3385.592 23                     
    8.  3395.02 3                       
    9.  3516.95 3                       
   10.  3614.057 24                     
   11.  3803.60 3                       
   12.  3873.72 3                       
   13.  3902.35 3                       
   14.  3919.46 4                       
   15.  3943.33 3                       
   16.  4002.56 4                       
   17.  4124.03 4                       
   18.  4224.80 4                       
   19.  4446.68 3                       
   20.  4493.93 3                       
   21.  4560.55 3                       
   22.  4582.79 4                       
   23.  4894.26 4                       
   24.  4916.11 4                       
   25.  5019.94 4                       
   26.  5030.29 6                       
   27.  5113.30 4                       
   28.  5188.44 3                       
   29.  5208.52 4                       
   30.  5256.01 3                       
   31.  5308.14 6                       
   32.  5325.41 4                       
   33.  5333.28 3                       
   34.  5403.74 5                       
   35.  5628.64 4                       
   36.  5808.06 5                       
   37.  5817.74 5                       
   38.  5849.78 4                       
   39.  5913.59 4                       
   40.  5943.17 5                       
   41.  5948.53 5                       
   42.  5981.38 6                       
   43.  6038.60 5                       
   44.  6059.36 6                       
   45.  6100.80 8                       
   46.  6114.13 5                       
   47.  6259.96 4                       
   48.  6264.56 6                       
   49.  6266.60 7                       
   50.  6297.21 6                       
   51.  6379.89 5                       
   52.  6437.79 4                       
   53.  6464.07 5                       
   54.  6485.46 6                       
   55.  6496.05 6                       
   56.  6570.43 6                       
   57.  6579.46 6                       
   58.  6675.35 7                       
   59.  6830.55 6                       
   60.  6931.22 6                       
   61.  6977.39 5                       
   62. 11051.127 22                     
 
   GAMMA ENERGIES
       50V(N,G) E=THERMAL-  ENERGY     DE    L1  L2
 -----------------------------------------------------------------------------------------------------------------------------------
    (1      313.42 7            313.34 4    33 25                                                                                   
            320.07 6            320.07 3     2  1                                                                                   
            488.11 4          488.127 23    12  7                                                                                   
    (1      524.30 4            524.37 3    38 32                                                                                   
    (1     531.64 14            531.82 7    56 43                                                                                   
    (1     541.87 13            541.64 6    38 31                                                                                   
           541.87 13            541.79 5    14  6                                                                                   
            544.37 7            544.33 3    19 13                                                                                   
    (2       546.7 3            547.51 7    55 41                                                                                   
    (1      557.90 6            557.99 4    21 16                                                                                   
            580.17 7            580.23 4    22 16                                                                                   
    (2     582.22 11            582.45 6    55 39                                                                                   
            587.27 4            587.27 4     0  0                                                                                   
            591.55 4            591.57 3    20 13                                                                                   
            595.94 5            595.94 5     0  0                                                                                   
    (1     597.89 16            598.08 8    57 42                                                                                   
    (2     597.89 16            598.35 6    35 26                                                                                   
    (2     599.91 17            599.54 6    36 29                                                                                   
           608.65 10            608.70 5    35 25                                                                                   
           610.82 10            610.74 4    18 10                                                                                   
    (1       613.8 3            614.28 6    53 38                                                                                   
           617.38 23            617.22 4    21 15                                                                                   
            620.16 4          620.200 25    20 12                                                                                   
           640.31 12            640.38 6    41 31                                                                                   
            685.94 3          685.953 18     7  5                                                                                   
    (2     692.31 10            692.51 5    41 30                                                                                   
    (2     694.34 17            694.75 6    36 27                                                                                   
    (2     695.98 20            695.45 4    30 21                                                                                   
           704.38 16            704.44 6    37 27                                                                                   
           707.76 14            707.85 4    18  9                                                                                   
           746.36 22            746.35 5    17  6                                                                                   
            754.29 5            754.29 5     0  0                                                                                   
            762.06 6            762.08 3    30 20                                                                                   
           779.07 19            779.18 4    22 11                                                                                   
            809.37 9            809.32 3    30 19                                                                                   
           829.79 10            829.84 4    38 25                                                                                   
           829.79 10            829.87 6    40 27                                                                                   
            832.59 3          832.619 23    19 10                                                                                   
           868.08 15            868.07 6    42 27                                                                                   
            879.84 7            879.86 3    20 10                                                                                   
            893.50 9            893.46 6    50 34                                                                                   
    (1      893.50 9            893.64 5    39 25                                                                                   
           909.72 24            909.81 6    34 20                                                                                   
             926.8 3            926.67 5    47 33                                                                                   
    (1      928.70 8            928.58 5    41 25                                                                                   
    (1       931.7 3            931.27 7    48 33                                                                                   
            934.57 3            934.55 3    47 32                                                                                   
            946.82 4            946.82 4     0  0                                                                                   
    (1      972.62 8            972.77 4    24 15                                                                                   
    (2     997.07 20            996.64 5    24 14                                                                                   
    (1     1020.44 7           1020.52 4    23 12                                                                                   
    (1      1038.9 4           1039.41 7    44 25                                                                                   
           1043.60 7           1043.59 4    21  9                                                                                   
    (1      1046.2 3           1045.84 5    35 22                                                                                   
    (1      1046.2 3           1046.60 6    51 33                                                                                   
          1051.54 15           1051.44 5    47 29                                                                                   
          1051.54 15           1051.65 3    19  8                                                                                   
    (1     1061.14 4         1061.080 24    19  7                                                                                   
    (1    1084.77 20           1084.48 5    29 17                                                                                   
           1090.37 3         1090.387 18     5  3                                                                                   
           1096.97 9           1096.97 9     0  0                                                                                   
           1098.61 7           1098.61 7     0  0                                                                                   
          1100.50 15           1100.46 5    25 14                                                                                   
          1100.50 15           1100.59 5    32 18                                                                                   
          1108.52 18           1108.47 4    33 18                                                                                   
    (1    1108.52 18           1108.76 6    50 28                                                                                   
    (2    1165.19 12           1165.51 4    21  8                                                                                   
    (1     1174.04 3         1174.073 21    12  5                                                                                   
           1187.78 5           1187.75 4    22  8                                                                                   
    (2    1224.71 22           1225.25 6    36 22                                                                                   
          1229.56 18           1229.43 6    54 30                                                                                   
           1245.08 4           1245.09 3    28 15                                                                                   
    (2    1249.90 21           1249.34 5    52 28                                                                                   
          1257.09 15           1257.17 6    37 21                                                                                   
    (2     1265.31 6           1265.17 3    29 15                                                                                   
           1267.52 9           1267.52 9     0  0                                                                                   
    (1    1275.39 13           1275.61 5    53 28                                                                                   
           1280.20 6           1280.18 4    23 10                                                                                   
    (1    1288.70 20           1289.04 5    29 14                                                                                   
    (2    1288.70 20           1289.21 4    38 21                                                                                   
    (1     1302.12 5           1302.04 4    24 10                                                                                   
    (1    1305.18 23           1305.56 6    31 16                                                                                   
    (1    1314.29 11           1314.11 5    36 20                                                                                   
          1330.68 11           1330.70 4    33 16                                                                                   
          1330.68 11           1330.78 5    39 22                                                                                   
    (1     1353.19 9           1353.02 4    39 21                                                                                   
          1382.06 12           1382.06 4    32 15                                                                                   
    (1    1382.06 12           1382.27 3    30 12                                                                                   
          1388.78 25           1388.66 6    31 14                                                                                   
          1449.07 20           1449.22 5    40 20                                                                                   
           1493.16 3         1493.146 23     4  2                                                                                   
          1498.73 12           1498.78 6    44 21                                                                                   
    (1      1501.0 3           1501.37 6    34 13                                                                                   
    (1    1520.66 23           1521.06 4    24  8                                                                                   
           1572.39 7         1572.323 20     7  4                                                                                   
    (1     1581.80 4         1581.754 24     8  4                                                                                   
           1609.22 3         1609.208 19     3  1                                                                                   
    (1    1642.14 11           1641.93 3    30 10                                                                                   
           1644.64 8           1644.67 5    26  7                                                                                   
           1660.84 6           1660.84 6     0  0                                                                                   
          1683.92 10           1684.00 6    36 17                                                                                   
    (1    1703.80 10           1703.68 3     9  4                                                                                   
    (1    1703.80 10           1703.98 6    48 21                                                                                   
    (1     1719.12 7           1719.19 3    33 10                                                                                   
           1727.42 5           1727.42 5     0  0                                                                                   
    (1      1759.8 3           1759.21 7    58 24                                                                                   
           1768.83 7           1768.84 5    61 29                                                                                   
           1771.86 7           1771.86 7     0  0                                                                                   
    (1     1776.38 4         1776.324 18     7  3                                                                                   
           1785.72 4         1785.755 24     8  3                                                                                   
    (2     1794.37 4         1794.257 22    20  5                                                                                   
           1800.80 4         1800.780 21    10  4                                                                                   
           1802.79 4           1802.81 3    28  7                                                                                   
            1811.4 3            1811.4 3     0  0                                                                                   
    (1     1813.24 3         1813.209 19     4  1                                                                                   
    (1    1819.27 10           1819.11 6    40 17                                                                                   
          1819.27 10           1819.30 5    51 21                                                                                   
    (2     1847.39 9           1847.19 4    38 16                                                                                   
          1864.02 12           1864.05 6    61 27                                                                                   
    (1     1870.32 4         1870.383 25    30  7                                                                                   
    (2    1874.76 16           1874.38 5    37 15                                                                                   
          1881.24 12           1881.24 6    53 22                                                                                   
          1886.65 15           1886.76 6    34  9                                                                                   
           1914.39 7           1914.40 5    59 24                                                                                   
           1938.22 4           1938.22 3    33  8                                                                                   
          1955.45 13           1955.57 5    33  6                                                                                   
           1970.12 9           1970.10 5    53 20                                                                                   
    (1     1970.12 9           1970.22 4    39 15                                                                                   
           1990.32 4           1990.31 3    11  4                                                                                   
    (1     2004.83 4         2004.780 20    10  3                                                                                   
            2009.0 4           2008.68 6    34  8                                                                                   
    (2      2009.0 4           2009.83 6    56 21                                                                                   
            2011.1 6           2011.19 4    39 13                                                                                   
    (2    2018.59 22           2018.11 5    34  7                                                                                   
    (1    2018.59 22           2018.86 7    57 21                                                                                   
           2083.78 5           2083.78 5     0  0                                                                                   
           2089.07 4         2089.062 24    13  4                                                                                   
           2106.22 6           2106.17 3    14  4                                                                                   
    (1     2130.08 4         2130.037 23    15  4                                                                                   
          2154.91 21           2155.04 6    51 18                                                                                   
           2194.33 5           2194.31 3    11  3                                                                                   
    (2    2198.05 17           2198.40 8    45 13                                                                                   
    (2      2212.7 4           2211.72 5    46 13                                                                                   
            2212.7 4           2212.94 5    52 18                                                                                   
            2228.4 4           2228.62 7    58 19                                                                                   
    (1    2233.82 15           2233.57 4    35  8                                                                                   
    (1    2235.86 11           2235.67 4    38 10                                                                                   
           2243.03 6           2243.00 4    35  7                                                                                   
    (2      2245.7 8           2247.71 6    59 22                                                                                   
            2255.4 4           2255.71 7    44 11                                                                                   
    (1      2255.4 4           2255.81 6    51 17                                                                                   
    (1    2264.78 18         2264.432 23    12  3                                                                                   
           2293.06 4         2293.061 23    13  3                                                                                   
    (1    2301.04 19           2300.74 6    37  9                                                                                   
           2307.21 7           2307.21 7     0  0                                                                                   
    (1     2310.52 5           2310.47 4    46 11                                                                                   
           2334.04 5         2334.035 23    15  3                                                                                   
            2336.6 5           2336.57 6    59 20                                                                                   
            2345.3 5           2345.04 7    48 14                                                                                   
            2345.3 5           2345.57 6    56 18                                                                                   
            2353.8 4           2353.82 6    50 15                                                                                   
    (1    2357.80 18           2357.55 4    47 13                                                                                   
            2361.4 5           2361.37 7    54 17                                                                                   
    (1      2361.4 5           2362.15 6    48 13                                                                                   
    (1      2363.5 4           2364.19 7    49 13                                                                                   
            2377.4 4           2377.27 6    51 16                                                                                   
            2377.4 4           2377.69 6    50 14                                                                                   
          2406.40 14          2406.40 14     0  0                                                                                   
    (1     2411.38 6           2411.50 3    18  4                                                                                   
           2413.54 7           2413.60 4    27  5                                                                                   
    (2      2417.7 4           2416.77 6    61 21                                                                                   
    (2    2422.72 14           2422.40 5    36  7                                                                                   
    (1    2426.29 10           2426.16 5    40  9                                                                                   
          2431.52 14           2431.52 5    41  9                                                                                   
          2436.57 15           2436.50 5    51 15                                                                                   
          2445.16 10           2445.24 6    44 10                                                                                   
    (1      2461.3 3           2460.90 7    48 11                                                                                   
            2461.3 3           2461.45 6    53 16                                                                                   
    (1    2463.94 16           2464.13 4    38  7                                                                                   
          2486.58 14           2486.68 8    45 10                                                                                   
           2488.78 6           2488.74 3    28  5                                                                                   
           2494.37 7           2494.40 4    52 15                                                                                   
    (1     2514.79 5           2514.72 4    17  3                                                                                   
    (1     2528.02 7           2527.93 4    39  7                                                                                   
           2556.33 5           2556.31 3    30  5                                                                                   
    (2    2561.98 11           2561.65 5    53 13                                                                                   
    (1      2571.1 3           2570.79 6    41  6                                                                                   
    (3      2584.7 3           2583.78 8    45  9                                                                                   
           2595.17 8           2595.17 8     0  0                                                                                   
            2604.1 6           2603.64 7    42  6                                                                                   
           2615.53 5           2615.49 3    18  3                                                                                   
    (2    2632.71 24         2633.367 25    19  4                                                                                   
    (1      2636.6 3           2636.06 6    57 15                                                                                   
    (1    2643.69 15           2643.51 5    43  8                                                                                   
    (1    2653.14 17           2652.94 5    43  7                                                                                   
    (1    2661.02 14           2660.86 6    43  6                                                                                   
            2664.1 4           2664.26 6    44  8                                                                                   
    (3    2674.18 15           2673.69 6    44  7                                                                                   
    (1    2676.86 17           2677.03 6    57 13                                                                                   
            2692.8 5           2692.37 7    55 11                                                                                   
            2696.5 5           2696.63 6    56 12                                                                                   
            2706.1 6           2705.66 7    57 12                                                                                   
            2706.1 6           2705.70 8    45  8                                                                                   
          2715.07 18           2715.13 8    45  7                                                                                   
            2719.5 5           2719.02 5    46  8                                                                                   
    (1      2723.9 8           2723.05 8    45  6                                                                                   
    (2      2732.9 4           2731.95 7    58 15                                                                                   
    (1    2747.37 10           2747.53 6    48  9                                                                                   
            2755.4 6           2755.81 7    58 14                                                                                   
            2769.5 3           2769.46 4    22  4                                                                                   
          2775.91 16           2775.78 7    57 11                                                                                   
           2793.81 7           2793.81 7     0  0                                                                                   
          2801.45 19           2801.55 7    58 12                                                                                   
    (1      2824.5 6           2823.65 4    52 10                                                                                   
           2837.38 7         2837.364 24    19  3                                                                                   
    (1    2871.05 14           2871.31 6    54 10                                                                                   
    (1    2880.59 18           2880.92 7    49  7                                                                                   
    (1     2884.52 6         2884.603 22    20  3                                                                                   
           2890.54 8           2890.54 8     0  0                                                                                   
    (1    2928.78 11           2928.92 4    35  5                                                                                   
          2930.46 11          2930.46 11     0  0                                                                                   
    (1    2947.25 18           2947.03 6    53  9                                                                                   
    (1     2951.31 6           2951.23 3    21  3                                                                                   
    (2    2956.98 12           2956.74 6    59 12                                                                                   
          2984.89 15           2984.77 5    51  8                                                                                   
          2994.13 11           2994.21 5    51  7                                                                                   
    (1      3028.4 3           3028.77 6    60 13                                                                                   
    (1     3052.03 7           3052.10 4    52  7                                                                                   
    (1     3057.61 7           3057.50 4     6  2                                                                                   
          3061.34 20           3061.20 7    58 10                                                                                   
          3074.78 19           3074.94 5    61 13                                                                                   
    (1      3108.1 4           3107.68 7    54  6                                                                                   
            3108.1 4           3108.32 5    36  5                                                                                   
    (2     3117.81 9           3118.01 5    37  5                                                                                   
          3127.42 10           3127.52 6    60 11                                                                                   
          3133.15 13          3133.15 13     0  0                                                                                   
           3174.77 9           3174.77 9     0  0                                                                                   
    (2     3184.91 9           3184.73 5    56  7                                                                                   
    (1    3194.09 22           3193.76 6    57  7                                                                                   
    (1     3196.86 8           3196.77 4     9  2                                                                                   
    (1      3200.3 8           3201.68 7    57  6                                                                                   
           3206.53 7           3206.58 3    25  4                                                                                   
    (2    3213.34 20           3213.85 4    39  5                                                                                   
    (1      3216.6 3           3216.94 6    26  4                                                                                   
           3278.00 8           3278.00 8     0  0                                                                                   
           3284.90 7           3284.91 4    23  3                                                                                   
    (1    3289.38 25           3289.65 7    58  7                                                                                   
          3299.97 10           3299.94 4    27  4                                                                                   
    (1      3306.2 4           3306.76 4    24  3                                                                                   
    (2      3318.2 4           3317.05 6    60 10                                                                                   
           3377.57 6           3377.55 4     6  1                                                                                   
    (2     3395.00 7           3395.15 3    29  4                                                                                   
          3402.31 15          3402.31 15     0  0                                                                                   
    (1    3414.57 25           3414.15 6    60  9                                                                                   
          3414.57 25           3414.37 5    46  5                                                                                   
    (2    3420.67 13           3420.94 6    26  3                                                                                   
    (1      3436.2 5           3435.40 6    59  8                                                                                   
            3444.5 5           3444.83 6    59  7                                                                                   
          3448.03 13          3448.03 13     0  0                                                                                   
    (2    3453.30 22           3452.75 6    59  6                                                                                   
    (1    3460.43 11           3460.31 6    61  9                                                                                   
          3494.74 11           3494.77 5    31  4                                                                                   
    (2    3503.61 14           3503.93 4    27  3                                                                                   
           3516.81 7           3516.82 3     9  1                                                                                   
    (1     3519.81 9           3519.91 3    33  4                                                                                   
          3540.87 11          3540.87 11     0  0                                                                                   
    (2      3544.6 4           3545.49 6    60  7                                                                                   
    (1    3559.93 16           3560.20 4    47  5                                                                                   
           3562.44 9           3562.44 9     0  0                                                                                   
    (1    3567.06 20           3566.83 7    49  5                                                                                   
          3590.46 11           3590.36 5    34  4                                                                                   
           3599.19 7           3599.14 3    29  3                                                                                   
           3599.19 7           3599.25 4    14  2                                                                                   
           3609.93 7           3609.93 7     0  0                                                                                   
    (1     3613.76 8         3613.920 24    10  1                                                                                   
    (1    3622.89 15           3623.12 3    15  2                                                                                   
           3634.53 8           3634.53 8     0  0                                                                                   
    (3    3681.68 22           3682.34 4    16  2                                                                                   
    (2    3699.06 13           3698.76 5    31  3                                                                                   
    (1    3715.90 10           3716.03 4    32  3                                                                                   
            3723.6 4           3723.90 3    33  3                                                                                   
           3732.98 9           3732.98 9     0  0                                                                                   
           3759.29 7           3759.29 7     0  0                                                                                   
           3787.97 8           3787.97 8     0  0                                                                                   
          3796.34 11           3796.26 6    55  5                                                                                   
    (1    3803.58 10           3803.45 3    11  1                                                                                   
    (2    3815.49 11           3815.25 4    35  4                                                                                   
           3901.92 9           3901.92 9     0  0                                                                                   
          3915.70 10          3915.70 10     0  0                                                                                   
           3919.27 7           3919.30 4    14  1                                                                                   
           4002.34 7           4002.39 4    16  1                                                                                   
    (2    4018.95 12           4019.24 4    35  3                                                                                   
    (1     4036.47 8           4036.37 3    38  4                                                                                   
          4073.66 13           4073.57 5    62 61                                                                                   
            4100.6 4           4100.17 4    39  4                                                                                   
    (1    4119.53 18           4119.73 6    62 60                                                                                   
    (1     4123.68 9           4123.85 4    17  1                                                                                   
            4129.9 3           4129.75 5    40  4                                                                                   
    (1     4168.07 9           4167.95 6    42  4                                                                                   
           4182.77 9           4182.77 9     0  0                                                                                   
           4198.14 8           4198.14 8     0  0                                                                                   
    (2    4220.66 10           4220.39 5    62 59                                                                                   
          4224.77 22           4224.61 4    18  1                                                                                   
    (1    4224.77 22           4225.17 5    43  4                                                                                   
           4231.34 9           4231.40 6    60  5                                                                                   
    (1    4262.33 17           4262.52 4    22  2                                                                                   
    (2    4300.33 17           4300.69 5    46  4                                                                                   
    (1    4338.79 17           4339.10 5    41  3                                                                                   
          4375.63 10           4375.57 7    62 58                                                                                   
          4391.58 11          4391.58 11     0  0                                                                                   
    (2     4428.96 9           4429.16 5    43  3                                                                                   
            4446.6 5           4446.48 3    19  1                                                                                   
            4446.6 5           4446.51 4    47  4                                                                                   
          4471.39 10           4471.46 6    62 57                                                                                   
          4480.51 11           4480.49 5    62 56                                                                                   
          4483.68 10           4483.75 5    50  4                                                                                   
           4504.20 8           4504.20 8     0  0                                                                                   
    (2    4554.65 10           4554.86 6    62 55                                                                                   
          4560.36 14           4560.33 3    21  1                                                                                   
    (1    4565.33 10           4565.45 6    62 54                                                                                   
    (1    4587.02 11           4586.83 5    62 53                                                                                   
    (1     4612.98 9           4613.11 4    62 52                                                                                   
    (1    4655.41 17           4655.10 6    48  3                                                                                   
          4657.03 13           4657.14 7    49  3                                                                                   
           4670.92 9           4671.01 5    62 51                                                                                   
            4683.0 7           4682.57 6    55  4                                                                                   
    (1     4753.56 9           4753.68 5    62 50                                                                                   
            4756.6 4           4756.95 5    56  4                                                                                   
    (1    4783.92 21           4784.29 7    62 49                                                                                   
    (2    4785.87 17           4786.33 6    62 48                                                                                   
    (2     4791.15 9           4790.92 4    62 47                                                                                   
           4828.23 9           4828.31 4    52  3                                                                                   
           4843.42 9           4843.42 9     0  0                                                                                   
          4875.96 10           4875.97 6    54  3                                                                                   
            4886.4 3           4886.56 6    55  3                                                                                   
    (1     4936.90 9           4936.75 5    62 46                                                                                   
          4949.94 14           4950.07 8    62 45                                                                                   
          4960.91 10           4960.93 5    56  3                                                                                   
            4988.1 3           4987.81 6    31  2                                                                                   
          4991.57 13           4991.51 6    62 44                                                                                   
           5012.29 9           5012.26 5    62 43                                                                                   
            5017.4 4           5017.04 5    59  4                                                                                   
          5065.83 16           5065.85 7    58  3                                                                                   
          5069.57 11           5069.48 6    62 42                                                                                   
           5102.28 9           5102.32 5    62 41                                                                                   
    (1     5107.83 9           5107.68 5    62 40                                                                                   
           5137.34 9           5137.26 4    62 39                                                                                   
            5163.6 4           5163.86 5    61  4                                                                                   
           5201.11 9           5201.06 3    62 38                                                                                   
          5208.08 17           5208.23 4    29  1                                                                                   
           5233.04 9           5233.10 5    62 37                                                                                   
           5242.85 9           5242.78 5    62 36                                                                                   
          5321.80 14           5321.68 6    60  3                                                                                   
          5325.19 19           5325.11 4    32  1                                                                                   
    (1     5422.08 9           5422.17 4    62 35                                                                                   
          5572.42 10          5572.42 10     0  0                                                                                   
          5635.92 10          5635.92 10     0  0                                                                                   
           5647.08 9           5647.05 5    62 34                                                                                   
    (1     5717.33 9           5717.50 3    62 33                                                                                   
          5725.43 10           5725.37 4    62 32                                                                                   
          5742.71 13           5742.64 5    62 31                                                                                   
           5794.78 9           5794.76 3    62 30                                                                                   
            5807.5 9           5807.70 5    36  1                                                                                   
          5842.20 10           5842.25 3    62 29                                                                                   
          5862.28 10           5862.33 3    62 28                                                                                   
          5937.45 10           5937.46 4    62 27                                                                                   
    (2      5975.0 7           5976.76 6    50  2                                                                                   
    (2    5980.74 13           5981.00 6    42  1                                                                                   
          6020.37 11           6020.45 6    62 26                                                                                   
    (1    6030.69 10           6030.81 4    62 25                                                                                   
    (1      6039.0 4           6038.22 5    43  1                                                                                   
          6134.70 12           6134.62 4    62 24                                                                                   
    (1    6156.34 10           6156.47 4    62 23                                                                                   
    (2      6163.9 5           6164.98 6    54  2                                                                                   
    (1      6258.2 4           6258.97 7    57  2                                                                                   
          6266.30 13           6266.19 7    49  1                                                                                   
    (1    6468.13 15           6467.90 4    62 22                                                                                   
          6490.07 11           6490.13 3    62 21                                                                                   
          6556.75 11         6556.749 24    62 20                                                                                   
          6603.94 11           6603.98 3    62 19                                                                                   
          6825.80 11           6825.84 3    62 18                                                                                   
          6926.52 11           6926.60 4    62 17                                                                                   
          7047.93 18           7048.04 4    62 16                                                                                   
          7107.25 12         7107.268 25    62 15                                                                                   
          7131.07 11           7131.13 4    62 14                                                                                   
          7148.31 11         7148.238 25    62 13                                                                                   
          7176.93 11         7176.863 25    62 12                                                                                   
          7247.08 13           7246.97 3    62 11                                                                                   
          7436.54 12         7436.488 22    62 10                                                                                   
          7533.46 14           7533.58 3    62  9                                                                                   
            7655.2 3           7655.49 3    62  8                                                                                   
          7665.02 12         7664.917 20    62  7                                                                                   
          7672.88 13           7672.83 4    62  6                                                                                   
          8350.88 14         8350.759 21    62  5                                                                                   
           9236.99 5         9236.986 18    62  4                                                                                   
           9440.98 5         9440.954 17    62  3                                                                                   
      DATA SET  1. ENERGIES CORRECTED BY    .0000000+-  .0000000 KEV     CHISQ/F =  2.101         F=295
      CHISQ/F =  2.101      (FIT OF  357GAMMAS -  61LEVELS)
