
 
               LEAST-SQUARES LINEAR REGRESSION OF LEVEL AND GAMMA ENERGIES
 
        LEVEL ENERGIES
    1.     0.0
    2.   320.44 5                       
    3.  1609.13 5                       
    4.  1813.31 10                      
    5.  2699.44 9                       
    6.  3377.67 4                       
    7.  3385.591 23                     
    8.  3395.02 3                       
    9.  3516.95 3                       
   10.  3614.18 13                      
   11.  3802.7 3                        
   12.  3873.66 25                      
   13.  3902.35 3                       
   14.  3919.46 4                       
   15.  3943.33 3                       
   16.  4002.56 4                       
   17.  4124.03 4                       
   18.  4225.5 3                        
   19.  4446.68 3                       
   20.  4492.95 24                      
   21.  4561.70 13                      
   22.  4582.79 4                       
   23.  4894.26 4                       
   24.  4916.3 3                        
   25.  5019.1 7                        
   26.  5030.29 6                       
   27.  5113.30 4                       
   28.  5187.1 4                        
   29.  5208.52 4                       
   30.  5257.1 3                        
   31.  5308.14 6                       
   32.  5327.0 3                        
   33.  5332.1 5                        
   34.  5401.9 4                        
   35.  5627.7 7                        
   36.  5808.11 5                       
   37.  5817.74 5                       
   38.  5849.78 4                       
   39.  5913.5 4                        
   40.  5943.17 5                       
   41.  5950.1 4                        
   42.  5981.8 4                        
   43.  6038.60 5                       
   44.  6059.36 6                       
   45.  6100.80 8                       
   46.  6113.0 7                        
   47.  6262.6 4                        
   48.  6266.4 3                        
   49.  6266.60 7                       
   50.  6297.21 6                       
   51.  6382.3 3                        
   52.  6438.4 5                        
   53.  6464.24 23                      
   54.  6485.4 6                        
   55.  6496.05 6                       
   56.  6570.44 6                       
   57.  6579.4 6                        
   58.  6672.9 7                        
   59.  6830.55 6                       
   60.  6931.22 6                       
   61.  6977.39 5                       
   62. 11050.55 17                      
 
   GAMMA ENERGIES
       50V(N,G) E=THERMAL-  ENERGY     DE    L1  L2
 -----------------------------------------------------------------------------------------------------------------------------------
            320.44 5            320.44 5     2  1                                                                                   
           590.60 24           590.60 24    20 13                                                                                   
             597.6 4             597.6 4    57 42                                                                                   
             642.0 4             642.0 4    41 31                                                                                   
             708.5 3             708.5 3    18  9                                                                                   
             868.5 4             868.5 4    42 27                                                                                   
             935.6 3             935.6 3    47 32                                                                                   
           1090.29 8           1090.29 8     5  3                                                                                   
          1166.66 13          1166.66 13    21  8                                                                                   
          1174.21 23          1174.21 23    12  5                                                                                   
          1251.28 22          1251.28 22    52 28                                                                                   
            1277.3 5            1277.1 4    53 28                                                                                   
            1302.1 3            1302.1 3    24 10                                                                                   
          1492.84 19          1492.85 10     4  2                                                                                   
    (1     1609.16 5           1609.11 5     3  1                                                                                   
            1704.7 3            1704.7 3    48 21                                                                                   
            1801.9 7            1801.5 4    28  7                                                                                   
          1813.28 11          1813.28 10     4  1                                                                                   
          1820.56 24          1820.56 24    51 21                                                                                   
          1881.36 24          1881.41 23    53 22                                                                                   
            1884.9 4            1884.9 4    34  9                                                                                   
            1937.0 5            1937.0 5    33  8                                                                                   
    (2    2005.36 13          2005.00 12    10  3                                                                                   
            2193.5 3            2193.5 3    11  3                                                                                   
            2242.1 7            2242.1 7    35  7                                                                                   
            2310.3 6            2310.3 6    46 11                                                                                   
            2557.6 3            2557.6 3    30  5                                                                                   
            2753.4 7            2753.4 7    58 14                                                                                   
            2871.1 6            2871.1 6    54 10                                                                                   
            3205.7 7            3205.7 7    25  4                                                                                   
            3214.0 4            3214.0 4    39  5                                                                                   
           3377.55 4           3377.55 4     6  1                                                                                   
         3385.471 23         3385.471 23     7  1                                                                                   
           3394.90 3           3394.90 3     8  1                                                                                   
           3516.82 3           3516.82 3     9  1                                                                                   
            3717.7 3            3717.7 3    32  3                                                                                   
           3902.19 3           3902.19 3    13  1                                                                                   
           3919.30 4           3919.30 4    14  1                                                                                   
           3943.17 3           3943.17 3    15  1                                                                                   
           4002.39 4           4002.39 4    16  1                                                                                   
           4123.85 4           4123.85 4    17  1                                                                                   
           4446.47 3           4446.47 3    19  1                                                                                   
            4479.4 7          4479.90 18    62 56                                                                                   
           4582.57 4           4582.57 4    22  1                                                                                   
           4894.01 4           4894.01 4    23  1                                                                                   
           5030.02 6           5030.02 6    26  1                                                                                   
           5113.02 4           5113.02 4    27  1                                                                                   
           5208.23 4           5208.23 4    29  1                                                                                   
    (4    5241.34 20          5242.15 17    62 36                                                                                   
           5307.84 6           5307.84 6    31  1                                                                                   
    (1     5807.70 5           5807.75 5    36  1                                                                                   
           5817.38 5           5817.38 5    37  1                                                                                   
           5849.42 4           5849.42 4    38  1                                                                                   
           5942.80 5           5942.80 5    40  1                                                                                   
           6038.22 5           6038.22 5    43  1                                                                                   
           6058.97 6           6058.97 6    44  1                                                                                   
           6100.41 8           6100.41 8    45  1                                                                                   
           6266.19 7           6266.19 7    49  1                                                                                   
           6296.79 6           6296.79 6    50  1                                                                                   
           6495.61 6           6495.61 6    55  1                                                                                   
           6569.98 6           6569.98 6    56  1                                                                                   
           6830.06 6           6830.06 6    59  1                                                                                   
           6930.71 6           6930.71 6    60  1                                                                                   
           6976.88 5           6976.88 5    61  1                                                                                   
    (6      7437.7 3          7435.79 19    62 10                                                                                   
      DATA SET  1. ENERGIES CORRECTED BY    .0000000+-  .0000000 KEV     CHISQ/F =  22.65         F=  3
      CHISQ/F =  22.65      (FIT OF   65GAMMAS -  61LEVELS)
