
               LEAST-SQUARES LINEAR REGRESSION OF LEVEL AND GAMMA ENERGIES
 
        LEVEL ENERGIES
    1.     0.0
    2.    17.159 5                      
    3.    22.7633 25                    
    4.   141.608 6                      
    5.   147.952 15                     
    6.   436.762 13                     
    7.   793.666 15                     
    8.   846.025 16                     
    9.  1289.78 4                       
   10.  1418.88 3                       
   11.  1558.940 25                     
   12.  1579.29 14                      
   13.  1732.77 5                       
   14.  1759.69 5                       
   15.  1770.43 3                       
   16.  1795.283 24                     
   17.  2100.977 21                     
   18.  2168.74 5                       
   19.  2318.13 8                       
   20.  2427.73 5                       
   21.  2539.02 9                       
   22.  2559.37 4                       
   23.  2743.24 17                      
   24.  2776.04 14                      
   25.  2824.93 15                      
   26.  2858.88 7                       
   27.  2910.47 4                       
   28.  2986.90 15                      
   29.  3008.88 21                      
   30.  3059.66 21                      
   31.  3184.34 3                       
   32.  3194.54 7                       
   33.  3199.14 21                      
   34.  3315.19 5                       
   35.  3334.01 13                      
   36.  3449.80 18                      
   37.  3474.1 3                        
   38.  3538.63 16                      
   39.  3576.14 13                      
   40.  3644.96 5                       
   41.  3729.8 3                        
   42.  3732.68 6                       
   43.  3777.02 14                      
   44.  3808.78 13                      
   45.  4108.96 18                      
   46.  4278.65 16                      
   47.  4285.28 4                       
   48.  4420.3 3                        
   49.  4483.32 4                       
   50.  4519.49 21                      
   51.  4609.43 3                       
   52.  4755.05 6                       
   53.  5038.77 12                      
   54.  7311.46 4                       
 
   GAMMA ENERGIES
       51V(N,G) E=THERMAL-  ENERGY     DE    L1  L2
 -----------------------------------------------------------------------------------------------------------------------------------
            17.156 5            17.159 5     2  1                                                                                   
          22.7635 25          22.7633 25     3  1                                                                                   
    (1      125.23 3          125.189 15     5  3                                                                                   
           141.610 6           141.608 6     4  1                                                                                   
    (4      148.09 3          147.952 15     5  1                                                                                   
    (1    295.196 25          295.153 13     6  4                                                                                   
    (1      357.04 9          356.902 18     7  6                                                                                   
          419.624 24          419.601 13     6  2                                                                                   
          436.765 23          436.760 13     6  1                                                                                   
    (2      505.40 4            505.50 4    16  9                                                                                   
    (1      572.99 9            572.85 3    10  8                                                                                   
    (3    645.789 22          645.709 16     7  5                                                                                   
           655.43 11            655.51 9    32 21                                                                                   
            682.09 4            682.10 3    17 10                                                                                   
    (1      698.16 9          698.068 21     8  5                                                                                   
    (1      712.96 5            712.91 3    11  8                                                                                   
            776.53 7          776.500 16     7  2                                                                                   
    (1    793.614 23          793.659 15     7  1                                                                                   
            823.26 3          823.255 16     8  3                                                                                   
    (1    846.046 24          846.018 16     8  1                                                                                   
            886.72 9            886.73 5    13  8                                                                                   
           899.30 18            899.25 8    19 10                                                                                   
            982.15 5            982.11 3    10  6                                                                                   
    (2     1001.69 4         1001.607 25    16  7                                                                                   
          1093.67 15           1093.55 7    32 17                                                                                   
           1254.97 4         1254.936 24    17  8                                                                                   
    (6    1271.97 10           1272.60 4     9  2                                                                                   
           1307.25 5         1307.294 24    17  7                                                                                   
    (6      1327.3 7           1322.70 5    18  8                                                                                   
    (1     1323.00 7           1322.91 5    14  6                                                                                   
           1333.58 7           1333.65 4    15  6                                                                                   
           1358.52 3         1358.502 23    16  6                                                                                   
          1375.14 11           1375.05 5    18  7                                                                                   
           1401.68 7           1401.70 3    10  2                                                                                   
          1411.08 21           1410.97 3    11  5                                                                                   
    (1     1418.72 8           1418.86 3    10  1                                                                                   
          1424.20 12           1424.09 7    32 15                                                                                   
    (3    1471.51 19           1472.08 8    19  8                                                                                   
    (1    1524.69 22           1524.44 8    19  7                                                                                   
    (1      1536.5 3         1536.152 25    11  3                                                                                   
           1558.89 3         1558.915 25    11  1                                                                                   
            1574.4 4          1574.29 14    35 14                                                                                   
          1579.32 15          1579.27 14    12  1                                                                                   
          1584.78 19           1584.79 5    13  5                                                                                   
           1611.67 7           1611.71 5    14  5                                                                                   
    (1     1622.49 4           1622.45 3    15  5                                                                                   
    (3    1634.38 10           1634.04 5    20  7                                                                                   
    (1    1653.95 18         1653.647 25    16  4                                                                                   
    (1     1664.28 5         1664.187 23    17  6                                                                                   
          1692.99 20           1692.97 9    21  8                                                                                   
           1710.00 9           1709.97 5    13  3                                                                                   
          1732.71 11           1732.73 5    13  1                                                                                   
            1742.8 4           1742.50 5    14  2                                                                                   
    (1    1747.50 12           1747.63 3    15  3                                                                                   
          1775.69 24           1775.63 7    32 10                                                                                   
          1778.02 13         1778.092 24    16  2                                                                                   
          1795.11 14         1795.250 24    16  1                                                                                   
    (1    1930.32 24          1929.98 14    24  8                                                                                   
           1953.01 5         1952.986 24    17  5                                                                                   
    (2      1974.2 5           1972.95 8    42 14                                                                                   
            1980.4 3          1980.43 21    50 21                                                                                   
    (1     2020.64 9           2020.74 5    18  5                                                                                   
            2038.4 3          2038.31 13    44 15                                                                                   
            2075.7 7          2075.97 14    44 13                                                                                   
    (1    2083.53 14         2083.774 22    17  2                                                                                   
    (2     2100.74 8         2100.932 21    17  1                                                                                   
    (1    2110.14 20          2109.87 16    46 18                                                                                   
           2145.88 7           2145.93 5    18  3                                                                                   
            2163.1 3          2162.81 21    29  8                                                                                   
    (2    2169.21 22           2168.69 5    18  1                                                                                   
    (2      2248.9 4          2249.79 13    44 11                                                                                   
          2272.67 12          2272.63 11    54 53                                                                                   
    (2    2285.86 10           2286.07 5    20  4                                                                                   
            2300.7 5           2300.92 8    19  2                                                                                   
          2318.05 14           2318.08 8    19  1                                                                                   
            2348.6 3           2348.46 7    32  8                                                                                   
          2388.08 25          2388.11 15    25  6                                                                                   
    (1     2410.37 8           2410.51 5    20  2                                                                                   
          2427.86 21           2427.67 5    20  1                                                                                   
    (1    2515.88 17           2516.20 9    21  3                                                                                   
           2559.30 4           2559.30 4    22  1                                                                                   
    (2      2623.8 4          2622.83 21    30  6                                                                                   
            2628.1 6            2628.0 3    37  8                                                                                   
    (2      2647.7 7            2649.8 3    48 15                                                                                   
          2656.07 24          2656.06 18    36  7                                                                                   
            2701.9 3           2701.95 5    54 51                                                                                   
          2710.95 13           2710.85 7    26  5                                                                                   
    (1      2724.9 4          2724.13 21    50 16                                                                                   
          2743.07 20          2743.16 17    23  1                                                                                   
    (1    2758.56 20          2758.80 14    24  2                                                                                   
    (1      2792.6 4          2791.88 21    54 50                                                                                   
            2807.5 3          2807.69 15    25  2                                                                                   
    (3    2827.26 20           2828.05 5    54 49                                                                                   
           2841.59 9           2841.64 7    26  2                                                                                   
           2861.8 17          2860.85 21    29  5                                                                                   
    (1      2890.7 3            2891.1 3    54 48                                                                                   
           2910.38 4           2910.38 4    27  1                                                                                   
            2962.6 3          2962.67 13    44  8                                                                                   
          2986.68 18          2986.81 15    28  1                                                                                   
    (2    3015.64 25          3015.02 13    44  7                                                                                   
          3026.03 19           3026.08 5    54 47                                                                                   
    (1    3033.10 24          3032.71 16    54 46                                                                                   
          3046.38 16           3046.49 7    32  5                                                                                   
            3051.3 6          3051.10 21    33  5                                                                                   
            3059.3 3          3059.57 21    30  1                                                                                   
            3101.8 6          3101.77 16    38  6                                                                                   
    (1    3139.62 21          3139.28 13    39  6                                                                                   
    (1      3172.3 4           3171.67 7    32  3                                                                                   
          3176.25 22          3176.28 21    33  3                                                                                   
           3184.24 3           3184.24 3    31  1                                                                                   
            3202.6 3          3202.39 18    54 45                                                                                   
           3315.08 5           3315.08 5    34  1                                                                                   
          3333.97 19          3333.89 13    35  1                                                                                   
            3390.4 3          3390.56 16    38  5                                                                                   
    (1      3426.3 5          3426.91 18    36  3                                                                                   
    (1      3502.9 3          3502.55 13    54 44                                                                                   
          3534.29 15          3534.31 14    54 43                                                                                   
            3558.7 3          3558.85 13    39  2                                                                                   
    (5    3577.89 13           3578.64 7    54 42                                                                                   
    (1      3581.1 4            3581.5 3    54 41                                                                                   
           3644.82 5           3644.82 5    40  1                                                                                   
          3672.18 23          3672.06 18    45  6                                                                                   
    (1      3706.5 4            3706.9 3    41  3                                                                                   
    (3     3715.14 7           3715.38 6    42  2                                                                                   
    (1    3735.37 18          3735.17 13    54 39                                                                                   
            3754.0 4          3754.11 14    43  3                                                                                   
          3772.62 19          3772.68 16    54 38                                                                                   
            3837.2 3            3837.2 3    54 37                                                                                   
            3861.3 3          3861.50 18    54 36                                                                                   
          3977.41 21          3977.29 13    54 35                                                                                   
    (1    4117.10 21           4116.74 7    54 32                                                                                   
    (1      4127.4 4           4126.94 5    54 31                                                                                   
            4192.8 3          4192.56 12    53  8                                                                                   
    (1      4252.1 4          4251.61 21    54 30                                                                                   
           4285.09 4           4285.09 4    47  1                                                                                   
    (1      4302.7 3          4302.38 21    54 29                                                                                   
    (1      4324.0 3          4324.36 16    54 28                                                                                   
          4452.36 25           4452.37 8    54 26                                                                                   
           4483.08 4           4483.11 4    49  1                                                                                   
          4486.20 22          4486.32 15    54 25                                                                                   
            4535.2 4          4535.21 15    54 24                                                                                   
            4567.8 3          4568.00 17    54 23                                                                                   
           4609.21 3           4609.21 3    51  1                                                                                   
           4754.82 6           4754.82 6    52  1                                                                                   
            4771.9 3           4772.20 9    54 21                                                                                   
          4883.41 13           4883.48 6    54 20                                                                                   
    (2    4992.66 19           4993.07 8    54 19                                                                                   
          5142.40 14           5142.44 6    54 18                                                                                   
          5210.18 16           5210.20 4    54 17                                                                                   
          5515.90 17           5515.86 4    54 16                                                                                   
          5551.65 21           5551.44 6    54 14                                                                                   
            5578.4 3           5578.37 6    54 13                                                                                   
            5732.2 4          5731.82 14    54 12                                                                                   
          5752.27 14           5752.17 4    54 11                                                                                   
    (1    5892.46 15           5892.22 4    54 10                                                                                   
          6465.09 18           6465.00 4    54  8                                                                                   
    (1    6517.62 15           6517.35 4    54  7                                                                                   
    (1    6874.48 20           6874.21 4    54  6                                                                                   
    (1    7163.17 18           7162.97 4    54  5                                                                                   
            7288.2 3           7288.14 4    54  3                                                                                   
    (1    7294.13 23           7293.75 4    54  2                                                                                   
          7310.98 21           7310.90 4    54  1                                                                                   
      DATA SET  1. ENERGIES CORRECTED BY    .0000000+-  .0000000 KEV     CHISQ/F =  3.533         F=108
      CHISQ/F =  3.533      (FIT OF  162GAMMAS -  53LEVELS)
