  55FE    54FE(N,G),(POL N,G) E=THERMAL 1972KO15,1967AR14,1990KU2691ND           
  
         EL                IN             OUT          NET       (+NORM. UNC.)
 *****************************************************************************
             0.0          100 6         0.0            0.0            0.0       
         412.0 7        22.0 21           17 4           -5 4           -5 4    
        931.0 20         0.0            1.9 10         1.9 10         1.9 10    
          1315 3         0.0             0.7 4          0.7 4          0.7 4    
       1918.1 12          1.4 5         2.6 11         1.2 12         1.2 12    
        2050.9 8        1.83 18          3.4 8          1.6 9          1.6 9    
        2470.4 7        1.74 18         5.4 17         3.7 18         3.7 18    
          2873 5         0.0             1.0 6          1.0 6          1.0 6    
        3028.9 8          2.9 3         4.6 16         1.7 16         1.7 16    
          3300           0.0            0.0            0.0            0.0       
        3552.4 9        2.11 18          1.3 6         -0.8 7         -0.8 7    
        3790.4 8          2.2 3         3.8 11         1.6 11         1.6 11    
        3906.8 9        1.10 18          0.7 4         -0.4 4         -0.4 4    
        4495.1 7          2.7 3         3.1 16         0.0            0.0       
        4708.3 7          2.4 3          2.3 4         0.0            0.0       
       4867.2 21         0.0             1.5 7          1.5 7          1.5 7    
          5119 3          0.7 4           1.            0.9 4          0.9 4    
        9298.2 6         0.0              89 4           89 4           89 4    
 *****************************************************************************
                       TOTAL BETA INTENSITY =           100 7          100 7    
             TOTAL UNPLACED GAMMA INTENSITY =            6.                     
              NORMALIZATION UNCERTAINTY (%) =    .0000                          
