
               LEAST-SQUARES LINEAR REGRESSION OF LEVEL AND GAMMA ENERGIES
 
        LEVEL ENERGIES
    1.     0.0
    2.    14.399 11                     
    3.   136.486 13                     
    4.   366.753 9                      
    5.   706.400 15                     
    6.  1007.16 14                      
    7.  1197.4 3                        
    8.  1265.065 21                     
    9.  1357.14 11                      
   10.  1627.250 16                     
   11.  1725.408 17                     
   12.  1976.73 19                      
   13.  2113.02 16                      
   14.  2206.80 13                      
   15.  2217.73 17                      
   16.  2330.08 12                      
   17.  2455.1 4                        
   18.  2505.29 14                      
   19.  2564.32 20                      
   20.  2599.92 21                      
   21.  2697.31 16                      
   22.  2758.34 9                       
   23.  2821.14 23                      
   24.  2835.91 6                       
   25.  2855.13 23                      
   26.  2904.27 24                      
   27.  2921.49 11                      
   28.  2970.99 14                      
   29.  2987.56 11                      
   30.  3059.3 3                        
   31.  3098.98 18                      
   32.  3122.76 19                      
   33.  3182.91 13                      
   34.  3205.6 5                        
   35.  3240.08 7                       
   36.  3301.94 10                      
   37.  3322.53 9                       
   38.  3336.64 24                      
   39.  3339.9 4                        
   40.  3371.22 12                      
   41.  3427.64 4                       
   42.  3535.95 16                      
   43.  3561.41 11                      
   44.  3608.5 2                        
   45.  3791.60 7                       
   46.  3862.33 17                      
   47.  3936.0 7                        
   48.  3982.09 15                      
   49.  4042.69 22                      
   50.  4136.87 10                      
   51.  4143.5 4                        
   52.  4209.59 11                      
   53.  4378.89 10                      
   54.  4459.78 11                      
   55.  4572.4 3                        
   56.  4597.6 3                        
   57.  4691.91 11                      
   58.  5140.27 18                      
   59.  5179.36 16                      
   60.  5221.55 24                      
   61.  5238.4 4                        
   62.  7646.0955 5                     
 
   GAMMA ENERGIES
       56FE(N,G), (POL N,-  ENERGY     DE    L1  L2
 -----------------------------------------------------------------------------------------------------------------------------------
             14.4 10           14.399 11     2  1                                                                                   
          122.080 20          122.087 13     3  2                                                                                   
    (1    136.520 20          136.486 13     3  1                                                                                   
            211.87 9            211.91 9    33 28                                                                                   
    (1    230.290 20          230.266 12     4  3                                                                                   
             251.1 3           251.32 19    12 11                                                                                   
             335.9 3           336.19 22    53 49                                                                                   
           339.54 18          339.647 14     5  4                                                                                   
          352.360 10           352.352 9     4  2                                                                                   
          366.750 10           366.752 9     4  1                                                                                   
             460.1 4            460.34 3    11  8                                                                                   
            564.19 6            564.18 6    37 22                                                                                   
            569.92 4          569.911 16     5  3                                                                                   
    (1     575.09 19           575.46 12    50 43                                                                                   
           598.63 14           598.63 14     0  0                                                                                   
    (1     601.30 20           601.08 18    52 44                                                                                   
           603.54 19           603.40 18    23 15                                                                                   
            657.56 9            657.48 9    29 16                                                                                   
    (1    692.030 20          691.997 13     5  2                                                                                   
    (1       703.4 4           702.82 12    16 10                                                                                   
           706.40 20          706.396 15     5  1                                                                                   
            723.0 20           722.88 17    24 13                                                                                   
    (1       735.1 3           734.79 15    35 18                                                                                   
            747.31 7            747.31 7     0  0                                                                                   
             749.4 4             749.4 4     0  0                                                                                   
            803.09 8            803.06 8    43 22                                                                                   
             818.6 3             818.6 3     0  0                                                                                   
            834.91 8            834.92 7    50 36                                                                                   
    (3       837.9 3           838.91 20    19 11                                                                                   
    (3       849.5 5           847.95 17    13  8                                                                                   
           870.75 17           870.67 14     6  3                                                                                   
           884.78 10           884.78 10    39 17                                                                                   
    (1    898.280 20          898.305 19     8  4                                                                                   
          920.850 20          920.842 15    10  5                                                                                   
            942.0 14           941.72 13    14  8                                                                                   
    (1       977.1 7           976.10 18    33 14                                                                                   
             988.2 5             987.9 4    34 15                                                                                   
    (1       991.8 5           992.75 14     6  2                                                                                   
    (1      1006.9 5          1007.66 16    53 40                                                                                   
    (1   1019.020 20         1018.997 16    11  5                                                                                   
    (1      1022.0 3          1022.34 17    35 15                                                                                   
            1026.4 3          1026.67 16    52 33                                                                                   
            1041.1 5          1041.13 17    40 16                                                                                   
            1043.9 4            1043.9 4     0  0                                                                                   
    (1      1077.3 3            1077.6 3    50 30                                                                                   
    (1      1110.9 3          1110.59 19    52 31                                                                                   
          1115.64 15          1115.72 12    37 14                                                                                   
            1119.8 6            1119.9 4    54 39                                                                                   
    (1     1159.5 13            1160.9 3    48 23                                                                                   
            1186.0 5            1186.0 5     0  0                                                                                   
           1197.27 6           1197.25 6    59 48                                                                                   
            1197.4 4            1197.4 3     7  1                                                                                   
           1215.38 4           1215.37 4    50 27                                                                                   
           1218.55 4           1218.55 4     0  0                                                                                   
    (3     1250.99 9         1250.651 21     8  2                                                                                   
            1255.5 8          1256.11 22    53 32                                                                                   
    (3     1260.60 3         1260.483 14    10  4                                                                                   
            1263.3 3          1263.34 20    35 12                                                                                   
            1282.3 6          1281.73 24    50 25                                                                                   
    (1      1284.0 5          1284.77 20    48 21                                                                                   
            1300.9 4          1300.95 11    50 24                                                                                   
            1305.3 3          1305.30 23    52 26                                                                                   
    (1      1345.2 5          1345.78 21    37 12                                                                                   
            1355.6 4          1355.25 25    57 38                                                                                   
          1357.13 13          1357.12 11     9  1                                                                                   
    (1     1358.71 4         1358.637 17    11  4                                                                                   
           1360.5 10          1360.78 20    54 31                                                                                   
    (1    1369.10 20          1369.36 12    57 37                                                                                   
            1371.6 4            1371.6 4     0  0                                                                                   
    (2    1381.70 20          1382.16 18    48 20                                                                                   
          1412.01 12          1412.01 12     0  0                                                                                   
            1430.2 4            1430.2 4     0  0                                                                                   
           1435.58 8           1435.58 8     0  0                                                                                   
    (4      1447.0 3          1448.37 18    43 13                                                                                   
            1457.4 5          1457.48 13    33 11                                                                                   
    (2      1460.9 3          1461.50 14    45 16                                                                                   
    (1      1487.2 9            1486.2 5    57 34                                                                                   
    (2      1492.4 4          1493.26 10    22  8                                                                                   
          1506.00 20          1506.00 20     0  0                                                                                   
            1584.6 3          1584.78 14    45 14                                                                                   
    (2   1612.780 20         1612.827 14    10  2                                                                                   
    (2     1627.05 7         1627.226 16    10  1                                                                                   
            1646.0 3          1645.79 12    40 11                                                                                   
          1655.51 11          1655.51 11    46 14                                                                                   
            1672.1 8            1672.1 8     0  0                                                                                   
          1674.62 12          1674.67 10    36 10                                                                                   
           1691.0 10           1691.0 10     0  0                                                                                   
          1697.34 12          1697.34 12     0  0                                                                                   
    (2      1700.8 3          1701.41 13    54 22                                                                                   
            1705.0 8          1704.27 17    52 18                                                                                   
    (2      1710.2 3         1710.981 18    11  2                                                                                   
            1717.2 3            1717.2 3     0  0                                                                                   
          1722.40 12          1722.47 10    29  8                                                                                   
    (2     1725.29 3         1725.380 17    11  1                                                                                   
          1760.10 20          1760.10 20     0  0                                                                                   
            1802.3 6            1802.3 6     0  0                                                                                   
          1810.51 16          1810.51 16    42 11                                                                                   
    (2      1812.9 5          1813.95 25    23  6                                                                                   
            1825.9 3          1825.74 16    33  9                                                                                   
           1828.9 10          1828.71 15    24  6                                                                                   
            1836.4 4          1836.75 23    57 25                                                                                   
            1841.9 4            1841.9 4     0  0                                                                                   
            1851.3 4          1850.95 17    15  4                                                                                   
            1855.9 4          1855.97 12    57 24                                                                                   
    (1      1899.5 5          1900.15 19    58 35                                                                                   
            1927.6 5            1927.6 5     0  0                                                                                   
    (2      1931.8 7          1930.04 15    50 14                                                                                   
            1943.1 5            1943.1 5     0  0                                                                                   
          1965.30 20          1965.35 12    37  9                                                                                   
    (2      1973.4 4            1972.4 3    55 20                                                                                   
           1976.4 11          1976.69 19    12  1                                                                                   
    (2      1982.1 4          1981.22 20    44 10                                                                                   
            1987.0 7            1987.0 7     0  0                                                                                   
           1991.0 10          1990.87 16    21  5                                                                                   
          2033.20 20          2033.24 19    56 19                                                                                   
            2039.7 4            2039.7 4     0  0                                                                                   
            2045.7 4            2045.7 4     0  0                                                                                   
          2066.17 11           2066.15 7    45 11                                                                                   
            2068.9 5            2068.9 5     0  0                                                                                   
            2081.2 3          2081.20 17    15  3                                                                                   
          2091.85 15          2091.78 14    31  6                                                                                   
           2097.0 20          2096.52 20    52 13                                                                                   
           2101.3 14           2101.3 14     0  0                                                                                   
            2104.5 5            2104.5 3    36  7                                                                                   
    (1      2113.4 3          2112.98 16    13  1                                                                                   
           2129.48 7           2129.46 6    24  5                                                                                   
          2138.63 17          2138.49 14    18  4                                                                                   
          2151.50 20          2151.50 20     0  0                                                                                   
    (2    2164.69 17           2164.31 7    45 10                                                                                   
            2186.6 4          2186.58 17    57 18                                                                                   
    (1      2192.8 4          2192.35 13    14  2                                                                                   
            2198.2 5          2197.83 24    26  5                                                                                   
            2202.7 8          2203.29 17    15  2                                                                                   
            2206.8 6          2206.75 13    14  1                                                                                   
    (2      2216.2 5          2215.05 11    27  5                                                                                   
            2246.0 5            2246.0 5     0  0                                                                                   
    (2      2348.9 9          2346.70 19    54 13                                                                                   
            2351.7 5            2351.7 5     0  0                                                                                   
            2385.3 4          2385.59 24    60 24                                                                                   
    (1    2391.80 20           2391.54 9    22  4                                                                                   
            2407.4 4            2407.6 4    62 61                                                                                   
            2415.1 3          2415.39 22    49 10                                                                                   
            2424.3 9          2424.49 24    62 60                                                                                   
            2455.0 5            2455.1 4    17  1                                                                                   
    (1      2462.1 7          2463.37 21    20  3                                                                                   
            2466.0 9          2466.68 16    62 59                                                                                   
    (2      2480.2 6          2481.99 21    59 21                                                                                   
    (1      2486.0 6          2485.05 15    57 14                                                                                   
           2490.8 13          2490.83 14    18  2                                                                                   
    (2      2507.2 7          2505.77 18    62 58                                                                                   
    (1      2517.0 5            2516.2 4    51 10                                                                                   
            2526.2 3           2526.48 7    45  8                                                                                   
            2534.0 6            2534.0 6     0  0                                                                                   
            2537.1 5          2537.46 24    26  4                                                                                   
    (3      2562.4 5          2564.26 20    19  1                                                                                   
    (5      2574.3 3          2575.88 22    58 19                                                                                   
            2582.0 3          2582.27 11    52 10                                                                                   
    (1     2598.1 11          2599.85 21    20  1                                                                                   
           2603.1 15          2604.17 14    28  4                                                                                   
    (2      2618.9 9          2620.75 11    29  4                                                                                   
    (2      2654.3 4          2653.41 11    53 11                                                                                   
    (1      2682.5 3          2682.84 16    21  2                                                                                   
    (1      2691.6 5            2692.4 3    30  4                                                                                   
    (2      2696.6 3          2697.24 16    21  1                                                                                   
            2704.6 9            2704.6 9     0  0                                                                                   
           2721.17 6           2721.17 4    41  5                                                                                   
            2734.2 3          2734.30 11    54 11                                                                                   
          2753.00 20          2753.00 20     0  0                                                                                   
          2755.90 20          2755.94 19    32  4                                                                                   
    (1      2815.0 6          2816.08 13    33  4                                                                                   
            2821.5 6           2821.43 6    24  2                                                                                   
          2832.46 17          2832.45 11    54 10                                                                                   
    (2    2835.43 17           2835.83 6    24  1                                                                                   
            2855.0 3          2855.05 23    25  1                                                                                   
    (1      2873.7 3           2873.25 7    35  4                                                                                   
            2935.8 8          2935.11 10    36  4                                                                                   
    (2      2943.4 5          2944.44 11    52  8                                                                                   
            2950.2 9            2950.2 9     0  0                                                                                   
          2954.04 17          2954.11 11    62 57                                                                                   
            2970.0 3          2969.80 24    38  4                                                                                   
            3014.7 3          3014.67 24    60 14                                                                                   
    (3    3027.55 13          3027.16 12    58 13                                                                                   
            3047.9 7            3048.4 3    62 56                                                                                   
          3060.90 15           3060.80 4    41  4                                                                                   
    (2      3075.1 5            3073.6 3    62 55                                                                                   
    (1      3103.1 4           3103.50 7    35  3                                                                                   
    (1     3166.9 11          3168.41 13    33  2                                                                                   
    (1    3186.00 20          3186.22 11    62 54                                                                                   
            3225.3 4           3225.58 7    35  2                                                                                   
    (3    3239.30 20           3239.98 7    35  1                                                                                   
          3267.05 12          3267.11 10    62 53                                                                                   
          3291.10 20           3291.06 4    41  3                                                                                   
    (2    3356.30 20          3356.71 12    40  2                                                                                   
    (2     3412.90 9           3413.14 4    41  2                                                                                   
            3436.4 3          3436.40 11    62 52                                                                                   
    (2      3504.5 8            3502.5 4    62 51                                                                                   
    (1      3508.6 5          3509.11 10    62 50                                                                                   
    (1      3610.2 8            3611.1 4    61 10                                                                                   
          3641.33 15          3641.33 15     0  0                                                                                   
           3649.0 20           3649.0 20     0  0                                                                                   
    (4    3663.00 20          3663.88 15    62 48                                                                                   
            3689.4 7            3689.4 7     0  0                                                                                   
            3710.9 5            3710.9 5     0  0                                                                                   
            3723.6 7            3723.6 7     0  0                                                                                   
    (2    3776.60 20           3777.07 7    45  2                                                                                   
            3842.4 3          3842.70 11    52  4                                                                                   
    (1    3854.00 20           3854.35 7    62 45                                                                                   
            3921.5 7            3921.5 7    47  2                                                                                   
            3955.3 8            3955.3 8     0  0                                                                                   
            3981.7 4          3981.94 15    48  1                                                                                   
           3991.0 20           3991.0 20     0  0                                                                                   
    (1      4073.3 3          4072.94 11    52  3                                                                                   
            4194.8 4          4195.02 11    52  2                                                                                   
           4210.2 10          4209.42 11    52  1                                                                                   
    (2    4217.98 11           4218.28 4    62 41                                                                                   
    (1    4274.50 20          4274.70 12    62 40                                                                                   
    (1      4323.8 4           4323.39 9    62 37                                                                                   
    (1      4378.3 4          4378.70 10    53  1                                                                                   
    (1     4405.74 8           4405.83 7    62 35                                                                                   
            4418.2 3            4418.2 3     0  0                                                                                   
    (1      4462.5 4          4463.00 13    62 33                                                                                   
            4555.3 3          4555.23 11    57  3                                                                                   
            4597.4 5            4597.4 5     0  0                                                                                   
    (1      4659.3 6          4658.33 11    62 29                                                                                   
    (1    4675.10 20          4674.90 14    62 28                                                                                   
           4687.0 20           4687.0 20     0  0                                                                                   
    (1      4724.0 3          4724.39 11    62 27                                                                                   
    (1    4809.83 14           4809.97 6    62 24                                                                                   
           4825.6 13          4824.74 23    62 23                                                                                   
           4840.0 20           4840.0 20     0  0                                                                                   
            4845.5 5            4845.5 5     0  0                                                                                   
    (1     4856.6 13          4854.57 24    60  4                                                                                   
           4914.0 20           4914.0 20     0  0                                                                                   
            4948.3 3          4948.55 16    62 21                                                                                   
            5042.1 8          5042.63 16    59  3                                                                                   
    (1     5047.4 10          5045.94 21    62 20                                                                                   
            5179.7 8            5179.7 8     0  0                                                                                   
    (1     5318.0 20          5315.75 12    62 16                                                                                   
           5325.8 10           5325.8 10     0  0                                                                                   
          5730.64 15          5730.64 15     0  0                                                                                   
            5784.9 7            5784.9 7     0  0                                                                                   
           5901.4 12           5901.4 12     0  0                                                                                   
           5920.35 7         5920.358 17    62 11                                                                                   
           5992.0 20           5992.0 20     0  0                                                                                   
    (1     6018.42 7         6018.504 16    62 10                                                                                   
           6102.1 10           6102.1 10     0  0                                                                                   
            6129.3 4            6129.3 4     0  0                                                                                   
           6219.4 13           6219.4 13     0  0                                                                                   
            6276.4 4            6276.4 4     0  0                                                                                   
    (1    6380.47 15         6380.647 21    62  8                                                                                   
            6548.5 8            6548.5 8     0  0                                                                                   
          6717.40 20          6717.40 20     0  0                                                                                   
           6742.0 20           6742.0 20     0  0                                                                                   
           7278.82 9          7278.844 9    62  4                                                                                   
          7631.18 10         7631.148 11    62  2                                                                                   
         7645.5451 5         7645.5451 5    62  1                                                                                   
      DATA SET  1. ENERGIES CORRECTED BY    .0000000+-  .0000000 KEV     CHISQ/F =  3.255         F=135
      CHISQ/F =  3.255      (FIT OF  197GAMMAS -  61LEVELS)
