
               LEAST-SQUARES LINEAR REGRESSION OF LEVEL AND GAMMA ENERGIES
 
        LEVEL ENERGIES
    1.     0.0
    2.   287.028 18                     
    3.   473.5 4                        
    4.   570.89 3                       
    5.   613.06 15                      
    6.   642.8 3                        
    7.   726.47 4                       
    8.  1077.83 12                      
    9.  1162.10 3                       
   10.  1211.40 10                      
   11.  1569.93 8                       
   12.  1749.81 14                      
   13.  1918.95 5                       
   14.  1962.01 5                       
   15.  2162.1 4                        
   16.  2277.9 4                        
   17.  2321.09 19                      
   18.  2348.3 3                        
   19.  2447.30 6                       
   20.  2493.7 3                        
   21.  2569.6 3                        
   22.  2757.08 22                      
   23.  2810.35 14                      
   24.  3070.5 4                        
   25.  3104.4 3                        
   26.  3159.63 15                      
   27.  3239.90 21                      
   28.  3384.59 11                      
   29.  6581.11 5                       
 
   GAMMA ENERGIES
       58FE(N,G), (POL N,-  ENERGY     DE    L1  L2
 -----------------------------------------------------------------------------------------------------------------------------------
             280.4 3             280.4 3     0  0                                                                                   
          287.030 20          287.028 18     2  1                                                                                   
             374.7 4             374.7 4     0  0                                                                                   
             379.1 4             379.1 4     0  0                                                                                   
            439.43 4            439.44 3     7  2                                                                                   
    (1     465.00 20           464.77 15     8  5                                                                                   
             473.5 5             473.5 4     3  1                                                                                   
    (1       537.4 7           538.40 16    12 10                                                                                   
             552.5 5             552.5 5     0  0                                                                                   
            570.87 4            570.88 3     4  1                                                                                   
            591.20 3            591.21 3     9  4                                                                                   
           605.38 17           605.38 17     0  0                                                                                   
           610.70 20           610.66 19    25 20                                                                                   
             613.1 3           613.06 15     5  1                                                                                   
             627.3 3           627.50 21    28 22                                                                                   
             642.9 3             642.8 3     6  1                                                                                   
             670.6 4             670.6 4     0  0                                                                                   
             688.6 5             688.6 4     9  3                                                                                   
    (1     697.19 16           697.48 13    19 12                                                                                   
           699.70 20           699.70 20     0  0                                                                                   
             710.9 4             710.9 4     0  0                                                                                   
    (3       727.4 3            726.46 4     7  1                                                                                   
           756.92 12            756.84 5    13  9                                                                                   
             767.0 6             767.0 6     0  0                                                                                   
             776.9 8             776.9 8     0  0                                                                                   
    (1       826.9 4             826.5 4    25 16                                                                                   
    (1     841.24 12           841.11 11    13  8                                                                                   
    (1      875.12 5            875.06 3     9  2                                                                                   
             968.9 9             968.9 9     0  0                                                                                   
            1048.8 5            1048.8 5     0  0                                                                                   
           1059.1 10           1059.1 10     0  0                                                                                   
    (3      1062.1 5          1060.53 19    23 12                                                                                   
            1136.9 3            1136.9 3    18 10                                                                                   
    (1     1162.17 8           1162.09 3     9  1                                                                                   
           1192.50 5           1192.47 4    13  7                                                                                   
    (1    1211.24 11          1211.39 10    10  1                                                                                   
           1235.54 4           1235.53 4    14  7                                                                                   
            1273.6 3            1273.6 3     0  0                                                                                   
          1323.30 20          1323.30 20     0  0                                                                                   
    (1      1348.4 3          1348.93 15    14  5                                                                                   
            1376.2 9            1376.2 9     0  0                                                                                   
            1468.3 4            1468.3 4     0  0                                                                                   
            1477.3 4            1477.3 4     0  0                                                                                   
            1544.8 9          1545.66 23    22 10                                                                                   
            1548.8 8            1549.0 4    15  5                                                                                   
           1551.7 10            1551.4 4    16  7                                                                                   
           1569.88 8           1569.91 8    11  1                                                                                   
          1598.79 16          1598.93 13    23 10                                                                                   
            1647.6 3            1647.6 3     0  0                                                                                   
    (1      1719.9 7           1720.80 6    19  7                                                                                   
            1722.1 4            1722.1 4     0  0                                                                                   
    (2      1730.3 8          1732.49 18    23  8                                                                                   
            1749.5 3          1749.78 14    12  1                                                                                   
            1904.3 6            1904.3 6     0  0                                                                                   
    (2     1918.71 8           1918.92 5    13  1                                                                                   
            1956.8 5            1956.5 3    21  5                                                                                   
          1961.92 18           1961.98 5    14  1                                                                                   
            2084.0 3          2083.85 14    23  7                                                                                   
            2091.0 3            2091.0 3     0  0                                                                                   
            2103.0 3            2103.0 3     0  0                                                                                   
          2138.20 14          2138.20 14     0  0                                                                                   
           2160.20 6           2160.23 5    19  2                                                                                   
            2240.9 3            2240.9 3     0  0                                                                                   
    (1      2279.3 8            2277.9 4    16  1                                                                                   
    (2      2322.4 6          2321.04 19    17  1                                                                                   
            2339.7 3            2339.7 3     0  0                                                                                   
          2361.62 14          2361.62 14     0  0                                                                                   
           2428.6 10            2427.7 4    24  6                                                                                   
    (2    2447.80 20           2447.24 6    19  1                                                                                   
            2494.3 8            2493.7 3    20  1                                                                                   
            2505.1 7            2505.1 7     0  0                                                                                   
            2533.2 3            2533.5 3    25  4                                                                                   
            2578.4 7            2578.4 7     0  0                                                                                   
          2635.40 20          2635.40 20     0  0                                                                                   
          2751.60 20          2751.60 20     0  0                                                                                   
          2872.57 15          2872.53 15    26  2                                                                                   
            2896.4 5            2896.4 5     0  0                                                                                   
          2908.60 20          2908.60 20     0  0                                                                                   
            2916.2 7            2916.2 7     0  0                                                                                   
            2948.2 3            2948.2 3     0  0                                                                                   
            2966.6 3            2966.6 3     0  0                                                                                   
            3057.1 7            3057.1 7     0  0                                                                                   
            3070.4 4            3070.4 4    24  1                                                                                   
            3081.4 3            3081.4 3     0  0                                                                                   
            3097.9 9          3097.47 11    28  2                                                                                   
            3108.4 5            3108.4 5     0  0                                                                                   
          3114.00 20          3114.00 20     0  0                                                                                   
            3129.2 7            3129.2 7     0  0                                                                                   
          3196.41 10          3196.43 10    29 28                                                                                   
            3200.3 8            3200.3 8     0  0                                                                                   
    (1      3239.5 3          3239.80 21    27  1                                                                                   
           3337.1 10           3337.1 10     0  0                                                                                   
    (1      3340.8 3          3341.10 21    29 27                                                                                   
    (1      3422.6 8          3421.37 15    29 26                                                                                   
           3477.8 13            3476.6 3    29 25                                                                                   
            3502.2 3            3502.2 3     0  0                                                                                   
    (1     3513.0 20            3510.5 4    29 24                                                                                   
            3523.4 5            3523.4 5     0  0                                                                                   
            3532.1 3            3532.1 3     0  0                                                                                   
            3590.0 5            3590.0 5     0  0                                                                                   
            3664.4 7            3664.4 7     0  0                                                                                   
            3757.3 9            3757.3 9     0  0                                                                                   
            3770.5 4          3770.63 15    29 23                                                                                   
            3824.0 3          3823.89 21    29 22                                                                                   
           3862.0 20           3862.0 20     0  0                                                                                   
            4011.5 4            4011.3 3    29 21                                                                                   
            4035.7 7            4035.7 7     0  0                                                                                   
            4072.5 3            4072.5 3     0  0                                                                                   
           4114.2 10           4114.2 10     0  0                                                                                   
            4126.0 8            4126.0 8     0  0                                                                                   
    (1    4133.40 20           4133.66 7    29 19                                                                                   
            4164.3 5            4164.3 5     0  0                                                                                   
          4260.00 20          4259.85 19    29 17                                                                                   
            4418.7 5            4418.8 4    29 15                                                                                   
            4508.0 4            4508.0 4     0  0                                                                                   
          4618.86 12           4618.90 6    29 14                                                                                   
            4628.7 8            4628.7 8     0  0                                                                                   
          4661.81 16           4661.96 6    29 13                                                                                   
           4729.5 14           4729.5 14     0  0                                                                                   
          4757.80 20          4757.80 20     0  0                                                                                   
            4763.8 8            4763.8 8     0  0                                                                                   
            4923.2 4            4923.2 4     0  0                                                                                   
    (2      5009.2 6           5010.95 9    29 11                                                                                   
           5136.0 20           5136.0 20     0  0                                                                                   
           5204.3 13           5204.3 13     0  0                                                                                   
    (1      5369.1 3          5369.44 10    29 10                                                                                   
           5375.4 11           5375.4 11     0  0                                                                                   
            5383.3 7            5383.3 7     0  0                                                                                   
    (3    5419.50 20           5418.74 6    29  9                                                                                   
            5565.3 5            5565.3 5     0  0                                                                                   
            5573.9 6            5573.9 6     0  0                                                                                   
           5611.7 10           5611.7 10     0  0                                                                                   
            5672.2 7            5672.2 7     0  0                                                                                   
           5854.25 9           5854.33 5    29  7                                                                                   
    (4      6012.7 7           6009.89 6    29  4                                                                                   
            6097.0 5            6097.0 5     0  0                                                                                   
            6104.4 8            6104.4 8     0  0                                                                                   
          6293.63 10           6293.72 5    29  2                                                                                   
    (1    6580.89 11           6580.71 5    29  1                                                                                   
      DATA SET  1. ENERGIES CORRECTED BY    .0000000+-  .0000000 KEV     CHISQ/F =  3.350         F= 39
      CHISQ/F =  3.350      (FIT OF   68GAMMAS -  28LEVELS)
