
               LEAST-SQUARES LINEAR REGRESSION OF LEVEL AND GAMMA ENERGIES
 
        LEVEL ENERGIES
    1.     0.0
    2.   411.62 16                      
    3.   931.29 8                       
    4.  1315 3                          
    5.  1918.41 15                      
    6.  2051.49 19                      
    7.  2469.33 9                       
    8.  2873 5                          
    9.  3028.66 15                      
   10.  3285.1 10                       
   11.  3552.8 4                        
   12.  3791.39 14                      
   13.  3906.8 9                        
   14.  4496.6 5                        
   15.  4709.8 4                        
   16.  4867.2 21                       
   17.  5120.7 9                        
   18.  9298.68 13                      
 
   GAMMA ENERGIES
       54FE(N,G) E=THERMA-  ENERGY     DE    L1  L2
 -----------------------------------------------------------------------------------------------------------------------------------
             412.0 7           411.62 16     2  1                                                                                   
            931.28 8            931.28 8     3  1                                                                                   
              1315 3              1315 3     4  1                                                                                   
          1506.86 12          1506.76 11     5  2                                                                                   
          1639.82 11          1639.84 11     6  2                                                                                   
    (1      1872.4 4          1872.95 18    12  5                                                                                   
    (1    1918.04 18          1918.37 15     5  1                                                                                   
           2469.22 9           2469.27 9     7  1                                                                                   
    (1      2616.3 5          2616.98 21     9  2                                                                                   
              2873 5              2873 5     8  1                                                                                   
          3028.63 17          3028.58 15     9  1                                                                                   
           3285.0 10           3285.0 10    10  1                                                                                   
            3552.3 9            3552.7 4    11  1                                                                                   
    (3    3791.89 19          3791.25 14    12  1                                                                                   
            3906.7 9            3906.7 9    13  1                                                                                   
            4495.9 6            4496.4 5    14  1                                                                                   
    (1      4587.9 5            4588.7 4    18 15                                                                                   
            4708.9 9            4708.9 9    17  2                                                                                   
    (2      4708.1 7            4709.6 4    15  1                                                                                   
    (1      4801.0 8            4801.9 5    18 14                                                                                   
           4867.0 21           4867.0 21    16  1                                                                                   
    (2    5507.31 15          5506.99 13    18 12                                                                                   
            5745.5 4            5745.6 4    18 11                                                                                   
            6269.5 4          6269.63 18    18  9                                                                                   
    (3      6827.2 5          6828.89 15    18  7                                                                                   
            7246.3 5          7246.68 20    18  6                                                                                   
            8886.0 4          8886.29 18    18  2                                                                                   
          9297.90 21          9297.83 13    18  1                                                                                   
      DATA SET  1. ENERGIES CORRECTED BY    .0000000+-  .0000000 KEV     CHISQ/F =  4.599         F= 10
      CHISQ/F =  4.599      (FIT OF   28GAMMAS -  17LEVELS)
