
               LEAST-SQUARES LINEAR REGRESSION OF LEVEL AND GAMMA ENERGIES
 
        LEVEL ENERGIES
    1.     0.0
    2.    14.436 14                     
    3.   136.494 13                     
    4.   366.763 12                     
    5.   706.386 14                     
    6.  1007.08 7                       
    7.  1197.39 17                      
    8.  1264.89 3                       
    9.  1357.14 11                      
   10.  1627.148 18                     
   11.  1725.279 16                     
   12.  1975.62 13                      
   13.  2113.02 16                      
   14.  2207.13 6                       
   15.  2217.06 15                      
   16.  2330.08 12                      
   17.  2454.3 3                        
   18.  2505.12 8                       
   19.  2562.59 22                      
   20.  2599.92 21                      
   21.  2697.04 6                       
   22.  2755.76 9                       
   23.  2821.14 23                      
   24.  2835.80 4                       
   25.  2856.57 14                      
   26.  2904.27 24                      
   27.  2921.28 10                      
   28.  2970.54 11                      
   29.  2987.12 11                      
   30.  3059.1 4                        
   31.  3098.29 8                       
   32.  3122.76 19                      
   33.  3183.09 7                       
   34.  3206.07 17                      
   35.  3239.82 4                       
   36.  3301.61 7                       
   37.  3322.50 9                       
   38.  3336.9 3                        
   39.  3339.75 21                      
   40.  3371.09 7                       
   41.  3427.70 3                       
   42.  3535.95 16                      
   43.  3561.41 11                      
   44.  3608.5 2                        
   45.  3791.45 4                       
   46.  3862.26 10                      
   47.  3936 1                          
   48.  3981.91 13                      
   49.  4042.69 22                      
   50.  4138.22 12                      
   51.  4143.5 4                        
   52.  4209.13 7                       
   53.  4378.53 6                       
   54.  4459.92 7                       
   55.  4574.5 3                        
   56.  4597.6 3                        
   57.  4691.90 10                      
   58.  5136.4 3                        
   59.  5178.55 15                      
   60.  5221.63 12                      
   61.  5238.23 12                      
   62.  7645.86 3                       
 
   GAMMA ENERGIES
       56FE(N,G) E=THERMA-  ENERGY     DE    L1  L2
 -----------------------------------------------------------------------------------------------------------------------------------
             14.4 10           14.436 14     2  1                                                                                   
          122.078 22          122.058 13     3  2                                                                                   
          136.482 20          136.494 13     3  1                                                                                   
    (1    230.305 18          230.269 12     4  3                                                                                   
    (1      339.67 4          339.621 12     5  4                                                                                   
          352.332 16          352.327 11     4  2                                                                                   
    (1    366.737 16          366.762 12     4  1                                                                                   
            460.41 6            460.38 3    11  8                                                                                   
    (1    569.852 21          569.889 13     5  3                                                                                   
    (1    691.914 16          691.945 12     5  2                                                                                   
            706.37 5          706.381 14     5  1                                                                                   
           734.75 11            734.69 8    35 18                                                                                   
            870.49 9            870.58 7     6  3                                                                                   
    (1       885.8 3           885.40 25    39 17                                                                                   
            898.14 3          898.123 24     8  4                                                                                   
    (2      920.69 3          920.754 16    10  5                                                                                   
    (4     989.93 20           989.00 16    34 15                                                                                   
           992.67 14            992.63 7     6  2                                                                                   
    (1   1018.860 21         1018.883 15    11  5                                                                                   
          1110.74 10           1110.83 8    52 31                                                                                   
          1120.37 22          1120.15 20    54 39                                                                                   
           1196.63 7           1196.63 7    59 48                                                                                   
            1197.4 3          1197.38 17     7  1                                                                                   
    (2    1217.37 16          1216.92 12    50 27                                                                                   
           1250.41 7         1250.444 25     8  2                                                                                   
         1260.353 21         1260.369 15    10  4                                                                                   
    (5    1265.07 17          1264.18 13    35 12                                                                                   
    (3    1281.17 13          1281.63 12    50 25                                                                                   
          1357.12 11          1357.12 11     9  1                                                                                   
           1358.49 3         1358.498 15    11  4                                                                                   
    (4    1486.73 20          1485.80 16    57 34                                                                                   
    (1     1490.69 9           1490.85 9    22  8                                                                                   
          1584.40 12           1584.30 7    45 14                                                                                   
    (2     1612.77 3         1612.688 16    10  2                                                                                   
           1627.10 6         1627.123 18    10  1                                                                                   
            1645.9 3           1645.78 7    40 11                                                                                   
           1655.11 8           1655.11 8    46 14                                                                                   
           1674.43 7           1674.43 7    36 10                                                                                   
    (5      1702.4 3          1704.13 11    54 22                                                                                   
    (2    1711.08 11         1710.815 16    11  2                                                                                   
          1722.19 12          1722.20 11    29  8                                                                                   
         1725.255 24         1725.251 16    11  1                                                                                   
            1855.9 3          1856.06 10    57 24                                                                                   
          1974.52 16          1974.52 16    55 20                                                                                   
    (5    1976.69 19          1975.58 13    12  1                                                                                   
    (1     2066.05 5           2066.13 3    45 11                                                                                   
           2091.13 7           2091.17 6    31  6                                                                                   
          2104.18 19          2104.17 16    36  7                                                                                   
          2112.98 16          2112.98 16    13  1                                                                                   
    (1     2129.30 5           2129.38 4    24  5                                                                                   
    (2    2163.81 22           2164.26 4    45 10                                                                                   
          2186.88 20          2186.73 11    57 18                                                                                   
           2192.59 8           2192.65 6    14  2                                                                                   
    (2    2207.54 17           2207.08 6    14  1                                                                                   
    (3    2217.68 17          2217.01 15    15  1                                                                                   
          2330.03 12          2330.03 12    16  1                                                                                   
          2385.64 16          2385.78 12    60 24                                                                                   
          2407.59 12          2407.58 11    62 61                                                                                   
          2424.02 17          2424.17 12    62 60                                                                                   
    (1      2455.0 4            2454.3 3    17  1                                                                                   
    (1    2505.23 14           2505.06 8    18  1                                                                                   
    (1     2526.57 6           2526.49 4    45  8                                                                                   
          2562.53 22          2562.53 22    19  1                                                                                   
          2573.76 15          2573.76 15    58 19                                                                                   
            2581.8 3           2581.92 7    52 10                                                                                   
          2599.86 21          2599.86 21    20  1                                                                                   
            2603.6 3          2603.71 11    28  4                                                                                   
    (1    2653.41 21           2653.18 6    53 11                                                                                   
           2682.45 9           2682.54 6    21  2                                                                                   
            2692.3 4            2692.3 4    30  4                                                                                   
    (1    2697.19 15           2696.97 6    21  1                                                                                   
    (1     2721.18 5           2721.24 3    41  5                                                                                   
          2734.61 22           2734.57 7    54 11                                                                                   
          2821.07 23          2821.07 23    23  1                                                                                   
            2821.4 3           2821.29 4    24  2                                                                                   
    (6    2855.05 23          2856.49 14    25  1                                                                                   
          2904.19 24          2904.19 24    26  1                                                                                   
    (1    2921.41 11          2921.20 10    27  1                                                                                   
            2944.1 3           2944.16 8    52  8                                                                                   
    (3    2954.27 12           2953.88 9    62 57                                                                                   
            2970.1 3            2970.1 3    38  4                                                                                   
    (1    3061.05 19           3060.85 3    41  4                                                                                   
    (1     3103.16 7           3103.23 4    35  3                                                                                   
          3122.67 19          3122.67 19    32  1                                                                                   
    (1     3168.47 8           3168.56 7    33  2                                                                                   
           3185.78 7           3185.85 7    62 54                                                                                   
    (1    3225.15 10           3225.28 4    35  2                                                                                   
    (1     3267.30 6           3267.23 6    62 53                                                                                   
          3291.15 11           3291.10 3    41  3                                                                                   
           3322.43 9           3322.39 9    37  1                                                                                   
    (1     3356.44 9           3356.55 7    40  2                                                                                   
           3413.14 6           3413.15 3    41  2                                                                                   
          3436.57 13           3436.62 7    62 52                                                                                   
    (1    3507.24 17          3507.53 12    62 50                                                                                   
          3535.83 16          3535.83 16    42  1                                                                                   
          3561.29 11          3561.29 11    43  1                                                                                   
          3608.38 20          3608.38 20    44  1                                                                                   
    (1    3664.29 24          3663.83 13    62 48                                                                                   
    (1    3776.61 17           3776.88 4    45  2                                                                                   
          3842.29 15           3842.23 7    52  4                                                                                   
    (1     3854.17 7           3854.27 4    62 45                                                                                   
           3935.9 10           3935.9 10    47  1                                                                                   
    (1    3981.94 15          3981.76 13    48  1                                                                                   
          4042.54 22          4042.54 22    49  1                                                                                   
    (1    4072.73 23           4072.48 7    52  3                                                                                   
            4143.3 4            4143.3 4    51  1                                                                                   
            4194.8 5           4194.53 7    52  2                                                                                   
    (1     4217.93 6           4218.00 4    62 41                                                                                   
    (1    4274.46 11           4274.60 7    62 40                                                                                   
    (1      4323.6 3           4323.19 9    62 37                                                                                   
    (2    4378.83 19           4378.35 6    53  1                                                                                   
           4405.90 7           4405.86 5    62 35                                                                                   
    (1    4462.31 14           4462.58 7    62 33                                                                                   
            4555.8 6          4555.21 10    57  3                                                                                   
            4597.4 3            4597.4 3    56  1                                                                                   
            4658.5 3          4658.54 11    62 29                                                                                   
          4675.10 12          4675.12 11    62 28                                                                                   
    (1     4809.70 8           4809.84 5    62 24                                                                                   
          4948.58 11           4948.59 7    62 21                                                                                   
            5238.1 4          5237.97 12    61  1                                                                                   
           5920.25 8           5920.25 3    62 11                                                                                   
    (1     6018.29 8           6018.37 3    62 10                                                                                   
          6380.66 15           6380.58 3    62  8                                                                                   
    (2    7278.83 10           7278.60 3    62  4                                                                                   
    (1     7631.05 9           7630.88 3    62  2                                                                                   
    (1     7645.48 9           7645.31 3    62  1                                                                                   
      DATA SET  1. ENERGIES CORRECTED BY    .0000000+-  .0000000 KEV     CHISQ/F =  5.645         F= 64
      CHISQ/F =  5.645      (FIT OF  126GAMMAS -  61LEVELS)
