
               LEAST-SQUARES LINEAR REGRESSION OF LEVEL AND GAMMA ENERGIES
 
        LEVEL ENERGIES
    1.     0.0
    2.   810.739 25                     
    3.  1674.57 5                       
    4.  2133.5 3                        
    5.  2256.54 15                      
    6.  2781.95 10                      
    7.  2875.59 17                      
    8.  3083.68 12                      
    9.  3243.6 3                        
   10.  3537.12 23                      
   11.  3630.0 7                        
   12.  3881.80 17                      
   13.  4006 4                          
   14.  4015.6 4                        
   15.  4139.3 3                        
   16.  4297.70 9                       
   17.  4321.49 15                      
   18.  4352.7 4                        
   19.  4444.2 4                        
   20.  4550.7 3                        
   21.  4832.3 21                       
   22.  5000.65 25                      
   23.  5221.75 15                      
   24.  5294.8 5                        
   25.  5417.8 5                        
   26.  5523.1 21                       
   27. 10044.53 17                      
 
   GAMMA ENERGIES
       57FE(N,G) E=THERMA-  ENERGY     DE    L1  L2
 -----------------------------------------------------------------------------------------------------------------------------------
          411.381 18          411.381 18    20 15                                                                                   
    (1     525.60 16           525.41 14     6  5                                                                                   
          810.711 25          810.733 25     2  1                                                                                   
            863.81 5            863.83 5     3  2                                                                                   
          1107.25 15          1107.37 10     6  3                                                                                   
          1237.70 10          1237.79 10    17  8                                                                                   
    (1    1446.18 18          1445.88 15    17  7                                                                                   
          1971.09 13           1971.18 9     6  2                                                                                   
            2133.5 3            2133.5 3     4  1                                                                                   
           2138.03 9           2138.03 9    23  8                                                                                   
    (1    2256.92 24          2256.49 15     5  1                                                                                   
    (1    2272.74 13          2272.90 12     8  2                                                                                   
            2432.8 3            2432.8 3     9  2                                                                                   
            2726.6 3          2726.31 23    10  2                                                                                   
    (2    2876.04 24          2875.51 17     7  1                                                                                   
          3070.97 17          3070.97 17    12  2                                                                                   
            3325.9 3          3325.98 25    22  3                                                                                   
    (1     3486.72 9           3486.85 9    16  2                                                                                   
            3629.9 7            3629.9 7    11  1                                                                                   
              4006 4              4006 4    13  1                                                                                   
            4015.5 4            4015.5 4    14  1                                                                                   
            4139.4 4            4139.2 3    15  1                                                                                   
    (4      4299.0 3           4297.53 9    16  1                                                                                   
            4352.5 4            4352.5 4    18  1                                                                                   
            4444.0 4            4444.0 4    19  1                                                                                   
           4832.1 21           4832.1 21    21  1                                                                                   
            5043.5 4            5043.6 3    27 22                                                                                   
            5294.5 5            5294.5 5    24  1                                                                                   
            5417.5 5            5417.5 5    25  1                                                                                   
            5493.9 5            5493.5 3    27 20                                                                                   
           5522.8 21           5522.8 21    26  1                                                                                   
            6507.3 3          6507.01 23    27 10                                                                                   
    (1      7261.4 5          7262.09 19    27  6                                                                                   
          8369.25 23          8369.30 17    27  3                                                                                   
      DATA SET  1. ENERGIES CORRECTED BY    .0000000+-  .0000000 KEV     CHISQ/F =  6.758         F=  7
      CHISQ/F =  6.758      (FIT OF   34GAMMAS -  26LEVELS)
