
               LEAST-SQUARES LINEAR REGRESSION OF LEVEL AND GAMMA ENERGIES
 
        LEVEL ENERGIES
    1.     0.0
    2.   788.4374 4                     
    3.  1164.8857 5                     
    4.  1601.1114 19                    
    5.  1951.1970 6                     
    6.  1959.4046 18                    
    7.  2468.2745 7                     
    8.  2492.319 4                      
    9.  2518.412 5                      
   10.  2676.427 12                     
   11.  2810.592 3                      
   12.  2863.951 5                      
   13.  2896.339 3                      
   14.  2994.690 6                      
   15.  3100.7181 21                    
   16.  3332.312 5                      
   17.  3470.029 25                     
   18.  3599.545 4                      
   19.  3634.965 13                     
   20.  3660.366 24                     
   21.  3941.30 3                       
   22.  3962.929 16                     
   23.  4031.95 3                       
   24.  4061.467 18                     
   25.  4138.971 16                     
   26.  4205.64 4                       
   27.  4299.69 4                       
   28.  4315.64 8                       
   29.  4410.06 3                       
   30.  4496.70 3                       
   31.  4525.183 19                     
   32.  4551.43 7                       
   33.  4598.48 3                       
   34.  4754.36 4                       
   35.  4757.994 17                     
   36.  4829.52 4                       
   37.  4997.22 3                       
   38.  5018.12 3                       
   39.  5079.13 4                       
   40.  5150.645 21                     
   41.  5204.56 3                       
   42.  5246.64 4                       
   43.  5263.01 4                       
   44.  5329.17 5                       
   45.  5463.489 19                     
   46.  5473.71 4                       
   47.  5517.693 14                     
   48.  5563.585 18                     
   49.  5578.482 20                     
   50.  5604.278 25                     
   51.  5703.054 24                     
   52.  5734.044 13                     
   53.  5778.56 4                       
   54.  5956.686 23                     
   55.  6042.313 22                     
   56.  6089.86 4                       
   57.  6184.95 5                       
   58.  6253.58 4                       
   59.  6268.211 17                     
   60.  6339.89 4                       
   61.  6344.35 3                       
   62.  6354.93 4                       
   63.  6379.489 19                     
   64.  6423.398 18                     
   65.  6487.76 4                       
   66.  6538.20 3                       
   67.  6544.975 16                     
   68.  6604.38 3                       
   69.  6642.652 21                     
   70.  6773.20 5                       
   71.  6836.51 3                       
   72.  6952.61 4                       
   73.  7082.70 4                       
   74.  7559.18 4                       
   75.  8579.675 7                      
 
   GAMMA ENERGIES
       35CL(N,G) E=THERMA-  ENERGY     DE    L1  L2
 -----------------------------------------------------------------------------------------------------------------------------------
            85.743 7            85.747 4    13 11                                                                                   
           89.838 16           89.838 16     0  0                                                                                   
           90.028 19           90.028 19     0  0                                                                                   
            108.74 3            108.74 3     0  0                                                                                   
          111.546 17          111.546 17     0  0                                                                                   
            115.42 3            115.42 3     0  0                                                                                   
           133.558 7           133.558 7     0  0                                                                                   
            137.19 3            137.19 3     0  0                                                                                   
            151.16 3            151.16 3     0  0                                                                                   
           204.373 8           204.379 4    15 13                                                                                   
          212.726 10          212.726 10     0  0                                                                                   
    (1      225.53 4            225.49 3    31 27                                                                                   
            225.87 5          225.897 25    59 55                                                                                   
    (1      236.71 4           236.766 6    15 12                                                                                   
            241.30 8            241.30 8     0  0                                                                                   
            272.76 4            272.76 4     0  0                                                                                   
            279.44 4            279.44 4     0  0                                                                                   
           292.178 4           292.178 4    11  9                                                                                   
    (1      302.75 7          302.652 14    19 16                                                                                   
          308.722 24          308.722 24     0  0                                                                                   
           337.617 5           337.620 5    16 14                                                                                   
           340.27 15           340.27 15     0  0                                                                                   
    (1     342.311 4           342.315 3    11  7                                                                                   
            343.04 8            343.04 8     0  0                                                                                   
           358.288 5         358.2913 23     6  4                                                                                   
            369.28 3          369.309 25    17 15                                                                                   
    (1    371.562 21          371.584 20    23 20                                                                                   
          376.425 25          376.4462 7     3  2                                                                                   
            422.06 3            422.06 3     0  0                                                                                   
          427.534 13          427.534 13     0  0                                                                                   
            427.86 5            427.83 3    49 40                                                                                   
    (2      428.24 7           428.062 3    13  7                                                                                   
          435.969 10           435.970 5    16 13                                                                                   
         436.2220 20         436.2228 18     4  3                                                                                   
           441.00 12           441.00 12     0  0                                                                                   
          444.490 13          444.490 13     0  0                                                                                   
          447.848 12          447.848 12     0  0                                                                                   
           455.67 11            455.59 5    46 38                                                                                   
          455.968 16          455.968 16     0  0                                                                                   
           459.57 11            459.51 3    33 25                                                                                   
            462.25 7            462.25 7     0  0                                                                                   
          463.699 18          463.713 16    31 24                                                                                   
    (2     465.27 24            464.75 4    30 23                                                                                   
    (1     466.06 15            466.26 3    45 37                                                                                   
           466.63 10            466.68 7    38 32                                                                                   
           468.359 3           468.357 3    16 12                                                                                   
            468.76 3            468.76 3    29 21                                                                                   
           478.69 14            478.60 3    25 20                                                                                   
            485.87 4            485.87 4     0  0                                                                                   
          495.891 21          495.883 20    66 55                                                                                   
    (2    502.309 24           502.368 7    14  8                                                                                   
            503.99 6          504.002 20    25 19                                                                                   
         508.8660 20         508.8660 17     7  6                                                                                   
        517.07342 23        517.07344 23     7  5                                                                                   
           532.906 4           532.910 4     8  6                                                                                   
    (1      537.67 4            537.72 4    73 67                                                                                   
           539.60 18          539.421 16    25 18                                                                                   
            576.42 6            576.37 4    62 53                                                                                   
            582.32 4           582.301 6    15  9                                                                                   
            590.50 7            590.50 7     0  0                                                                                   
           595.84 15           595.84 15     0  0                                                                                   
            602.34 4            602.34 4     0  0                                                                                   
            616.15 3            616.15 3    56 46                                                                                   
            619.04 6          619.017 22    35 25                                                                                   
            622.94 5            622.94 5     0  0                                                                                   
            628.94 3            628.94 3     0  0                                                                                   
    (1      630.56 3          630.612 16    22 16                                                                                   
         632.4380 20         632.4377 19    15  7                                                                                   
    (1      640.33 3          640.269 14    19 14                                                                                   
    (1      656.00 8          655.878 13    16 10                                                                                   
          659.653 15          659.653 15     0  0                                                                                   
          661.707 11          661.707 11     0  0                                                                                   
            663.43 8            663.43 8     0  0                                                                                   
    (1      665.64 3          665.669 23    20 14                                                                                   
          696.499 23          696.520 18    35 24                                                                                   
           703.204 7           703.199 4    18 13                                                                                   
            712.11 9            712.11 9     0  0                                                                                   
          717.025 25          717.015 12    10  6                                                                                   
            723.11 3            723.11 3     0  0                                                                                   
            728.00 3            728.00 3     0  0                                                                                   
            729.11 8          729.147 19    24 16                                                                                   
          735.578 20           735.586 6    18 12                                                                                   
    (1      760.37 5            760.43 4    53 38                                                                                   
    (1       780.7 7            779.86 6    58 46                                                                                   
          786.3021 4          786.3021 4     5  3                                                                                   
          788.4281 4          788.4281 4     2  1                                                                                   
    (2    812.608 22         812.6641 19     4  2                                                                                   
          832.080 22          832.080 22     0  0                                                                                   
          841.901 23          841.910 21    67 51                                                                                   
            848.45 6            848.45 6     0  0                                                                                   
    (3    859.420 12           859.384 3    11  5                                                                                   
           864.021 8           864.026 5    16  7                                                                                   
            865.39 7            865.39 7     0  0                                                                                   
    (2      870.48 7            870.32 3    68 52                                                                                   
           884.37 12           884.37 12     0  0                                                                                   
            886.79 6            886.79 6     0  0                                                                                   
            898.17 6            898.17 6     0  0                                                                                   
    (1    904.508 25           904.535 5    12  6                                                                                   
          912.381 16          912.381 16     0  0                                                                                   
           936.921 5           936.921 3    13  6                                                                                   
          945.131 14           945.128 3    13  5                                                                                   
            946.30 9            946.30 9     0  0                                                                                   
    (1      958.56 3          958.524 16    19 10                                                                                   
            968.17 5          968.225 17    22 14                                                                                   
    (2     975.74 12          976.036 21    52 35                                                                                   
    (1      979.62 5            979.67 4    52 34                                                                                   
            989.63 6            989.63 6     0  0                                                                                   
    (1      998.80 9            998.92 3    33 18                                                                                   
           1020.50 5           1020.48 4    75 74                                                                                   
         1034.261 23         1034.277 22    37 22                                                                                   
         1035.125 25         1035.125 25     0  0                                                                                   
           1035.89 9           1035.89 9     0  0                                                                                   
         1043.473 24          1043.477 6    14  5                                                                                   
    (2     1066.72 6         1066.574 17    22 13                                                                                   
          1068.72 13          1068.72 13     0  0                                                                                   
    (1     1076.72 5           1076.80 4    38 21                                                                                   
           1086.66 4           1086.67 3    68 47                                                                                   
    (1    1089.43 17           1089.16 3    40 24                                                                                   
            1095.7 3            1095.7 3     0  0                                                                                   
          1127.81 20          1127.81 20     0  0                                                                                   
          1131.247 5          1131.252 4    18  7                                                                                   
    (2   1162.785 16         1162.7395 8     5  2                                                                                   
         1164.8655 5         1164.8655 5     3  1                                                                                   
    (1   1170.922 19        1170.9468 19     6  2                                                                                   
          1201.98 12           1202.03 8    47 28                                                                                   
    (3     1230.85 5           1231.03 4    43 23                                                                                   
           1258.03 6           1258.01 3    71 49                                                                                   
    (1    1264.60 13           1264.85 3    21 10                                                                                   
    (2    1265.42 11           1265.19 5    61 39                                                                                   
    (1   1327.418 10          1327.407 4     8  3                                                                                   
           1372.86 3          1372.879 5    16  6                                                                                   
    (1    1381.98 21           1382.24 3    63 37                                                                                   
    (2    1425.43 11         1425.652 18    35 16                                                                                   
    (3     1496.70 8           1496.94 4    75 73                                                                                   
    (1    1510.75 15         1510.590 25    17  6                                                                                   
           1515.63 8         1515.645 24    40 19                                                                                   
           1517.06 8           1517.10 3    55 31                                                                                   
    (1    1524.99 20           1525.21 5    68 39                                                                                   
    (1      1526.3 5           1526.82 3    67 38                                                                                   
    (1    1528.61 15           1528.37 4    52 26                                                                                   
    (1    1601.082 7        1601.0732 19     4  1                                                                                   
          1605.99 15          1605.99 15     0  0                                                                                   
          1623.32 20           1623.23 4    27 10                                                                                   
           1626.98 4           1627.03 4    75 72                                                                                   
         1640.116 17          1640.101 4    18  6                                                                                   
         1648.305 15          1648.308 4    18  5                                                                                   
           1657.25 3         1657.235 17    35 15                                                                                   
    (1     1679.76 3         1679.7950 8     7  2                                                                                   
    (2     1683.81 3         1683.726 13    19  5                                                                                   
    (2      1709.8 3         1709.125 24    20  5                                                                                   
           1729.93 5          1729.930 5     9  2                                                                                   
           1731.16 5          1731.156 5    16  4                                                                                   
           1743.15 4           1743.12 3    75 71                                                                                   
          1786.18 10          1786.18 10     0  0                                                                                   
    (3     1788.06 6           1787.85 3    33 11                                                                                   
           1806.42 7           1806.43 5    75 70                                                                                   
    (1   1828.501 18         1828.474 16    45 19                                                                                   
           1858.09 3         1858.098 25    59 29                                                                                   
         1936.961 20         1936.967 20    75 69                                                                                   
         1951.141 14         1951.1403 6     5  1                                                                                   
    (1    1959.356 8        1959.3474 18     6  1                                                                                   
    (1      1975.6 3           1975.24 3    75 68                                                                                   
           1996.33 5           1996.33 5     0  0                                                                                   
           2003.45 4         2003.465 16    22  6                                                                                   
    (1     2011.76 6         2011.672 16    22  5                                                                                   
         2022.098 16          2022.093 3    11  2                                                                                   
         2034.634 16         2034.639 15    75 67                                                                                   
    (2    2041.15 13           2041.41 3    75 66                                                                                   
    (4   2075.547 23          2075.450 5    12  2                                                                                   
           2091.82 4           2091.85 3    75 65                                                                                   
           2110.25 8         2110.204 18    24  5                                                                                   
          2133.22 18           2133.20 3    37 12                                                                                   
         2156.213 18         2156.208 17    75 64                                                                                   
    (1   2179.529 25         2179.496 16    25  6                                                                                   
         2200.118 19         2200.114 18    75 63                                                                                   
           2224.68 5           2224.67 4    75 62                                                                                   
           2229.95 5           2229.93 4    74 44                                                                                   
    (2     2231.31 5         2231.199 18    48 16                                                                                   
    (2     2235.36 5           2235.25 3    75 61                                                                                   
           2239.71 4           2239.71 4    75 60                                                                                   
    (1     2246.21 5           2246.16 4    26  6                                                                                   
           2254.26 7         2254.230 22    40 13                                                                                   
    (1    2265.79 11         2265.599 17    35  8                                                                                   
    (1     2282.86 5           2282.80 3    61 24                                                                                   
    (4     2289.89 6         2289.641 17    35  7                                                                                   
    (1   2311.406 19         2311.385 16    75 59                                                                                   
           2326.03 4           2326.01 4    75 58                                                                                   
    (3    2342.27 20           2342.88 4    69 27                                                                                   
    (1    2355.89 14           2356.15 8    28  6                                                                                   
    (1    2364.65 16           2364.36 8    28  5                                                                                   
          2382.71 11           2382.60 4    42 12                                                                                   
           2394.64 5           2394.64 5    75 57                                                                                   
           2407.28 3         2407.261 23    55 19                                                                                   
           2418.55 3           2418.55 3     0  0                                                                                   
    (1     2429.54 9           2429.41 4    56 20                                                                                   
    (3    2467.72 12         2468.1836 7     7  1                                                                                   
    (2     2469.88 5         2469.988 13    19  3                                                                                   
    (1     2489.85 7           2489.72 4    75 56                                                                                   
    (S        0.0             2492.226 4     8  1                                                                                   
           2494.83 8           2494.83 8     0  0                                                                                   
    (S        0.0             2518.318 5     9  1                                                                                   
          2524.67 11           2524.74 4    65 22                                                                                   
    (1     2527.94 5           2528.04 3    41 10                                                                                   
    (1     2537.26 5           2537.20 3    30  6                                                                                   
           2537.26 5         2537.267 22    75 55                                                                                   
          2549.81 15           2549.74 3    38  7                                                                                   
           2567.46 9           2567.47 6    70 26                                                                                   
    (1    2569.88 21           2570.11 4    42 10                                                                                   
         2622.880 24         2622.887 23    75 54                                                                                   
           2639.06 9           2638.98 3    33  6                                                                                   
    (1      2647.6 4           2647.18 3    33  5                                                                                   
          2653.49 19         2653.637 15    47 12                                                                                   
          2662.91 12           2662.97 4    68 21                                                                                   
    (1   2676.300 20         2676.320 12    10  1                                                                                   
    (1     2682.40 9         2682.263 21    40  7                                                                                   
    (1    2698.62 12           2698.47 4    27  4                                                                                   
          2711.62 10           2711.62 5    70 24                                                                                   
           2727.89 7           2727.89 7     0  0                                                                                   
    (1      2740.6 3           2740.21 3    50 12                                                                                   
          2753.01 13         2752.881 18    48 11                                                                                   
          2797.99 10         2797.927 16    22  3                                                                                   
          2797.99 10           2798.07 3    59 17                                                                                   
    (2     2800.85 7           2801.00 4    75 53                                                                                   
           2811.01 4          2810.990 4    18  2                                                                                   
    (1   2845.498 12         2845.511 11    75 52                                                                                   
         2863.815 16          2863.829 5    12  1                                                                                   
            2867.2 3           2866.94 3    23  3                                                                                   
          2871.41 10          2871.41 10     0  0                                                                                   
    (2     2876.64 6         2876.498 24    75 51                                                                                   
    (1   2896.232 16          2896.214 3    13  1                                                                                   
    (1    2941.33 10         2941.466 22    55 15                                                                                   
          2953.23 10           2953.24 3    64 17                                                                                   
          2955.12 10           2955.17 4    46  9                                                                                   
           2975.24 3         2975.265 25    75 50                                                                                   
    (2     2994.71 6          2994.556 6    14  1                                                                                   
         3001.067 21         3001.059 19    75 49                                                                                   
    (1   3015.985 19         3015.954 17    75 48                                                                                   
            3025.2 3         3025.238 15    47  8                                                                                   
            3040.2 4           3040.61 4    26  3                                                                                   
    (1   3061.865 22         3061.843 15    75 47                                                                                   
          3067.84 20           3068.03 4    66 17                                                                                   
            3086.3 3         3086.021 20    49  8                                                                                   
          3105.76 16           3105.82 4    75 46                                                                                   
    (4     3116.22 4         3116.042 19    75 45                                                                                   
    (S        0.0              3134.66 4    27  3                                                                                   
    (3    3135.33 15         3135.857 25    50  7                                                                                   
    (3    3151.79 24           3152.71 3    21  2                                                                                   
            3203.8 3            3203.8 3     0  0                                                                                   
          3210.59 20         3210.582 25    51  8                                                                                   
    (4    3244.36 16           3245.02 3    29  3                                                                                   
           3250.36 8           3250.35 5    75 44                                                                                   
            3255.7 4            3255.7 4     0  0                                                                                   
    (2    3271.48 17           3271.91 3    68 16                                                                                   
          3291.88 25           3292.08 4    72 20                                                                                   
    (2      3295.8 3           3295.28 4    42  5                                                                                   
          3311.71 23           3311.65 4    43  5                                                                                   
    (2     3316.36 5           3316.50 4    75 43                                                                                   
    (2    3333.09 10           3332.87 4    75 42                                                                                   
    (6     3349.75 9         3350.366 16    25  2                                                                                   
    (1     3374.90 5           3374.94 3    75 41                                                                                   
    (2      3385.5 4           3386.38 7    32  3                                                                                   
           3428.86 3         3428.855 21    75 40                                                                                   
          3435.89 12          3435.89 12     0  0                                                                                   
          3457.44 20         3457.441 17    59 11                                                                                   
          3458.40 20           3458.41 4    62 13                                                                                   
    (1    3470.06 14         3469.849 25    17  1                                                                                   
    (1      3489.7 9           3490.80 4    62 12                                                                                   
           3500.38 6           3500.36 4    75 39                                                                                   
    (1     3504.17 9           3504.02 3    71 16                                                                                   
          3512.21 12         3512.108 19    45  5                                                                                   
          3526.85 12         3526.874 18    64 13                                                                                   
          3558.23 24         3558.100 14    47  6                                                                                   
    (1     3561.26 8           3561.37 3    75 38                                                                                   
    (4     3566.61 7         3566.306 14    47  5                                                                                   
    (2    3581.90 16           3582.26 3    75 37                                                                                   
           3589.23 5           3589.28 4    34  3                                                                                   
    (1     3599.25 7          3599.352 4    18  1                                                                                   
    (1     3604.11 8         3603.987 18    48  6                                                                                   
    (2    3612.62 18         3612.194 18    48  5                                                                                   
    (1    3621.67 19           3621.43 3    29  2                                                                                   
    (1    3627.27 18         3627.089 20    49  5                                                                                   
    (3     3634.48 7         3634.768 13    19  1                                                                                   
            3645.6 3           3645.33 4    42  4                                                                                   
          3660.23 16         3660.166 24    20  1                                                                                   
    (3     3707.82 6           3708.06 3    30  2                                                                                   
          3728.00 20           3727.85 5    44  4                                                                                   
           3736.54 6         3736.537 19    31  2                                                                                   
    (2    3743.77 11         3743.441 25    51  6                                                                                   
           3749.91 4           3749.94 4    75 36                                                                                   
    (S        0.0            3751.648 24    51  5                                                                                   
            3809.6 3           3809.83 3    33  2                                                                                   
    (2     3821.58 4         3821.464 18    75 35                                                                                   
    (1      3825.5 4           3825.10 4    75 34                                                                                   
          3860.18 11          3860.18 11     0  0                                                                                   
          3916.37 17         3916.353 14    47  4                                                                                   
          3962.60 15         3962.695 16    22  1                                                                                   
            3977.2 3         3977.135 20    49  4                                                                                   
    (2     3981.06 5           3980.95 3    75 33                                                                                   
            3997.1 3         3997.043 23    54  6                                                                                   
           4028.05 9           4028.00 7    75 32                                                                                   
    (1    4041.08 18           4040.84 4    36  2                                                                                   
           4054.23 4         4054.247 19    75 31                                                                                   
    (2     4061.05 8         4061.221 18    24  1                                                                                   
    (1     4082.66 4           4082.72 3    75 30                                                                                   
    (2      4086.6 5           4087.76 4    73 14                                                                                   
    (1      4091.5 6         4090.866 22    55  5                                                                                   
            4097.9 4           4097.87 4    43  3                                                                                   
          4111.76 12           4111.81 3    68  8                                                                                   
           4138.46 8           4138.41 4    56  5                                                                                   
           4148.6 11           4148.6 11     0  0                                                                                   
          4164.17 23           4164.02 5    44  3                                                                                   
            4169.2 4           4169.35 3    75 29                                                                                   
            4173.8 8         4174.118 21    69  7                                                                                   
            4192.3 3            4192.3 3     0  0                                                                                   
    (1    4205.14 13           4205.37 4    26  1                                                                                   
            4264.0 4           4263.77 8    75 28                                                                                   
    (1      4294.6 5           4293.90 4    58  6                                                                                   
           4298.38 7         4298.328 19    45  3                                                                                   
            4308.3 4           4308.55 4    46  3                                                                                   
    (2    4355.00 10         4355.291 23    54  4                                                                                   
    (1    4413.59 25         4413.306 20    49  3                                                                                   
            4416.1 5           4415.84 3    41  2                                                                                   
    (1      4420.6 5         4419.793 20    63  6                                                                                   
         4440.399 23         4440.410 16    75 25                                                                                   
    (2    4458.20 11           4457.90 4    42  2                                                                                   
            4473.3 3            4473.3 3     0  0                                                                                   
    (2    4518.12 10         4517.904 19    75 24                                                                                   
           4524.87 5         4524.878 19    31  1                                                                                   
           4547.47 7           4547.41 3    75 23                                                                                   
    (1    4551.41 22           4551.13 7    32  1                                                                                   
            4558.1 9            4558.1 9     0  0                                                                                   
    (1     4586.60 7           4586.69 3    66  5                                                                                   
            4591.9 4            4591.9 4     0  0                                                                                   
    (2      4597.5 3           4598.17 3    33  1                                                                                   
           4616.44 4         4616.428 17    75 22                                                                                   
            4637.6 7           4638.05 3    75 21                                                                                   
    (2      4652.9 3           4652.15 4    58  4                                                                                   
          4683.51 16          4683.51 16     0  0                                                                                   
    (1     4728.97 3         4728.922 14    47  2                                                                                   
            4747.1 3            4747.1 3     0  0                                                                                   
    (1    4753.31 16           4753.48 4    62  4                                                                                   
    (1    4757.48 14         4757.657 17    35  1                                                                                   
            4791.4 3         4791.458 23    54  3                                                                                   
    (2     4815.30 8         4815.495 25    50  2                                                                                   
    (1     4829.06 6           4829.17 4    36  1                                                                                   
          4884.85 12           4884.96 3    71  5                                                                                   
           4944.34 5         4944.346 14    75 19                                                                                   
           4945.19 5         4945.242 13    52  2                                                                                   
          4950.85 19          4950.85 19     0  0                                                                                   
    (1   4979.713 25          4979.760 8    75 18                                                                                   
    (1    4989.96 12           4989.75 4    53  2                                                                                   
    (1      5000.6 3           5001.04 4    72  5                                                                                   
           5017.73 5           5017.74 3    38  1                                                                                   
    (1     5078.82 7           5078.74 4    39  1                                                                                   
    (1    5088.05 22           5088.31 4    58  3                                                                                   
          5109.25 13           5109.26 3    75 17                                                                                   
            5122.8 3           5122.91 4    73  6                                                                                   
          5142.12 16          5142.12 16     0  0                                                                                   
           5150.19 7         5150.249 21    40  1                                                                                   
    (1     5204.23 7           5204.16 3    41  1                                                                                   
           5246.19 5           5246.23 4    42  1                                                                                   
           5246.91 5          5246.953 8    75 16                                                                                   
          5262.76 17           5262.60 4    43  1                                                                                   
    (2    5372.35 25           5372.88 3    66  3                                                                                   
          5473.34 20           5473.26 4    46  1                                                                                   
    (1     5517.20 3         5517.239 14    47  1                                                                                   
    (2     5584.62 4          5584.520 9    75 14                                                                                   
    (1     5603.87 5         5603.810 25    50  1                                                                                   
          5634.38 24         5634.487 18    64  2                                                                                   
          5702.63 14         5702.570 24    51  1                                                                                   
    (1     5715.19 3          5715.237 8    75 12                                                                                   
          5733.48 16         5733.554 13    52  1                                                                                   
    (1      5777.4 3           5778.06 4    53  1                                                                                   
    (1     5902.70 3         5902.729 13    75 10                                                                                   
    (1     5956.29 9         5956.157 23    54  1                                                                                   
            6051.2 3            6051.2 3     0  0                                                                                   
    (1     6086.74 4          6086.804 8    75  8                                                                                   
           6110.85 4          6110.844 7    75  7                                                                                   
          6184.33 13           6184.38 5    57  1                                                                                   
          6252.99 18           6253.00 4    58  1                                                                                   
    (4     6267.81 5         6267.625 17    59  1                                                                                   
    (1      6339.7 3           6339.30 4    60  1                                                                                   
            6343.9 4           6343.75 3    61  1                                                                                   
           6378.94 7         6378.882 19    63  1                                                                                   
    (1     6422.85 6         6422.783 18    64  1                                                                                   
    (1     6487.04 8           6487.13 4    65  1                                                                                   
    (2     6544.11 8         6544.336 16    67  1                                                                                   
           6619.64 4          6619.617 7    75  6                                                                                   
    (1     6627.75 6          6627.823 7    75  5                                                                                   
            6642.0 5         6641.994 21    69  1                                                                                   
    (1     6951.81 7           6951.89 4    72  1                                                                                   
           6977.85 5          6977.838 8    75  4                                                                                   
           7413.95 7          7413.970 7    75  3                                                                                   
            7558.2 4           7558.32 4    74  1                                                                                   
           7790.32 6          7790.333 7    75  2                                                                                   
          8578.59 11          8578.578 7    75  1                                                                                   
      DATA SET  1. ENERGIES CORRECTED BY    .0000000+-  .0000000 KEV     CHISQ/F =  2.948         F=251
      CHISQ/F =  2.984      (FIT OF  323GAMMAS -  74LEVELS)
