
               LEAST-SQUARES LINEAR REGRESSION OF LEVEL AND GAMMA ENERGIES
 
        LEVEL ENERGIES
    1.     0.0
    2.   671.24 12                      
    3.   755.34 9                       
    4.  1308.82 10                      
    5.  1617.20 8                       
    6.  1692.24 11                      
    7.  1745.41 15                      
    8.  1784.80 14                      
    9.  1941.85 24                      
   10.  1981.10 9                       
   11.  2742.90 11                      
   12.  2894.1 3                        
   13.  2956.4 4                        
   14.  3538.4 6                        
   15.  3565.27 24                      
   16.  3684.53 19                      
   17.  3756.3 3                        
   18.  3822.1 2                        
   19.  3862.5 4                        
   20.  3893.33 14                      
   21.  3973.75 17                      
   22.  4011.31 16                      
   23.  4073.16 21                      
   24.  4287.77 25                      
   25.  4405.84 23                      
   26.  4834.69 21                      
   27.  6107.73 11                      
 
   GAMMA ENERGIES
       37CL(N,G) E=THERMA-  ENERGY     DE    L1  L2
 -----------------------------------------------------------------------------------------------------------------------------------
    (S        0.0                196.4 3     9  7                                                                                   
    (1     288.60 20           288.86 11    10  6                                                                                   
    (3     288.60 20           289.22 16    21 16                                                                                   
            308.40 8            308.38 7     5  4                                                                                   
           363.90 12            363.89 8    10  5                                                                                   
            554.0 10           553.47 11     4  3                                                                                   
             637.5 3           637.57 13     4  2                                                                                   
           671.29 15           671.17 14    15 12                                                                                   
           671.29 15           671.23 12     2  1                                                                                   
    (6       723.2 3           721.30 23    25 16                                                                                   
    (2       723.2 3           722.50 24    24 15                                                                                   
           755.46 15            755.33 9     3  1                                                                                   
    (1       862.4 3           861.85 10     5  3                                                                                   
             936.8 3           936.89 12     6  3                                                                                   
           945.89 20           945.95 12     5  2                                                                                   
           958.20 17           958.08 13    11  8                                                                                   
          1029.57 15          1029.45 12     8  3                                                                                   
          1125.68 20          1125.68 10    11  5                                                                                   
          1225.67 11           1225.73 8    10  3                                                                                   
          1273.08 20          1273.02 19    27 26                                                                                   
            1308.8 4          1308.79 10     4  1                                                                                   
          1433.98 16          1434.05 11    11  4                                                                                   
            1469.5 5            1469.5 5     0  0                                                                                   
          1617.12 14           1617.16 8     5  1                                                                                   
          1654.28 20          1654.28 20     0  0                                                                                   
          1692.11 14          1692.20 11     6  1                                                                                   
              1701 3          1701.85 23    27 25                                                                                   
          1745.31 17          1745.37 15     7  1                                                                                   
    (1      1818.7 9            1819.8 3    15  7                                                                                   
    (2      1820.8 3          1819.91 24    27 24                                                                                   
            1869.6 5            1869.6 5     0  0                                                                                   
          1912.25 20          1912.18 13    20 10                                                                                   
            1936.9 3            1936.9 3     0  0                                                                                   
            1941.6 3          1941.79 24     9  1                                                                                   
            1971.8 6            1971.5 3    17  8                                                                                   
    (1    1980.87 17           1981.04 9    10  1                                                                                   
            1987.5 3          1987.50 11    11  3                                                                                   
    (1      1992.8 5          1992.24 20    16  6                                                                                   
            1992.8 5          1992.60 17    21 10                                                                                   
          2030.04 20          2030.16 15    22 10                                                                                   
          2034.54 20          2034.52 19    27 23                                                                                   
            2092.2 6          2091.74 22    26 11                                                                                   
            2092.2 6          2092.00 21    23 10                                                                                   
          2096.24 20          2096.36 15    27 22                                                                                   
    (2    2133.44 20          2133.92 15    27 21                                                                                   
            2201.0 4            2201.0 4    13  3                                                                                   
    (S        0.0             2201.02 16    20  6                                                                                   
            2205.1 4          2204.83 20    18  5                                                                                   
          2214.48 17          2214.34 12    27 20                                                                                   
            2245.1 5            2245.2 4    19  5                                                                                   
           2248.8 19           2248.8 19     0  0                                                                                   
            2276.3 3          2276.05 13    20  5                                                                                   
          2285.63 20          2285.56 18    27 18                                                                                   
            2289.9 4            2289.9 4     0  0                                                                                   
            2351.4 3            2351.3 3    27 17                                                                                   
    (1      2422.8 3          2423.12 17    27 16                                                                                   
    (6      2422.8 3          2424.66 22    25 10                                                                                   
    (2     2544.3 10            2542.3 3    24  7                                                                                   
    (1     2544.3 10          2542.37 24    27 15                                                                                   
              2569 3            2569.3 6    27 14                                                                                   
            2705.3 3            2705.3 3     0  0                                                                                   
           2733.5 18           2733.5 18     0  0                                                                                   
            2743.1 5          2742.79 11    11  1                                                                                   
            2813.5 8            2813.5 8     0  0                                                                                   
           2830.9 20           2830.9 20     0  0                                                                                   
            2854.9 7            2854.9 7     0  0                                                                                   
    (2      2895.1 5          2893.91 25    15  2                                                                                   
    (2      2895.1 5            2894.0 3    12  1                                                                                   
           3050.9 20          3049.76 23    26  8                                                                                   
            3137.9 4          3137.84 14    20  3                                                                                   
            3202.0 6            3202.0 6     0  0                                                                                   
            3213.0 8            3213.5 3    27 12                                                                                   
          3364.74 20          3364.68 12    27 11                                                                                   
            3538.2 6            3538.2 6    14  1                                                                                   
    (1     3566.2 10          3565.09 24    15  1                                                                                   
           3635.1 15           3635.1 15     0  0                                                                                   
           3683.7 18          3684.34 19    16  1                                                                                   
           3892.8 20          3893.11 14    20  1                                                                                   
    (1      3974.5 6          3973.53 17    21  1                                                                                   
    (S        0.0             4011.09 16    22  1                                                                                   
    (1      4126.7 3          4126.40 10    27 10                                                                                   
            4165.3 4          4165.64 25    27  9                                                                                   
            4361.8 3          4362.05 16    27  7                                                                                   
           4405.1 10          4405.57 23    25  1                                                                                   
            4415.1 3          4415.22 13    27  6                                                                                   
            4422.4 7            4422.4 7     0  0                                                                                   
            4490.3 4          4490.25 10    27  5                                                                                   
            5351.9 4          5351.99 11    27  3                                                                                   
              6107 4          6107.21 11    27  1                                                                                   
      DATA SET  1. ENERGIES CORRECTED BY    .0000000+-  .0000000 KEV     CHISQ/F =  3.271         F= 47
      CHISQ/F =  3.342      (FIT OF   73GAMMAS -  26LEVELS)
