
               LEAST-SQUARES LINEAR REGRESSION OF LEVEL AND GAMMA ENERGIES
 
        LEVEL ENERGIES
    1.     0.0
    2.    87.11 3                       
    3.   155.454 16                     
    4.   517.805 19                     
    5.  1001.154 21                     
    6.  1323.56 4                       
    7.  2353.15 20                      
    8.  2696.20 16                      
    9.  3236.5 8                        
   10.  3282.5 3                        
   11.  3631.2 4                        
   12.  3738.91 7                       
   13.  4054.54 4                       
   14.  4312.32 6                       
   15.  4332.0 8                        
   16.  4459.4 7                        
   17.  5178.52 6                       
   18.  5363.05 16                      
   19.  6837.79 4                       
 
   GAMMA ENERGIES
       62NI(N,G) E=THERMA-  ENERGY     DE    L1  L2
 -----------------------------------------------------------------------------------------------------------------------------------
             87.11 3             87.11 3     2  1                                                                                   
          155.446 19          155.453 16     3  1                                                                                   
          362.335 18          362.350 14     4  3                                                                                   
            430.66 7            430.70 3     4  2                                                                                   
          483.332 21          483.348 16     5  4                                                                                   
    (1      517.85 4          517.802 19     4  1                                                                                   
          845.698 21          845.694 16     5  3                                                                                   
          1001.26 12         1001.146 21     5  1                                                                                   
    (1     1168.14 4           1168.10 3     6  3                                                                                   
          1236.50 10           1236.44 4     6  2                                                                                   
    (2     1323.35 8           1323.55 4     6  1                                                                                   
          1474.79 16          1474.72 16    19 18                                                                                   
    (1      1695.5 3          1695.02 15     8  5                                                                                   
    (3      2267.7 5          2266.01 20     7  2                                                                                   
    (1    2352.70 25          2353.11 20     7  1                                                                                   
          2540.52 18          2540.69 15     8  3                                                                                   
    (1    3099.11 20           3098.79 8    19 12                                                                                   
           3221.06 7           3221.02 7    12  4                                                                                   
            3236.4 8            3236.4 8     9  1                                                                                   
            3282.9 7            3282.4 3    10  1                                                                                   
            3475.6 4            3475.6 4    11  3                                                                                   
            3555.3 3            3555.2 3    19 10                                                                                   
           4054.40 4           4054.40 4    13  1                                                                                   
           4312.16 6           4312.16 6    14  1                                                                                   
            4331.8 8            4331.8 8    15  1                                                                                   
            4459.2 7            4459.2 7    16  1                                                                                   
            4484.5 4          4484.46 20    19  7                                                                                   
           5178.29 6           5178.29 6    17  1                                                                                   
    (2      5208.8 7          5207.37 16    18  3                                                                                   
          5513.98 14           5513.96 5    19  6                                                                                   
    (1     5836.22 7           5836.34 4    19  5                                                                                   
          6319.68 11           6319.64 4    19  4                                                                                   
    (1    6681.74 18           6681.95 4    19  3                                                                                   
           6837.44 6           6837.39 4    19  1                                                                                   
      DATA SET  1. ENERGIES CORRECTED BY    .0000000+-  .0000000 KEV     CHISQ/F =  2.829         F= 15
      CHISQ/F =  2.829      (FIT OF   34GAMMAS -  18LEVELS)
