  65NI    64NI(N,G) E=THERMAL                                                    
  
         EL                IN             OUT          NET       (+NORM. UNC.)
 *****************************************************************************
             0.0        1.67 23         0.0            0.0            0.0       
         63.38 7         1.32 7        1.67 23        0.35 24        0.35 24    
       310.24 17         0.25 5         0.0           -0.25 5        -0.25 5    
        692.23 9         0.0           0.131 8        0.131 8        0.131 8    
        1417.7 3         0.0            0.0            0.0            0.0       
        1920.0 7         0.0            0.0            0.0            0.0       
      2146.66 18         0.24 4         0.0           -0.24 4        -0.24 4    
        2324.4 3         0.0            0.0            0.0            0.0       
        2711.4 3         0.0            0.0            0.0            0.0       
        3009.5 6         0.0            0.0            0.0            0.0       
        3278.5 5         0.0            0.0            0.0            0.0       
       3962.2 10         0.0            0.0            0.0            0.0       
      6097.88 14         0.0            1.67           1.67 *         1.67 *    
 *****************************************************************************
                       TOTAL BETA INTENSITY =         1.67 25        1.67 25    
             TOTAL UNPLACED GAMMA INTENSITY =          0.0                      
              NORMALIZATION UNCERTAINTY (%) =    .1111                          
