
               LEAST-SQUARES LINEAR REGRESSION OF LEVEL AND GAMMA ENERGIES
 
        LEVEL ENERGIES
    1.     0.0
    2.    52.004 14                     
    3.   142.576 14                     
    4.   227.823 13                     
    5.   280.774 14                     
    6.   289.632 16                     
    7.   444.302 20                     
    8.   584.895 16                     
    9.   627.526 16                     
   10.   773.815 17                     
   11.   835.228 19                     
   12.   991.47 3                       
   13.  1088.522 20                     
   14.  1124.339 24                     
   15.  1270.55 3                       
   16.  1321.27 3                       
   17.  1394.38 4                       
   18.  1427.88 8                       
   19.  1526.83 4                       
   20.  1642.75 3                       
   21.  1692.3 3                        
   22.  1708.17 5                       
   23.  1763.07 13                      
   24.  1799.76 7                       
   25.  1886.01 10                      
   26.  1919.96 3                       
   27.  1921.10 4                       
   28.  2043.32 4                       
   29.  2063.01 4                       
   30.  2070.57 9                       
   31.  2084.56 16                      
   32.  2114.24 7                       
   33.  2119.34 9                       
   34.  2184.9 7                        
   35.  2203.23 5                       
   36.  2221.80 9                       
   37.  2252.82 13                      
   38.  2291.47 16                      
   39.  2302.64 8                       
   40.  2329.9 3                        
   41.  2366.63 20                      
   42.  2375.17 20                      
   43.  2395.84 12                      
   44.  2410.53 4                       
   45.  2431.19 13                      
   46.  2442.54 4                       
   47.  2450.97 14                      
   48.  2459.56 10                      
   49.  2486.4 7                        
   50.  2494.54 15                      
   51.  2521.9 3                        
   52.  2558.95 19                      
   53.  2567.92 16                      
   54.  2590.19 4                       
   55.  2642.92 20                      
   56.  2663.4 3                        
   57.  2694.50 18                      
   58.  2705.29 6                       
   59.  2714.32 20                      
   60.  2783.22 21                      
   61.  2834.01 19                      
   62.  2856.12 13                      
   63.  2863.41 7                       
   64.  2890.1 3                        
   65.  2939.91 14                      
   66.  2956.33 24                      
   67.  2979.34 16                      
   68.  3002.04 17                      
   69.  3016.98 11                      
   70.  3032.2 3                        
   71.  3056.40 23                      
   72.  3081.58 16                      
   73.  3094.97 15                      
   74.  3136.29 12                      
   75.  3176.74 24                      
   76.  3191.73 17                      
   77.  3205.01 10                      
   78.  3229.91 15                      
   79.  3260.5 4                        
   80.  3278.83 18                      
   81.  3314.77 9                       
   82.  3381.2 3                        
   83.  3396.5 4                        
   84.  3413.76 21                      
   85.  3424.76 15                      
   86.  3443.4 4                        
   87.  3474.29 13                      
   88.  3493.28 6                       
   89.  3550.30 18                      
   90.  3596.94 24                      
   91.  3604.8 3                        
   92.  3620.6 3                        
   93.  3631.98 21                      
   94.  3656.0 4                        
   95.  3675.15 13                      
   96.  3710.8 3                        
   97.  3720.3 4                        
   98.  3766.71 13                      
   99.  3785.65 6                       
  100.  3813.9 3                        
  101.  3841.07 12                      
  102.  3868.75 11                      
  103.  3877.03 17                      
  104.  3937.36 10                      
  105.  3945.3 3                        
  106.  4039.81 12                      
  107.  4074.67 25                      
  108.  4081.26 15                      
  109.  4103.65 24                      
  110.  4131.96 9                       
  111.  4143.08 17                      
  112.  4261.70 13                      
  113.  4294.6 3                        
  114.  4319.06 15                      
  115.  4383.15 8                       
  116.  4432.78 16                      
  117.  4447.78 20                      
  118.  4468.17 21                      
  119.  4523.34 22                      
  120.  4529.1 4                        
  121.  4587.51 17                      
  122.  4606.34 19                      
  123.  4694.6 1                        
  124.  4700.95 14                      
  125.  4719.54 16                      
  126.  4754.3 3                        
  127.  4761.37 21                      
  128.  4787.6 3                        
  129.  4872.7 3                        
  130.  4882.96 24                      
  131.  4961.51 9                       
  132.  5048.99 18                      
  133.  5092.5 3                        
  134.  5302.15 17                      
  135.  5346.0 3                        
  136.  5541.4 3                        
  137.  8760.53 3                       
 
   GAMMA ENERGIES
       45SC(N,G) E=THERMA-  ENERGY     DE    L1  L2
 -----------------------------------------------------------------------------------------------------------------------------------
    (2     52.049 21           52.004 14     2  1                                                                                   
    (1       61.88 5           61.810 19     6  4                                                                                   
    (3    142.627 16          142.576 14     3  1                                                                                   
    (3    147.114 16          147.056 14     6  3                                                                                   
          216.475 17          216.479 16     7  4                                                                                   
    (2    227.860 16          227.822 13     4  1                                                                                   
    (2    228.806 16          228.770 13     5  2                                                                                   
    (1    280.748 24          280.774 14     5  1                                                                                   
    (4    295.343 19          295.262 15     8  6                                                                                   
            314.73 4          314.705 23    13 10                                                                                   
            357.10 7          357.071 19     8  4                                                                                   
    (2      399.77 3          399.701 18     9  4                                                                                   
    (1      402.82 5            402.91 4    17 12                                                                                   
    (3     437.03 19            437.61 5    22 15                                                                                   
            442.30 5          442.317 17     8  3                                                                                   
             478.6 3             478.6 3    51 28                                                                                   
          486.054 21          486.039 21    16 11                                                                                   
    (6     492.06 15          493.038 20    10  5                                                                                   
    (2     496.44 16            496.81 3    14  9                                                                                   
    (1    539.466 25          539.440 22    14  8                                                                                   
            547.14 3            547.16 3    12  7                                                                                   
    (4    554.555 23          554.450 18    11  5                                                                                   
    (3      584.80 3          584.891 16     8  1                                                                                   
    (3     600.25 11            599.83 5    27 16                                                                                   
    (2    627.477 22          627.521 16     9  1                                                                                   
    (1      643.06 3          643.021 24    15  9                                                                                   
    (1      685.58 6            685.65 3    15  8                                                                                   
            711.23 7            711.23 7    24 13                                                                                   
            721.78 3          721.805 19    10  2                                                                                   
           749.21 10            749.30 8    30 16                                                                                   
    (1    773.834 22          773.808 17    10  1                                                                                   
            807.74 3          807.740 20    13  5                                                                                   
    (4      835.07 3          835.220 19    11  1                                                                                   
    (1      843.49 4          843.556 25    14  5                                                                                   
    (1      860.66 3          860.691 21    13  4                                                                                   
    (3       883.2 4            881.95 6    35 16                                                                                   
    (1      899.37 6            899.30 4    19  9                                                                                   
    (1     930.03 12           930.20 11    85 50                                                                                   
           942.15 22           942.15 22    71 32                                                                                   
    (1     1015.16 4           1015.21 3    20  9                                                                                   
           1057.88 4           1057.84 3    20  8                                                                                   
          1065.17 11           1065.16 9    48 17                                                                                   
    (1     1082.44 6           1082.52 4    19  7                                                                                   
          1088.59 25         1088.508 20    13  1                                                                                   
    (3     1123.41 5           1123.26 4    22  8                                                                                   
    (1     1134.34 7           1134.42 7    77 30                                                                                   
          1162.36 14           1162.30 8    54 18                                                                                   
    (1     1166.60 4           1166.54 3    17  4                                                                                   
           1227.76 4           1227.77 4    29 11                                                                                   
    (1    1235.07 18           1235.33 8    30 11                                                                                   
           1251.72 8           1251.74 8    81 29                                                                                   
    (2     1270.43 5           1270.53 3    15  1                                                                                   
           1285.31 9           1285.28 8    18  3                                                                                   
          1321.92 11           1321.98 4    44 13                                                                                   
           1335.04 3           1335.04 3    26  8                                                                                   
          1362.43 14          1362.43 14    47 13                                                                                   
    (2    1405.56 19          1406.00 15    50 13                                                                                   
    (4    1414.93 20           1415.77 5    28  9                                                                                   
          1422.14 17          1422.10 15   124 80                                                                                   
    (1    1508.96 19          1509.19 16   124 76                                                                                   
    (1      1519.6 4            1520.2 3    91 31                                                                                   
    (1      1552.4 3          1552.86 17   111 54                                                                                   
           1575.28 4           1575.27 4    44 11                                                                                   
            1592.1 3            1592.1 3   100 36                                                                                   
    (2     1618.16 7           1618.30 5    35  8                                                                                   
            1650.0 4          1649.87 24    75 19                                                                                   
          1658.10 14          1658.16 10    25  4                                                                                   
          1663.98 18          1663.92 16    38  9                                                                                   
    (1      1667.9 4           1668.69 4    46 10                                                                                   
    (1      1681.2 3            1681.5 3   134 92                                                                                   
            1692.3 3            1692.3 3    21  1                                                                                   
    (2     1693.35 5           1693.24 4    27  4                                                                                   
    (6    1707.07 16           1708.13 5    22  1                                                                                   
    (2     1753.89 9           1753.65 4    28  6                                                                                   
          1763.03 13          1763.03 13    23  1                                                                                   
          1777.52 11           1777.46 9    36  7                                                                                   
          1799.74 19           1799.72 7    24  1                                                                                   
          1803.65 16          1803.75 16    31  5                                                                                   
           1814.98 5           1814.97 4    46  9                                                                                   
    (4    1818.93 21          1817.97 13   106 36                                                                                   
    (1     1829.57 9           1829.67 9    33  6                                                                                   
           1857.62 6           1857.60 4    46  8                                                                                   
           1870.07 7           1870.02 6    58 11                                                                                   
            1879.3 3          1879.05 20    59 11                                                                                   
    (1    1885.78 16          1885.97 10    25  1                                                                                   
           1900.68 5           1900.70 4    28  3                                                                                   
          1913.66 11           1913.55 5    35  6                                                                                   
          1920.64 18          1920.64 18    57 10                                                                                   
    (3    1932.83 23           1932.13 9    36  6                                                                                   
          1940.29 17          1940.35 16    53  9                                                                                   
    (3    1961.77 24           1962.62 4    54  9                                                                                   
    (1    1966.21 18           1966.40 7    88 19                                                                                   
          1970.45 24          1970.59 15    73 14                                                                                   
    (2    1975.68 15           1975.36 5    35  4                                                                                   
           2005.28 4           2005.25 4    54  8                                                                                   
          2020.81 20          2020.85 13    62 11                                                                                   
    (1    2058.32 17          2058.49 13    98 22                                                                                   
          2079.92 17          2079.86 13    87 17                                                                                   
    (2      2098.9 3          2099.69 24   130 60                                                                                   
          2106.09 12          2106.15 11    43  6                                                                                   
    (1    2110.01 14          2110.19 13    37  3                                                                                   
           2114.19 7           2114.19 7    32  1                                                                                   
          2129.65 13           2129.70 4    44  5                                                                                   
            2153.1 6          2152.97 13    87 16                                                                                   
            2178.5 3          2178.73 10    48  5                                                                                   
            2184.8 7            2184.8 7    34  1                                                                                   
            2197.0 3            2197.0 3    70 11                                                                                   
          2203.38 15          2203.31 13    45  4                                                                                   
    (3      2214.5 3          2213.49 11    77 12                                                                                   
          2243.15 14          2243.11 11    69 10                                                                                   
    (1      2269.3 5          2269.95 20    59  7                                                                                   
            2277.8 3            2277.8 3    40  2                                                                                   
            2291.1 4          2291.41 16    38  1                                                                                   
           2302.55 8           2302.58 8    39  1                                                                                   
            2317.1 3          2316.92 10    48  3                                                                                   
          2331.06 19          2331.06 19    52  4                                                                                   
    (1    2340.77 18          2340.53 13   112 27                                                                                   
          2351.79 17          2351.75 16    67  9                                                                                   
    (3    2361.90 16          2362.41 12    74 10                                                                                   
          2366.56 20          2366.56 20    41  1                                                                                   
    (1    2373.42 20          2373.03 15   108 22                                                                                   
          2375.10 20          2375.10 20    42  1                                                                                   
          2404.76 12           2404.69 6    88 13                                                                                   
          2410.47 22           2410.46 4    44  1                                                                                   
            2442.4 3           2442.47 4    46  1                                                                                   
    (2    2477.02 17           2477.40 6    58  4                                                                                   
            2486.3 7            2486.3 7    49  1                                                                                   
    (2      2501.7 3          2502.37 21    60  5                                                                                   
    (3      2566.4 7          2564.13 17    76  9                                                                                   
    (1      2578.1 3          2578.45 21    84 11                                                                                   
            2600.4 3            2600.4 3    64  6                                                                                   
    (1      2606.9 3          2606.40 17   103 15                                                                                   
          2628.28 19          2628.22 13    62  4                                                                                   
           2635.54 7           2635.51 7    63  4                                                                                   
          2642.84 20          2642.84 20    55  1                                                                                   
    (1     2662.0 10            2663.3 3    56  1                                                                                   
          2666.61 24          2666.61 24    66  6                                                                                   
            2678.2 5          2678.10 13    98 13                                                                                   
    (1      2694.7 8          2693.85 18    80  8                                                                                   
    (1      2714.6 3          2714.99 18    89 11                                                                                   
          2721.18 17          2721.18 17    68  5                                                                                   
    (1      2788.7 3          2789.07 11    69  4                                                                                   
          2797.24 14          2797.24 14    65  3                                                                                   
          2805.13 25          2805.25 15    73  6                                                                                   
            2815.2 5          2815.08 22   119 22                                                                                   
          2833.84 21          2833.91 19    61  1                                                                                   
            2834.5 4          2834.43 18    80  7                                                                                   
    (1    2871.21 22          2870.86 17   134 45                                                                                   
            2886.6 5            2886.2 4   120 20                                                                                   
            2901.2 4          2901.10 15   124 24                                                                                   
    (3    2928.72 23          2929.55 17   132 33                                                                                   
    (1      2944.1 4          2944.66 17   121 20                                                                                   
    (1      2950.4 4          2951.19 13   106 13                                                                                   
    (3      2962.8 3          2963.81 17    76  4                                                                                   
    (2      2981.4 4          2980.35 15    85  7                                                                                   
    (1      2990.6 3          2991.04 13   112 15                                                                                   
            2996.2 3          2996.40 22   119 19                                                                                   
           3011.71 7           3011.73 6    99 10                                                                                   
    (2      3017.6 5          3018.63 17   111 14                                                                                   
            3028.4 4            3028.4 4    94  9                                                                                   
    (2    3049.36 19           3048.87 6    88  7                                                                                   
          3081.48 17          3081.47 16    72  1                                                                                   
            3083.2 3            3083.2 3    96  9                                                                                   
            3089.9 3          3089.68 15   108 12                                                                                   
    (1      3116.6 6            3117.8 4    79  3                                                                                   
           3186.1 13          3185.82 21    84  4                                                                                   
    (1      3192.5 5          3193.01 18   121 17                                                                                   
            3219.0 5            3219.0 3   137136                                                                                   
          3229.73 16          3229.79 15    78  1                                                                                   
    (4      3247.6 4          3249.38 17   103  9                                                                                   
          3265.33 15           3265.34 6    88  4                                                                                   
            3302.9 4            3303.0 3   113 12                                                                                   
            3328.9 3            3329.1 3    82  2                                                                                   
          3350.99 24          3351.08 21    93  5                                                                                   
            3359.5 5            3359.8 3   126 17                                                                                   
            3396.0 6            3396.4 4    83  1                                                                                   
            3414.5 4            3414.4 3   137135                                                                                   
    (1      3431.4 7          3432.59 17   103  7                                                                                   
            3442.8 5            3443.3 4    86  1                                                                                   
          3458.42 23          3458.24 17   137134                                                                                   
    (1      3476.9 5            3477.9 3    92  3                                                                                   
            3516.3 6            3516.9 3   128 15                                                                                   
    (1      3556.9 6           3557.68 6    99  4                                                                                   
    (1      3596.3 4          3596.79 24    90  1                                                                                   
    (1    3622.83 15          3623.00 13    95  2                                                                                   
    (1      3636.3 3          3636.87 21   127 14                                                                                   
            3667.7 3            3667.9 3   137133                                                                                   
    (3    3710.40 25          3711.38 18   137132                                                                                   
            3720.1 4            3720.1 4    97  1                                                                                   
    (2      3749.1 4          3750.01 12   106  6                                                                                   
          3798.64 25          3798.85 10   137131                                                                                   
    (3      3812.2 4          3813.52 17   121 10                                                                                   
    (1      3821.2 5            3821.8 3   133 15                                                                                   
    (1      3840.9 4          3840.47 21   118  9                                                                                   
          3840.94 14          3840.89 12   101  1                                                                                   
          3868.48 12          3868.57 11   102  1                                                                                   
    (2      3876.6 3          3877.39 24   137130                                                                                   
          3937.15 11          3937.18 10   104  1                                                                                   
            3945.1 3            3945.1 3   105  1                                                                                   
            3972.6 3            3972.7 3   137128                                                                                   
    (1      3998.4 3          3998.97 21   137127                                                                                   
            4005.8 4            4006.0 3   137126                                                                                   
    (1      4020.8 3          4021.26 19   122  8                                                                                   
            4041.1 5          4040.79 16   137125                                                                                   
          4059.19 21          4059.38 14   137124                                                                                   
            4065.6 3          4065.73 11   137123                                                                                   
          4074.48 25          4074.48 25   107  1                                                                                   
            4084.2 5            4084.6 4   120  7                                                                                   
            4103.5 3          4103.46 24   109  1                                                                                   
           4131.79 9           4131.76 9   110  1                                                                                   
    (1    4153.69 24          4153.98 19   137122                                                                                   
    (3    4172.02 24          4172.82 17   137121                                                                                   
            4236.7 4          4236.98 22   137119                                                                                   
          4292.31 25          4292.14 21   137118                                                                                   
            4313.1 7          4312.53 20   137117                                                                                   
          4318.89 16          4318.85 15   114  1                                                                                   
            4327.6 4          4327.53 17   137116                                                                                   
            4354.4 4            4354.3 3   135 12                                                                                   
    (1    4376.70 23           4377.15 9   137115                                                                                   
           4382.86 9           4382.93 8   115  1                                                                                   
          4432.56 18          4432.55 16   116  1                                                                                   
            4441.5 4          4441.23 15   137114                                                                                   
          4447.60 21          4447.55 20   117  1                                                                                   
            4465.6 4            4465.7 3   137113                                                                                   
          4498.71 22          4498.59 13   137112                                                                                   
    (2    4616.71 23          4617.20 17   137111                                                                                   
    (1      4628.7 3           4628.32 9   137110                                                                                   
            4656.7 4          4656.62 24   137109                                                                                   
    (3      4680.1 3          4679.01 15   137108                                                                                   
          4694.33 11          4694.35 10   123  1                                                                                   
          4719.32 17          4719.28 16   125  1                                                                                   
    (1    4720.78 17          4720.46 12   137106                                                                                   
            4822.7 3          4822.90 11   137104                                                                                   
            4872.4 3            4872.4 3   129  1                                                                                   
    (1    4882.75 24          4883.22 17   137103                                                                                   
    (1    4891.13 24          4891.50 11   137102                                                                                   
          4919.30 23          4919.18 12   137101                                                                                   
          4961.19 10           4961.22 9   131  1                                                                                   
          4974.54 10           4974.59 6   137 99                                                                                   
    (1    4993.30 20          4993.53 13   137 98                                                                                   
    (2      5084.4 3          5085.07 14   137 95                                                                                   
            5128.0 4          5128.24 21   137 93                                                                                   
    (1      5154.4 5            5155.4 3   137 91                                                                                   
            5163.0 3          5163.28 24   137 90                                                                                   
          5209.68 23          5209.91 18   137 89                                                                                   
    (1    5267.04 10           5266.92 6   137 88                                                                                   
          5285.99 19          5285.91 13   137 87                                                                                   
            5316.3 5            5316.8 4   137 86                                                                                   
    (1    5335.17 22          5335.44 15   137 85                                                                                   
    (1      5346.1 3          5346.44 21   137 84                                                                                   
            5363.3 6            5363.7 4   137 83                                                                                   
            5378.5 5            5379.0 3   137 82                                                                                   
    (1      5445.1 3           5445.41 9   137 81                                                                                   
            5481.4 4          5481.35 18   137 80                                                                                   
    (1      5498.9 5            5499.7 4   137 79                                                                                   
            5529.9 4          5530.26 15   137 78                                                                                   
            5541.1 4            5541.1 3   136  1                                                                                   
    (2      5554.3 4          5555.16 11   137 77                                                                                   
            5568.4 4          5568.43 17   137 76                                                                                   
            5583.5 3          5583.43 24   137 75                                                                                   
    (3    5623.15 19          5623.87 12   137 74                                                                                   
    (1      5664.8 3          5665.18 15   137 73                                                                                   
            5678.7 6          5678.57 17   137 72                                                                                   
            5728.1 6            5727.9 3   137 70                                                                                   
          5743.09 19          5743.16 11   137 69                                                                                   
            5781.0 4          5780.79 16   137 67                                                                                   
    (1    5896.90 17           5896.71 7   137 63                                                                                   
            5904.1 4          5904.00 13   137 62                                                                                   
            5925.7 5          5926.11 20   137 61                                                                                   
            5977.1 4          5976.89 21   137 60                                                                                   
            6045.8 3          6045.78 20   137 59                                                                                   
          6054.67 20           6054.81 7   137 58                                                                                   
            6096.6 3            6096.7 3   137 56                                                                                   
    (2    6170.24 16           6169.89 5   137 54                                                                                   
            6191.8 4          6192.16 16   137 53                                                                                   
            6300.5 3          6300.51 10   137 48                                                                                   
          6317.64 25           6317.52 5   137 46                                                                                   
    (1      6328.2 4          6328.87 13   137 45                                                                                   
            6349.4 3           6349.53 5   137 44                                                                                   
    (1      6363.5 4          6364.22 12   137 43                                                                                   
    (1      6457.0 3           6457.40 8   137 39                                                                                   
    (2      6506.4 3          6507.22 13   137 37                                                                                   
    (1      6537.6 4           6538.23 9   137 36                                                                                   
          6556.82 14           6556.80 6   137 35                                                                                   
    (2      6642.0 6           6640.67 9   137 33                                                                                   
          6716.69 17           6716.68 5   137 28                                                                                   
    (7    6839.73 11           6838.88 5   137 27                                                                                   
    (2    6873.33 25          6873.97 10   137 25                                                                                   
            6960.4 8           6960.21 7   137 24                                                                                   
            7051.8 3           7051.78 5   137 22                                                                                   
          7117.01 18           7117.19 4   137 20                                                                                   
    (1      7233.6 3           7233.08 5   137 19                                                                                   
            7489.7 4           7489.32 4   137 15                                                                                   
          7635.42 20           7635.51 4   137 14                                                                                   
            7924.4 5           7924.57 3   137 11                                                                                   
          8132.37 18           8132.23 3   137  9                                                                                   
    (2    8175.07 10           8174.85 3   137  8                                                                                   
    (2    8315.75 16           8315.42 3   137  7                                                                                   
            8470.3 3           8470.06 3   137  6                                                                                   
    (1    8532.07 12           8531.86 3   137  4                                                                                   
    (3    8760.43 23           8759.63 3   137  1                                                                                   
      DATA SET  1. ENERGIES CORRECTED BY    .0000000+-  .0000000 KEV     CHISQ/F =  5.148         F=164
      CHISQ/F =  5.148      (FIT OF  301GAMMAS - 136LEVELS)
