  47TI    46TI(N,G),(POL N,G) E=THERMAL                           95NDS    199503
  
         EL                IN             OUT          NET       (+NORM. UNC.)
 *****************************************************************************
             0.0      98.872 14          100         1.128 14       1.128 14    
      159.377 12           25        48.216 14      23.176 14      23.176 14    
       1250.0 20         0.0            0.0            0.0            0.0       
        1549.8 6           22             38             15             15      
        1793.4 4           19             7.            -12            -12      
       1816.6 18           1.             4.             3.             3.      
      2163.20 20         0.40           0.40           0.0            0.0       
      2364.90 20         0.48           0.48           0.0            0.0       
          2411 7         0.43           0.43           0.0            0.0       
       2499.8 21         0.0            0.0            0.0            0.0       
          2553 4           10             19             9.             9.      
          2601 7         0.0            0.0            0.0            0.0       
       2617.0 20         0.0            0.0            0.0            0.0       
          2793 4           6.             2.            -4.            -4.      
          2855 5         0.0            0.0            0.0            0.0       
          3175 4           1.             4.             2.             2.      
          3549 5           4.             4.           0.32           0.32      
          3679 4           5.             1.            -4.            -4.      
          3922 4           7.             4.            -2.            -2.      
          5356 9         0.0            0.0            0.0            0.0       
          5746 5         0.0            0.0            0.0            0.0       
       8877.7 10         0.0              68             68             68      
 *****************************************************************************
                       TOTAL BETA INTENSITY =      100.000 14     100.000 14    
             TOTAL UNPLACED GAMMA INTENSITY =            23                     
              NORMALIZATION UNCERTAINTY (%) =    .0000                          
