                                                                    
 
               LEAST-SQUARES LINEAR REGRESSION OF LEVEL AND GAMMA ENERGIES
 
        LEVEL ENERGIES
    1.     0.0
    2.   159.377 12                     
    3.  1251.0 22                       
    4.  1550.7 5                        
    5.  1793.5 4                        
    6.  1819.9 9                        
    7.  2163.1 10                       
    9.  2412 6                          
   10.  2500.2 20                       
   11.  2554 3                          
   12.  2602 6                          
   13.  2617.1 20                       
   14.  2795 3                          
   15.  2864.8 24                       
   16.  3176.6 11                       
   17.  3550.7 11                       
   18.  3679 4                          
   19.  3922 4                          
   20.  5357 7                          
   21.  5747 4                          
   22.  8878.7 10                       
 
   GAMMA ENERGIES
       46TI(N,G),(POL N,G-  ENERGY     DE    L1  L2
 -----------------------------------------------------------------------------------------------------------------------------------
          159.377 12          159.377 12     2  1                                                                                   
               242 3               241 3    14 11                                                                                   
               242 3             242.8 6     5  4                                                                                   
    (S        0.0                  592 6     9  6                                                                                   
    (S        0.0                  764 6    16  9                                                                                   
    (S        0.0                  782 6    12  6                                                                                   
            838.0 10            838.0 10     0  0                                                                                   
    (S        0.0                  862 6     9  4                                                                                   
            887.0 10            887.0 10     0  0                                                                                   
    (S        0.0              1013.5 15    16  7                                                                                   
    (S        0.0              1091.6 22     3  2                                                                                   
    (S        0.0              1251.0 22     3  1                                                                                   
           1314.0 10           1314.0 10     0  0                                                                                   
    (1     1355.0 10            1356.7 9    16  6                                                                                   
            1391.5 5            1391.3 5     4  2                                                                                   
           1437.0 10           1437.0 10     0  0                                                                                   
           1525.0 10           1525.0 10     0  0                                                                                   
    (1        1556 3            1550.6 5     4  1                                                                                   
           1608.0 10           1608.0 10     0  0                                                                                   
              1632 3            1634.0 4     5  2                                                                                   
            1793.4 4            1793.4 4     5  1                                                                                   
    (1     1818.4 10            1819.8 9     6  1                                                                                   
           2000.0 10           2000.0 10    17  4                                                                                   
           2163.0 10           2163.0 10     7  1                                                                                   
    (S        0.0                 2412 6     9  1                                                                                   
    (S        0.0                 2443 6    12  2                                                                                   
              2500 5           2500.1 20    10  1                                                                                   
              2556 4              2554 3    11  1                                                                                   
    (S        0.0                 2602 6    12  1                                                                                   
           2617.0 20           2617.0 20    13  1                                                                                   
    (1        2855 5           2864.7 24    15  1                                                                                   
    (S        0.0              3017.1 11    16  2                                                                                   
              3127 5              3131 4    22 21                                                                                   
              3145 5              3145 5    21 12                                                                                   
    (S        0.0                 3176 6    16  8                                                                                   
              3189 5              3193 4    21 11                                                                                   
              3335 5              3335 5    21  9                                                                                   
             3530 10              3522 7    22 20                                                                                   
    (1        3685 5              3679 4    18  1                                                                                   
           3903.0 10           3903.0 10     0  0                                                                                   
              3925 5              3922 4    19  1                                                                                   
           3961.0 10           3961.0 10     0  0                                                                                   
              4352 5              4352 5     0  0                                                                                   
           4625.0 10           4625.0 10     0  0                                                                                   
              4959 5              4956 4    22 19                                                                                   
    (1        5205 5              5199 4    22 18                                                                                   
              5328 5           5327.7 14    22 17                                                                                   
             5365 10              5357 7    20  1                                                                                   
    (1     5700.0 10            5701.7 9    22 16                                                                                   
           6011.0 25           6013.4 22    22 15                                                                                   
              6086 5              6083 3    22 14                                                                                   
              6328 5              6324 3    22 11                                                                                   
           6378.0 20           6378.0 19    22 10                                                                                   
    (1        7063 4           7058.2 10    22  6                                                                                   
           7083.0 20           7084.6 10    22  5                                                                                   
    (3     7334.0 20           7327.4 10    22  4                                                                                   
           7627.0 20           7627.0 20    22  3                                                                                   
      DATA SET  1. ENERGIES CORRECTED BY    .0000000+-  .0000000 KEV     CHISQ/F =  2.061         F= 18
      CHISQ/F =  2.650      (FIT OF   35GAMMAS -  20LEVELS)
