
               LEAST-SQUARES LINEAR REGRESSION OF LEVEL AND GAMMA ENERGIES
 
        LEVEL ENERGIES
    1.     0.0
    2.  1553.811 6                      
    3.  2674.955 8                      
    4.  3198.719 13                     
    5.  3862.82 4                       
    6.  4147.233 10                     
    7.  4172.025 18                     
    8.  4309.88 11                      
    9.  4410.04 3                       
   10.  4486.76 5                       
   11.  4789.99 6                       
   12.  4880.728 13                     
   13.  5186.125 16                     
   14.  5379.965 18                     
   15.  5547.82 3                       
   16.  5694.89 8                       
   17.  5806.56 15                      
   18.  5946.501 21                     
   19.  6123.17 3                       
   20.  6156.49 21                      
   21.  6301.81 3                       
   22.  6379.90 14                      
   23.  6399.83 15                      
   24.  6521.43 4                       
   25.  6710.591 23                     
   26.  6729.88 5                       
   27.  6837.66 6                       
   28.  6849.07 8                       
   29.  7029.41 25                      
   30.  7078.74 23                      
   31.  7232.21 22                      
   32.  7482.98 6                       
   33. 10939.205 14                     
 
   GAMMA ENERGIES
       49TI(N,G),(POL N,G-  ENERGY     DE    L1  L2
 -----------------------------------------------------------------------------------------------------------------------------------
          523.759 10          523.761 10     4  3                                                                                   
    (2      733.69 9          733.489 11    12  6                                                                                   
            760.31 8          760.369 23    18 13                                                                                   
          1121.130 6          1121.131 6     3  2                                                                                   
          1156.65 16           1156.49 6    18 11                                                                                   
         1207.930 11         1207.924 10    14  7                                                                                   
    (1     1242.38 4           1242.43 3    19 12                                                                                   
          1273.22 19          1273.22 19     0  0                                                                                   
            1457.6 3           1457.67 6    27 14                                                                                   
          1472.255 6          1472.255 6     6  3                                                                                   
         1497.054 25         1497.046 16     7  3                                                                                   
    (2     1524.53 4         1524.441 23    25 13                                                                                   
          1553.785 6          1553.785 6     2  1                                                                                   
    (1     1636.45 5           1636.38 5    19 10                                                                                   
          1642.40 12          1642.40 12     0  0                                                                                   
    (1    1681.69 15         1681.978 14    12  4                                                                                   
    (2      1730.8 3           1731.40 7    24 11                                                                                   
           1735.00 5           1735.05 3     9  3                                                                                   
            1755.8 3            1755.8 3     0  0                                                                                   
          1773.77 20          1773.77 20     0  0                                                                                   
    (1      1852.9 4          1852.21 22    31 14                                                                                   
            2001.5 6            2001.5 6     0  0                                                                                   
    (2      2128.4 5           2129.74 3    21  7                                                                                   
            2201.0 3            2201.0 3     0  0                                                                                   
         2205.722 11         2205.720 10    12  3                                                                                   
            2215.0 5            2215.0 5     0  0                                                                                   
    (1     2300.43 5           2300.50 3    25  9                                                                                   
          2305.07 11          2305.07 11     0  0                                                                                   
           2308.98 4           2308.96 4     5  2                                                                                   
    (2      2348.3 3           2349.04 4    15  4                                                                                   
         2511.110 20         2511.102 15    13  3                                                                                   
    (1    2538.37 10           2538.50 3    25  7                                                                                   
    (2     2618.33 7         2618.141 17     7  2                                                                                   
    (1    2658.75 20           2658.53 5    24  5                                                                                   
    (1      2700.6 6           2701.76 8    28  6                                                                                   
           2704.92 4         2704.931 16    14  3                                                                                   
            2709.2 4            2709.2 4     0  0                                                                                   
    (1      2719.1 3          2719.45 24    29  8                                                                                   
          2755.89 13          2755.98 11     8  2                                                                                   
          2765.43 12          2765.43 12     0  0                                                                                   
            2810.5 5            2810.5 5     0  0                                                                                   
            2846.5 4            2846.5 4     0  0                                                                                   
           2856.13 4           2856.14 3     9  2                                                                                   
    (2    2867.39 21           2866.97 6    26  5                                                                                   
          2872.72 10           2872.78 3    15  3                                                                                   
    (1      2924.9 5           2924.36 3    19  4                                                                                   
    (3    2933.27 12           2932.86 5    10  2                                                                                   
          3019.86 11           3019.84 7    16  3                                                                                   
    (1    3131.71 19          3131.50 15    17  3                                                                                   
    (1      3181.9 6          3181.07 14    22  4                                                                                   
          3186.72 20          3186.72 20     0  0                                                                                   
           3236.09 7           3236.07 6    11  2                                                                                   
           3271.41 3         3271.431 20    18  3                                                                                   
            3448.4 5           3448.09 3    19  3                                                                                   
    (1     3456.17 7           3456.09 6    33 32                                                                                   
            3534.5 5            3534.5 5     0  0                                                                                   
            3545.5 6            3545.5 6     0  0                                                                                   
            3565.0 5            3565.0 5     0  0                                                                                   
    (1     3632.10 5         3632.173 15    13  2                                                                                   
            3636.3 5            3636.3 5     0  0                                                                                   
            3649.9 5           3650.20 8    28  4                                                                                   
            3688.5 7            3688.5 7     0  0                                                                                   
            3707.4 6          3706.85 22    33 31                                                                                   
    (1      3724.1 5          3724.73 15    23  3                                                                                   
          3826.08 11         3825.997 17    14  2                                                                                   
          3833.22 24          3833.22 24     0  0                                                                                   
    (1    3846.18 11           3846.31 4    24  3                                                                                   
            3860.1 3          3860.31 23    33 30                                                                                   
    (1      3909.0 4          3909.63 25    33 29                                                                                   
           3993.87 5           3993.84 3    15  2                                                                                   
          4054.75 11           4054.75 5    26  3                                                                                   
           4089.93 8           4089.96 8    33 28                                                                                   
           4101.32 7           4101.36 6    33 27                                                                                   
            4150.8 6            4150.8 6     0  0                                                                                   
           4209.17 6           4209.13 5    33 26                                                                                   
           4218.19 8           4218.19 8     0  0                                                                                   
           4228.43 3         4228.422 21    33 25                                                                                   
          4309.74 20          4309.68 11     8  1                                                                                   
    (2      4402.1 5          4403.57 23    30  3                                                                                   
           4417.55 4           4417.57 4    33 24                                                                                   
           4457.92 6           4457.92 6     0  0                                                                                   
    (1      4486.0 4           4486.54 5    10  1                                                                                   
          4539.01 18          4539.15 15    33 23                                                                                   
          4559.13 14          4559.08 14    33 22                                                                                   
          4602.50 25          4602.45 21    20  2                                                                                   
           4637.13 4           4637.16 3    33 21                                                                                   
           4747.73 4           4747.76 3    21  2                                                                                   
            4782.6 4          4782.47 21    33 20                                                                                   
    (1      4789.3 4           4789.75 6    11  1                                                                                   
           4815.79 6           4815.78 3    33 19                                                                                   
            4845.6 3          4845.77 15    23  2                                                                                   
            4869.5 6            4869.5 6     0  0                                                                                   
          4897.81 23          4897.81 23     0  0                                                                                   
         4992.420 25         4992.436 19    33 18                                                                                   
            5106.5 5            5106.5 5     0  0                                                                                   
    (1    5132.72 25          5132.36 15    33 17                                                                                   
           5148.94 8           5148.94 8     0  0                                                                                   
           5156.46 7         5156.495 23    25  2                                                                                   
          5166.39 13          5166.39 13     0  0                                                                                   
          5244.04 10           5244.02 7    33 16                                                                                   
            5255.8 5            5255.8 5     0  0                                                                                   
    (1    5283.39 14           5283.55 6    27  2                                                                                   
           5391.07 5           5391.07 3    33 15                                                                                   
            5396.0 4            5396.0 4     0  0                                                                                   
            5412.5 3            5412.5 3     0  0                                                                                   
          5419.89 17          5419.89 17     0  0                                                                                   
          5498.20 16          5498.20 16     0  0                                                                                   
    (1      5525.5 5          5524.60 23    30  2                                                                                   
          5534.17 12          5534.17 12     0  0                                                                                   
            5546.3 4            5546.3 4     0  0                                                                                   
    (1   5558.937 24         5558.908 16    33 14                                                                                   
          5605.21 23          5605.21 23     0  0                                                                                   
            5677.8 3          5678.05 22    31  2                                                                                   
    (1   5752.692 24         5752.724 15    33 13                                                                                   
    (2    5929.14 15           5928.79 6    32  2                                                                                   
    (1   6058.105 20         6058.083 13    33 12                                                                                   
          6148.85 14           6148.81 6    33 11                                                                                   
            6451.6 5           6452.00 5    33 10                                                                                   
          6528.72 10           6528.71 3    33  9                                                                                   
           6766.73 5         6766.688 17    33  7                                                                                   
           6791.41 7         6791.476 13    33  6                                                                                   
           8263.51 3         8263.516 11    33  3                                                                                   
           9384.41 6         9384.449 12    33  2                                                                                   
      DATA SET  1. ENERGIES CORRECTED BY    .0000000+-  .0000000 KEV     CHISQ/F =  2.316         F= 55
      CHISQ/F =  2.316      (FIT OF   88GAMMAS -  32LEVELS)
