  47TI    46TI(N,G) E=THERMAL                                                    
  
         EL                IN             OUT          NET       (+NORM. UNC.)
 *****************************************************************************
             0.0        0.112 4         0.0            0.0            0.0       
      159.377 12       0.121 11        0.112 4      -0.009 11      -0.009 11    
       1251.0 22         0.0            0.0            0.0            0.0       
        1550.7 5       0.097 10        0.095 9         0.0            0.0       
        1793.5 4       0.075 10        0.026 6      -0.049 12      -0.049 12    
        1819.9 9         0.0            0.0            0.0            0.0       
          2200           0.0            0.0            0.0            0.0       
          2400           0.0            0.0            0.0            0.0       
          2400           0.0            0.0            0.0            0.0       
       2500.2 20         0.0            0.0            0.0            0.0       
          2554 3        0.021 5         0.0          -0.021 5       -0.021 5    
          2600           0.0            0.0            0.0            0.0       
       2617.1 20         0.0            0.0            0.0            0.0       
          2795 3         0.0           0.021 5        0.021 5        0.021 5    
       2864.8 24         0.0            0.0            0.0            0.0       
          3200           0.0            0.0            0.0            0.0       
          3600           0.0            0.0            0.0            0.0       
          3679 4       0.074 15         0.0         -0.074 15      -0.074 15    
          3922 4         0.0            0.0            0.0            0.0       
          5357 7         0.0            0.0            0.0            0.0       
          5747 4         0.0            0.0            0.0            0.0       
       8878.7 10         0.0          0.246 21       0.246 21       0.246 21    
 *****************************************************************************
                       TOTAL BETA INTENSITY =        0.112 24       0.112 24    
             TOTAL UNPLACED GAMMA INTENSITY =          0.0                      
              NORMALIZATION UNCERTAINTY (%) =   1.2800                          
