
               LEAST-SQUARES LINEAR REGRESSION OF LEVEL AND GAMMA ENERGIES
 
        LEVEL ENERGIES
    1.     0.0
    2.   983.52 3                       
    3.  2295.60 5                       
    4.  2421.02 5                       
    5.  2997.21 16                      
    6.  3223.93 10                      
    7.  3239.78 8                       
    8.  3333.25 3                       
    9.  3358.64 13                      
   10.  3371.87 15                      
   11.  3618.19 19                      
   12.  3699.41 8                       
   13.  3738.54 11                      
   14.  3782.08 13                      
   15.  3802.59 8                       
   16.  3852.6 3                        
   17.  4035.14 13                      
   18.  4074.7 3                        
   19.  4196.86 3                       
   20.  4203.0 3                        
   21.  4387.86 22                      
   22.  4457.50 8                       
   23.  4580.70 6                       
   24.  4719.119 18                     
   25.  4757.73 10                      
   26.  4783.3 1                        
   27.  4792.27 5                       
   28.  4794.27 12                      
   29.  4911.23 14                      
   30.  4924.88 12                      
   31.  4940.05 13                      
   32.  5146.3 6                        
   33.  5157.70 13                      
   34.  5356.9 4                        
   35.  5490.78 13                      
   36.  5619.58 7                       
   37.  5640.00 3                       
   38.  5889.00 11                      
   39.  6042.46 4                       
   40.  6054.54 20                      
   41.  6240.4 3                        
   42.  6313.74 21                      
   43.  6365.14 8                       
   44.  6406.17 10                      
   45.  6490.46 7                       
   46.  6541.63 8                       
   47.  6626.53 13                      
   48.  6707.77 17                      
   49.  6797.0 3                        
   50.  6827.29 20                      
   51.  6898.3 2                        
   52.  6957.1 3                        
   53.  6976.31 18                      
   54.  7060.52 18                      
   55.  7358.98 6                       
   56.  7541.1 8                        
   57.  7574.08 18                      
   58.  7616.13 9                       
   59. 11627.15 11                      
 
   GAMMA ENERGIES
       47TI(N,G) E=THERMA-  ENERGY     DE    L1  L2
 -----------------------------------------------------------------------------------------------------------------------------------
            423.42 6            423.44 6    14  9                                                                                   
           811.11 16           811.20 12    17  6                                                                                   
             835.2 4             834.9 3    18  7                                                                                   
           928.18 18           928.33 10     6  3                                                                                   
            944.18 7            944.17 7     7  3                                                                                   
            983.50 3            983.51 3     2  1                                                                                   
            1160.0 4            1160.0 4    34 19                                                                                   
    (1    1197.45 22          1197.15 18    11  4                                                                                   
           1312.05 4           1312.05 4     3  2                                                                                   
           1437.48 4           1437.48 4     4  2                                                                                   
    (1      1486.9 3          1486.46 13    14  3                                                                                   
    (1      1556.3 4            1557.0 3    16  3                                                                                   
          1614.16 17          1614.09 13    17  4                                                                                   
          1687.25 10          1687.26 10    29  6                                                                                   
            1906.5 6            1906.5 6    32  7                                                                                   
    (1    2036.28 15           2036.43 8    22  4                                                                                   
    (4    2086.91 13          2086.36 11    38 15                                                                                   
          2092.33 24          2092.21 22    21  3                                                                                   
           2161.85 8           2161.86 7    22  3                                                                                   
          2240.35 14          2240.35 10     6  2                                                                                   
          2374.93 14          2375.05 12     9  2                                                                                   
    (2      2387.5 3          2388.29 15    10  2                                                                                   
    (4    2516.05 21          2517.06 15    38 10                                                                                   
          2997.11 16          2997.11 16     5  1                                                                                   
            3090.6 5            3091.1 3    18  2                                                                                   
           3333.13 3           3333.13 3     8  1                                                                                   
            3344.1 8            3344.1 8    56 19                                                                                   
    (3    3371.00 23          3371.75 15    10  1                                                                                   
           3699.26 8           3699.26 8    12  1                                                                                   
          3738.38 11          3738.38 11    13  1                                                                                   
    (2     3802.64 8           3802.43 8    15  1                                                                                   
           4196.66 3           4196.66 3    19  1                                                                                   
            4202.8 3            4202.8 3    20  1                                                                                   
           4580.47 6           4580.47 6    23  1                                                                                   
         4718.870 18         4718.870 18    24  1                                                                                   
          4757.48 10          4757.48 10    25  1                                                                                   
          4783.04 10          4783.04 10    26  1                                                                                   
           4792.01 5           4792.01 5    27  1                                                                                   
          4794.01 12          4794.01 12    28  1                                                                                   
          4924.61 12          4924.61 12    30  1                                                                                   
          4939.78 13          4939.78 13    31  1                                                                                   
          5157.40 13          5157.40 13    33  1                                                                                   
          5490.44 13          5490.44 13    35  1                                                                                   
    (1      5583.2 7          5584.33 12    59 39                                                                                   
           5619.23 7           5619.23 7    36  1                                                                                   
           5639.64 3           5639.64 3    37  1                                                                                   
    (1    5738.02 16          5737.77 12    59 38                                                                                   
            5987.0 6          5986.75 12    59 37                                                                                   
           6042.05 4           6042.05 4    39  1                                                                                   
          6054.13 20          6054.13 20    40  1                                                                                   
            6240.0 3            6240.0 3    41  1                                                                                   
          6313.29 21          6313.29 21    42  1                                                                                   
           6364.69 8           6364.69 8    43  1                                                                                   
          6405.71 10          6405.71 10    44  1                                                                                   
           6489.99 7           6489.99 7    45  1                                                                                   
           6541.15 8           6541.15 8    46  1                                                                                   
          6626.04 13          6626.04 13    47  1                                                                                   
          6707.27 17          6707.27 17    48  1                                                                                   
            6714.7 8          6715.42 18    59 29                                                                                   
            6796.5 3            6796.5 3    49  1                                                                                   
          6826.77 20          6826.77 20    50  1                                                                                   
            6834.1 4          6834.35 12    59 27                                                                                   
          6897.77 20          6897.77 20    51  1                                                                                   
            6956.6 3            6956.6 3    52  1                                                                                   
          6975.77 18          6975.77 18    53  1                                                                                   
          7059.96 18          7059.96 18    54  1                                                                                   
    (1    7168.73 21          7169.07 12    59 22                                                                                   
            7239.2 5          7238.70 24    59 21                                                                                   
           7358.37 6           7358.37 6    55  1                                                                                   
          7573.44 18          7573.44 18    57  1                                                                                   
            7591.1 5          7591.36 16    59 17                                                                                   
           7615.48 9           7615.48 9    58  1                                                                                   
    (1      7773.2 4            7773.9 3    59 16                                                                                   
            7844.2 4          7844.38 16    59 14                                                                                   
    (1      8008.8 3          8008.24 19    59 11                                                                                   
            9205.5 8          9205.17 12    59  4                                                                                   
      DATA SET  1. ENERGIES CORRECTED BY    .0000000+-  .0000000 KEV     CHISQ/F =  5.516         F= 17
      CHISQ/F =  5.516      (FIT OF   76GAMMAS -  58LEVELS)
