
               LEAST-SQUARES LINEAR REGRESSION OF LEVEL AND GAMMA ENERGIES
 
        LEVEL ENERGIES
    1.     0.0
    2.   508.75 24                      
    3.   651.09 18                      
    4.   691.22 19                      
    5.   878.7 3                        
    6.   901.8 20                       
    7.   995.3 6                        
    8.  1009.6 4                        
    9.  1015.7 14                       
   10.  1024.9 3                        
   11.  1140.1 4                        
   12.  1204.3 7                        
   13.  1253.7 14                       
   14.  1263.5 6                        
   15.  1307.6 6                        
   16.  1312.7 14                       
   17.  1360.1 7                        
   18.  1414.8 9                        
   19.  1449.0 5                        
   20.  1457.5 8                        
   21.  1519.1 8                        
   22.  1533.3 4                        
   23.  1555.7 8                        
   24.  1623.7 7                        
   25.  1634.7 7                        
   26.  1692.2 8                        
   27.  1721.5 9                        
   28.  1726.9 9                        
   29.  1736.7 7                        
   30.  1794.9 9                        
   31.  1824.7 9                        
   32.  1847.7 14                       
   33.  1866.7 17                       
   34.  1907.3 17                       
   35.  1931.0 17                       
   36.  1938.7 14                       
   37.  1971.7 7                        
   38.  1985.7 7                        
   39.  2017.7 14                       
   40.  2027.7 14                       
   41.  2075.7 7                        
   42.  2115.9 17                       
   43.  2127.7 21                       
   44.  2143.3 17                       
   45.  2165.2 10                       
   46.  2190.7 14                       
   47.  2214.7 14                       
   48.  2234.7 14                       
   49.  2255.7 14                       
   50.  2320.7 7                        
   51.  2352.7 7                        
   52.  2389.7 7                        
   53.  2410.4 10                       
   54.  2431.7 7                        
   55.  2465.3 10                       
   56.  2478.7 7                        
   57.  2521.7 7                        
   58.  2549.7 14                       
   59.  2572.7 7                        
   60.  2625.7 14                       
   61.  2655.7 7                        
   62.  2698.6 17                       
   63.  7654.65 23                      
 
   GAMMA ENERGIES
       69GA(N,G) E=THERMA-  ENERGY     DE    L1  L2
 -----------------------------------------------------------------------------------------------------------------------------------
            154.0 20            155.8 10    17 12                                                                                   
           187.50 20           187.50 20     5  4                                                                                   
             318.4 4             318.4 4     8  4                                                                                   
            362.0 20            361.4 11    27 17                                                                                   
             374.1 4             373.8 3    10  3                                                                                   
            393.0 20            393.0 20     6  2                                                                                   
            393.0 20             393.3 5    22 11                                                                                   
            427.0 20             428.6 9    26 14                                                                                   
             508.4 3             508.5 3    22 10                                                                                   
    (1       508.4 3           508.75 24     2  1                                                                                   
    (1       515.7 4             516.1 3    10  2                                                                                   
            553.0 20             553.2 7    12  3                                                                                   
            561.0 20             560.3 9    23  7                                                                                   
             612.3 6             612.4 5    14  3                                                                                   
            632.0 20             631.3 4    11  2                                                                                   
           651.20 20           651.09 18     3  1                                                                                   
           691.20 20           691.22 19     4  1                                                                                   
    (2      691.0 20             695.5 8    12  2                                                                                   
            755.0 20             754.8 6    14  2                                                                                   
    (1      755.0 20             757.7 6    19  4                                                                                   
    (1       798.7 6             797.9 5    19  3                                                                                   
             798.7 6             798.8 5    15  2                                                                                   
            828.0 20             827.9 8    21  4                                                                                   
            850.0 20             851.4 8    17  2                                                                                   
            904.0 20             904.6 8    23  3                                                                                   
    (1      904.0 20             906.1 9    18  2                                                                                   
            947.0 20             948.8 9    20  2                                                                                   
             995.2 7             995.3 6     7  1                                                                                   
           1016.0 20           1015.7 14     9  1                                                                                   
    (1     1038.0 20            1041.1 8    26  3                                                                                   
    (1     1044.0 20            1046.9 8    23  2                                                                                   
            1139.9 4            1140.0 4    11  1                                                                                   
    (1     1171.0 20            1173.6 9    31  3                                                                                   
           1203.0 20            1204.3 7    12  1                                                                                   
           1254.0 20           1253.7 14    13  1                                                                                   
           1312.0 20           1312.7 14    16  1                                                                                   
           1359.0 20            1360.1 7    17  1                                                                                   
           1456.0 20            1457.5 8    20  1                                                                                   
           1518.0 20            1519.1 8    21  1                                                                                   
           1532.0 20            1533.3 4    22  1                                                                                   
           1624.0 10            1623.7 7    24  1                                                                                   
           1635.0 10            1634.7 7    25  1                                                                                   
           1725.0 20            1726.9 9    28  1                                                                                   
           1737.0 10            1736.7 7    29  1                                                                                   
           1793.0 20            1794.9 9    30  1                                                                                   
           1848.0 20           1847.7 14    32  1                                                                                   
              1865 3           1866.6 17    33  1                                                                                   
              1907 3           1907.3 17    34  1                                                                                   
              1930 3           1930.9 17    35  1                                                                                   
           1939.0 20           1938.7 14    36  1                                                                                   
           1972.0 10            1971.7 7    37  1                                                                                   
           1986.0 10            1985.7 7    38  1                                                                                   
           2018.0 20           2017.7 14    39  1                                                                                   
           2028.0 20           2027.7 14    40  1                                                                                   
           2076.0 10            2075.7 7    41  1                                                                                   
              2117 3           2115.9 17    42  1                                                                                   
              2128 3           2127.7 21    43  1                                                                                   
              2143 3           2143.3 17    44  1                                                                                   
              2163 3           2165.1 10    45  1                                                                                   
           2191.0 20           2190.7 14    46  1                                                                                   
           2215.0 20           2214.7 14    47  1                                                                                   
           2235.0 20           2234.7 14    48  1                                                                                   
           2256.0 20           2255.7 14    49  1                                                                                   
           2321.0 10            2320.7 7    50  1                                                                                   
           2353.0 10            2352.7 7    51  1                                                                                   
           2390.0 10            2389.7 7    52  1                                                                                   
              2410 3           2410.4 10    53  1                                                                                   
           2432.0 10            2431.7 7    54  1                                                                                   
              2464 3           2465.3 10    55  1                                                                                   
           2479.0 10            2478.7 7    56  1                                                                                   
           2522.0 10            2521.7 7    57  1                                                                                   
           2550.0 20           2549.7 14    58  1                                                                                   
           2572.9 10            2572.6 7    59  1                                                                                   
           2625.9 20           2625.6 14    60  1                                                                                   
           2655.9 10            2655.7 7    61  1                                                                                   
              2699 3           2698.6 17    62  1                                                                                   
           4956.0 20           4955.8 17    63 62                                                                                   
           4999.0 10            4998.8 7    63 61                                                                                   
           5029.0 20           5028.7 14    63 60                                                                                   
           5082.0 10            5081.7 7    63 59                                                                                   
           5105.0 20           5104.7 14    63 58                                                                                   
           5133.0 10            5132.7 7    63 57                                                                                   
           5176.0 10            5175.7 7    63 56                                                                                   
           5189.0 10           5189.1 10    63 55                                                                                   
           5223.0 10            5222.7 7    63 54                                                                                   
           5244.0 10           5244.0 10    63 53                                                                                   
           5265.0 10            5264.7 7    63 52                                                                                   
           5302.0 10            5301.7 7    63 51                                                                                   
           5334.0 10            5333.7 7    63 50                                                                                   
           5399.0 20           5398.7 14    63 49                                                                                   
           5420.0 20           5419.7 14    63 48                                                                                   
           5440.0 20           5439.7 14    63 47                                                                                   
           5464.0 20           5463.7 14    63 46                                                                                   
           5489.0 10           5489.2 10    63 45                                                                                   
           5511.0 20           5511.1 17    63 44                                                                                   
              5527 3           5526.7 21    63 43                                                                                   
           5539.0 20           5538.5 17    63 42                                                                                   
           5579.0 10            5578.7 7    63 41                                                                                   
           5627.0 20           5626.7 14    63 40                                                                                   
           5637.0 20           5636.7 14    63 39                                                                                   
           5669.0 10            5668.7 7    63 38                                                                                   
           5683.0 10            5682.7 7    63 37                                                                                   
           5716.0 20           5715.7 14    63 36                                                                                   
           5723.0 20           5723.4 17    63 35                                                                                   
           5747.0 20           5747.1 17    63 34                                                                                   
           5787.0 20           5787.7 17    63 33                                                                                   
           5807.0 20           5806.7 14    63 32                                                                                   
           5829.0 10            5829.7 9    63 31                                                                                   
           5859.0 10            5859.5 9    63 30                                                                                   
           5918.0 10            5917.7 7    63 29                                                                                   
           5927.0 10            5927.5 9    63 28                                                                                   
           5933.0 10            5932.9 9    63 27                                                                                   
    (1     5961.0 10            5962.2 8    63 26                                                                                   
           6020.0 10            6019.7 7    63 25                                                                                   
           6031.0 10            6030.7 7    63 24                                                                                   
           6098.0 10            6098.7 8    63 23                                                                                   
    (1     6120.0 10            6121.0 4    63 22                                                                                   
           6135.0 10            6135.2 8    63 21                                                                                   
           6196.0 10            6196.8 8    63 20                                                                                   
    (1     6207.0 10            6205.4 5    63 19                                                                                   
           6239.0 10            6239.5 9    63 18                                                                                   
    (1     6293.0 10            6294.2 7    63 17                                                                                   
           6341.0 20           6341.7 14    63 16                                                                                   
           6346.5 10            6346.8 6    63 15                                                                                   
           6391.0 20            6390.8 6    63 14                                                                                   
           6401.0 20           6400.7 14    63 13                                                                                   
    (1     6449.0 10            6450.0 7    63 12                                                                                   
           6513.6 10            6514.3 4    63 11                                                                                   
           6629.7 15            6629.4 3    63 10                                                                                   
           6639.0 20           6638.7 14    63  9                                                                                   
           6658.5 10            6659.0 6    63  7                                                                                   
           6963.3 10            6963.1 3    63  4                                                                                   
           7003.6 10            7003.2 3    63  3                                                                                   
    (1     7147.4 10            7145.5 3    63  2                                                                                   
           7655.0 10          7654.20 23    63  1                                                                                   
      DATA SET  1. ENERGIES CORRECTED BY    .0000000+-  .0000000 KEV     CHISQ/F =  .6562         F= 72
      CHISQ/F =  .6562      (FIT OF  135GAMMAS -  62LEVELS)
