  41AR    40AR(N,G) E=THERMAL           70HA56                                   
  
         EL                IN             OUT          NET       (+NORM. UNC.)
 *****************************************************************************
             0.0         0.71 5         0.0            0.0            0.0       
       167.28 17         0.43 3         0.53 5         0.10 6         0.10 6    
       516.10 20       0.213 14       0.211 19         0.0            0.0       
        1034.7 5       0.0031 6        0.013 3        0.010 3        0.010 3    
      1353.93 22         0.42 4         0.42 3         0.0            0.0       
          1900       0.00040 20     0.00040 12         0.0            0.0       
        2398.2 4        0.065 7        0.051 9      -0.014 11      -0.014 11    
          2700       0.00050 20         0.0       -0.00050 20    -0.00050 20    
        2733.4 7        0.028 6        0.020 4       -0.008 7       -0.008 7    
        2948.8 6        0.026 5        0.017 3       -0.009 6       -0.009 6    
        3009.7 7      0.0070 20      0.0058 14     -0.0012 24     -0.0012 24    
       3278.8 22         0.0          0.0026 7       0.0026 7       0.0026 7    
        3326.9 5        0.057 9        0.044 8      -0.013 12      -0.013 12    
          3400         0.0034 8         0.0         -0.0034 8      -0.0034 8    
       3732.1 25         0.0          0.0009 3       0.0009 3       0.0009 3    
        3968.3 5        0.029 5        0.032 5        0.003 7        0.003 7    
       4270.3 10      0.0070 20       0.0020 5     -0.0050 21     -0.0050 21    
        6099.1 4         0.0            0.66 4         0.66 4         0.66 4    
 *****************************************************************************
                       TOTAL BETA INTENSITY =          0.71 8         0.71 8    
             TOTAL UNPLACED GAMMA INTENSITY =          0.0                      
              NORMALIZATION UNCERTAINTY (%) =    .0000                          
