
               LEAST-SQUARES LINEAR REGRESSION OF LEVEL AND GAMMA ENERGIES
 
        LEVEL ENERGIES
    1.     0.0
    2.    53.930 10                     
    3.   115.10 4                       
    4.   206.94 19                      
    5.   768.62 9                       
    6.   864.23 9                       
    7.   909.65 12                      
    8.  1047.1 10                       
    9.  1469.71 12                      
   10.  1907.1 6                        
   11.  1941.4 7                        
   12.  2080.3 7                        
   13.  2202.2 6                        
   14.  2216.3 7                        
   15.  2419.0 3                        
   16.  2437.9 7                        
   17.  2457.5 7                        
   18.  2492.8 7                        
   19.  2572.8 7                        
   20.  2638.8 7                        
   21.  2731.8 7                        
   22.  2995.8 7                        
   23.  3004.9 7                        
   24.  3056.9 7                        
   25.  3108.9 7                        
   26.  3149.8 10                       
   27.  3191.9 7                        
   28.  3328.9 7                        
   29.  3396.4 7                        
   30.  3467.9 7                        
   31.  3588.9 7                        
   32.  3733.9 7                        
   33.  3814.9 7                        
   34.  4023.9 7                        
   35.  4038.9 7                        
   36.  4392.9 7                        
   37.  4619.9 7                        
   38.  4638.9 7                        
   39.  5546.9 7                        
   40.  7978.93 23                      
 
   GAMMA ENERGIES
       64ZN(N,G) E=THERMA-  ENERGY     DE    L1  L2
 -----------------------------------------------------------------------------------------------------------------------------------
           53.930 10           53.930 10     2  1                                                                                   
            115.09 4            115.10 4     3  1                                                                                   
           153.00 20           153.01 19     4  2                                                                                   
           560.10 20           560.05 14     9  7                                                                                   
           653.50 10            653.52 9     5  3                                                                                   
           749.10 20            749.13 9     6  3                                                                                   
           768.70 20            768.62 9     5  1                                                                                   
           794.60 20           794.55 12     7  3                                                                                   
           864.20 10            864.23 9     6  1                                                                                   
           909.70 20           909.64 12     7  1                                                                                   
            932.0 10            932.0 10     8  3                                                                                   
            1262.2 7          1262.76 22     9  4                                                                                   
    (1     1294.0 10            1292.5 6    13  7                                                                                   
          1354.50 20          1354.59 12     9  3                                                                                   
          1415.90 20          1415.76 12     9  2                                                                                   
    (1     1592.0 10            1593.2 7    17  6                                                                                   
           1826.1 10            1826.3 7    11  3                                                                                   
            1906.7 8            1907.0 6    10  1                                                                                   
           2080.0 10            2080.3 7    12  1                                                                                   
    (1     2086.0 10            2087.0 6    13  3                                                                                   
            2212.1 3            2212.1 3    15  4                                                                                   
           2216.0 10            2216.3 7    14  1                                                                                   
           2432.0 10            2432.0 7    40 39                                                                                   
           2438.0 10            2437.8 7    16  1                                                                                   
           2492.9 10            2492.8 7    18  1                                                                                   
           2572.9 10            2572.8 7    19  1                                                                                   
           2638.9 10            2638.8 7    20  1                                                                                   
           2731.9 10            2731.8 7    21  1                                                                                   
           2995.9 10            2995.8 7    22  1                                                                                   
           3004.9 10            3004.8 7    23  1                                                                                   
           3056.9 10            3056.8 7    24  1                                                                                   
           3108.9 10            3108.8 7    25  1                                                                                   
              3150 5           3149.7 10    26  1                                                                                   
           3190.0 10            3189.4 7    29  4                                                                                   
           3191.9 10            3191.8 7    27  1                                                                                   
           3328.9 10            3328.8 7    28  1                                                                                   
           3340.0 10            3339.9 7    40 38                                                                                   
           3359.0 10            3358.9 7    40 37                                                                                   
           3467.9 10            3467.8 7    30  1                                                                                   
           3586.0 10            3585.9 7    40 36                                                                                   
           3588.9 10            3588.8 7    31  1                                                                                   
           3733.9 10            3733.8 7    32  1                                                                                   
           3814.9 10            3814.8 7    33  1                                                                                   
           3940.0 10            3939.9 7    40 35                                                                                   
           3955.0 10            3954.9 7    40 34                                                                                   
           4023.9 10            4023.8 7    34  1                                                                                   
           4038.9 10            4038.8 7    35  1                                                                                   
           4164.0 10            4163.9 7    40 33                                                                                   
           4245.0 10            4244.9 7    40 32                                                                                   
           4390.0 10            4389.9 7    40 31                                                                                   
           4392.8 10            4392.7 7    36  1                                                                                   
           4511.0 10            4510.9 7    40 30                                                                                   
           4583.0 10            4582.4 7    40 29                                                                                   
           4619.8 10            4619.7 7    37  1                                                                                   
           4638.8 10            4638.7 7    38  1                                                                                   
           4650.0 10            4649.9 7    40 28                                                                                   
           4787.0 10            4786.9 7    40 27                                                                                   
           4829.0 10           4829.0 10    40 26                                                                                   
           4870.0 10            4869.9 7    40 25                                                                                   
           4922.0 10            4921.9 7    40 24                                                                                   
           4974.0 10            4973.9 7    40 23                                                                                   
           4983.0 10            4982.9 7    40 22                                                                                   
           5247.0 10            5246.9 7    40 21                                                                                   
           5340.0 10            5339.9 7    40 20                                                                                   
           5406.0 10            5405.9 7    40 19                                                                                   
           5486.0 10            5485.9 7    40 18                                                                                   
    (1     5520.0 10            5521.2 7    40 17                                                                                   
           5541.0 10            5540.8 7    40 16                                                                                   
           5546.7 10            5546.7 7    39  1                                                                                   
           5560.0 10            5559.6 4    40 15                                                                                   
           5762.0 10            5762.3 7    40 14                                                                                   
           5777.0 10            5776.5 6    40 13                                                                                   
           5898.0 10            5898.3 7    40 12                                                                                   
           6037.0 10            6037.2 7    40 11                                                                                   
           6071.0 10            6071.5 6    40 10                                                                                   
    (1     6510.0 10          6508.87 25    40  9                                                                                   
           7069.0 10          7068.87 25    40  7                                                                                   
    (2     7112.0 10          7114.28 24    40  6                                                                                   
           7863.0 10          7863.32 23    40  3                                                                                   
      DATA SET  1. ENERGIES CORRECTED BY    .0000000+-  .0000000 KEV     CHISQ/F =  .4479         F= 39
      CHISQ/F =  .4479      (FIT OF   79GAMMAS -  39LEVELS)
