
        LEVEL ENERGIES
    1.     0.0
    2.    93.311 4                      
    3.   184.578 5                      
    4.   393.530 7                      
    5.   662.5 7                        
    6.  1142.82 6                       
    7.  1642.6 7                        
    8.  7052.4 5                        
 
   GAMMA ENERGIES
       66ZN(POL N,G) E=TH-  ENERGY     DE    L1  L2
 -----------------------------------------------------------------------------------------------------------------------------------
            91.266 5            91.266 4     3  2                                                                                   
            93.311 5            93.311 4     2  1                                                                                   
          184.577 10           184.577 5     3  1                                                                                   
          208.951 10           208.952 7     4  3                                                                                   
          300.219 10           300.218 6     4  2                                                                                   
          393.529 10           393.529 7     4  1                                                                                   
            663.0 10             662.5 7     5  1                                                                                   
            749.30 8            749.29 6     6  4                                                                                   
           958.20 10            958.23 6     6  3                                                                                   
          1142.85 12           1142.81 6     6  1                                                                                   
           1643.0 10            1642.6 7     7  1                                                                                   
           5410.0 10            5409.6 7     8  7                                                                                   
    (1     5911.0 10            5909.3 5     8  6                                                                                   
           6390.0 10            6389.5 7     8  5                                                                                   
    (3     6655.0 10            6658.5 5     8  4                                                                                   
           6867.0 10            6867.4 5     8  3                                                                                   
    (1     6960.0 10            6958.7 5     8  2                                                                                   
      DATA SET  1. ENERGIES CORRECTED BY    .0000000+-  .0000000 KEV     CHISQ/F =  2.025         F=  9
      CHISQ/F =  2.025      (FIT OF   17GAMMAS -   7LEVELS)
