
               LEAST-SQUARES LINEAR REGRESSION OF LEVEL AND GAMMA ENERGIES
 
        LEVEL ENERGIES
    1.     0.0
    2.    53.96 3                       
    3.   115.215 21                     
    4.   207.09 4                       
    5.   769.41 5                       
    6.   864.33 5                       
    7.   909.74 3                       
    8.  1047.30 7                       
    9.  1469.63 7                       
   10.  1907.1 6                        
   11.  1941.69 6                       
   12.  2078.4 3                        
   13.  2202.75 9                       
   14.  2216.8 5                        
   15.  2419.23 18                      
   16.  2437.9 7                        
   17.  2457.6 4                        
   18.  2493.1 4                        
   19.  2572.8 7                        
   20.  2638.8 7                        
   21.  2731.8 7                        
   22.  2995.2 4                        
   23.  3004.9 7                        
   24.  3056.9 7                        
   25.  3109.1 3                        
   26.  3150.8 3                        
   27.  3191.9 7                        
   28.  3328.9 7                        
   29.  3396.1 4                        
   30.  3467.9 7                        
   31.  3588.9 7                        
   32.  3734.0 4                        
   33.  3814.5 3                        
   34.  4023.9 7                        
   35.  4038.9 7                        
   36.  4391.8 6                        
   37.  4619.9 7                        
   38.  4639.2 3                        
   39.  5546.1 3                        
   40.  7979.31 7                       
 
   GAMMA ENERGIES
       64ZN(N,G) E=THERMA-  ENERGY     DE    L1  L2
 -----------------------------------------------------------------------------------------------------------------------------------
             53.97 3             53.96 3     2  1                                                                                   
    (1    115.256 23          115.215 21     3  1                                                                                   
          153.124 22          153.124 22     4  2                                                                                   
    (3      654.35 5            654.19 5     5  3                                                                                   
    (3      748.83 9            749.11 5     6  3                                                                                   
    (6     768.76 10            769.40 5     5  1                                                                                   
    (2      794.66 5            794.52 3     7  3                                                                                   
    (2      864.45 6            864.32 5     6  1                                                                                   
    (2      909.65 4            909.73 3     7  1                                                                                   
            932.08 7            932.08 7     8  3                                                                                   
          1293.04 10           1293.00 8    13  7                                                                                   
           1354.38 7           1354.40 6     9  3                                                                                   
    (1    1415.95 21           1415.65 7     9  2                                                                                   
           1826.45 6           1826.45 6    11  3                                                                                   
            1907.1 6            1907.1 6    10  1                                                                                   
            2078.4 3            2078.4 3    12  1                                                                                   
          2087.47 19           2087.50 9    13  3                                                                                   
            2216.3 7            2216.8 5    14  1                                                                                   
            2419.0 3          2419.18 18    15  1                                                                                   
            2433.3 3            2433.2 3    40 39                                                                                   
            2437.9 7            2437.9 7    16  1                                                                                   
            2457.5 7            2457.5 4    17  1                                                                                   
            2493.0 4            2493.0 4    18  1                                                                                   
            2572.7 7            2572.7 7    19  1                                                                                   
            2638.7 7            2638.7 7    20  1                                                                                   
            2731.7 7            2731.7 7    21  1                                                                                   
    (1      2994.0 6            2995.1 4    22  1                                                                                   
            3004.8 7            3004.8 7    23  1                                                                                   
            3056.8 7            3056.8 7    24  1                                                                                   
            3109.1 3            3109.1 3    25  1                                                                                   
            3151.1 7            3150.7 3    26  1                                                                                   
            3191.8 7            3191.8 7    27  1                                                                                   
            3328.8 7            3328.8 7    28  1                                                                                   
            3340.0 3            3340.1 3    40 38                                                                                   
            3396.3 7            3396.0 4    29  1                                                                                   
            3467.8 7            3467.8 7    30  1                                                                                   
            3588.8 7            3588.8 7    31  1                                                                                   
            3733.8 7            3733.9 4    32  1                                                                                   
            3814.8 7            3814.4 3    33  1                                                                                   
            4023.8 7            4023.8 7    34  1                                                                                   
            4038.8 7            4038.8 7    35  1                                                                                   
            4164.7 3            4164.6 3    40 33                                                                                   
            4245.1 5            4245.1 4    40 32                                                                                   
            4391.6 6            4391.6 6    36  1                                                                                   
            4583.2 5            4583.0 4    40 29                                                                                   
            4619.7 7            4619.7 7    37  1                                                                                   
            4638.7 7            4639.0 3    38  1                                                                                   
            4828.4 3            4828.3 3    40 26                                                                                   
            4870.1 6            4870.0 3    40 25                                                                                   
    (1      4983.1 5            4983.9 4    40 22                                                                                   
            5521.5 4            5521.5 4    40 17                                                                                   
    (1      5546.6 7            5545.8 3    39  1                                                                                   
          5559.73 22          5559.83 18    40 15                                                                                   
            5761.7 7            5762.2 5    40 14                                                                                   
          5776.42 21          5776.28 10    40 13                                                                                   
          6037.29 19           6037.31 9    40 11                                                                                   
          6509.50 23           6509.33 9    40  9                                                                                   
          7069.17 17           7069.16 7    40  7                                                                                   
          7863.54 11           7863.58 7    40  3                                                                                   
      DATA SET  1. ENERGIES CORRECTED BY    .0000000+-  .0000000 KEV     CHISQ/F =  5.003         F= 19
      CHISQ/F =  5.003      (FIT OF   59GAMMAS -  39LEVELS)
