
               LEAST-SQUARES LINEAR REGRESSION OF LEVEL AND GAMMA ENERGIES
 
        LEVEL ENERGIES
    1.     0.0
    2.    93.376 18                     
    3.   184.651 18                     
    4.   393.672 23                     
    5.   662.5 7                        
    6.  1142.92 8                       
    7.  1642.6 7                        
    8.  7052.32 10                      
 
   GAMMA ENERGIES
       66ZN(N,G) E=THERMA-  ENERGY     DE    L1  L2
 -----------------------------------------------------------------------------------------------------------------------------------
             91.26 5           91.275 23     3  2                                                                                   
           93.386 22           93.376 18     2  1                                                                                   
          184.665 20          184.651 18     3  1                                                                                   
    (1      209.10 6            209.02 3     4  3                                                                                   
          300.317 25          300.295 21     4  2                                                                                   
    (2      393.58 4          393.671 23     4  1                                                                                   
             662.5 7             662.5 7     5  1                                                                                   
            958.26 8            958.26 8     6  3                                                                                   
            1642.6 7            1642.6 7     7  1                                                                                   
            5909.1 3          5909.12 12     8  6                                                                                   
    (1    6867.51 17          6867.29 10     8  3                                                                                   
          6958.45 12           6958.56 9     8  2                                                                                   
      DATA SET  1. ENERGIES CORRECTED BY    .0000000+-  .0000000 KEV     CHISQ/F =  2.726         F=  4
      CHISQ/F =  2.726      (FIT OF   12GAMMAS -   7LEVELS)
