  67ZN    66ZN(N,G) E=THERMAL                                                    
  
         EL                IN             OUT          NET       (+NORM. UNC.)
 *****************************************************************************
             0.0        0.364 6         0.0            0.0            0.0       
       93.376 18       0.241 11        0.230 5      -0.011 12      -0.011 12    
      184.651 18        0.118 6      0.1348 19        0.017 7        0.017 7    
      393.672 23         0.0         0.0998 24      0.0998 24        0.100 3    
         662.5 7         0.0            0.0            0.0            0.0       
       1142.92 8        0.037 4      0.0208 18       -0.016 5       -0.016 5    
        1642.6 7         0.0            0.0            0.0            0.0       
      7052.32 10         0.0          0.274 13       0.274 13       0.274 13    
 *****************************************************************************
                       TOTAL BETA INTENSITY =        0.364 15       0.364 15    
             TOTAL UNPLACED GAMMA INTENSITY =          0.0                      
              NORMALIZATION UNCERTAINTY (%) =    .8380                          
