
               LEAST-SQUARES LINEAR REGRESSION OF LEVEL AND GAMMA ENERGIES
 
        LEVEL ENERGIES
    1.     0.0
    2.   438.74 11                      
    3.   531.44 3                       
    4.   834.77 3                       
    5.   872.77 11                      
    6.  1007.832 24                     
    7.  1252.08 5                       
    8.  1594.05 9                       
    9.  1829.4 4                        
   10.  1982.6 7                        
   11.  2051.32 15                      
   12.  2344.62 8                       
   13.  2378.7 3                        
   14.  2410.6 4                        
   15.  2510.0 7                        
   16.  2562.0 7                        
   17.  6481.97 8                       
 
   GAMMA ENERGIES
       68ZN(N,G) E=THERMA-  ENERGY     DE    L1  L2
 -----------------------------------------------------------------------------------------------------------------------------------
    (2     173.36 13            173.06 4     6  4                                                                                   
            417.30 5            417.30 4     7  4                                                                                   
            434.03 3            434.03 3     5  2                                                                                   
           438.74 11           438.74 11     2  1                                                                                   
            531.44 3            531.44 3     3  1                                                                                   
           759.29 16            759.28 9     8  4                                                                                   
            834.78 3            834.76 3     4  1                                                                                   
         1007.806 25         1007.824 24     6  1                                                                                   
           1178.54 9           1178.54 9    11  5                                                                                   
           1252.09 9           1252.06 5     7  1                                                                                   
          1594.05 12           1594.03 9     8  1                                                                                   
          1813.19 12           1813.15 8    12  3                                                                                   
            1830.0 7            1829.4 4     9  1                                                                                   
            1982.6 7            1982.6 7    10  1                                                                                   
          2344.61 14           2344.58 8    12  1                                                                                   
            2378.7 3            2378.7 3    13  1                                                                                   
            2410.0 7            2410.6 4    14  1                                                                                   
            2510.0 7            2510.0 7    15  1                                                                                   
            2561.9 7            2561.9 7    16  1                                                                                   
            4070.9 5            4071.2 4    17 14                                                                                   
          4137.28 12           4137.22 9    17 12                                                                                   
            4652.7 5            4652.4 4    17  9                                                                                   
            4887.9 3          4887.73 12    17  8                                                                                   
            5230.1 5          5229.68 10    17  7                                                                                   
    (1    5473.74 12           5473.91 8    17  6                                                                                   
            5647.1 4           5646.95 9    17  4                                                                                   
            6481.9 3           6481.64 8    17  1                                                                                   
      DATA SET  1. ENERGIES CORRECTED BY    .0000000+-  .0000000 KEV     CHISQ/F =  1.261         F= 10
      CHISQ/F =  1.261      (FIT OF   27GAMMAS -  16LEVELS)
