  69ZN    68ZN(N,G) E=THERMAL                                                    
  
         EL                IN             OUT          NET       (+NORM. UNC.)
 *****************************************************************************
             0.0       0.776 16         0.0            0.0            0.0       
       438.74 11      0.0681 21      0.0123 17       -0.056 3       -0.056 3    
        531.44 3        0.028 4        0.087 3        0.059 5        0.059 5    
        834.77 3        0.081 7        0.198 6        0.117 9        0.117 *    
       872.77 11        0.054 4      0.0681 21        0.014 5        0.014 5    
     1007.832 24       0.213 21        0.301 8       0.088 23       0.088 23    
       1252.08 5        0.020 5        0.061 4        0.041 6        0.041 7    
       1594.05 9        0.041          0.040 4         0.0            0.0       
        1829.4 4        0.033 6         0.0          -0.033 6       -0.033 6    
        1982.6 7         0.0            0.0            0.0            0.0       
      2051.32 15         0.0           0.054 4        0.054 4        0.054 4    
       2344.62 8       0.104 12        0.078 7      -0.026 14      -0.026 14    
        2378.7 3         0.0           0.022 5        0.022 5        0.022 5    
        2410.6 4        0.023 5         0.0          -0.023 5       -0.023 5    
        2510.0 7         0.0            0.0            0.0            0.0       
        2562.0 7         0.0            0.0            0.0            0.0       
       6481.97 8         0.0            0.52 3         0.52 3         0.52 3    
 *****************************************************************************
                       TOTAL BETA INTENSITY =          0.78 3         0.78 4    
             TOTAL UNPLACED GAMMA INTENSITY =          0.0                      
              NORMALIZATION UNCERTAINTY (%) =   2.0677                          
