  25MG    24MG(N,G) E=THERMAL           1992WA06,1991MIZQ                        
  
         EL                IN             OUT          NET       (+NORM. UNC.)
 *****************************************************************************
             0.0        99.0 24          100           1.0 24            1 4    
      585.074 25        75.7 20        73.6 22           -2 3           -2 3    
        974.81 3        29.6 11        29.2 10        -0.3 15        -0.3 15    
      1964.71 14         0.44 6         0.39 6        -0.06 8        -0.06 8    
       2563.43 5          3.7 6        3.44 22         -0.3 6         -0.3 6    
      2801.67 14         0.96 7        1.17 10        0.20 12        0.20 12    
       3413.43 3        76.8 24        77.8 21            1 3            1 3    
       4276.49 4         19.2 9         19.6 9         0.4 13         0.4 13    
        4358.3 6         0.17 4         0.17           0.0            0.0       
      5116.62 23         0.74 9         0.54 6       -0.20 11       -0.20 11    
       7330.66 4         0.0             100 3          100 3          100 4    
 *****************************************************************************
                       TOTAL BETA INTENSITY =           100 4          100 5    
             TOTAL UNPLACED GAMMA INTENSITY =          0.19 4                   
              NORMALIZATION UNCERTAINTY (%) =   2.7027                          
