  25MG    24MG(N,G) E=THERMAL           1992WA06,1991MIZQ                        
  
         EL                IN             OUT          NET       (+NORM. UNC.)
 *****************************************************************************
             0.0      0.0536 14         0.0            0.0            0.0       
        585.01 3      0.0406 11      0.0398 14     -0.0008 18     -0.0008 18    
        974.68 3       0.0157 4       0.0158 4         0.0            0.0       
      1964.69 10    2.15E-04 24      0.00026 3       4E-05 4        4E-05 4     
       2563.35 4     0.00202 10      0.00179 7    -2.3E-04 12    -2.3E-04 12    
       2801.54 9      0.00047 4      0.00061 5     1.3E-04 6      1.3E-04 6     
       3413.35 3      0.0411 14      0.0416 11         0.0            0.0       
       4276.33 4       0.0105 4       0.0107 3       2E-04 5        2E-04 5     
        4358.2 5     9.0E-05 23         0.0       -9.0E-05 23    -9.0E-05 23    
      5116.37 15      0.00038 4      0.00027 3    -1.1E-04 5     -1.1E-04 5     
       7330.53 4         0.0         0.0539 14      0.0539 14      0.0539 14    
 *****************************************************************************
                       TOTAL BETA INTENSITY =       0.0536 23      0.0536 23    
             TOTAL UNPLACED GAMMA INTENSITY =          0.19 4                   
              NORMALIZATION UNCERTAINTY (%) =    .0474                          
