  27MG    26MG(N,G) E=THERMAL           92WA06                                   
  
         EL                IN             OUT          NET       (+NORM. UNC.)
 *****************************************************************************
             0.0      0.0372 13         0.0            0.0            0.0       
        984.90 4       0.0080 6       0.0058 4      -0.0022 7      -0.0022 7    
       1698.61 4      0.00098 7     0.00108 17       1E-04 19       1E-04 19    
       1940.36 5      0.00031 4      0.00036 4       5E-05 6        5E-05 6     
       3476.34 7     0.00116 12     0.00116 22         0.0            0.0       
      3491.44 11      0.00027 7      0.00027 3         0.0            0.0       
       3561.54 3      0.0251 13      0.0245 11     -0.0006 17     -0.0006 17    
       3787.36 4     0.00138 19      0.00130 9      -8E-05 21      -8E-05 21    
       4828.19 4       0.0064 4       0.0060 4      -0.0004 5      -0.0004 5    
      5028.56 11    1.63E-04 22    1.34E-04 24      -3E-05 3       -3E-05 3     
      5925.98 13     2.5E-04 10       0.0024 5       0.0021 5       0.0021 5    
       6443.35 3         0.0         0.0383 14      0.0383 14      0.0383 14    
 *****************************************************************************
                       TOTAL BETA INTENSITY =       0.0372 19      0.0372 20    
             TOTAL UNPLACED GAMMA INTENSITY =          0.0                      
              NORMALIZATION UNCERTAINTY (%) =    .1762                          
